# Created at Thu Nov 07 19:33:27 EST 2019 in Burnaby Canada 
526451747236551 0.000000 0.000000 0.000000 
526451767809261 0.000000 0.000000 0.000000 
526451788379677 0.000000 0.000000 0.000000 
526451808949313 0.000000 0.000000 0.000000 
526451829520355 0.000000 0.000000 0.000000 
526451850091187 0.000000 0.000000 0.000000 
526451870662125 0.000000 0.000000 0.000000 
526451891233062 0.000000 0.000000 0.000000 
526451911803948 0.000000 0.000000 0.000000 
526451932375511 0.000000 0.000000 0.000000 
526451952946084 0.000000 0.000000 0.000000 
526451973517229 0.000000 0.000000 0.000000 
526451994088062 0.000000 0.000000 0.000000 
526452014659157 0.000000 0.000000 0.000000 
526452035229885 0.000000 0.000000 0.000000 
526452055801135 0.000000 0.000000 0.000000 
526452076371761 0.000000 0.000000 0.000000 
526452096943167 0.000000 0.000000 0.000000 
526452117514001 0.000000 0.000000 0.000000 
526452138085458 0.000000 0.000000 0.000000 
526452158655875 0.000000 0.000000 0.000000 
526452179227073 0.000000 0.000000 0.000000 
526452199797854 0.000000 0.000000 0.000000 
526452220368948 0.000000 0.000000 0.000000 
526452240939781 0.000000 0.000000 0.000000 
526452261511396 0.000000 0.000000 0.000000 
526452282081812 0.000000 0.000000 0.000000 
526452302652750 0.000000 0.000000 0.000000 
526452323223792 0.000000 0.000000 0.000000 
526452343795354 0.000000 0.000000 0.000000 
526452364365927 0.000000 0.000000 0.000000 
526452384936968 0.000000 0.000000 0.000000 
526452405507854 0.000000 0.000000 0.000000 
526452426078791 0.000000 0.000000 0.000000 
526452446649677 0.000000 0.000000 0.000000 
526452467220875 0.000000 0.000000 0.000000 
526452487792021 0.000000 0.000000 0.000000 
526452508362802 0.000000 0.000000 0.000000 
526452528933687 0.000000 0.000000 0.000000 
526452549504625 0.000000 0.000000 0.000000 
526452570078636 0.000000 0.000000 0.000000 
526452590648635 0.000000 0.000000 0.000000 
526452611219573 0.000000 0.000000 0.000000 
526452631791083 0.000000 0.000000 0.000000 
526452652362177 0.000000 0.000000 0.000000 
526452672932020 0.000000 0.000000 0.000000 
526452693502541 0.000000 0.000000 0.000000 
526452714073740 0.000000 0.000000 0.000000 
526452734643999 0.000000 0.000000 0.000000 
526452755214625 0.000000 0.000000 0.000000 
526452775786135 0.000000 0.000000 0.000000 
526452796356604 0.000000 0.000000 0.000000 
526452816930927 0.000000 0.000000 0.000000 
526452837501031 0.000000 0.000000 0.000000 
526452858071656 0.000000 0.000000 0.000000 
526452878641447 0.000000 0.000000 0.000000 
526452899212334 0.000000 0.000000 0.000000 
526452919783791 0.000000 0.000000 0.000000 
526452940353792 0.000000 0.000000 0.000000 
526452960924573 0.000000 0.000000 0.000000 
526452981496135 0.000000 0.000000 0.000000 
526453002066864 0.000000 0.000000 0.000000 
526453022638375 0.000000 0.000000 0.000000 
526453043210197 0.000000 0.000000 0.000000 
526453063781083 0.000000 0.000000 0.000000 
526453084354051 0.000000 0.000000 0.000000 
526453104923427 0.000000 0.000000 0.000000 
526453125492958 0.000000 0.000000 0.000000 
526453146064208 0.000000 0.000000 0.000000 
526453166634885 0.000000 0.000000 0.000000 
526453187206447 0.000000 0.000000 0.000000 
526453207777020 0.000000 0.000000 0.000000 
526453228348947 0.000000 0.000000 0.000000 
526453248919104 0.000000 0.000000 0.000000 
526453269490041 0.000000 0.000000 0.000000 
526453290061083 0.000000 0.000000 0.000000 
526453310631864 0.000000 0.000000 0.000000 
526453331204624 0.000000 0.000000 0.000000 
526453351774468 0.000000 0.000000 0.000000 
526453372345145 0.000000 0.000000 0.000000 
526453392916968 0.000000 0.000000 0.000000 
526453413487281 0.000000 0.000000 0.000000 
526453434057697 0.000000 0.000000 0.000000 
526453454629051 0.000000 0.000000 0.000000 
526453475199781 0.000000 0.000000 0.000000 
526453495773062 0.000000 0.000000 0.000000 
526453516343740 0.000000 0.000000 0.000000 
526453536914156 0.000000 0.000000 0.000000 
526453557485354 0.000000 0.000000 0.000000 
526453578055146 0.000000 0.000000 0.000000 
526453598626395 0.000000 0.000000 0.000000 
526453619198167 0.000000 0.000000 0.000000 
526453639768947 0.000000 0.000000 0.000000 
526453660340250 0.000000 0.000000 0.000000 
526453680909104 0.000000 0.000000 0.000000 
526453701482489 0.000000 0.000000 0.000000 
526453722053479 0.000000 0.000000 0.000000 
526453742624416 0.000000 0.000000 0.000000 
526453763195302 0.000000 0.000000 0.000000 
526453783765927 0.000000 0.000000 0.000000 
526453804338114 0.000000 0.000000 0.000000 
526453824908114 0.000000 0.000000 0.000000 
526453845479521 0.000000 0.000000 0.000000 
526453866049728 0.000000 0.000000 0.000000 
526453886621031 0.000000 0.000000 0.000000 
526453907190770 0.000000 0.000000 0.000000 
526453927762333 0.000000 0.000000 0.000000 
526453948333167 0.000000 0.000000 0.000000 
526453968903634 0.000000 0.000000 0.000000 
526453989474937 0.000000 0.000000 0.000000 
526454010046552 0.000000 0.000000 0.000000 
526454030617176 0.000000 0.000000 0.000000 
526454051189468 0.000000 0.000000 0.000000 
526454071759520 0.000000 0.000000 0.000000 
526454092330301 0.000000 0.000000 0.000000 
526454112901448 0.000000 0.000000 0.000000 
526454133475510 0.000000 0.000000 0.000000 
526454154044520 0.000000 0.000000 0.000000 
526454174615563 0.000000 0.000000 0.000000 
526454195185249 0.000000 0.000000 0.000000 
526454215757437 0.000000 0.000000 0.000000 
526454236327227 0.000000 0.000000 0.000000 
526454256898479 0.000000 0.000000 0.000000 
526454277470146 0.000000 0.000000 0.000000 
526454298041238 0.000000 0.000000 0.000000 
526454318611552 0.000000 0.000000 0.000000 
526454339182438 0.000000 0.000000 0.000000 
526454359753009 0.000000 0.000000 0.000000 
526454380325301 0.000000 0.000000 0.000000 
526454400895301 0.000000 0.000000 0.000000 
526454421466082 0.000000 0.000000 0.000000 
526454442037072 0.000000 0.000000 0.000000 
526454462608999 0.000000 0.000000 0.000000 
526454483179363 0.000000 0.000000 0.000000 
526454503751239 0.000000 0.000000 0.000000 
526454524324624 0.000000 0.000000 0.000000 
526454544893217 0.000000 0.000000 0.000000 
526454565466029 0.000000 0.000000 0.000000 
526454586035613 0.000000 0.000000 0.000000 
526454606606916 0.000000 0.000000 0.000000 
526454627178426 0.000000 0.000000 0.000000 
526454647748895 0.000000 0.000000 0.000000 
526454668321864 0.000000 0.000000 0.000000 
526454688890925 0.000000 0.000000 0.000000 
526454709461916 0.000000 0.000000 0.000000 
526454730032958 0.000000 0.000000 0.000000 
526454750604103 0.000000 0.000000 0.000000 
526454771174312 0.000000 0.000000 0.000000 
526454791745093 0.000000 0.000000 0.000000 
526454812316915 0.000000 0.000000 0.000000 
526454832887801 0.000000 0.000000 0.000000 
526454853458790 0.000000 0.000000 0.000000 
526454874029884 0.000000 0.000000 0.000000 
526454894600092 0.000000 0.000000 0.000000 
526454915170977 0.000000 0.000000 0.000000 
526454935742488 0.000000 0.000000 0.000000 
526454956313478 0.000000 0.000000 0.000000 
526454976885822 0.000000 0.000000 0.000000 
526454997455457 0.000000 0.000000 0.000000 
526455018026760 0.000000 0.000000 0.000000 
526455038597488 0.000000 0.000000 0.000000 
526455059170718 0.000000 0.000000 0.000000 
526455079741552 0.000000 0.000000 0.000000 
526455100312696 0.000000 0.000000 0.000000 
526455120882801 0.000000 0.000000 0.000000 
526455141453373 0.000000 0.000000 0.000000 
526455162025301 0.000000 0.000000 0.000000 
526455182595353 0.000000 0.000000 0.000000 
526455203166550 0.000000 0.000000 0.000000 
526455223736916 0.000000 0.000000 0.000000 
526455244308739 0.000000 0.000000 0.000000 
526455264879832 0.000000 0.000000 0.000000 
526455285450665 0.000000 0.000000 0.000000 
526455306022332 0.000000 0.000000 0.000000 
526455326591758 0.000000 0.000000 0.000000 
526455347163113 0.000000 0.000000 0.000000 
526455367733322 0.000000 0.000000 0.000000 
526455388304259 0.000000 0.000000 0.000000 
526455408875666 0.000000 0.000000 0.000000 
526455429446550 0.000000 0.000000 0.000000 
526455450017279 0.000000 0.000000 0.000000 
526455470588322 0.000000 0.000000 0.000000 
526455491159884 0.000000 0.000000 0.000000 
526455511730456 0.000000 0.000000 0.000000 
526455532304208 0.000000 0.000000 0.000000 
526455552875196 0.000000 0.000000 0.000000 
526455573446395 0.000000 0.000000 0.000000 
526455594016968 0.000000 0.000000 0.000000 
526455614587957 0.000000 0.000000 0.000000 
526455635158426 0.000000 0.000000 0.000000 
526455655728843 0.000000 0.000000 0.000000 
526455676300352 0.000000 0.000000 0.000000 
526455696871655 0.000000 0.000000 0.000000 
526455717442280 0.000000 0.000000 0.000000 
526455738013737 0.000000 0.000000 0.000000 
526455758583582 0.000000 0.000000 0.000000 
526455779154520 0.000000 0.000000 0.000000 
526455799725092 0.000000 0.000000 0.000000 
526455820297905 0.000000 0.000000 0.000000 
526455840867696 0.000000 0.000000 0.000000 
526455861438530 0.000000 0.000000 0.000000 
526455882009676 0.000000 0.000000 0.000000 
526455902580925 0.000000 0.000000 0.000000 
526455923151550 0.000000 0.000000 0.000000 
526455943722905 0.000000 0.000000 0.000000 
526455964294155 0.000000 0.000000 0.000000 
526455984864311 0.000000 0.000000 0.000000 
526456005435405 0.000000 0.000000 0.000000 
526456026006498 0.000000 0.000000 0.000000 
526456046577384 0.000000 0.000000 0.000000 
526456067151238 0.000000 0.000000 0.000000 
526456087720978 0.000000 0.000000 0.000000 
526456108292436 0.000000 0.000000 0.000000 
526456128863843 0.000000 0.000000 0.000000 
526456149432540 0.000000 0.000000 0.000000 
526456170004519 0.000000 0.000000 0.000000 
526456190574571 0.000000 0.000000 0.000000 
526456211145665 0.000000 0.000000 0.000000 
526456231716603 0.000000 0.000000 0.000000 
526456252288582 0.000000 0.000000 0.000000 
526456272858529 0.000000 0.000000 0.000000 
526456293431134 0.000000 0.000000 0.000000 
526456314001133 0.000000 0.000000 0.000000 
526456334571863 0.000000 0.000000 0.000000 
526456355142697 0.000000 0.000000 0.000000 
526456375713945 0.000000 0.000000 0.000000 
526456396284780 0.000000 0.000000 0.000000 
526456416856186 0.000000 0.000000 0.000000 
526456437426759 0.000000 0.000000 0.000000 
526456457998166 0.000000 0.000000 0.000000 
526456478570091 0.000000 0.000000 0.000000 
526456499139936 0.000000 0.000000 0.000000 
526456519710718 0.000000 0.000000 0.000000 
526456540283790 0.000000 0.000000 0.000000 
526456560853061 0.000000 0.000000 0.000000 
526456581425613 0.000000 0.000000 0.000000 
526456601996550 0.000000 0.000000 0.000000 
526456622567644 0.000000 0.000000 0.000000 
526456643140925 0.000000 0.000000 0.000000 
526456663709467 0.000000 0.000000 0.000000 
526456684280977 0.000000 0.000000 0.000000 
526456704851967 0.000000 0.000000 0.000000 
526456725423165 0.000000 0.000000 0.000000 
526456745993739 0.000000 0.000000 0.000000 
526456766564779 0.000000 0.000000 0.000000 
526456787135925 0.000000 0.000000 0.000000 
526456807705873 0.000000 0.000000 0.000000 
526456828276342 0.000000 0.000000 0.000000 
526456848847905 0.000000 0.000000 0.000000 
526456869418894 0.000000 0.000000 0.000000 
526456889989155 0.000000 0.000000 0.000000 
526456910560145 0.000000 0.000000 0.000000 
526456931131134 0.000000 0.000000 0.000000 
526456951702019 0.000000 0.000000 0.000000 
526456972273426 0.000000 0.000000 0.000000 
526456992844154 0.000000 0.000000 0.000000 
526457013415249 0.000000 0.000000 0.000000 
526457033987696 0.000000 0.000000 0.000000 
526457054559831 0.000000 0.000000 0.000000 
526457075133529 0.000000 0.000000 0.000000 
526457095701081 0.000000 0.000000 0.000000 
526457116271810 0.000000 0.000000 0.000000 
526457136843061 0.000000 0.000000 0.000000 
526457157413634 0.000000 0.000000 0.000000 
526457177986134 0.000000 0.000000 0.000000 
526457198556706 0.000000 0.000000 0.000000 
526457219127175 0.000000 0.000000 0.000000 
526457239697176 0.000000 0.000000 0.000000 
526457260268633 0.000000 0.000000 0.000000 
526457280839259 0.000000 0.000000 0.000000 
526457301411133 0.000000 0.000000 0.000000 
526457321981289 0.000000 0.000000 0.000000 
526457342551395 0.000000 0.000000 0.000000 
526457363122592 0.000000 0.000000 0.000000 
526457383693894 0.000000 0.000000 0.000000 
526457404264467 0.000000 0.000000 0.000000 
526457424835613 0.000000 0.000000 0.000000 
526457445406498 0.000000 0.000000 0.000000 
526457465977539 0.000000 0.000000 0.000000 
526457486549831 0.000000 0.000000 0.000000 
526457507119883 0.000000 0.000000 0.000000 
526457527691029 0.000000 0.000000 0.000000 
526457548262435 0.000000 0.000000 0.000000 
526457568833476 0.000000 0.000000 0.000000 
526457589404154 0.000000 0.000000 0.000000 
526457609974779 0.000000 0.000000 0.000000 
526457630545664 0.000000 0.000000 0.000000 
526457651116602 0.000000 0.000000 0.000000 
526457671687435 0.000000 0.000000 0.000000 
526457692258633 0.000000 0.000000 0.000000 
526457712829831 0.000000 0.000000 0.000000 
526457733400716 0.000000 0.000000 0.000000 
526457753971550 0.000000 0.000000 0.000000 
526457774542800 0.000000 0.000000 0.000000 
526457795113477 0.000000 0.000000 0.000000 
526457815684571 0.000000 0.000000 0.000000 
526457836255403 0.000000 0.000000 0.000000 
526457856827070 0.000000 0.000000 0.000000 
526457877397852 0.000000 0.000000 0.000000 
526457897968894 0.000000 0.000000 0.000000 
526457918539622 0.000000 0.000000 0.000000 
526457939110716 0.000000 0.000000 0.000000 
526457959681915 0.000000 0.000000 0.000000 
526457980252644 0.000000 0.000000 0.000000 
526458000823633 0.000000 0.000000 0.000000 
526458021394622 0.000000 0.000000 0.000000 
526458041965872 0.000000 0.000000 0.000000 
526458062538737 0.000000 0.000000 0.000000 
526458083109258 0.000000 0.000000 0.000000 
526458103680768 0.000000 0.000000 0.000000 
526458124251810 0.000000 0.000000 0.000000 
526458144822331 0.000000 0.000000 0.000000 
526458165392175 0.000000 0.000000 0.000000 
526458185962904 0.000000 0.000000 0.000000 
526458206533580 0.000000 0.000000 0.000000 
526458227105196 0.000000 0.000000 0.000000 
526458247675665 0.000000 0.000000 0.000000 
526458268246915 0.000000 0.000000 0.000000 
526458288817592 0.000000 0.000000 0.000000 
526458309389414 0.000000 0.000000 0.000000 
526458329959622 0.000000 0.000000 0.000000 
526458350530717 0.000000 0.000000 0.000000 
526458371103476 0.000000 0.000000 0.000000 
526458391674102 0.000000 0.000000 0.000000 
526458412243685 0.000000 0.000000 0.000000 
526458432814674 0.000000 0.000000 0.000000 
526458453386290 0.000000 0.000000 0.000000 
526458473956653 0.000000 0.000000 0.000000 
526458494530248 0.000000 0.000000 0.000000 
526458515100664 0.000000 0.000000 0.000000 
526458535670977 0.000000 0.000000 0.000000 
526458556241444 0.000000 0.000000 0.000000 
526458576811966 0.000000 0.000000 0.000000 
526458597383269 0.000000 0.000000 0.000000 
526458617954779 0.000000 0.000000 0.000000 
526458638525508 0.000000 0.000000 0.000000 
526458659096341 0.000000 0.000000 0.000000 
526458679666914 0.000000 0.000000 0.000000 
526458700238165 0.000000 0.000000 0.000000 
526458720809309 0.000000 0.000000 0.000000 
526458741379935 0.000000 0.000000 0.000000 
526458761950924 0.000000 0.000000 0.000000 
526458782521653 0.000000 0.000000 0.000000 
526458803093529 0.000000 0.000000 0.000000 
526458823664309 0.000000 0.000000 0.000000 
526458844235769 0.000000 0.000000 0.000000 
526458864806132 0.000000 0.000000 0.000000 
526458885377018 0.000000 0.000000 0.000000 
526458905948269 0.000000 0.000000 0.000000 
526458926519778 0.000000 0.000000 0.000000 
526458947089988 0.000000 0.000000 0.000000 
526458967661289 0.000000 0.000000 0.000000 
526458988233008 0.000000 0.000000 0.000000 
526459008803216 0.000000 0.000000 0.000000 
526459029374675 0.000000 0.000000 0.000000 
526459049944727 0.000000 0.000000 0.000000 
526459070516133 0.000000 0.000000 0.000000 
526459091086602 0.000000 0.000000 0.000000 
526459111657591 0.000000 0.000000 0.000000 
526459132230925 0.000000 0.000000 0.000000 
526459152800716 0.000000 0.000000 0.000000 
526459173371862 0.000000 0.000000 0.000000 
526459193942696 0.000000 0.000000 0.000000 
526459214513840 0.000000 0.000000 0.000000 
526459235084570 0.000000 0.000000 0.000000 
526459255656393 0.000000 0.000000 0.000000 
526459276226549 0.000000 0.000000 0.000000 
526459296798008 0.000000 0.000000 0.000000 
526459317369101 0.000000 0.000000 0.000000 
526459337941237 0.000000 0.000000 0.000000 
526459358510403 0.000000 0.000000 0.000000 
526459379083372 0.000000 0.000000 0.000000 
526459399653269 0.000000 0.000000 0.000000 
526459420223581 0.000000 0.000000 0.000000 
526459440794830 0.000000 0.000000 0.000000 
526459461366185 0.000000 0.000000 0.000000 
526459481936185 0.000000 0.000000 0.000000 
526459502507486 0.000000 0.000000 0.000000 
526459523078320 0.000000 0.000000 0.000000 
526459543650143 0.000000 0.000000 0.000000 
526459564221184 0.000000 0.000000 0.000000 
526459584792226 0.000000 0.000000 0.000000 
526459605362799 0.000000 0.000000 0.000000 
526459625933633 0.000000 0.000000 0.000000 
526459646505194 0.000000 0.000000 0.000000 
526459667077383 0.000000 0.000000 0.000000 
526459687647070 0.000000 0.000000 0.000000 
526459708218684 0.000000 0.000000 0.000000 
526459728788945 0.000000 0.000000 0.000000 
526459749359883 0.000000 0.000000 0.000000 
526459769930247 0.000000 0.000000 0.000000 
526459790501236 0.000000 0.000000 0.000000 
526459811072226 0.000000 0.000000 0.000000 
526459831643215 0.000000 0.000000 0.000000 
526459852214205 0.000000 0.000000 0.000000 
526459872786237 0.000000 0.000000 0.000000 
526459893356757 0.000000 0.000000 0.000000 
526459913928268 0.000000 0.000000 0.000000 
526459934498684 0.000000 0.000000 0.000000 
526459955069518 0.000000 0.000000 0.000000 
526459975640663 0.000000 0.000000 0.000000 
526459996211705 0.000000 0.000000 0.000000 
526460016783060 0.000000 0.000000 0.000000 
526460037353216 0.000000 0.000000 0.000000 
526460057923945 0.000000 0.000000 0.000000 
526460078494414 0.000000 0.000000 0.000000 
526460099066653 0.000000 0.000000 0.000000 
526460119638475 0.000000 0.000000 0.000000 
526460140208059 0.000000 0.000000 0.000000 
526460160778163 0.000000 0.000000 0.000000 
526460181349101 0.000000 0.000000 0.000000 
526460201920300 0.000000 0.000000 0.000000 
526460222491080 0.000000 0.000000 0.000000 
526460243061966 0.000000 0.000000 0.000000 
526460263632590 0.000000 0.000000 0.000000 
526460284204154 0.000000 0.000000 0.000000 
526460304775195 0.000000 0.000000 0.000000 
526460325346081 0.000000 0.000000 0.000000 
526460345917330 0.000000 0.000000 0.000000 
