# Created at Thu Nov 07 19:33:27 EST 2019 in Burnaby Canada 
526451752380980 -0.110872 -0.391870 -0.143859 
526451772951396 -0.046731 -0.313984 -0.134390 
526451793521032 -0.057727 -0.284968 -0.253509 
526451814092073 -0.118813 -0.354607 -0.353996 
526451834662906 -0.185092 -0.403171 -0.090408 
526451855233844 -0.159436 0.197309 0.081245 
526451875804833 -0.148135 0.410196 -0.033598 
526451896375667 -0.175929 0.343306 -0.094684 
526451916946656 -0.206167 0.184176 0.007330 
526451937517803 -0.222966 -0.121257 0.008247 
526451958088792 -0.431576 -0.545808 0.302073 
526451978659781 -0.418748 0.484721 0.926071 
526451999230771 -0.080634 0.348498 1.793804 
526452019801604 0.022907 0.289244 2.623358 
526452040372594 0.360105 0.260228 3.116326 
526452060943479 0.676838 0.721126 3.303862 
526452081514469 0.818864 1.646280 1.992641 
526452102085720 0.361021 2.065028 0.975245 
526452122656709 0.155771 1.624289 0.368962 
526452143227594 0.073304 1.007010 -0.101098 
526452163798583 0.048258 0.582460 -0.433103 
526452184369573 0.313984 0.240070 -0.438295 
526452204940562 0.527787 0.065363 -0.395535 
526452225511552 0.134085 0.129809 -0.291382 
526452246083167 -0.024740 -0.291077 -0.330172 
526452266653583 -0.313984 -0.772744 -0.681114 
526452287225354 -0.140193 -1.000291 -1.021060 
526452307795562 0.127365 -0.762359 -1.107192 
526452328366708 0.711352 -0.146302 -1.323744 
526452348937698 1.561676 0.945924 -1.298698 
526452369508739 1.494481 1.990503 -0.203113 
526452390079625 -0.070249 2.267530 -0.075136 
526452410650458 -0.348193 2.555552 -0.264199 
526452431221396 0.366519 3.116632 -0.310319 
526452451792541 0.425467 2.744615 -0.272446 
526452472363740 0.108734 1.652389 -0.516792 
526452492934521 0.113010 0.441961 -0.706770 
526452513505406 0.000305 0.072998 -0.627358 
526452534076552 -0.049480 0.314290 -0.396757 
526452554647333 -0.114843 0.414777 -0.176845 
526452575220354 -0.073915 0.188146 -0.004581 
526452595791343 0.003971 -0.022907 0.012523 
526452616362854 0.028405 0.038790 0.005192 
526452636933844 0.007941 0.098044 -0.009163 
526452657503791 0.021991 0.072693 -0.019242 
526452678074781 0.044288 0.049175 -0.022602 
526452698645510 0.036652 0.042455 -0.017410 
526452719216500 0.011301 0.026573 -0.010690 
526452739786396 0.008247 0.011606 -0.001833 
526452760357385 0.007636 0.003971 0.002443 
526452780928375 0.000305 0.008858 -0.001833 
526452801499364 0.001527 0.024435 0.001527 
526452822072802 -0.004276 0.021075 0.004581 
526452842643791 -0.032070 0.003971 0.017410 
526452863213218 -0.430660 -0.174096 0.115759 
526452883784208 -0.087354 0.129809 0.036041 
526452904355562 0.186008 0.056200 -0.027183 
526452924926552 0.275805 -0.121562 -0.025962 
526452945496343 0.087354 -0.018937 0.012217 
526452966067906 -0.034819 0.238543 0.015577 
526452986638635 -0.020464 -0.029627 -0.006109 
526453007210094 -0.020464 0.337503 -0.088575 
526453027781916 0.052840 1.451720 -0.220828 
526453048352801 -0.025045 1.822820 -0.266337 
526453068925770 0.058948 0.371100 -0.099571 
526453089495145 0.258090 -0.365603 0.103847 
526453110064677 0.079107 -0.569937 -0.145386 
526453130636031 -0.597731 -0.255952 -0.253814 
526453151206656 -0.239459 1.167668 0.128282 
526453171777385 0.047342 0.145386 0.136223 
526453192348738 0.217773 0.075136 -0.007941 
526453212920666 0.104763 0.440433 -0.032987 
526453233490823 -0.072998 0.672562 0.006414 
526453254061812 -0.034208 0.977994 0.019853 
526453274632854 0.113926 0.064446 0.117897 
526453295203582 0.215024 -0.753196 0.353691 
526453315774572 0.094989 -0.244651 0.254731 
526453336346187 -0.488997 0.086132 0.058032 
526453356917228 -0.375071 0.151800 -0.035125 
526453377488739 -0.069333 0.277638 -0.232739 
526453398059728 0.166461 1.717446 -0.233350 
526453418629416 -0.380874 0.944091 -0.142026 
526453439200458 -0.227853 -0.368046 -0.109650 
526453459771499 0.070555 -0.313374 -0.376904 
526453480342489 -0.038179 -0.365908 -0.233656 
526453500915511 -0.160047 -0.795957 -0.085826 
526453521486500 -0.079412 -0.868344 -0.273057 
526453542057073 0.050702 -0.591622 -0.981049 
526453562628114 0.113315 -0.081856 -1.440419 
526453583198114 0.283136 -0.238848 -1.204320 
526453603769104 0.285885 -1.386663 -0.256869 
526453624340718 0.456316 -1.638950 0.193950 
526453644911708 0.109956 -1.664912 0.356134 
526453665480822 -0.027489 -0.562606 0.057116 
526453686054155 -0.062919 0.490524 0.136528 
526453706625198 -0.126144 0.921184 0.249233 
526453727196135 0.019853 1.521053 0.719599 
526453747767021 -0.019853 1.032361 0.923627 
526453768337645 -0.053756 0.185092 0.910188 
526453788909885 -0.066890 -0.086437 0.532979 
526453809479833 -0.074220 -0.569631 0.459676 
526453830051239 0.007330 -0.510683 0.518013 
526453850622072 0.021075 -0.611170 0.468228 
526453871192750 -0.006720 -0.548862 0.345749 
526453891762541 0.057421 -0.420275 0.667675 
526453912334052 0.108123 -0.351858 1.600160 
526453932904885 0.244651 0.300240 2.107789 
526453953475353 0.059559 0.481056 2.281274 
526453974046656 0.117591 0.359188 2.422384 
526453994618270 0.042455 0.178067 2.049757 
526454015188895 0.170431 0.311541 1.846950 
526454035759937 0.304211 -0.001833 1.822209 
526454056331239 0.117897 -0.133169 1.267239 
526454076902281 -0.025351 -0.627663 0.235794 
526454097473166 -0.192728 -0.397062 -0.278249 
526454118044208 -0.185703 -0.086132 -0.288328 
526454138616239 0.070860 0.753196 -0.758999 
526454159187280 0.436463 2.414137 -1.189048 
526454179756968 0.683863 2.234238 -0.891863 
526454200328010 0.405614 1.052825 -0.703105 
526454220898946 0.319788 0.718071 -1.007621 
526454241469988 0.185092 0.095600 -0.895528 
526454262041864 0.028405 -0.502131 -0.558941 
526454282612906 -0.263894 -1.032361 -0.310319 
526454303183271 -0.339641 -0.336586 -0.395229 
526454323754312 0.003054 1.229365 -0.011606 
526454344324728 0.309098 1.244637 0.442571 
526454364895770 -0.091019 -0.073915 0.435241 
526454385467072 -0.622777 -1.395520 0.677144 
526454406037749 -0.925155 -2.444681 0.924544 
526454426608790 -0.974329 -3.031722 0.702189 
526454447180926 -0.652709 -3.082423 0.560774 
526454467751082 -0.743117 -3.588830 0.777631 
526454488323009 -0.907440 -4.097070 0.836885 
526454508896343 -0.518930 -3.284925 0.772133 
526454529464936 -0.348193 -1.732412 0.636216 
526454550037748 -0.126144 -1.243415 0.357661 
526454570607332 -0.031460 -1.118188 0.664621 
526454591178635 0.475558 -0.732121 1.309389 
526454611750145 0.887892 -0.310625 1.485317 
526454632320614 0.968831 -0.055283 1.201876 
526454652893634 0.860098 -0.259923 0.896749 
526454673462644 0.781601 -0.601702 0.471282 
526454694033635 0.846964 -0.453262 0.280081 
526454714604676 1.030834 -0.146913 0.382096 
526454735175822 1.144150 0.280998 0.670119 
526454755746812 1.235474 1.300225 0.781601 
526454776316811 1.096808 2.441321 0.651793 
526454796887853 1.093142 3.007287 -0.105680 
526454817459520 1.175915 3.463603 -0.434936 
526454838030561 1.257771 3.757123 0.131641 
526454858601603 1.120020 4.323395 0.257785 
526454879172645 0.974329 4.484969 0.015882 
526454899742696 0.648127 4.021323 0.002138 
526454920313738 0.311541 3.046382 -0.112705 
526454940885248 -0.527787 1.216537 0.294131 
526454961456238 -0.282830 -0.201585 0.204029 
526454982027176 0.050091 0.621249 -0.402560 
526455002598217 -0.126449 0.524427 -1.277013 
526455023169207 -0.421191 -0.138055 -1.903760 
526455043740249 -0.169820 -0.448069 -2.676504 
526455064313270 0.033598 -0.308487 -3.268432 
526455084884312 -0.006414 -0.223882 -3.078758 
526455105454572 -0.097738 -0.616973 -2.433685 
526455126025092 -0.104152 -0.541837 -1.558316 
526455146597020 -0.293826 -1.904676 -0.439823 
526455167167072 -0.427911 -3.913505 0.699135 
526455187738269 -0.424551 -1.917199 1.689346 
526455208308635 -0.036346 0.771522 2.290437 
526455228880457 0.123700 -0.061086 2.533561 
526455249451551 -0.126144 -1.064126 2.413527 
526455270022384 0.013134 -1.313359 1.960876 
526455290594050 0.463952 -1.397048 1.086728 
526455311163477 -0.636826 -2.371682 -0.117897 
526455331734832 0.216857 0.068417 0.499076 
526455352305040 0.622471 0.411723 1.031750 
526455372875978 0.811839 0.365297 0.490524 
526455393447385 0.956003 2.036623 -0.405003 
526455414018321 1.112996 4.009716 -0.593455 
526455434588998 0.905302 3.746433 -0.645379 
526455455160041 0.765414 0.839939 -0.593455 
526455475731082 0.862236 0.329867 -0.826195 
526455496302227 0.667981 0.904996 -0.755334 
526455516873216 -0.169515 1.558927 -0.549473 
526455537446915 -0.151189 1.030529 -0.415083 
526455558017957 0.167072 0.109345 -0.554665 
526455578588686 0.343306 -0.859181 -0.802982 
526455599159728 0.520151 -1.435227 -0.991128 
526455619730145 0.561996 -1.572366 -1.170722 
526455640301186 0.509767 -1.236085 -0.966693 
526455660872071 0.423024 -0.992961 -0.257785 
526455681443113 0.208916 -1.174387 0.363159 
526455702013998 0.270613 -1.989281 0.707992 
526455722584988 -0.006414 -2.298684 0.872926 
526455743155301 -0.166766 -1.372613 0.732121 
526455763726342 0.051923 -1.978896 0.748309 
526455784296811 0.204029 -2.562883 1.218064 
526455804867853 0.326202 -1.300531 1.723555 
526455825439415 0.356745 0.482278 1.795026 
526455846010197 0.354912 0.976162 1.252578 
526455866581395 0.364381 0.800538 0.262672 
526455887152383 0.431881 1.460272 -0.120340 
526455907723269 0.559552 2.947728 -0.105985 
526455928294623 0.273667 3.275457 -0.459065 
526455948865874 0.095600 2.293492 -1.268461 
526455969436082 0.499687 0.329256 -1.484096 
526455990007123 0.658207 -0.347582 -1.489594 
526456010578217 0.481667 0.130725 -1.133460 
526456031149103 0.664315 0.414472 -1.153618 
526456051722956 1.122769 -0.295964 -1.261741 
526456072292749 1.290757 -1.304502 -1.185994 
526456092863999 0.971886 -1.425147 -0.617279 
526456113435561 0.517708 -0.480445 -0.175013 
526456134004259 0.149967 0.634383 -0.065057 
526456154576238 0.130114 0.524427 -0.075747 
526456175146290 0.212886 -0.059865 -0.151800 
526456195717228 0.122478 -0.231212 -0.146913 
526456216288322 0.098044 0.190590 -0.202196 
526456236859363 0.244651 0.740368 -0.244346 
526456257430248 0.402560 0.857654 -0.285579 
526456278001289 0.695469 0.657901 -0.285579 
526456298572852 0.898887 0.341168 -0.323758 
526456319143842 0.838106 0.169210 -0.218384 
526456339714415 1.314276 0.732121 -0.397368 
526456360285457 1.083063 0.826805 0.249844 
526456380856499 0.503658 2.143219 0.555276 
526456401427540 0.064446 1.991724 0.135612 
526456421998478 0.101098 0.313984 0.346666 
526456442569468 0.428827 -0.618195 -0.037874 
526456463141810 0.160963 -0.841466 -0.506407 
526456483712800 -0.090408 0.043066 -0.236405 
526456504282436 -0.227242 1.546710 0.306349 
526456524853478 0.066584 2.051589 0.270002 
526456545424780 0.426994 1.687208 0.277333 
526456565995821 0.746477 1.698815 0.660956 
526456586568321 0.735787 2.523482 1.488677 
526456607139363 0.222355 1.607185 1.091004 
526456627712696 0.612086 0.528398 0.502436 
526456648281186 0.853378 0.322231 0.385456 
526456668852696 0.759916 1.047328 1.183550 
526456689423686 0.191506 1.583667 1.763261 
526456709994884 -0.123700 1.134681 1.445917 
526456730565457 0.106290 0.366213 0.534201 
526456751136498 0.345749 0.160352 -0.012828 
526456771707696 0.103542 0.576351 0.031460 
526456792277591 -0.003665 1.178663 0.241902 
526456812848113 0.144775 1.461188 0.304821 
526456833419624 0.159436 1.002124 0.092546 
526456853990665 0.051618 0.312763 -0.426994 
526456874560874 -0.278860 -0.107207 -0.934318 
526456895131915 -0.581543 0.229380 -1.209512 
526456915702905 -0.629191 1.014035 -1.240055 
526456936273790 -0.350331 1.648418 -1.279456 
526456956844779 -0.005803 1.761123 -1.469435 
526456977415873 0.120035 1.293201 -1.849087 
526456997986915 0.136528 0.688139 -2.175595 
526457018559415 0.087354 0.551305 -2.279747 
526457039130457 -0.155465 1.152091 -1.941633 
526457059705247 -0.310319 1.933998 -1.698509 
526457080276289 -0.211054 2.504851 -1.796859 
526457100843529 0.023213 2.630994 -2.006080 
526457121414570 0.125227 2.747364 -1.926667 
526457141985353 -0.061086 2.477362 -1.683238 
526457162556395 0.038179 2.203084 -1.725082 
526457183128425 0.359799 2.117563 -1.826486 
526457203699467 0.358578 2.158491 -1.689652 
526457224268894 0.238848 2.116341 -1.408043 
526457244839884 0.343611 1.899179 -1.148120 
526457265410978 0.609338 1.948964 -1.014646 
526457285981967 0.516792 2.322202 -0.743422 
526457306553060 0.308792 2.437656 -0.343917 
526457327123113 0.357967 2.466672 -0.255952 
526457347694363 0.683252 2.371071 -0.243735 
526457368265613 0.700356 1.733634 0.239764 
526457388836185 0.226631 1.537852 0.415693 
526457409407384 -0.656069 1.894902 0.335365 
526457429978217 -1.483790 2.692997 0.386066 
526457450549258 -1.638034 4.297739 0.829249 
526457471121550 -1.874438 5.750375 1.178053 
526457491691601 -2.140470 6.805033 0.844520 
526457512262800 -1.839619 7.144674 0.355218 
526457532834154 -1.178663 6.643154 -0.034514 
526457553405195 -0.634994 4.878976 -0.155465 
526457573975873 -0.189673 2.195753 -0.011912 
526457594546497 0.576045 -0.043982 0.210443 
526457615117383 1.434310 -1.673464 0.275195 
526457635688425 1.996001 -2.449262 0.474947 
526457656259153 2.399782 -1.911090 0.521068 
526457676830195 2.155436 -1.057712 0.243430 
526457697401602 1.132543 -0.114537 -0.022907 
526457717972591 -0.269391 0.988990 -0.154549 
526457738543321 -1.262047 1.918421 -0.008247 
526457759114310 -1.989892 1.465770 -0.377820 
526457779685196 -2.231794 -0.203113 -1.101389 
526457800256186 -1.950186 -1.664912 -1.717752 
526457820827174 -1.150258 -1.621235 -1.744630 
526457841398164 -0.003054 -0.933707 -0.990823 
526457861969570 0.957836 -0.238237 -0.149967 
526457882540612 1.344819 0.802982 0.148746 
526457903111341 1.297782 1.945299 -0.050091 
526457923682330 1.272431 2.102596 -0.370184 
526457944253686 1.052520 0.029322 -0.535728 
526457964824414 1.194851 -0.886670 -0.566272 
526457985395352 1.552207 -1.476460 -0.464257 
526458005967071 1.808160 -2.649015 -0.667064 
526458026537643 2.305403 -2.776991 -0.833220 
526458047110508 2.822195 -2.376264 -0.485332 
526458067680976 2.695135 -1.934303 -0.147829 
526458088252487 2.039677 -1.460577 -0.253814 
526458108823581 1.683238 -0.744950 -0.257174 
526458129394049 1.848171 -0.347887 -0.251065 
526458149963894 2.391230 -0.412945 -0.383623 
526458170534622 2.587012 -0.526871 -0.648127 
526458191105351 2.093128 -0.851240 -1.080009 
526458211676967 1.749517 -1.097724 -1.445000 
526458232247383 1.844201 -1.608407 -1.745240 
526458252818634 1.705840 -1.538463 -1.763261 
526458273389363 1.057101 -0.590095 -1.576336 
526458293961185 0.390343 0.329867 -1.169806 
526458314531341 0.347887 0.744033 -0.667675 
526458335102435 1.040303 0.099571 -0.124922 
526458355673425 1.551596 -0.707381 0.300851 
526458376245873 1.392466 -0.434630 0.498771 
526458396816862 0.810312 0.262672 0.760527 
526458417386445 0.219911 0.568410 0.886670 
526458437957434 0.120035 0.701578 0.783129 
526458458528372 0.473115 0.618195 0.657901 
526458479099361 0.778853 0.453567 0.447764 
526458499672435 0.666148 0.278249 0.348193 
526458520243425 0.540004 -0.255341 0.259923 
526458540813215 0.788321 -0.995709 0.218079 
526458561384205 1.149037 -1.264490 0.281609 
526458581954987 1.251356 -0.931569 0.366824 
526458602525977 1.073900 -0.653625 0.396146 
526458623097227 0.776409 -0.572686 0.298407 
526458643668268 0.563523 -0.564439 0.235794 
526458664238685 0.503353 -0.489914 0.221744 
526458684809935 0.470366 -0.245262 0.278860 
526458705381028 0.341168 -0.058032 0.365297 
526458725951654 0.182038 0.064446 0.393091 
526458746522643 0.030849 0.098044 0.391564 
526458767093372 -0.054978 -0.008247 0.356745 
526458787665247 0.027183 -0.179289 0.241597 
526458808236028 0.203113 -0.132252 0.075747 
526458828807488 0.238237 -0.011301 0.018326 
526458849378164 0.147829 -0.037874 0.055894 
526458869948789 0.059254 -0.156076 0.107512 
526458890520142 0.058948 -0.221744 0.101098 
526458911091549 0.074525 -0.148440 0.061392 
526458931661759 0.033598 0.022297 0.038790 
526458952233060 -0.013744 0.100182 0.035125 
526458972804779 -0.027794 0.015577 0.006109 
526458993374987 -0.026267 -0.015577 -0.021991 
526459013946394 -0.029322 -0.017410 -0.012828 
526459034516445 -0.004276 -0.025351 0.006109 
526459055087904 0.067501 0.016188 0.017715 
526459075658894 0.119729 -0.024435 0.014050 
526459096229310 0.111177 -0.091324 -0.003971 
526459116800300 0.073304 -0.065973 -0.007941 
526459137372434 0.025351 0.037874 0.020159 
526459157943424 0.001527 0.021075 0.042761 
526459178514467 0.035736 -0.084910 0.042761 
526459199085456 0.097738 -0.178373 0.058643 
526459219656341 0.148135 -0.174096 0.067806 
526459240227330 0.136834 -0.104458 0.066279 
526459260798320 0.054978 0.005498 0.065057 
526459281369309 -0.014661 0.066584 0.071471 
526459301940872 0.011912 0.038179 0.072387 
526459322511862 0.124311 -0.035430 0.046426 
526459343082174 0.217468 -0.167377 0.015272 
526459363653112 0.235488 -0.293521 0.019242 
526459384224987 0.218995 -0.334448 0.039706 
526459404795977 0.193644 -0.211359 0.043982 
526459425366548 0.104763 -0.006720 0.039401 
526459445938528 -0.010690 0.079718 0.029016 
526459466507956 -0.038179 0.074525 0.023518 
526459487079257 0.003971 0.036652 0.058643 
526459507650091 0.030849 -0.021991 0.078802 
526459528221913 0.044899 -0.069333 0.075442 
526459548792903 0.045204 0.004887 0.037874 
526459569363944 0.032376 0.055894 -0.004581 
526459589934518 0.023518 -0.005192 -0.021686 
526459610505404 0.025351 -0.066279 0.007025 
526459631076965 0.048564 -0.066279 0.030849 
526459651647435 0.061697 -0.108734 0.005192 
526459672218788 0.071471 -0.265726 -0.078802 
526459692790403 0.116675 -0.342390 -0.148440 
526459713360715 0.131641 -0.167377 -0.149662 
526459733931654 0.037874 0.088575 -0.084605 
526459754502122 -0.044899 0.144164 0.012828 
526459775072955 -0.032987 0.042761 0.058948 
526459795643945 0.024740 -0.081856 0.028405 
526459816214986 0.049785 -0.094379 -0.004581 
526459836785976 0.011606 0.016799 -0.024435 
526459857358007 -0.021380 0.111177 -0.020159 
526459877928945 -0.039095 0.106901 0.036346 
526459898500039 -0.028711 0.028711 0.067195 
526459919071028 -0.012523 -0.080023 0.028405 
526459939641289 0.008247 -0.138361 -0.023213 
526459960212226 0.025962 -0.110567 -0.023213 
526459980783476 0.024129 -0.061086 0.026878 
526460001354465 0.016799 -0.066279 0.073915 
526460021924935 0.020464 -0.080023 0.107512 
526460042495924 0.015882 -0.026267 0.072082 
526460063066185 -0.026267 0.078191 -0.014661 
526460083637175 -0.086132 0.139277 -0.074525 
526460104210194 -0.100487 0.210748 -0.098044 
526460124781184 0.042150 0.346360 -0.116675 
526460145349934 0.160352 0.060476 -0.045509 
526460165920820 0.161574 -0.339030 0.022602 
526460186492070 0.062308 -0.366519 0.030849 
526460207062851 -0.088270 -0.093768 -0.024129 
526460227633684 -0.194560 0.086743 -0.042761 
526460248204361 -0.254425 0.178067 -0.034819 
526460268775925 -0.267864 0.249538 0.037874 
526460289346914 -0.299018 0.234267 0.180205 
526460309917852 -0.284358 0.265726 0.254120 
526460330489049 -0.245873 0.115148 0.238237 
526460351059518 -0.147218 -0.020769 0.129503 
