# Created at Thu Nov 07 19:33:27 EST 2019 in Burnaby Canada 
526451742093791 0.836272 0.281746 -1.334449 
526451762666500 -0.335612 0.827866 -0.994450 
526451783236917 0.125578 0.220445 -0.293818 
526451803806553 0.362529 -0.641379 0.062776 
526451824377594 0.164621 -0.151516 0.391946 
526451844948427 -1.662964 0.793287 -0.023393 
526451865519364 -1.439912 1.192967 0.995312 
526451886090927 0.553066 0.637627 0.641610 
526451906661188 0.205513 -0.584892 0.464172 
526451927232281 -0.866229 0.541288 -0.264413 
526451947803324 -1.049884 2.146450 -0.511641 
526451968374365 -2.940686 0.765616 -2.728814 
526451988945302 -5.722957 1.837848 2.010111 
526452009516135 -6.240467 1.975696 2.379436 
526452030087125 -3.063404 3.490850 0.878993 
526452050658219 -0.800584 4.680301 0.134811 
526452071229000 -1.283158 0.814094 0.848492 
526452091800146 4.527960 -2.699114 5.602195 
526452112371240 3.727312 -3.774060 2.073177 
526452132942698 1.286982 -5.852240 -1.954865 
526452153513115 3.632728 -5.374747 -3.571719 
526452174084208 4.588513 -4.189692 -3.957502 
526452194655094 1.574445 -2.266010 -1.377367 
526452215226187 -0.611108 -0.829871 0.393110 
526452235797021 -1.033709 -1.670297 -1.150156 
526452256368635 -0.646051 -0.675207 -1.491305 
526452276939052 0.953540 -0.641735 -1.922285 
526452297509990 0.025441 -0.166173 -0.208782 
526452318081031 -1.039801 0.061459 1.709213 
526452338652594 -0.821877 0.161977 2.854059 
526452359223166 -1.386731 -0.574022 4.121603 
526452379794208 -2.856765 2.268098 2.112458 
526452400365093 1.163638 6.332345 -0.609609 
526452420935927 2.809649 2.879876 -0.859264 
526452441506917 -0.177680 -0.716908 -0.079501 
526452462078114 -1.023507 -1.242127 -1.648510 
526452482649261 -0.604760 -0.856659 -3.615874 
526452503220041 -0.294796 -0.512309 -2.388447 
526452523790927 -0.331640 -0.134670 -0.993285 
526452544361865 0.003359 0.123709 0.612618 
526452564935875 0.398026 0.116392 0.149913 
526452585505875 0.531283 0.153388 -0.432867 
526452606076551 0.332899 0.298681 -0.606024 
526452626648323 -0.020849 0.208212 0.241011 
526452647218582 -0.168149 0.147238 0.478078 
526452667789260 -0.087820 0.034858 0.185029 
526452688359208 0.103885 -0.024648 0.011539 
526452708930979 0.189045 -0.042399 0.008073 
526452729500875 0.056549 -0.000762 -0.029483 
526452750071864 -0.108718 0.023948 -0.033150 
526452770642906 -0.130678 0.009958 -0.030921 
526452791213843 -0.073243 0.058456 -0.006145 
526452811787281 0.018539 0.085643 0.039506 
526452832358271 0.035542 0.073520 -0.032588 
526452852928166 0.011735 0.076224 -0.023855 
526452873498687 0.182552 0.318416 0.205156 
526452894069573 0.082664 -0.360171 0.700859 
526452914641031 -0.239614 0.036862 -0.674227 
526452935210771 -0.044774 -0.251248 -0.622089 
526452955781812 -0.141752 0.491023 0.318461 
526452976353375 0.001613 0.152886 1.056298 
526452996924103 0.225586 -0.113457 -0.409791 
526453017495615 -0.181252 0.000100 -0.322582 
526453038067437 -1.391445 1.079790 2.443183 
526453058638322 -0.976864 0.750054 0.611524 
526453079211291 -0.007067 -0.249162 -3.294038 
526453099780666 0.718845 -0.495063 -0.948555 
526453120350198 0.942374 -0.857421 -1.192342 
526453140921447 -1.532614 1.093385 2.758420 
526453161492125 0.502586 -0.199725 2.349388 
526453182063687 0.692659 0.544267 -2.840371 
526453202634259 0.704197 -0.337751 -0.343198 
526453223206187 -0.678467 -0.810384 0.665226 
526453243776343 0.019462 -1.189390 0.256742 
526453264347281 0.716613 -0.731063 0.442082 
526453284918115 -0.592638 0.101301 -1.541468 
526453305489103 -0.374925 0.742274 -1.890203 
526453326060354 -0.190903 0.911597 0.822527 
526453346631707 -0.137236 1.488596 1.889439 
526453367202958 0.534872 -0.456907 0.073629 
526453387774208 0.804283 -0.263773 -0.689406 
526453408343843 0.517118 0.342155 1.008341 
526453428914937 1.061040 1.308662 0.111390 
526453449486030 1.250011 0.043623 -2.153376 
526453470057020 1.113780 0.614095 0.082582 
526453490631968 0.402688 -1.603741 0.624094 
526453511200979 1.582072 -0.750751 0.388639 
526453531771187 3.715333 1.819561 0.062030 
526453552342594 4.722182 1.731256 0.126463 
526453572912437 2.585920 0.353670 0.864120 
526453593483635 -1.433867 -1.187408 0.981651 
526453614055406 -4.868194 -1.600785 -0.358342 
526453634626187 -3.761204 -2.245940 0.887051 
526453655197281 -3.875474 -1.250822 0.185644 
526453675766343 -2.889664 0.236509 0.981556 
526453696339729 -3.750106 1.680198 -0.189287 
526453716910718 -5.233440 1.512864 -0.670972 
526453737481656 -4.492386 -1.101092 -0.751905 
526453758052542 -0.926164 -0.201149 -0.638463 
526453778623166 1.170308 0.905916 0.767837 
526453799195354 5.481795 -0.274389 -0.042139 
526453819765354 4.094701 -0.149403 -0.376181 
526453840336760 1.747019 -1.431057 0.446022 
526453860906968 1.237473 -1.135364 0.150735 
526453881478270 0.793668 -0.877482 0.164881 
526453902048010 -1.999568 -0.869657 0.120706 
526453922619573 -3.932860 -1.132509 0.256338 
526453943190406 -3.770554 -0.146423 -0.039547 
526453963760874 -1.257499 -1.842177 0.398276 
526453984332176 0.506142 -0.046185 -0.155569 
526454004903791 1.763317 0.154081 -1.196807 
526454025474416 2.346040 0.564258 0.629929 
526454046045665 0.417780 -0.778240 0.128938 
526454066616760 2.229395 1.405679 -0.194647 
526454087187801 4.461078 4.379648 -1.523603 
526454107758687 3.463401 3.063691 0.293050 
526454128331343 0.227006 0.212210 1.156824 
526454148901759 2.437144 0.139874 2.258514 
526454169471499 2.226217 1.533361 4.088502 
526454190042489 -0.324518 -1.102515 -1.016134 
526454210613738 -0.026591 0.905218 -4.355720 
526454231184467 1.995995 1.106719 -0.481282 
526454251755719 0.503345 -1.748338 -1.148036 
526454272327385 -1.736081 -4.142891 -1.082639 
526454292898062 -1.933032 -1.694794 -0.953690 
526454313468791 -0.599654 1.563613 0.952826 
526454334039311 -3.048243 3.940225 2.646020 
526454354610249 -5.064979 -1.298159 -1.293517 
526454375181551 -3.284752 -0.822405 -2.975887 
526454395752541 -1.027615 -1.539170 -1.680588 
526454416323322 1.175991 -1.541504 -1.921591 
526454436894311 3.385827 -2.267206 -2.000679 
526454457466239 4.356267 -1.746728 0.857275 
526454478036603 1.179098 -0.301434 -0.817324 
526454498608478 0.159597 -0.746832 -1.751564 
526454519181864 1.071282 -0.159610 3.451229 
526454539750456 1.340446 -0.100735 6.866989 
526454560323269 -0.047945 0.651345 1.910086 
526454580893114 -0.732950 0.822418 -0.872860 
526454601464155 0.445338 -1.164786 1.854779 
526454622035666 0.724829 -1.041034 2.025508 
526454642606135 1.194574 0.008468 0.360958 
526454663179103 0.319714 0.873783 -0.301747 
526454683748165 0.760621 1.491899 -1.248462 
526454704319156 0.139065 1.289246 0.397088 
526454724890197 -0.450661 -0.618049 0.861721 
526454745461343 -0.114981 -0.797902 0.185360 
526454766031551 0.934467 0.807061 1.180188 
526454786602332 0.821993 1.317902 0.891622 
526454807173791 0.752468 4.006598 0.186394 
526454827745040 -1.657688 2.830813 -0.075879 
526454848317124 -2.701559 -0.581372 1.141836 
526454868887124 0.262098 -2.197580 1.309604 
526454889457331 2.176335 -1.782536 -0.816867 
526454910028217 0.549552 -0.052964 -2.902798 
526454930599729 2.070250 -1.054073 -3.816092 
526454951170717 1.613866 -1.717063 -5.040798 
526454971741603 1.579989 1.334977 -2.517303 
526454992312697 3.652643 2.321430 0.541938 
526455012883999 4.571031 2.587772 0.218437 
526455033454728 2.852812 -0.338503 -0.666583 
526455054029936 4.380207 -1.961104 1.347286 
526455074598791 2.726304 -3.795152 0.041612 
526455095169936 0.272211 -3.899789 0.130757 
526455115740040 -1.383675 -2.157709 0.171513 
526455136310613 -5.568366 -1.032256 1.185882 
526455156882541 -10.810917 -0.233371 1.172958 
526455177452592 -10.103559 0.182718 0.432852 
526455198023790 -5.518613 -0.158907 -1.801566 
526455218594156 -2.469118 -2.082981 -0.193168 
526455239165978 -1.082956 -1.641680 -0.819472 
526455259737072 -1.441912 -0.378008 -1.451786 
526455280307905 -0.621796 -0.188944 -1.483143 
526455300877956 2.431844 0.820412 0.578311 
526455321448998 7.474290 0.626370 -1.183189 
526455342020353 2.655591 -0.835719 4.819474 
526455362590561 -0.308904 -1.653651 0.366400 
526455383161499 3.859563 0.216954 -1.371695 
526455403732905 6.807281 2.643732 1.863787 
526455424303790 2.485284 0.231873 3.622265 
526455444874519 -0.689541 -1.001624 -2.428726 
526455465445561 -2.055380 1.674416 -8.335033 
526455486016811 -0.444194 0.542744 -1.571332 
526455506587696 0.011824 -1.846290 1.298734 
526455527161447 -0.279059 -1.348040 0.501850 
526455547732436 0.130694 -0.036705 -0.930417 
526455568303531 0.479667 0.996927 -1.013088 
526455588874207 0.075698 -0.080667 -0.073813 
526455609445197 0.263811 -0.518678 0.939927 
526455630015666 0.998265 -0.012248 0.807207 
526455650587279 -1.041387 -0.016909 0.331413 
526455671157592 -3.306666 0.539884 -0.045236 
526455691729051 -3.494749 0.639622 -0.263665 
526455712299519 -0.742748 -0.528535 0.409101 
526455732870977 -0.856854 -0.567310 0.072057 
526455753440821 -1.613819 -0.125401 0.444699 
526455774012280 0.132936 -0.229881 -0.641291 
526455794582332 0.632302 -1.180770 -0.384079 
526455815154155 1.234089 -1.568282 2.643555 
526455835724936 1.574444 1.665824 1.890099 
526455856295770 2.126208 2.939630 -0.688067 
526455876866915 2.592381 3.600051 -2.195417 
526455897438165 1.642558 1.051256 -0.102459 
526455918008790 0.832620 -0.967324 1.890955 
526455938580144 1.209997 0.032957 -1.436069 
526455959151395 -0.762403 0.788520 -2.967026 
526455979721551 -0.580472 -2.952343 -0.990947 
526456000292644 -0.575388 -3.169076 1.508426 
526456020863738 0.010179 -1.094702 0.626529 
526456041434624 0.837644 0.340474 -0.393072 
526456062008477 -0.106848 0.887489 -1.636578 
526456082578218 -2.068978 1.030719 -1.721718 
526456103149675 -3.202605 -0.089830 -0.358997 
526456123721082 -1.290298 -0.265665 0.765026 
526456144289780 1.075966 0.016065 0.976661 
526456164861758 0.346528 0.417738 0.014706 
526456185431811 -1.139361 0.280166 -0.055736 
526456206002905 -1.567824 0.041491 -0.039588 
526456226573842 0.045007 -0.057609 -0.089222 
526456247144728 0.939313 0.272238 -0.606521 
526456267715769 0.298644 0.345622 -1.248424 
526456288288477 -0.480456 -0.185272 -0.730196 
526456308858373 -0.592796 -0.577742 -0.365647 
526456329429051 1.648154 -2.967898 0.001607 
526456349999936 -0.332682 -2.133033 0.285535 
526456370570821 -1.075309 -1.632813 -0.113058 
526456391142019 -3.204577 -3.124660 1.812599 
526456411712800 -0.464218 0.044680 0.578717 
526456432283999 -1.073521 1.121800 -0.255516 
526456452855405 1.560019 3.230185 0.792064 
526456473427331 3.131701 2.421950 -0.885338 
526456493997019 2.403266 1.003009 -0.027045 
526456514567957 1.032694 0.058815 -0.054567 
526456535139571 1.099473 1.177734 -1.374860 
526456555710301 0.217389 0.197795 -2.028779 
526456576282852 -1.361938 -0.850717 -1.517250 
526456596853790 -4.390203 -3.112219 0.607366 
526456617424883 1.249714 -0.121401 -2.983345 
526456637998165 2.164695 1.153027 -0.383923 
526456658566707 0.563483 -0.027002 0.478091 
526456679138216 -3.031919 -1.787254 0.825712 
526456699709207 -1.628402 -1.635194 -0.889872 
526456720280405 1.889825 0.623095 -1.991532 
526456740850977 4.790293 2.147633 -0.936284 
526456761422019 3.173313 1.517603 0.084135 
526456781992070 0.645581 0.450645 -0.522977 
526456802563112 -0.230893 -0.104643 -0.033911 
526456823133582 0.230682 0.009916 0.716663 
526456843705144 1.440335 0.685420 -0.392282 
526456864276134 2.750832 1.433939 -0.724821 
526456884846395 3.018780 1.953317 -0.934103 
526456905417384 2.402228 1.178872 0.165662 
526456925988426 1.527810 0.008753 1.590619 
526456946559258 0.973001 -0.207348 2.221056 
526456967130457 1.073475 0.611978 1.427585 
526456987701394 1.107110 1.604222 0.004650 
526457008273946 0.837254 1.389788 -0.486041 
526457028844936 -0.255592 0.789961 -0.452611 
526457049417749 -1.902408 0.016140 -0.098375 
526457069990768 -1.354624 0.014807 0.221012 
526457090558321 0.006450 0.450648 0.841686 
526457111129049 0.668535 -0.068598 0.192564 
526457131700561 -0.140259 -0.692359 -0.601434 
526457152270874 -0.751522 -0.942646 -1.857684 
526457172843373 0.316175 0.414291 -0.830306 
526457193413946 0.177039 0.559232 0.156254 
526457213984415 -0.847922 -1.025308 -0.201083 
526457234554415 -1.423638 -1.133679 -0.648032 
526457255125405 -0.987019 -0.702687 -0.545699 
526457275696498 -0.319515 -0.340932 0.389606 
526457296268373 -1.044815 -0.921693 -0.406002 
526457316838529 -1.662386 -1.574885 -0.924496 
526457337408634 -0.599713 -1.422444 -0.067612 
526457357979832 -0.182882 -1.469834 0.287105 
526457378551134 -2.133364 -1.584252 -1.817656 
526457399121706 -1.884709 0.430982 -2.895587 
526457419692853 -0.647146 0.293371 -3.095775 
526457440263737 0.004592 0.722749 -1.945919 
526457460834779 -0.008405 0.081673 1.470615 
526457481407071 0.871382 -0.801439 2.057103 
526457501977122 2.501726 0.968818 2.000484 
526457522548269 3.862060 1.474134 2.730348 
526457543119674 3.605780 1.202518 2.506762 
526457563690716 3.020164 0.130362 -0.201474 
526457584261394 2.480899 -0.540549 -1.847894 
526457604832018 1.573916 -1.266940 -0.959794 
526457625402904 0.649616 -1.489676 -0.406722 
526457645973842 -0.270371 -2.431678 -0.127901 
526457666544674 0.639425 -2.720730 0.256381 
526457687115769 2.331740 -2.596704 -0.436421 
526457707687070 2.832522 -2.135242 -0.795654 
526457728257852 2.892786 -1.496699 -0.702321 
526457748828790 1.850337 -0.719421 -0.005874 
526457769399831 1.968596 1.028183 -1.047068 
526457789970717 1.860999 1.941669 -1.769151 
526457810541862 1.909816 0.297098 -0.548724 
526457831112643 0.084684 -1.620834 2.885755 
526457851683841 -1.169601 -2.556705 4.340968 
526457872255091 -0.400364 -2.264819 3.205390 
526457892825768 1.021501 -0.775713 2.133643 
526457913396861 2.433744 -0.392958 1.352168 
526457933967956 2.107443 -0.296251 0.297635 
526457954539155 0.728336 -0.147734 -3.076596 
526457975109883 -0.928731 -0.317332 -1.596615 
526457995680873 -1.117336 -1.027841 -0.156528 
526458016251861 -0.739288 -0.889174 -1.644108 
526458036823112 -2.272793 -0.765665 1.002713 
526458057395977 -2.139869 -2.756686 2.258451 
526458077966497 -1.571443 -2.641748 0.410216 
526458098538008 -0.640571 -1.335203 -1.179523 
526458119109049 -0.358104 -1.526168 -0.041446 
526458139679570 -0.070067 -2.116495 0.500453 
526458160249415 0.440522 -2.278232 0.676635 
526458180820143 0.775283 -1.583787 -0.132623 
526458201390820 1.418007 -0.396870 -2.408061 
526458221962435 0.905323 -0.796369 -1.974401 
526458242532904 0.439814 -2.140845 -0.243210 
526458263104155 -1.108794 -1.391496 -0.087806 
526458283674831 -1.480663 -0.060069 -0.794715 
526458304246654 -1.659735 0.648838 -1.137259 
526458324816862 -2.546107 0.410834 0.612805 
526458345387956 -3.534245 -0.207192 1.884795 
526458365960352 -3.461484 0.238287 1.977949 
526458386531341 -2.073583 -0.851880 1.392358 
526458407100925 -1.438736 -0.953396 0.111220 
526458427671913 -0.731546 -0.382660 -1.418265 
526458448243007 0.527951 0.156528 -0.265486 
526458468813893 0.760068 0.003840 1.440660 
526458489387487 1.260330 -0.030981 1.024621 
526458509957904 0.677988 0.133085 -0.949767 
526458530527747 0.245917 0.213335 -2.134923 
526458551098684 -0.270907 -0.082501 -0.826937 
526458571669362 -0.635318 -0.631756 0.951975 
526458592240508 -0.528223 -0.874000 1.448012 
526458612811654 -0.305173 -0.464438 0.358596 
526458633382747 0.028555 0.226283 -0.718725 
526458653953581 -0.040713 0.294721 -0.847403 
526458674524154 -0.127657 0.116957 0.028513 
526458695095404 -0.241762 -0.278824 0.586625 
526458715666549 -0.307208 -0.306503 0.000266 
526458736237174 -0.220051 -0.070174 -0.384799 
526458756808164 -0.036711 -0.023732 -0.555154 
526458777378893 0.042465 0.094872 -0.601703 
526458797950768 0.380124 0.255581 -0.037130 
526458818521549 0.886425 0.252291 0.886032 
526458839093008 0.576657 0.074221 0.516876 
526458859663372 -0.034873 0.063009 -0.399083 
526458880234258 -0.227403 0.049667 -0.702396 
526458900806028 0.028361 0.069250 -0.141654 
526458921377018 0.272511 0.092994 0.346995 
526458941947227 0.286345 0.107397 0.345048 
526458962518529 0.170026 0.105709 0.127099 
526458983090247 0.154301 0.183706 -0.065394 
526459003660456 0.085304 0.146128 0.054880 
526459024231915 -0.016262 0.016126 0.088654 
526459044801966 -0.065594 -0.055762 0.125536 
526459065373373 0.018989 -0.121567 0.369150 
526459085943632 0.036604 -0.065638 0.252863 
526459106514831 -0.005610 0.062336 -0.043302 
526459127087123 -0.045955 0.017447 0.059900 
526459147657955 -0.113052 -0.069547 0.176330 
526459168229101 -0.140684 -0.080005 -0.020869 
526459188799935 -0.098695 -0.046955 -0.034581 
526459209371080 -0.176966 -0.122417 0.060510 
526459229941809 -0.129496 -0.108922 0.302919 
526459250513633 0.016181 -0.002891 0.315665 
526459271083789 0.049528 0.046257 0.083765 
526459291655404 -0.013991 0.051017 -0.063105 
526459312226341 0.035767 -0.033933 0.115502 
526459332797122 0.150741 -0.005236 0.394801 
526459353367643 0.153420 0.028381 0.245850 
526459373940248 -0.118929 0.035809 -0.090737 
526459394510508 -0.177553 -0.016856 -0.122357 
526459415081550 0.045653 -0.064872 0.219452 
526459435652069 0.182404 -0.057898 0.127083 
526459456223425 0.099591 0.099964 -0.283424 
526459476793424 0.056438 0.111398 -0.237354 
526459497364726 -0.101090 -0.022869 0.112636 
526459517935560 -0.081712 -0.037393 0.006290 
526459538507382 0.038689 0.011286 0.029948 
526459559078424 0.257563 0.012733 0.297360 
526459579649465 0.241060 0.047301 0.215562 
526459600220039 0.015687 0.068907 -0.067758 
526459620790872 -0.193649 0.033096 -0.081175 
526459641362434 -0.122349 -0.033246 0.141503 
526459661934623 0.055602 0.092324 -0.007892 
526459682504309 0.221417 0.223945 -0.304401 
526459703075247 0.311935 0.155430 0.034163 
526459723646184 0.205679 -0.065142 0.581645 
526459744217123 -0.048635 -0.134857 0.228647 
526459764787590 -0.400844 -0.118498 -0.190790 
526459785358476 -0.296774 -0.081987 -0.251733 
526459805929414 0.040250 0.007200 -0.090282 
526459826500455 0.128818 -0.026064 0.063415 
526459847072383 0.140983 -0.059567 0.038935 
526459867643476 0.044385 -0.089387 0.046945 
526459888214049 -0.241921 -0.171845 -0.065643 
526459908785507 -0.274470 -0.056223 -0.073961 
526459929356289 0.012459 0.088140 -0.096386 
526459949926757 0.170929 0.131658 0.002194 
526459970497903 0.045345 -0.016722 0.187008 
526459991068945 -0.177608 -0.112698 0.134681 
526460011639466 -0.241820 -0.079940 -0.032138 
526460032210456 -0.166279 -0.053924 0.019433 
526460052780767 0.201057 0.102179 0.127994 
526460073351654 0.519875 0.232374 0.124880 
526460093923892 0.421512 0.254307 -0.102656 
526460114495715 0.208485 0.099360 -0.060620 
526460135064726 0.120316 -0.096146 0.461565 
526460155635403 -0.287256 -0.244261 -0.113426 
526460176206341 -0.450399 -0.106354 -0.765971 
526460196777539 -0.114780 -0.016420 -0.431491 
526460217348320 0.335184 0.070893 0.109679 
526460237919205 0.268741 0.045504 0.124353 
526460258489830 0.074489 0.078798 -0.052665 
526460279061393 -0.184331 -0.082025 -0.008196 
526460299632435 -0.562002 -0.137308 -0.018581 
526460320203320 -0.297190 -0.174516 0.153142 
526460340774570 0.014533 0.098030 -0.148072 
