# Created at Thu Nov 07 19:33:27 EST 2019 in Burnaby Canada 
526451750918426 -23.059816 -30.790680 39.819408 
526451770923011 -22.023586 -31.911453 39.808640 
526451790922802 -22.180878 -32.351578 40.732430 
526451810921448 -22.777803 -31.937698 40.892239 
526451830915250 -20.037302 -31.864792 40.865776 
526451850921864 -20.973948 -32.750092 40.720490 
526451870920979 -20.983337 -33.035675 40.412868 
526451890920979 -20.674471 -32.737701 39.948799 
526451910920823 -21.290176 -32.894958 39.493370 
526451930921604 -21.270063 -32.471756 40.877296 
526451951128480 -21.432709 -32.760529 40.417400 
526451970945824 -21.325068 -34.333069 39.800270 
526451990945823 -20.870327 -34.319214 39.488358 
526452010921239 -20.109423 -34.592255 40.557137 
526452030914990 -23.769798 -34.977585 40.746048 
526452050921083 -23.548786 -32.536789 41.668098 
526452070914365 -23.654417 -30.965927 42.592728 
526452090921500 -26.032383 -28.731628 42.463455 
526452110921345 -28.602827 -27.347824 39.567799 
526452130920772 -30.154846 -28.537430 39.582020 
526452150921031 -31.371828 -28.130386 38.056458 
526452170920927 -32.461052 -28.872665 37.297699 
526452190920615 -33.376892 -28.748184 36.384079 
526452210920771 -34.612999 -29.205521 35.319408 
526452230915458 -32.610619 -28.732208 37.145477 
526452250920927 -34.699501 -26.770248 35.783150 
526452270921292 -34.154583 -29.488342 36.698627 
526452290921552 -30.539494 -30.825836 36.355247 
526452310921292 -30.682367 -30.984634 38.355408 
526452330939260 -29.470413 -31.387421 39.112217 
526452350939416 -30.109940 -32.551910 38.963867 
526452370921083 -30.976818 -31.001266 39.895847 
526452390921552 -33.380268 -29.479202 38.690029 
526452410921343 -32.972809 -30.746140 36.225079 
526452430915614 -37.853508 -30.574783 33.812237 
526452450921135 -39.401134 -30.593918 29.983189 
526452470921395 -42.174152 -31.373047 27.856850 
526452490921709 -42.819710 -32.532379 26.785999 
526452510921031 -41.922318 -33.375031 27.699318 
526452530915146 -43.886131 -32.706924 27.257477 
526452550920823 -40.908543 -34.770248 25.382177 
526452570920979 -42.546062 -33.525482 26.013889 
526452590916552 -43.625900 -33.982178 25.562748 
526452610916916 -43.625900 -33.982178 25.562748 
526452630917594 -41.982693 -35.525360 26.929668 
526452650917542 -42.913609 -35.388077 23.709797 
526452670929416 -42.438080 -34.804779 24.320629 
526452690926656 -41.824383 -34.645798 24.468559 
526452710926396 -42.900185 -34.665604 22.941349 
526452730918844 -41.695278 -35.502716 24.312979 
526452750914937 -42.614479 -35.668961 24.014238 
526452770921396 -42.726482 -34.386230 25.092499 
526452790920875 -41.218067 -34.774078 24.616367 
526452810921500 -41.491383 -33.928040 26.003418 
526452830917646 -42.614479 -35.668961 24.014238 
526452850923948 -40.900143 -34.043503 23.844978 
526452870921551 -43.169807 -33.675919 24.328459 
526452890922176 -41.183525 -33.629242 25.385597 
526452910922385 -44.108131 -34.706543 24.490608 
526452930916291 -42.579590 -34.230850 23.707338 
526452951127854 -41.965893 -34.071854 23.855267 
526452970914989 -42.742577 -34.812866 24.323568 
526452990914468 -41.818340 -34.210602 23.699989 
526453010914937 -42.432034 -34.369598 23.552059 
526453030916603 -42.692596 -32.947266 24.631847 
526453050930249 -43.663788 -34.977402 23.717327 
526453070930145 -43.689274 -35.689621 22.640778 
526453090918114 -43.685898 -34.958588 20.334827 
526453110916916 -44.878067 -33.985504 20.347008 
526453130915615 -45.535698 -35.574905 19.122229 
526453150915718 -45.639664 -34.299011 21.430489 
526453170921500 -42.027260 -35.781006 21.240799 
526453190922280 -44.478004 -35.980042 19.573008 
526453210921759 -44.311008 -35.841766 21.262848 
526453230916708 -44.942810 -36.425674 20.038486 
526453250921812 -44.526619 -37.112915 16.651278 
526453270915458 -45.554146 -36.293106 19.121929 
526453290922177 -45.674854 -34.709427 17.740307 
526453310915822 -46.766434 -35.743256 17.750177 
526453330915041 -45.995792 -35.437439 18.050447 
526453350921551 -46.449875 -35.745422 19.592239 
526453370922072 -46.454552 -35.447891 17.747358 
526453390915614 -45.824764 -34.862244 18.664219 
526453410917697 -45.553127 -35.853653 17.584608 
526453430916395 -46.022270 -35.708466 15.129078 
526453450915666 -47.849598 -35.610001 14.531778 
526453470915718 -45.619831 -36.971115 11.895378 
526453490921395 -46.317047 -35.578049 16.054577 
526453510917073 -45.563179 -35.845093 16.047108 
526453530917177 -45.111454 -35.828674 15.273948 
526453550923739 -43.444775 -36.657913 17.409918 
526453570922958 -41.133183 -35.593414 17.695787 
526453590922697 -40.491978 -34.283600 17.536697 
526453610922385 -40.132172 -38.005219 17.376978 
526453630917593 -39.416840 -33.969666 17.834028 
526453650916343 -37.397026 -33.217621 21.197718 
526453670914416 -36.226685 -35.639938 23.491188 
526453690914520 -36.219646 -35.645920 24.567438 
526453710917073 -36.510723 -34.931549 23.801928 
526453730917125 -36.654919 -34.502121 23.342327 
526453750916396 -38.656292 -34.976273 21.670010 
526453770936604 -39.520817 -33.134109 21.833359 
526453790936239 -42.642963 -35.938278 20.785368 
526453810917698 -39.551674 -34.135315 21.064188 
526453830915822 -40.472881 -34.299835 20.457947 
526453850916552 -38.794456 -34.551971 22.132908 
526453870917489 -40.287094 -33.150085 21.071957 
526453890922906 -38.900417 -32.834061 22.442598 
526453910921187 -41.848850 -34.918533 21.854687 
526453930922073 -41.125816 -31.183075 24.617867 
526453951128531 -42.353867 -31.206940 23.092129 
526453970921238 -46.837173 -28.170914 23.598799 
526453990921551 -48.354649 -28.215683 24.382248 
526454010921916 -50.884174 -25.398911 22.102188 
526454030915770 -52.249729 -25.292587 22.269228 
526454050918218 -54.519394 -24.925003 22.752708 
526454070918166 -56.588165 -22.539810 22.774307 
526454090915875 -55.824905 -22.521255 23.074459 
526454110915875 -56.832619 -20.250519 22.931957 
526454130929260 -55.637104 -21.373230 23.995968 
526454150930301 -56.110622 -21.958221 23.692638 
526454170916759 -55.674995 -22.368439 22.150547 
526454190915614 -55.151165 -24.628250 18.146208 
526454210915145 -53.891552 -22.576340 16.597788 
526454230914779 -55.606548 -23.907669 15.537169 
526454250921915 -53.495178 -24.714523 15.823729 
526454270922385 -51.645363 -23.657883 15.345258 
526454290922750 -50.793919 -25.929245 14.874228 
526454310921604 -50.465630 -25.794617 17.946348 
526454330916187 -48.787174 -25.166092 16.239168 
526454350921238 -50.004513 -25.492615 17.480808 
526454370921030 -51.059162 -24.209396 14.109138 
526454390921499 -51.069557 -24.494110 13.647768 
526454410915822 -50.130241 -23.904648 15.330438 
526454430915665 -52.441864 -25.849838 18.426708 
526454450914572 -48.571579 -24.335266 22.541809 
526454470915405 -48.746326 -25.934738 25.310118 
526454490928061 -47.491474 -25.786911 30.372169 
526454510931291 -43.317364 -24.410446 34.945518 
526454530919728 -42.098042 -24.966309 37.393520 
526454550916238 -40.824409 -24.247330 43.070808 
526454570917800 -40.874374 -25.672623 41.071457 
526454590917384 -40.785500 -22.812637 43.378910 
526454610923322 -41.264420 -24.567276 46.765099 
526454630928999 -43.456940 -21.476501 48.325966 
526454650922801 -43.561546 -19.466171 47.713280 
526454670924884 -46.069984 -17.107666 50.353039 
526454690923373 -44.056171 -15.469849 49.412086 
526454710916603 -43.407932 -14.166031 50.329247 
526454730916708 -46.682644 -11.823486 52.207607 
526454750916812 -50.288658 -9.613068 50.552597 
526454770926603 -50.559288 -8.622513 51.785957 
526454790915561 -54.872852 -3.542435 47.064499 
526454810915613 -56.380562 -2.127716 43.697296 
526454830919415 -62.473877 -1.259445 39.297768 
526454850916447 -64.921890 0.007004 32.403080 
526454870916447 -69.132172 3.665009 25.834549 
526454890916759 -72.675781 3.901016 18.334728 
526454910915092 -72.399376 5.254044 8.953578 
526454930929207 -74.231018 6.823959 2.053128 
526454951125613 -72.996201 8.750183 -2.724103 
526454970922280 -72.638031 10.767532 -2.418702 
526454990921707 -72.672256 9.035309 -0.881923 
526455010922124 -72.672256 9.035309 -0.881923 
526455030915978 -70.627289 6.083267 -2.287513 
526455050922072 -69.973724 1.791748 -1.835412 
526455070923947 -67.473053 -2.027954 -0.017022 
526455090917645 -64.344589 -5.260300 2.410728 
526455110917436 -61.456596 -11.650803 3.762378 
526455130916238 -58.827126 -15.740021 3.119178 
526455150917124 -56.871033 -16.988693 4.637028 
526455170917541 -56.305984 -18.843246 5.245368 
526455190916602 -55.809349 -18.277893 9.084948 
526455210930040 -55.622585 -18.009674 13.234848 
526455230929364 -56.158112 -15.005997 12.626987 
526455250916655 -59.074982 -10.499054 14.195808 
526455270924468 -59.665520 -9.356735 12.510918 
526455290927071 -60.332855 -6.080963 13.903398 
526455310917280 -61.583031 -1.962967 15.917118 
526455330916029 -62.286919 0.169678 16.232868 
526455350915405 -61.971725 -0.565216 20.688377 
526455370921811 -62.230576 1.883087 18.078588 
526455390921186 -64.191376 2.548645 18.097998 
526455410921708 -62.436111 6.047394 16.853268 
526455430915925 -62.774132 5.333923 14.549658 
526455450915560 -61.301884 5.417175 6.847458 
526455470915718 -62.892078 4.700363 -0.671892 
526455490914832 -61.883690 2.575821 -0.990582 
526455510915144 -62.357208 1.990829 -1.293913 
526455530919310 -60.733101 0.463882 -2.848243 
526455550924415 -63.509480 -0.605957 -4.359702 
526455570933217 -60.810558 -1.671906 -6.231643 
526455590932905 -60.687485 -2.523712 -7.309722 
526455610918322 -60.559742 -4.113388 -4.851852 
526455630917332 -61.643288 -5.154053 -3.611982 
526455650917541 -59.096313 -7.251770 -1.485373 
526455670916446 -59.674473 -6.707092 0.980747 
526455690923321 -59.879730 -9.014511 1.903758 
526455710923373 -58.609413 -7.265274 3.122718 
526455730923217 -58.571526 -6.270065 4.968138 
526455750921707 -58.848198 -5.714706 6.970068 
526455770922280 -57.645981 -6.696335 8.495388 
526455790921655 -57.567169 -4.268127 10.956408 
526455810921707 -55.990685 -2.805771 13.556058 
526455830916655 -56.109737 -1.957397 15.249138 
526455850922696 -55.897446 0.344055 15.402378 
526455870915717 -55.993309 3.374390 12.176357 
526455890918634 -55.524811 3.963684 11.710938 
526455910917852 -56.564720 5.381134 10.030578 
526455930935040 -57.851776 3.939682 5.121738 
526455950935353 -57.070366 5.704147 1.425108 
526455970915770 -55.935200 3.311768 -1.662672 
526455990914988 -56.480824 0.439636 -3.965713 
526456010918321 -56.205860 -1.141724 -2.278062 
526456030916030 -57.319248 -3.184433 -1.653612 
526456050921811 -56.016079 -5.439407 -2.897802 
526456070917592 -55.136116 -6.560791 -3.522102 
526456090923218 -56.200882 -7.030319 -1.666992 
526456110917123 -55.490299 -9.462219 0.169638 
526456130919363 -56.848160 -9.655975 2.642808 
526456150915301 -55.177757 -9.460953 1.396698 
526456170915508 -57.002403 -9.218002 0.645708 
526456190915196 -55.998363 -11.192078 -0.902922 
526456210915040 -55.989964 -10.465317 -2.440123 
526456230914832 -55.975548 -10.184006 -1.363752 
526456250914415 -55.240128 -11.169250 -1.371523 
526456270939206 -55.697224 -11.474670 -0.290982 
526456290926029 -54.492947 -11.137039 -3.531372 
526456310926550 -57.084213 -11.203323 -3.967633 
526456330915977 -57.293495 -13.507324 -3.659622 
526456350914936 -55.747833 -12.165512 -5.211283 
526456370920926 -55.802509 -14.173889 -5.673373 
526456390915457 -55.803154 -13.439453 -8.594321 
526456410921394 -54.750122 -13.106705 -11.679492 
526456430915718 -54.806118 -14.526871 -14.601342 
526456450921343 -53.752773 -14.781540 -15.380502 
526456470922175 -55.590843 -15.261047 -15.363042 
526456490922852 -55.500992 -17.845963 -14.750594 
526456510920926 -53.198792 -17.067017 -14.772344 
526456530914884 -53.308083 -14.759125 -17.229912 
526456550921134 -54.845657 -14.786789 -19.521461 
526456570921863 -54.758133 -16.782593 -21.522522 
526456590922904 -53.231598 -16.305206 -22.613293 
526456610923790 -51.706039 -14.946289 -27.239952 
526456630918998 -49.981277 -12.155457 -30.329983 
526456650932592 -51.739189 -14.477737 -34.004772 
526456670930092 -51.715714 -13.763824 -33.235722 
526456690953685 -51.884373 -13.607117 -36.309193 
526456710917228 -49.014408 -13.657562 -39.258434 
526456730917332 -49.443306 -12.225616 -40.637173 
526456750917332 -50.456718 -10.096817 -41.087234 
526456770923061 -51.585182 -12.126694 -42.769035 
526456790916967 -50.810165 -11.090729 -44.620964 
526456810922643 -52.381969 -12.850616 -45.375732 
526456830915613 -49.645126 -12.040710 -48.784393 
526456850916446 -49.788303 -11.171814 -50.781315 
526456870916030 -53.346394 -12.978378 -52.593224 
526456890915353 -53.576103 -10.554871 -50.744263 
526456910915197 -54.415535 -14.178085 -48.585915 
526456930916811 -56.339432 -12.076126 -48.565907 
526456951122331 -56.018166 -11.495163 -48.261101 
526456970914258 -54.811909 -12.039902 -47.811855 
526456990914467 -54.667023 -11.882828 -49.504513 
526457010926498 -54.682804 -12.896835 -47.967434 
526457030928009 -51.006363 -12.965515 -44.005276 
526457050916290 -52.076492 -13.724045 -41.842785 
526457070920404 -51.178757 -14.273438 -42.005596 
526457090921133 -47.231342 -15.039383 -40.352924 
526457110916654 -44.376812 -15.810577 -42.841213 
526457130916393 -42.858994 -15.472549 -44.700794 
526457150922697 -38.015491 -16.052597 -46.285633 
526457170922540 -36.479237 -15.436691 -46.453846 
526457190923790 -35.766304 -17.577026 -45.385841 
526457210923477 -31.978504 -18.193985 -45.422894 
526457230917957 -30.517368 -19.862610 -48.052067 
526457250916134 -27.774183 -19.645218 -48.232212 
526457270916394 -26.574978 -20.624283 -47.168144 
526457290918946 -23.230503 -20.530899 -47.969234 
526457310922174 -20.203955 -21.168106 -47.998936 
526457330917799 -18.995657 -20.833893 -50.624325 
526457350916915 -16.252817 -20.909775 -49.728344 
526457370950092 -13.354368 -20.690887 -49.448711 
526457390949935 -12.118248 -19.793228 -50.075115 
526457410915196 -12.118248 -19.793228 -50.075115 
526457430915509 -10.308346 -20.170410 -51.015434 
526457450915196 -9.971973 -18.721664 -51.786522 
526457470915039 -5.168358 -15.291519 -51.984463 
526457490922904 -1.662571 -14.761475 -53.094345 
526457510915716 4.191376 -11.583435 -54.532692 
526457530926342 9.894386 -8.997665 -53.509811 
526457550922643 17.275169 -6.369965 -52.041851 
526457570923008 23.241074 -5.795624 -49.485252 
526457590915352 28.619133 -3.934464 -48.767235 
526457610922695 29.260979 -3.359085 -46.005371 
526457630915300 30.017204 -3.334564 -46.781471 
526457650915143 26.781372 -5.001373 -46.443764 
526457670915247 22.772564 -6.825226 -47.328766 
526457690915664 22.415054 -9.136703 -46.404282 
526457710915404 20.720188 -9.604462 -47.772045 
526457730971706 23.086090 -11.828506 -49.487774 
526457751362800 22.605183 -13.141098 -48.100155 
526457770915873 22.848328 -9.838470 -47.177742 
526457790914467 23.636086 -8.666519 -47.645863 
526457810915456 25.253181 -4.743469 -48.427692 
526457830915455 24.248489 -2.475281 -48.108944 
526457850921028 23.182739 -2.503632 -48.098656 
526457870922122 20.794724 -0.260803 -49.765423 
526457890922018 21.834644 -1.237930 -49.776131 
526457910921497 22.381573 -3.957718 -48.553154 
526457930915091 23.920517 -3.197311 -48.875053 
526457951128478 25.190804 -6.892090 -49.504845 
526457970921967 27.800514 -6.107605 -49.068283 
526457990915144 26.870911 -6.998871 -48.137325 
526458010915560 25.436577 -9.769623 -47.202732 
526458030915560 21.599472 -10.872055 -47.935154 
526458050916081 19.836178 -13.923645 -49.611496 
526458070916914 18.305283 -14.690903 -48.059593 
526458090927956 17.457825 -17.866959 -48.822315 
526458110928477 15.843071 -21.498459 -48.809116 
526458130917904 13.826248 -23.133698 -48.329414 
526458150916653 12.749416 -24.033295 -46.628231 
526458170915456 12.985817 -26.756088 -46.324814 
526458190915352 12.936161 -28.768768 -46.018154 
526458210921237 13.209778 -30.642502 -43.408127 
526458230915404 12.890862 -30.931915 -44.481556 
526458250921237 11.488064 -32.555222 -43.238983 
526458270921551 13.251312 -35.387985 -41.720322 
526458290914467 13.711082 -35.378403 -41.263481 
526458310915456 13.737553 -35.107361 -38.342113 
526458330920820 15.114525 -34.489502 -39.585106 
526458350914935 16.287571 -36.326996 -39.136395 
526458370914779 15.487408 -37.781937 -39.437145 
526458390916445 14.289177 -37.684372 -36.965321 
526458410916654 14.387760 -39.689575 -37.275135 
526458430915716 14.224422 -40.564850 -35.582775 
526458450914882 12.437008 -39.032562 -35.718224 
526458470914830 12.856861 -40.456818 -35.723236 
526458490916080 11.693863 -38.627884 -34.634441 
526458510916914 13.657677 -39.296005 -34.192604 
526458530917279 13.137180 -42.189499 -32.651894 
526458550915819 13.900440 -42.170959 -32.351742 
526458570922069 12.347084 -43.212677 -33.106213 
526458590922383 10.687420 -42.829712 -32.474865 
526458610921810 10.356075 -44.282761 -30.935024 
526458630915977 10.231300 -44.016647 -27.858433 
526458650922070 10.665253 -44.572220 -29.093086 
526458670921810 9.415047 -45.898224 -28.928112 
526458690921810 8.882191 -43.190399 -27.998596 
526458710922018 8.953274 -45.906097 -29.692451 
526458730915716 8.677273 -45.204544 -28.151714 
526458750921914 6.847931 -45.104385 -29.056515 
526458770915456 7.314735 -45.100769 -27.523426 
526458790916341 6.587372 -43.682053 -27.976727 
526458810917383 6.408958 -44.544540 -28.590614 
526458830917174 7.447853 -45.961136 -27.064003 
526458850918790 6.854969 -45.110367 -27.980267 
526458870915195 5.338512 -44.715683 -28.734135 
526458890916705 7.329823 -44.673279 -26.908241 
526458910916341 6.082966 -46.148911 -25.667084 
526458930917226 7.167850 -44.815857 -27.829334 
526458951122644 3.913574 -47.200851 -27.491924 
526458970921654 7.902252 -46.240555 -26.299786 
526458990916445 5.800289 -44.707794 -27.969795 
526459010922123 5.343540 -44.719955 -27.965385 
526459030915717 6.734921 -43.820801 -28.132004 
526459050914623 5.152695 -46.746063 -25.966003 
526459070916081 5.920994 -46.291489 -26.588173 
526459090915352 6.448524 -43.403976 -27.052635 
526459110915456 6.720131 -45.276001 -24.750103 
526459130914987 6.815712 -46.838318 -27.212234 
526459150936809 5.182213 -45.596954 -25.965523 
526459170926497 5.801941 -45.443085 -24.895096 
526459190926550 5.796253 -45.144684 -26.893723 
526459210915925 5.830799 -43.999847 -26.124493 
526459230920976 5.007164 -46.168716 -27.194294 
526459250922122 5.623528 -46.305573 -25.508984 
526459270916237 5.934418 -45.569016 -27.356625 
526459290922799 5.192608 -45.312225 -25.504154 
526459310922747 5.178192 -45.593536 -26.580524 
526459330916757 4.697639 -46.172531 -27.960106 
526459350922278 6.422024 -44.555649 -26.591862 
526459370922018 5.187237 -45.601227 -25.196774 
526459390917383 3.536640 -44.785645 -24.872746 
526459410923425 5.161751 -46.313446 -26.273323 
526459430916965 3.969917 -45.487427 -25.646206 
526459450922382 4.391441 -46.766312 -25.958656 
526459470915820 5.937416 -46.011887 -25.204304 
526459490916289 4.862278 -46.325821 -25.501633 
526459510916705 4.911583 -44.606400 -24.732162 
526459530916393 5.001793 -46.457718 -26.886913 
526459550917226 7.437099 -46.979446 -24.758175 
526459570917851 5.948486 -45.580978 -25.204124 
526459590929465 5.773438 -46.152725 -26.432896 
526459610917278 5.040344 -45.756622 -23.811611 
526459630916497 3.983986 -45.499405 -23.493702 
526459650923111 4.101028 -46.346069 -25.494286 
526459670918008 5.610100 -47.028046 -24.740536 
526459690922903 3.173431 -47.239059 -24.255821 
526459710923476 5.307941 -47.184921 -23.815151 
526459730918476 2.449081 -45.822906 -24.247871 
526459750917435 3.328709 -46.797226 -25.487114 
526459770916392 4.239182 -47.210709 -24.266113 
526459790916549 4.239182 -47.210709 -24.266113 
526459810916393 2.722050 -46.962204 -24.558792 
526459830916757 5.173809 -46.323715 -24.428326 
526459850922695 4.862278 -46.325821 -25.501633 
526459870917278 4.394112 -47.062164 -24.421276 
526459890931393 5.906200 -47.746704 -23.206272 
526459911317434 4.843826 -47.044022 -25.501934 
526459930917695 5.335785 -46.181137 -23.507233 
526459951124518 3.510811 -45.791122 -24.873165 
526459970922955 4.729797 -46.199890 -23.040104 
526459990916965 5.729156 -47.876419 -26.433617 
526460010923788 5.029274 -46.187531 -23.811790 
526460030916133 4.710361 -46.476913 -24.885227 
526460050922331 4.855885 -47.054291 -23.656933 
526460070921602 4.074181 -47.791031 -23.957382 
526460090922070 4.116104 -46.358902 -23.188034 
526460110917538 3.641891 -47.530411 -21.339104 
526460130917694 4.722420 -46.487183 -23.040222 
526460150915768 3.932671 -47.217102 -24.570671 
526460170922018 3.932671 -47.217102 -24.570671 
526460190921862 5.619492 -46.742477 -24.432915 
526460210922643 4.111080 -46.354630 -23.956783 
526460230921862 4.265011 -46.205215 -24.265694 
526460250915612 3.612400 -47.798889 -24.721725 
526460270915873 5.185226 -45.599518 -25.504272 
526460290922123 4.419941 -46.056671 -24.420856 
526460310922695 5.365993 -44.445480 -25.659016 
526460330920612 4.751621 -44.750671 -25.345753 
526460350922330 4.429001 -45.624039 -24.728172 
