# Created at Thu Nov 07 19:33:27 EST 2019 in Burnaby Canada 
526451750918426 17.713652 154.752945 29.453730 
526451770923011 18.749882 153.632172 29.442961 
526451790922802 18.592590 153.192047 30.366751 
526451810921448 17.995665 153.605927 30.526560 
526451830915250 20.736166 153.678833 30.500099 
526451850921864 19.799520 152.793533 30.354811 
526451870920979 19.790131 152.507950 30.047192 
526451890920979 20.098997 152.805923 29.583120 
526451910920823 19.483292 152.648666 29.127691 
526451930921604 19.503405 153.071869 30.511620 
526451951128480 19.340759 152.783096 30.051722 
526451970945824 19.448400 151.210556 29.434591 
526451990945823 19.903141 151.224411 29.122681 
526452010921239 20.664045 150.951370 30.191460 
526452030914990 17.003670 150.566040 30.380369 
526452050921083 17.224682 153.006836 31.302420 
526452070914365 17.119051 154.577698 32.227051 
526452090921500 14.741085 156.811996 32.097778 
526452110921345 12.170641 158.195801 29.202122 
526452130920772 10.618621 157.006195 29.216341 
526452150921031 9.401640 157.413239 27.690781 
526452170920927 8.312415 156.670959 26.932022 
526452190920615 7.396575 156.795441 26.018400 
526452210920771 6.160470 156.338104 24.953732 
526452230915458 8.162849 156.811417 26.779800 
526452250920927 6.073965 158.773376 25.417471 
526452270921292 6.618885 156.055283 26.332951 
526452290921552 10.233974 154.717789 25.989571 
526452310921292 10.091101 154.558990 27.989731 
526452330939260 11.303055 154.156204 28.746540 
526452350939416 10.663529 152.991714 28.598190 
526452370921083 9.796650 154.542358 29.530170 
526452390921552 7.393199 156.064423 28.324350 
526452410921343 7.800660 154.797485 25.859400 
526452430915614 2.919960 154.968842 23.446560 
526452450921135 1.372335 154.949707 19.617510 
526452470921395 -1.400685 154.170578 17.491171 
526452490921709 -2.046240 153.011246 16.420321 
526452510921031 -1.148850 152.168594 17.333641 
526452530915146 -3.112665 152.836700 16.891800 
526452550920823 -0.135075 150.773376 15.016500 
526452570920979 -1.772595 152.018143 15.648211 
526452590916552 -2.852431 151.561447 15.197070 
526452610916916 -2.852431 151.561447 15.197070 
526452630917594 -1.209225 150.018265 16.563992 
526452650917542 -2.140140 150.155548 13.344120 
526452670929416 -1.664610 150.738846 13.954950 
526452690926656 -1.050915 150.897827 14.102880 
526452710926396 -2.126715 150.878021 12.575670 
526452730918844 -0.921810 150.040909 13.947301 
526452750914937 -1.841010 149.874664 13.648561 
526452770921396 -1.953015 151.157394 14.726821 
526452790920875 -0.444600 150.769547 14.250690 
526452810921500 -0.717915 151.615585 15.637740 
526452830917646 -1.841010 149.874664 13.648561 
526452850923948 -0.126675 151.500122 13.479300 
526452870921551 -2.396340 151.867706 13.962781 
526452890922176 -0.410055 151.914383 15.019919 
526452910922385 -3.334665 150.837082 14.124930 
526452930916291 -1.806120 151.312775 13.341660 
526452951127854 -1.192425 151.471771 13.489590 
526452970914989 -1.969110 150.730759 13.957891 
526452990914468 -1.044870 151.333023 13.334311 
526453010914937 -1.658565 151.174026 13.186380 
526453030916603 -1.919130 152.596359 14.266170 
526453050930249 -2.890321 150.566223 13.351650 
526453070930145 -2.915806 149.854004 12.275100 
526453090918114 -2.912431 150.585037 9.969151 
526453110916916 -4.104600 151.558121 9.981330 
526453130915615 -4.762230 149.968719 8.756551 
526453150915718 -4.866196 151.244614 11.064811 
526453170921500 -1.253790 149.762619 10.875120 
526453190922280 -3.704535 149.563583 9.207330 
526453210921759 -3.537540 149.701859 10.897170 
526453230916708 -4.169340 149.117950 9.672810 
526453250921812 -3.753150 148.430710 6.285600 
526453270915458 -4.780680 149.250519 8.756250 
526453290922177 -4.901386 150.834198 7.374630 
526453310915822 -5.992965 149.800369 7.384500 
526453330915041 -5.222325 150.106186 7.684770 
526453350921551 -5.676406 149.798203 9.226561 
526453370922072 -5.681086 150.095734 7.381680 
526453390915614 -5.051295 150.681381 8.298540 
526453410917697 -4.779660 149.689972 7.218930 
526453430916395 -5.248800 149.835159 4.763400 
526453450915666 -7.076130 149.933624 4.166100 
526453470915718 -4.846364 148.572510 1.529700 
526453490921395 -5.543580 149.965576 5.688900 
526453510917073 -4.789710 149.698532 5.681430 
526453530917177 -4.337985 149.714951 4.908270 
526453550923739 -2.671305 148.885712 7.044240 
526453570922958 -0.359715 149.950211 7.330110 
526453590922697 0.281490 151.260025 7.171020 
526453610922385 0.641295 147.538406 7.011301 
526453630917593 1.356630 151.573959 7.468350 
526453650916343 3.376440 152.326004 10.832040 
526453670914416 4.546785 149.903687 13.125510 
526453690914520 4.553820 149.897705 14.201760 
526453710917073 4.262745 150.612076 13.436250 
526453730917125 4.118550 151.041504 12.976650 
526453750916396 2.117175 150.567352 11.304331 
526453770936604 1.252650 152.409515 11.467680 
526453790936239 -1.869495 149.605347 10.419690 
526453810917698 1.221795 151.408310 10.698510 
526453830915822 0.300585 151.243790 10.092270 
526453850916552 1.979010 150.991653 11.767230 
526453870917489 0.486375 152.393539 10.706280 
526453890922906 1.873050 152.709564 12.076921 
526453910921187 -1.075380 150.625092 11.489010 
526453930922073 -0.352350 154.360550 14.252190 
526453951128531 -1.580400 154.336685 12.726450 
526453970921238 -6.063705 157.372711 13.233121 
526453990921551 -7.581180 157.327942 14.016571 
526454010921916 -10.110705 160.144714 11.736509 
526454030915770 -11.476261 160.251038 11.903550 
526454050918218 -13.745925 160.618622 12.387030 
526454070918166 -15.814695 163.003815 12.408630 
526454090915875 -15.051436 163.022369 12.708780 
526454110915875 -16.059149 165.293106 12.566279 
526454130929260 -14.863637 164.170395 13.630290 
526454150930301 -15.337154 163.585403 13.326961 
526454170916759 -14.901527 163.175186 11.784870 
526454190915614 -14.377696 160.915375 7.780530 
526454210915145 -13.118085 162.967285 6.232110 
526454230914779 -14.833080 161.635956 5.171490 
526454250921915 -12.721711 160.829102 5.458050 
526454270922385 -10.871896 161.885742 4.979580 
526454290922750 -10.020451 159.614380 4.508550 
526454310921604 -9.692161 159.749008 7.580670 
526454330916187 -8.013705 160.377533 5.873490 
526454350921238 -9.231046 160.051010 7.115130 
526454370921030 -10.285695 161.334229 3.743460 
526454390921499 -10.296091 161.049515 3.282090 
526454410915822 -9.356775 161.638977 4.964760 
526454430915665 -11.668395 159.693787 8.061030 
526454450914572 -7.798110 161.208359 12.176130 
526454470915405 -7.972860 159.608887 14.944440 
526454490928061 -6.718005 159.756714 20.006491 
526454510931291 -2.543895 161.133179 24.579840 
526454530919728 -1.324575 160.577316 27.027842 
526454550916238 -0.050940 161.296295 32.705132 
526454570917800 -0.100905 159.871002 30.705780 
526454590917384 -0.012030 162.730988 33.013233 
526454610923322 -0.490950 160.976349 36.399422 
526454630928999 -2.683470 164.067123 37.960289 
526454650922801 -2.788080 166.077454 37.347603 
526454670924884 -5.296515 168.435959 39.987362 
526454690923373 -3.282705 170.073776 39.046410 
526454710916603 -2.634465 171.377594 39.963570 
526454730916708 -5.909174 173.720139 41.841930 
526454750916812 -9.515190 175.930557 40.186920 
526454770926603 -9.785821 176.921112 41.420280 
526454790915561 -14.099385 182.001190 36.698822 
526454810915613 -15.607095 183.415909 33.331619 
526454830919415 -21.700411 184.284180 28.932091 
526454850916447 -24.148426 185.550629 22.037401 
526454870916447 -28.358702 189.208633 15.468870 
526454890916759 -31.902317 189.444641 7.969050 
526454910915092 -31.625910 190.797668 -1.412100 
526454930929207 -33.457546 192.367584 -8.312550 
526454951125613 -32.222733 194.293808 -13.089781 
526454970922280 -31.864563 196.311157 -12.784380 
526454990921707 -31.898792 194.578934 -11.247601 
526455010922124 -31.898792 194.578934 -11.247601 
526455030915978 -29.853825 191.626892 -12.653191 
526455050922072 -29.200260 187.335373 -12.201090 
526455070923947 -26.699581 183.515671 -10.382700 
526455090917645 -23.571121 180.283325 -7.954950 
526455110917436 -20.683126 173.892822 -6.603300 
526455130916238 -18.053658 169.803604 -7.246500 
526455150917124 -16.097565 168.554932 -5.728650 
526455170917541 -15.532516 166.700378 -5.120310 
526455190916602 -15.035880 167.265732 -1.280730 
526455210930040 -14.849116 167.533951 2.869170 
526455230929364 -15.384645 170.537628 2.261310 
526455250916655 -18.301514 175.044571 3.830130 
526455270924468 -18.892050 176.186890 2.145240 
526455290927071 -19.559385 179.462662 3.537720 
526455310917280 -20.809561 183.580658 5.551440 
526455330916029 -21.513451 185.713303 5.867190 
526455350915405 -21.198256 184.978409 10.322700 
526455370921811 -21.457109 187.426712 7.712910 
526455390921186 -23.417910 188.092270 7.732320 
526455410921708 -21.662642 191.591019 6.487590 
526455430915925 -22.000666 190.877548 4.183980 
526455450915560 -20.528416 190.960800 -3.518220 
526455470915718 -22.118610 190.243988 -11.037570 
526455490914832 -21.110222 188.119446 -11.356260 
526455510915144 -21.583740 187.534454 -11.659591 
526455530919310 -19.959631 186.007507 -13.213921 
526455550924415 -22.736012 184.937668 -14.725380 
526455570933217 -20.037090 183.871719 -16.597321 
526455590932905 -19.914015 183.019913 -17.675400 
526455610918322 -19.786274 181.430237 -15.217530 
526455630917332 -20.869818 180.389572 -13.977660 
526455650917541 -18.322845 178.291855 -11.851050 
526455670916446 -18.901005 178.836533 -9.384931 
526455690923321 -19.106264 176.529114 -8.461920 
526455710923373 -17.835947 178.278351 -7.242960 
526455730923217 -17.798058 179.273560 -5.397540 
526455750921707 -18.074730 179.828918 -3.395610 
526455770922280 -16.872511 178.847290 -1.870290 
526455790921655 -16.793701 181.275497 0.590730 
526455810921707 -15.217216 182.737854 3.190380 
526455830916655 -15.336270 183.586227 4.883460 
526455850922696 -15.123977 185.887680 5.036700 
526455870915717 -15.219841 188.918015 1.810680 
526455890918634 -14.751345 189.507309 1.345260 
526455910917852 -15.791250 190.924759 -0.335100 
526455930935040 -17.078310 189.483307 -5.243940 
526455950935353 -16.296900 191.247772 -8.940570 
526455970915770 -15.161732 188.855392 -12.028350 
526455990914988 -15.707355 185.983261 -14.331390 
526456010918321 -15.432391 184.401901 -12.643740 
526456030916030 -16.545780 182.359192 -12.019290 
526456050921811 -15.242610 180.104218 -13.263480 
526456070917592 -14.362650 178.982834 -13.887780 
526456090923218 -15.427412 178.513306 -12.032670 
526456110917123 -14.716832 176.081406 -10.196040 
526456130919363 -16.074690 175.887650 -7.722870 
526456150915301 -14.404290 176.082672 -8.968980 
526456170915508 -16.228935 176.325623 -9.719970 
526456190915196 -15.224895 174.351547 -11.268600 
526456210915040 -15.216496 175.078308 -12.805800 
526456230914832 -15.202080 175.359619 -11.729430 
526456250914415 -14.466660 174.374374 -11.737201 
526456270939206 -14.923756 174.068954 -10.656660 
526456290926029 -13.719480 174.406586 -13.897050 
526456310926550 -16.310745 174.340302 -14.333311 
526456330915977 -16.520027 172.036301 -14.025300 
526456350914936 -14.974365 173.378113 -15.576961 
526456370920926 -15.029041 171.369736 -16.039051 
526456390915457 -15.029685 172.104172 -18.959999 
526456410921394 -13.976655 172.436920 -22.045170 
526456430915718 -14.032649 171.016754 -24.967020 
526456450921343 -12.979305 170.762085 -25.746180 
526456470922175 -14.817374 170.282578 -25.728720 
526456490922852 -14.727525 167.697662 -25.116272 
526456510920926 -12.425325 168.476608 -25.138021 
526456530914884 -12.534615 170.784500 -27.595591 
526456550921134 -14.072190 170.756836 -29.887140 
526456570921863 -13.984665 168.761032 -31.888199 
526456590922904 -12.458131 169.238419 -32.978970 
526456610923790 -10.932570 170.597336 -37.605629 
526456630918998 -9.207810 173.388168 -40.695660 
526456650932592 -10.965720 171.065887 -44.370449 
526456670930092 -10.942245 171.779800 -43.601398 
526456690953685 -11.110906 171.936508 -46.674870 
526456710917228 -8.240941 171.886063 -49.624111 
526456730917332 -8.669836 173.318008 -51.002850 
526456750917332 -9.683250 175.446808 -51.452911 
526456770923061 -10.811715 173.416931 -53.134712 
526456790916967 -10.036695 174.452896 -54.986641 
526456810922643 -11.608500 172.693008 -55.741409 
526456830915613 -8.871660 173.502914 -59.150070 
526456850916446 -9.014835 174.371811 -61.146992 
526456870916030 -12.572926 172.565247 -62.958900 
526456890915353 -12.802637 174.988754 -61.109940 
526456910915197 -13.642066 171.365540 -58.951591 
526456930916811 -15.565965 173.467499 -58.931583 
526456951122331 -15.244696 174.048462 -58.626778 
526456970914258 -14.038440 173.503723 -58.177532 
526456990914467 -13.893556 173.660797 -59.870190 
526457010926498 -13.909335 172.646790 -58.333111 
526457030928009 -10.232896 172.578110 -54.370953 
526457050916290 -11.303025 171.819580 -52.208462 
526457070920404 -10.405291 171.270187 -52.371273 
526457090921133 -6.457875 170.504242 -50.718601 
526457110916654 -3.603345 169.733047 -53.206890 
526457130916393 -2.085525 170.071075 -55.066471 
526457150922697 2.757975 169.491028 -56.651310 
526457170922540 4.294230 170.106934 -56.819523 
526457190923790 5.007165 167.966599 -55.751518 
526457210923477 8.794965 167.349640 -55.788570 
526457230917957 10.256100 165.681015 -58.417744 
526457250916134 12.999285 165.898407 -58.597889 
526457270916394 14.198491 164.919342 -57.533821 
526457290918946 17.542965 165.012726 -58.334911 
526457310922174 20.569513 164.375519 -58.364613 
526457330917799 21.777811 164.709732 -60.990002 
526457350916915 24.520651 164.633850 -60.094021 
526457370950092 27.419100 164.852737 -59.814388 
526457390949935 28.655220 165.750397 -60.440792 
526457410915196 28.655220 165.750397 -60.440792 
526457430915509 30.465122 165.373215 -61.381111 
526457450915196 30.801495 166.821960 -62.152199 
526457470915039 35.605110 170.252106 -62.350140 
526457490922904 39.110897 170.782150 -63.460022 
526457510915716 44.964844 173.960190 -64.898369 
526457530926342 50.667854 176.545959 -63.875488 
526457550922643 58.048637 179.173660 -62.407528 
526457570923008 64.014542 179.748001 -59.850929 
526457590915352 69.392601 181.609161 -59.132912 
526457610922695 70.034447 182.184540 -56.371048 
526457630915300 70.790672 182.209061 -57.147148 
526457650915143 67.554840 180.542252 -56.809441 
526457670915247 63.546032 178.718399 -57.694443 
526457690915664 63.188522 176.406921 -56.769958 
526457710915404 61.493656 175.939163 -58.137722 
526457730971706 63.859558 173.715118 -59.853451 
526457751362800 63.378651 172.402527 -58.465832 
526457770915873 63.621796 175.705154 -57.543419 
526457790914467 64.409554 176.877106 -58.011539 
526457810915456 66.026649 180.800156 -58.793369 
526457830915455 65.021957 183.068344 -58.474621 
526457850921028 63.956207 183.039993 -58.464333 
526457870922122 61.568192 185.282822 -60.131100 
526457890922018 62.608112 184.305695 -60.141808 
526457910921497 63.155041 181.585907 -58.918831 
526457930915091 64.693985 182.346313 -59.240730 
526457951128478 65.964272 178.651535 -59.870522 
526457970921967 68.573982 179.436020 -59.433960 
526457990915144 67.644379 178.544754 -58.503002 
526458010915560 66.210045 175.774002 -57.568409 
526458030915560 62.372940 174.671570 -58.300831 
526458050916081 60.609646 171.619980 -59.977173 
526458070916914 59.078751 170.852722 -58.425270 
526458090927956 58.231293 167.676666 -59.187992 
526458110928477 56.616539 164.045166 -59.174793 
526458130917904 54.599716 162.409927 -58.695091 
526458150916653 53.522884 161.510330 -56.993908 
526458170915456 53.759285 158.787537 -56.690491 
526458190915352 53.709629 156.774857 -56.383831 
526458210921237 53.983246 154.901123 -53.773804 
526458230915404 53.664330 154.611710 -54.847233 
526458250921237 52.261532 152.988403 -53.604660 
526458270921551 54.024780 150.155640 -52.085999 
526458290914467 54.484550 150.165222 -51.629158 
526458310915456 54.511021 150.436264 -48.707790 
526458330920820 55.887993 151.054123 -49.950783 
526458350914935 57.061039 149.216629 -49.502071 
526458370914779 56.260876 147.761688 -49.802822 
526458390916445 55.062645 147.859253 -47.330997 
526458410916654 55.161228 145.854050 -47.640812 
526458430915716 54.997890 144.978775 -45.948452 
526458450914882 53.210476 146.511063 -46.083900 
526458470914830 53.630329 145.086807 -46.088913 
526458490916080 52.467331 146.915741 -45.000118 
526458510916914 54.431145 146.247620 -44.558281 
526458530917279 53.910648 143.354126 -43.017570 
526458550915819 54.673908 143.372665 -42.717419 
526458570922069 53.120552 142.330948 -43.471889 
526458590922383 51.460888 142.713913 -42.840542 
526458610921810 51.129543 141.260864 -41.300701 
526458630915977 51.004768 141.526978 -38.224110 
526458650922070 51.438721 140.971405 -39.458763 
526458670921810 50.188515 139.645401 -39.293789 
526458690921810 49.655659 142.353226 -38.364273 
526458710922018 49.726742 139.637527 -40.058128 
526458730915716 49.450741 140.339081 -38.517391 
526458750921914 47.621399 140.439240 -39.422192 
526458770915456 48.088203 140.442856 -37.889103 
526458790916341 47.360840 141.861572 -38.342403 
526458810917383 47.182426 140.999084 -38.956291 
526458830917174 48.221321 139.582489 -37.429680 
526458850918790 47.628437 140.433258 -38.345943 
526458870915195 46.111980 140.827942 -39.099812 
526458890916705 48.103291 140.870346 -37.273918 
526458910916341 46.856434 139.394714 -36.032761 
526458930917226 47.941319 140.727768 -38.195011 
526458951122644 44.687042 138.342773 -37.857601 
526458970921654 48.675720 139.303070 -36.665462 
526458990916445 46.573757 140.835831 -38.335472 
526459010922123 46.117008 140.823669 -38.331062 
526459030915717 47.508389 141.722824 -38.497681 
526459050914623 45.926163 138.797562 -36.331680 
526459070916081 46.694462 139.252136 -36.953850 
526459090915352 47.221992 142.139648 -37.418312 
526459110915456 47.493599 140.267624 -35.115780 
526459130914987 47.589180 138.705307 -37.577911 
526459150936809 45.955681 139.946671 -36.331200 
526459170926497 46.575409 140.100540 -35.260773 
526459190926550 46.569721 140.398941 -37.259399 
526459210915925 46.604267 141.543777 -36.490170 
526459230920976 45.780632 139.374908 -37.559971 
526459250922122 46.396996 139.238052 -35.874660 
526459270916237 46.707886 139.974609 -37.722301 
526459290922799 45.966076 140.231400 -35.869831 
526459310922747 45.951660 139.950089 -36.946201 
526459330916757 45.471107 139.371094 -38.325783 
526459350922278 47.195492 140.987976 -36.957539 
526459370922018 45.960705 139.942398 -35.562450 
526459390917383 44.310108 140.757980 -35.238422 
526459410923425 45.935219 139.230179 -36.639000 
526459430916965 44.743385 140.056198 -36.011883 
526459450922382 45.164909 138.777313 -36.324333 
526459470915820 46.710884 139.531738 -35.569981 
526459490916289 45.635746 139.217804 -35.867310 
526459510916705 45.685051 140.937225 -35.097839 
526459530916393 45.775261 139.085907 -37.252590 
526459550917226 48.210567 138.564178 -35.123852 
526459570917851 46.721954 139.962646 -35.569801 
526459590929465 46.546906 139.390900 -36.798573 
526459610917278 45.813812 139.787003 -34.177288 
526459630916497 44.757454 140.044220 -33.859379 
526459650923111 44.874496 139.197556 -35.859962 
526459670918008 46.383568 138.515579 -35.106213 
526459690922903 43.946899 138.304565 -34.621498 
526459710923476 46.081409 138.358704 -34.180828 
526459730918476 43.222549 139.720718 -34.613548 
526459750917435 44.102177 138.746399 -35.852791 
526459770916392 45.012650 138.332916 -34.631790 
526459790916549 45.012650 138.332916 -34.631790 
526459810916393 43.495518 138.581421 -34.924469 
526459830916757 45.947277 139.219910 -34.794003 
526459850922695 45.635746 139.217804 -35.867310 
526459870917278 45.167580 138.481461 -34.786953 
526459890931393 46.679668 137.796921 -33.571949 
526459911317434 45.617294 138.499603 -35.867611 
526459930917695 46.109253 139.362488 -33.872910 
526459951124518 44.284279 139.752502 -35.238842 
526459970922955 45.503265 139.343735 -33.405781 
526459990916965 46.502625 137.667206 -36.799294 
526460010923788 45.802742 139.356094 -34.177467 
526460030916133 45.483829 139.066711 -35.250904 
526460050922331 45.629353 138.489334 -34.022610 
526460070921602 44.847649 137.752594 -34.323059 
526460090922070 44.889572 139.184723 -33.553711 
526460110917538 44.415359 138.013214 -31.704781 
526460130917694 45.495888 139.056442 -33.405899 
526460150915768 44.706139 138.326523 -34.936348 
526460170922018 44.706139 138.326523 -34.936348 
526460190921862 46.392960 138.801147 -34.798592 
526460210922643 44.884548 139.188995 -34.322460 
526460230921862 45.038479 139.338409 -34.631371 
526460250915612 44.385868 137.744736 -35.087402 
526460270915873 45.958694 139.944107 -35.869949 
526460290922123 45.193409 139.486954 -34.786533 
526460310922695 46.139462 141.098145 -36.024693 
526460330920612 45.525089 140.792953 -35.711430 
526460350922330 45.202469 139.919586 -35.093849 
