# Created at Thu Nov 07 18:05:26 EST 2019 in Burnaby Canada 
521170750713960 -0.197883 -0.935038 -0.033068 0.292324 
521170771283544 -0.197875 -0.935039 -0.033134 0.292317 
521170791853231 -0.197847 -0.935033 -0.033181 0.292349 
521170812422450 -0.197789 -0.935021 -0.033259 0.292420 
521170832992137 -0.197737 -0.935006 -0.033269 0.292502 
521170853562347 -0.197712 -0.934999 -0.033275 0.292540 
521170874132034 -0.197687 -0.934990 -0.033257 0.292588 
521170894701721 -0.197645 -0.934978 -0.033266 0.292653 
521170915271408 -0.197615 -0.934969 -0.033257 0.292704 
521170935840627 -0.197559 -0.934952 -0.033250 0.292797 
521170956410210 -0.197541 -0.934944 -0.033212 0.292839 
521170976980003 -0.197574 -0.934952 -0.033181 0.292794 
521170997549690 -0.197597 -0.934960 -0.033187 0.292754 
521171018119794 -0.197611 -0.934970 -0.033168 0.292711 
521171038689325 -0.197657 -0.934983 -0.033152 0.292642 
521171059258961 -0.197724 -0.935003 -0.033137 0.292537 
521171079828596 -0.197702 -0.935044 -0.033110 0.292420 
521171100397971 -0.197732 -0.935087 -0.033095 0.292267 
521171120967658 -0.197713 -0.935136 -0.033072 0.292124 
521171141537606 -0.197676 -0.935182 -0.033039 0.292006 
521171162107293 -0.197763 -0.935209 -0.033053 0.291859 
521171182676930 -0.197847 -0.935234 -0.033057 0.291721 
521171203246617 -0.197959 -0.935268 -0.033056 0.291536 
521171223816253 -0.198045 -0.935295 -0.033071 0.291390 
521171244385992 -0.198109 -0.935314 -0.033066 0.291287 
521171264955523 -0.198181 -0.935335 -0.033059 0.291170 
521171285525158 -0.198241 -0.935350 -0.033014 0.291084 
521171306095003 -0.198242 -0.935347 -0.032948 0.291102 
521171326664690 -0.198252 -0.935349 -0.032926 0.291094 
521171347234898 -0.198235 -0.935344 -0.032926 0.291121 
521171367804585 -0.198211 -0.935335 -0.032903 0.291167 
521171388374065 -0.198188 -0.935325 -0.032863 0.291219 
521171408943752 -0.198136 -0.935308 -0.032843 0.291311 
521171429512971 -0.198160 -0.935277 -0.032882 0.291392 
521171450082658 -0.198078 -0.935254 -0.032919 0.291516 
521171470652607 -0.197985 -0.935230 -0.032991 0.291648 
521171491222658 -0.197982 -0.935192 -0.033060 0.291762 
521171511792346 -0.198018 -0.935164 -0.033103 0.291825 
521171532361773 -0.197975 -0.935150 -0.033100 0.291897 
521171552931461 -0.197927 -0.935136 -0.033103 0.291976 
521171573501616 -0.197861 -0.935116 -0.033110 0.292083 
521171594070940 -0.197834 -0.935109 -0.033122 0.292124 
521171614640575 -0.197818 -0.935106 -0.033167 0.292138 
521171635210159 -0.197822 -0.935109 -0.033196 0.292122 
521171655780210 -0.197833 -0.935116 -0.033244 0.292089 
521171676349898 -0.197864 -0.935129 -0.033312 0.292017 
521171696919429 -0.197961 -0.935197 -0.033457 0.291716 
521171717489117 -0.197937 -0.935382 -0.033560 0.291127 
521171738058960 -0.197303 -0.935630 -0.033498 0.290769 
521171758628700 -0.196357 -0.935787 -0.033477 0.290905 
521171779197554 -0.195663 -0.936005 -0.033749 0.290642 
521171799767294 -0.195105 -0.936494 -0.034449 0.289354 
521171820337606 -0.193555 -0.937273 -0.035293 0.287766 
521171840907294 -0.191291 -0.938075 -0.034546 0.286758 
521171861477918 -0.188399 -0.938939 -0.032983 0.286026 
521171882047606 -0.188944 -0.941124 -0.033966 0.278267 
521171902616460 -0.191730 -0.944696 -0.031224 0.264222 
521171923186148 -0.179566 -0.946765 -0.027158 0.265809 
521171943756043 -0.173039 -0.947850 -0.025717 0.266414 
521171964325783 -0.168966 -0.949832 -0.024991 0.262004 
521171984895054 -0.163420 -0.951790 -0.024239 0.258462 
521172005464742 -0.156499 -0.953000 -0.023731 0.258334 
521172026034689 -0.150887 -0.953482 -0.024076 0.259856 
521172046604377 -0.149110 -0.953838 -0.025388 0.259452 
521172067173856 -0.148596 -0.954205 -0.026466 0.258285 
521172087743544 -0.147930 -0.954158 -0.027285 0.258755 
521172108313231 -0.148963 -0.953822 -0.028560 0.259265 
521172128882971 -0.150326 -0.953263 -0.029096 0.260471 
521172149452606 -0.152847 -0.952634 -0.029092 0.261305 
521172170022294 -0.155249 -0.951994 -0.028492 0.262283 
521172190592241 -0.157288 -0.951259 -0.027636 0.263823 
521172211161929 -0.159471 -0.950461 -0.026147 0.265537 
521172231731617 -0.160984 -0.949308 -0.024209 0.268909 
521172252300835 -0.162214 -0.947886 -0.021950 0.273345 
521172272870523 -0.163403 -0.947121 -0.015818 0.275702 
521172293440991 -0.163149 -0.946486 -0.007924 0.278360 
521172314010679 -0.165161 -0.946164 -0.000622 0.278378 
521172334583127 -0.168724 -0.946398 0.007363 0.275334 
521172355150836 -0.170741 -0.946016 0.016446 0.275011 
521172375720574 -0.172524 -0.944654 0.026618 0.277767 
521172396290262 -0.172257 -0.941339 0.040069 0.287407 
521172416858439 -0.171099 -0.934412 0.058277 0.306925 
521172437428127 -0.176815 -0.926065 0.075298 0.324762 
521172457998178 -0.184774 -0.919821 0.089348 0.334372 
521172478567346 -0.185519 -0.915618 0.102832 0.341543 
521172499137294 -0.185498 -0.913208 0.112951 0.344794 
521172519707034 -0.189124 -0.912809 0.120259 0.341393 
521172540276616 -0.193416 -0.915270 0.123947 0.330920 
521172560846356 -0.190398 -0.916040 0.129212 0.328517 
521172581415888 -0.198088 -0.913555 0.126522 0.331920 
521172601985575 -0.213701 -0.909312 0.125263 0.334354 
521172622555263 -0.227106 -0.904668 0.124573 0.338348 
521172643124950 -0.236691 -0.902093 0.123917 0.338894 
521172663694741 -0.237391 -0.900979 0.124429 0.341175 
521172684264428 -0.231575 -0.898905 0.124672 0.350427 
521172704834742 -0.225031 -0.894310 0.126155 0.365588 
521172725404429 -0.221745 -0.889261 0.128267 0.378935 
521172745974013 -0.223612 -0.887334 0.127946 0.382448 
521172766543752 -0.223378 -0.889091 0.128066 0.378441 
521172787113075 -0.216156 -0.889904 0.132917 0.379053 
521172807682815 -0.211206 -0.888233 0.138821 0.383618 
521172828254533 -0.209427 -0.886528 0.143378 0.386848 
521172848824273 -0.207328 -0.885695 0.145762 0.388989 
521172869393022 -0.204569 -0.884571 0.148208 0.392072 
521172889962710 -0.201938 -0.882741 0.151830 0.396152 
521172910532137 -0.200082 -0.880923 0.155163 0.399833 
521172931101565 -0.199452 -0.879754 0.156944 0.402020 
521172951670991 -0.198435 -0.879029 0.157999 0.403693 
521172972241199 -0.196796 -0.878432 0.158722 0.405508 
521172992810939 -0.195537 -0.877613 0.158611 0.407926 
521173013380887 -0.194642 -0.875872 0.159017 0.411918 
521173033950210 -0.195165 -0.873736 0.158846 0.416249 
521173054519793 -0.196782 -0.873246 0.156857 0.417270 
521173075089169 -0.199810 -0.876078 0.151722 0.411756 
521173095659377 -0.205299 -0.881560 0.144128 0.399915 
521173116228647 -0.216389 -0.892503 0.126300 0.375050 
521173136798335 -0.214891 -0.903443 0.119553 0.351168 
521173157368075 -0.195022 -0.905926 0.130193 0.352583 
521173177938804 -0.195909 -0.905540 0.129592 0.353304 
521173198507970 -0.198216 -0.905401 0.128704 0.352697 
521173219078283 -0.199344 -0.905602 0.128441 0.351639 
521173239648022 -0.199240 -0.905895 0.128359 0.350972 
521173260217294 -0.198882 -0.906331 0.127469 0.350373 
521173280786981 -0.197882 -0.907282 0.124546 0.349529 
521173301356824 -0.195936 -0.908406 0.120351 0.349176 
521173321926460 -0.196594 -0.910902 0.114546 0.344220 
521173342497553 -0.193993 -0.912950 0.112728 0.340853 
521173363067293 -0.191956 -0.914009 0.111910 0.339436 
521173383636772 -0.189960 -0.914503 0.111934 0.339220 
521173404206824 -0.187136 -0.914545 0.110659 0.341089 
521173424774741 -0.183777 -0.914487 0.107565 0.344048 
521173445344272 -0.180839 -0.914263 0.104746 0.347058 
521173465914793 -0.179225 -0.913713 0.102889 0.349886 
521173486483751 -0.177050 -0.913032 0.100820 0.353357 
521173507053491 -0.174356 -0.911789 0.098685 0.358471 
521173527623230 -0.171800 -0.910574 0.095329 0.363663 
521173548192918 -0.169155 -0.909557 0.091911 0.368301 
521173568762709 -0.166587 -0.908646 0.088442 0.372546 
521173589332449 -0.166684 -0.908065 0.086725 0.374318 
521173609901565 -0.168542 -0.907981 0.086275 0.373792 
521173630471824 -0.170047 -0.908687 0.085648 0.371532 
521173651041773 -0.173374 -0.909719 0.087207 0.367079 
521173671611512 -0.175807 -0.911311 0.091078 0.360984 
521173692183491 -0.179417 -0.912420 0.094036 0.355608 
521173712753230 -0.186071 -0.913041 0.096515 0.349883 
521173733322397 -0.194252 -0.914102 0.098552 0.342010 
521173753892137 -0.205584 -0.917519 0.103156 0.324428 
521173774462866 -0.208672 -0.923046 0.112470 0.302974 
521173795031460 -0.201857 -0.926438 0.117032 0.295414 
521173815601980 -0.203328 -0.925566 0.118189 0.296676 
521173836171720 -0.202032 -0.922902 0.120975 0.304632 
521173856739688 -0.198231 -0.920663 0.118816 0.314589 
521173877309428 -0.193697 -0.917439 0.115304 0.327861 
521173897880314 -0.198822 -0.913950 0.114447 0.334763 
521173918450105 -0.195273 -0.912912 0.113966 0.339811 
521173939018074 -0.185669 -0.911463 0.112638 0.349393 
521173959587865 -0.174808 -0.910257 0.109718 0.358938 
521173980158334 -0.167627 -0.908883 0.104273 0.367369 
521174000728074 -0.156370 -0.905026 0.094810 0.384042 
521174021299637 -0.152191 -0.903303 0.083663 0.392278 
521174041869377 -0.142811 -0.903816 0.080409 0.395292 
521174062437240 -0.125586 -0.903151 0.074377 0.403750 
521174083006563 -0.110040 -0.899409 0.064721 0.418049 
521174103578022 -0.091060 -0.891856 0.053589 0.439806 
521174124147761 -0.086731 -0.884840 0.039367 0.456056 
521174144716095 -0.093028 -0.881969 0.031998 0.460925 
521174165285834 -0.093039 -0.879513 0.033029 0.465521 
521174185855418 -0.092547 -0.877953 0.037870 0.468187 
521174206425210 -0.092652 -0.878135 0.041924 0.467479 
521174226995053 -0.089486 -0.878391 0.042287 0.467583 
521174247564793 -0.081167 -0.877458 0.037688 0.471232 
521174268134688 -0.074530 -0.876795 0.035708 0.473710 
521174288703543 -0.073765 -0.876721 0.035808 0.473958 
521174309275471 -0.072840 -0.875576 0.035994 0.476199 
521174329845210 -0.073200 -0.873416 0.039266 0.479839 
521174350414741 -0.080881 -0.868894 0.053132 0.485446 
521174370984897 -0.104767 -0.865142 0.070142 0.485420 
521174391554689 -0.131579 -0.864815 0.074809 0.478733 
521174412123282 -0.150753 -0.866074 0.082732 0.469408 
521174432693021 -0.161969 -0.867918 0.092242 0.460409 
521174453263491 -0.170985 -0.869230 0.104244 0.452035 
521174473833282 -0.180731 -0.869902 0.114381 0.444436 
521174494401616 -0.191893 -0.869124 0.123037 0.438933 
521174514971303 -0.202175 -0.866365 0.126445 0.438804 
521174535541042 -0.209587 -0.862321 0.124360 0.443859 
521174556110834 -0.215218 -0.859459 0.117084 0.448668 
521174576680886 -0.216656 -0.858673 0.107870 0.451779 
521174597250626 -0.213728 -0.861284 0.099310 0.450163 
521174617820054 -0.201841 -0.868193 0.090307 0.444236 
521174638390834 -0.183607 -0.875125 0.086523 0.439271 
521174658959532 -0.166505 -0.881158 0.085719 0.434152 
521174679529271 -0.154390 -0.886823 0.087525 0.426670 
521174700099428 -0.146713 -0.891091 0.102478 0.417049 
521174720669220 -0.146807 -0.889818 0.129148 0.412302 
521174741238386 -0.147073 -0.882948 0.162510 0.415167 
521174761808178 -0.144213 -0.874873 0.201870 0.415990 
521174782378386 -0.132810 -0.871244 0.238166 0.408133 
521174802948126 -0.107008 -0.857623 0.288641 0.411969 
521174823519376 -0.086034 -0.842015 0.321212 0.424773 
521174844088959 -0.087796 -0.822238 0.331222 0.454433 
521174864658230 -0.090671 -0.797875 0.334176 0.493459 
521174885227969 -0.091129 -0.792026 0.314740 0.515100 
521174905796928 -0.065113 -0.796626 0.292728 0.524840 
521174926366460 -0.032060 -0.795507 0.269254 0.541889 
521174946936355 -0.000324 -0.785928 0.237554 0.570863 
521174967506095 0.034184 -0.763422 0.201556 0.612693 
521174988076251 0.061985 -0.723862 0.163427 0.667437 
521175008645990 0.079502 -0.665256 0.128686 0.731132 
521175029215209 0.092408 -0.589711 0.097068 0.796417 
521175049784948 0.106347 -0.518874 0.061774 0.845957 
521175070354428 0.126291 -0.473129 0.031437 0.871327 
521175090923959 0.147243 -0.459813 0.007281 0.875693 
521175111493698 0.158977 -0.447735 -0.001642 0.879919 
521175132063543 0.157224 -0.412129 0.005385 0.897441 
521175152633334 0.143394 -0.366630 0.013566 0.919150 
521175173203126 0.133575 -0.334343 0.015559 0.932808 
521175193772866 0.140611 -0.316697 0.009614 0.937997 
521175214342501 0.164221 -0.306635 -0.004320 0.937544 
521175234912293 0.195935 -0.289607 -0.018520 0.936693 
521175255482293 0.224060 -0.259862 -0.020795 0.939061 
521175276052033 0.237879 -0.226754 -0.015201 0.944333 
521175296621824 0.243315 -0.195712 -0.012269 0.949918 
521175317191615 0.244922 -0.176920 -0.018297 0.953089 
521175337763022 0.249096 -0.158156 -0.027869 0.955071 
521175358332761 0.258891 -0.148041 -0.032172 0.953952 
521175378901720 0.277982 -0.132072 -0.023384 0.951176 
521175399471460 0.301586 -0.103462 -0.008507 0.947771 
521175420040313 0.317390 -0.082791 0.002582 0.944671 
521175440610053 0.323686 -0.075019 0.007432 0.943157 
521175461179688 0.323623 -0.069209 0.009534 0.943604 
521175481749428 0.317684 -0.064674 0.010839 0.945926 
521175502319376 0.306230 -0.060347 0.010447 0.949985 
521175522889115 0.291003 -0.054088 0.011975 0.955117 
521175543458803 0.280771 -0.056348 0.012597 0.958036 
521175564028542 0.277636 -0.060370 0.012966 0.958700 
521175584598699 0.277164 -0.059233 0.017121 0.958842 
521175605168491 0.274560 -0.042258 0.026966 0.960262 
521175625737708 0.269269 -0.032067 0.034698 0.961905 
521175646307448 0.264478 -0.026951 0.037061 0.963302 
521175666877500 0.264303 -0.026275 0.035708 0.963420 
521175687446876 0.270853 -0.023178 0.038801 0.961559 
521175708017710 0.280373 -0.017432 0.044875 0.958683 
521175728587449 0.284725 -0.012427 0.050529 0.957196 
521175749156198 0.286593 -0.010556 0.056640 0.956318 
521175769725990 0.291410 -0.011556 0.060583 0.954608 
521175790295730 0.300927 -0.016174 0.059394 0.951658 
521175810867292 0.311258 -0.016112 0.055996 0.948538 
521175831437083 0.318763 -0.010741 0.055568 0.946143 
521175852007188 0.323815 -0.008332 0.056605 0.944389 
521175872576720 0.327225 -0.007964 0.055785 0.943265 
521175893144531 0.327858 -0.005314 0.055402 0.943086 
521175913714323 0.325671 -0.001246 0.056876 0.943770 
521175934283907 0.323014 0.001809 0.059972 0.944490 
521175954853647 0.322157 0.003783 0.062824 0.944592 
521175975423959 0.323627 0.006703 0.064629 0.943951 
521175995993281 0.325627 0.009049 0.064808 0.943231 
521176016562865 0.327436 0.009553 0.064374 0.942630 
521176037132604 0.329767 0.009163 0.064484 0.941813 
521176057702760 0.332529 0.008959 0.065207 0.940793 
521176078272241 0.335659 0.008749 0.066028 0.939626 
521176098842084 0.339048 0.008008 0.065938 0.938421 
521176119411876 0.341870 0.008592 0.065694 0.937409 
521176139981563 0.344183 0.009301 0.065962 0.936536 
521176160551303 0.347087 0.011122 0.066517 0.935405 
521176181121719 0.350162 0.011919 0.066602 0.934242 
521176201691458 0.350332 0.011992 0.066412 0.934191 
521176222261250 0.348669 0.012695 0.066426 0.934803 
521176242830886 0.346772 0.013360 0.067118 0.935450 
521176263401250 0.344985 0.013317 0.067921 0.936053 
521176283970261 0.343220 0.012566 0.068623 0.936661 
521176304542031 0.341570 0.011909 0.069212 0.937229 
521176325111771 0.340589 0.011231 0.069975 0.937537 
521176345679897 0.340777 0.010225 0.070462 0.937444 
521176366249688 0.341884 0.009340 0.070601 0.937040 
521176386818907 0.343255 0.008864 0.070445 0.936555 
521176407388646 0.344416 0.008407 0.070354 0.936140 
521176427958229 0.345062 0.007993 0.070472 0.935896 
521176448527969 0.345510 0.007492 0.070748 0.935714 
521176469097500 0.346182 0.007194 0.071110 0.935441 
521176489667292 0.346832 0.007043 0.071090 0.935203 
521176510237083 0.347529 0.007121 0.071081 0.934944 
521176530806771 0.348370 0.007680 0.071339 0.934607 
521176551376563 0.348644 0.008938 0.071898 0.934451 
521176571946458 0.350085 0.013209 0.073325 0.933750 
521176592516250 0.354122 0.015439 0.075667 0.932005 
521176613086042 0.357256 0.015629 0.075435 0.930824 
521176633655781 0.358033 0.015007 0.075059 0.930566 
521176654225365 0.357287 0.015417 0.075251 0.930831 
521176674795104 0.356177 0.015591 0.075823 0.931207 
521176695365365 0.356291 0.017269 0.076184 0.931104 
521176715935105 0.356654 0.017407 0.076315 0.930952 
521176736504688 0.356046 0.016044 0.075750 0.931255 
521176757074480 0.354470 0.013457 0.075238 0.931938 
