# Created at Thu Nov 07 18:05:26 EST 2019 in Burnaby Canada 
521170770918231 3.136365 155.345444 8.837490 
521170790918544 3.482115 156.639465 10.065090 
521170810918544 3.019980 155.897995 12.067950 
521170830918283 4.647780 154.514725 10.513680 
521170850918856 2.379795 155.027649 10.689720 
521170870919170 4.030380 153.771759 12.056761 
521170890925524 4.048170 154.784088 10.827180 
521170910925054 2.850960 155.321106 11.761681 
521170930918752 2.659470 154.029434 10.840110 
521170951128544 2.040750 153.874725 9.923430 
521170970918023 1.930755 155.155731 11.309191 
521170990918128 3.115560 154.335678 9.605820 
521171010917920 3.159840 156.059372 9.606540 
521171030965211 2.836545 155.039810 10.685310 
521171050965211 2.836890 155.333084 9.609180 
521171070919689 2.121585 156.741547 11.000880 
521171090918336 2.836545 155.039810 10.685310 
521171110918076 2.993835 155.479919 9.761520 
521171130917919 2.391210 155.751831 9.613770 
521171150918128 3.109515 153.900497 10.374390 
521171170918752 3.590760 155.066040 9.601710 
521171190918179 2.825475 154.608902 10.685130 
521171210918440 3.590760 155.066040 9.601710 
521171230918180 3.143400 155.339462 9.913740 
521171250918180 3.598140 155.353333 9.601830 
521171270918700 1.630950 155.290421 11.465940 
521171290917971 3.157485 155.767807 10.375170 
521171310917867 3.166530 155.760101 11.758921 
521171330918128 1.431420 154.005585 9.314370 
521171350920054 2.830500 154.604630 11.453880 
521171370919012 3.161850 156.057663 9.914041 
521171390919169 3.625635 156.063843 10.985880 
521171410918596 2.358675 154.605286 9.152040 
521171430918649 3.135000 154.612717 11.450940 
521171450918231 1.351290 156.728973 9.624480 
521171470918701 1.928085 155.451569 9.771811 
521171490918075 2.985435 154.753174 11.298720 
521171510919064 2.256060 156.173599 10.537921 
521171530919377 2.418030 156.316147 11.459010 
521171550919273 2.991480 155.188354 10.530150 
521171570918909 1.482405 155.870331 9.776401 
521171590920419 1.616535 155.009109 10.389570 
521171610925263 1.484415 155.868622 10.083899 
521171630919117 3.785595 156.208115 11.599470 
521171650921617 3.193725 157.498337 9.145890 
521171670919012 4.080045 156.224762 10.059030 
521171690919012 2.269485 156.896072 9.769470 
521171710921669 1.310010 154.562393 11.776080 
521171730918856 4.096485 156.944672 9.751830 
521171750919012 2.686980 155.180252 10.533091 
521171770919012 3.741315 154.484436 11.598750 
521171790918335 2.237265 155.162125 11.613750 
521171810918596 4.964010 154.659607 11.740800 
521171830920055 4.507260 154.647446 11.745211 
521171850920210 4.214175 155.363541 10.672200 
521171870921669 3.457620 155.486084 10.833360 
521171890921356 5.119965 155.247620 10.048320 
521171910918909 4.324830 153.788422 10.516320 
521171930925731 5.727930 154.384018 13.270830 
521171951128856 5.128995 154.799606 13.123140 
521171970919741 6.533460 156.127960 13.264200 
521171990918856 7.554930 154.432617 13.253190 
521172010918856 9.184050 152.461090 14.158680 
521172030918700 7.506615 152.272034 14.328541 
521172050918752 6.762150 153.264969 12.952560 
521172070919220 9.209880 153.466568 14.159100 
521172090918752 9.042540 153.035004 13.545390 
521172110951773 7.225590 152.977859 15.100531 
521172130951200 7.647135 152.139282 13.097011 
521172150919168 6.766170 153.261551 13.567560 
521172170919221 6.619275 153.106171 14.952720 
521172190922450 6.517680 155.113922 14.801280 
521172210918752 8.186055 154.870346 14.938740 
521172230919221 7.234335 153.997879 12.487201 
521172250922867 6.969075 155.277405 13.413180 
521172270919116 6.937545 154.130005 13.105201 
521172290918856 5.763810 155.380966 14.808750 
521172310919116 6.215205 155.544449 13.420650 
521172330919377 6.210840 155.254593 13.881781 
521172350919898 7.306770 156.137955 15.101851 
521172370919794 5.374815 157.806412 15.582931 
521172390921824 5.858070 158.970245 15.117750 
521172410920053 6.169950 159.265625 15.114930 
521172430918127 5.270205 159.816757 14.970240 
521172450919012 3.202800 162.934647 12.378389 
521172470917815 1.425105 164.605453 13.165501 
521172490917815 1.884195 164.468842 14.083530 
521172510919429 4.504320 165.978363 13.290390 
521172530918753 4.504320 165.978363 13.290390 
521172550920211 3.016035 167.229767 13.459380 
521172570918335 3.469080 166.657959 15.145981 
521172590919533 5.004315 166.834396 16.515091 
521172610917815 3.072375 168.943192 15.305100 
521172630918700 3.195435 167.651077 15.918091 
521172650918700 3.060315 168.953445 13.460100 
521172670919742 2.757135 168.357117 15.922800 
521172690918178 0.481785 169.023117 14.407650 
521172710919325 2.315505 169.653107 13.160251 
521172730919169 2.282640 168.653595 12.083581 
521172750918232 -0.584955 169.435944 12.573120 
521172770918388 0.045180 170.314835 12.413850 
521172790919742 -0.310965 168.736115 10.724880 
521172810918544 0.187710 170.180389 11.489820 
521172830948178 0.919095 168.758240 12.558121 
521172850949741 0.504270 170.178223 13.331881 
521172870920158 0.497235 170.184204 12.255630 
521172890919324 0.038145 170.320831 11.337601 
521172910919949 1.707195 170.223450 11.013870 
521172930918595 -0.395790 171.316727 10.881180 
521172951125887 -0.274065 170.172516 10.725480 
521172970918335 0.035130 170.323395 10.876349 
521172990918699 -0.550065 170.874039 12.266220 
521173010918491 -0.270690 170.903519 8.419530 
521173030919533 0.047535 170.606400 11.645220 
521173050918387 0.240045 172.337540 11.029470 
521173070918075 -1.643970 170.429321 9.662580 
521173090917763 0.988215 171.928589 10.714440 
521173110918907 -0.439050 170.032501 9.343140 
521173130918282 0.347010 170.618774 10.873529 
521173150917763 2.417100 167.645355 13.311690 
521173170918283 1.975425 167.620377 15.622351 
521173190918543 2.421780 167.347824 15.156570 
521173210918543 2.582760 167.931534 14.232840 
521173230920210 3.787335 167.241470 14.989530 
521173250955366 4.075395 166.529663 15.293790 
521173270919376 2.724270 167.357620 14.846130 
521173290930471 2.398305 166.633896 14.387521 
521173310918699 2.998575 166.070389 15.303900 
521173330918543 4.240380 166.669662 16.676130 
521173350920471 6.915810 164.449448 15.726210 
521173370922449 4.509990 165.239639 16.980089 
521173390920522 5.564340 164.984116 16.354681 
521173410920574 5.230320 163.826920 16.357140 
521173430918283 3.737010 165.082596 15.757380 
521173450917970 6.912435 163.718414 18.032160 
521173470919220 6.138120 163.709290 16.040760 
521173490919272 4.152165 163.515579 15.598560 
521173510918544 3.960675 162.223877 14.676991 
521173530923699 4.763520 163.823318 14.824050 
521173550938022 4.419105 162.381378 14.365141 
521173571296824 4.856745 161.969452 13.130550 
521173590919272 5.160915 162.124619 12.512671 
521173610927710 3.769860 161.078400 13.294230 
521173630918178 2.874480 161.919357 12.688410 
521173650929324 4.098180 162.093704 12.984210 
521173670918231 4.565670 162.683823 12.365040 
521173690918491 4.087111 161.662781 12.984030 
521173710920366 4.267185 162.230270 14.981550 
521173730919897 4.296705 163.379395 14.982030 
521173750920210 6.092175 162.280579 14.656410 
521173770920053 4.466055 163.809235 15.903240 
521173790922345 5.430855 165.110901 18.662460 
521173810919793 8.630445 165.047180 19.554031 
521173830921355 8.365860 166.472916 20.018820 
521173850921095 8.307840 164.614151 18.480539 
521173870919636 6.854774 167.156601 18.957571 
521173890918959 6.402390 167.434296 18.500849 
521173910944793 6.334635 164.996674 17.731079 
521173931269741 6.206895 166.586365 15.273210 
521173951268022 4.664925 165.388184 16.824930 
521173970928438 6.161940 164.716476 15.733680 
521173990920002 6.328965 165.735397 14.041380 
521174010919272 5.649870 163.430374 12.355050 
521174030919064 3.613261 161.224823 12.065761 
521174050920210 2.972055 159.915024 12.224850 
521174070918647 4.641780 159.963852 11.439930 
521174090918855 5.212215 158.838623 10.049820 
521174110918803 5.719245 155.125305 9.119880 
521174130919949 4.477770 154.378967 8.362590 
521174150919168 3.864090 154.660339 6.523590 
521174170919532 3.979770 153.080917 7.136460 
521174190920054 5.252790 155.414978 6.510660 
521174210926199 5.672640 153.990738 6.505650 
521174230921876 4.940910 155.119598 6.513480 
521174250919011 5.690745 154.415649 7.582080 
521174270933438 5.972775 153.708969 6.963840 
521174291238595 6.722955 153.298325 6.956310 
521174310917710 5.840655 154.568497 6.658170 
521174330920002 5.185035 152.977356 5.740890 
521174350922605 4.484160 155.107437 6.517890 
521174370920053 4.185030 155.388336 6.213450 
521174390920001 4.385265 157.700043 4.521690 
521174410920731 1.687380 159.645767 3.165240 
521174430919167 0.051195 160.742661 4.565640 
521174450919636 -0.179850 163.314102 5.645910 
521174470920209 -0.167446 163.597107 6.414780 
521174490926303 -1.655056 164.994720 6.122580 
521174510918438 -2.257350 165.119598 6.589770 
521174530918021 -3.700680 168.240891 6.298290 
521174550919323 -3.870030 167.811020 5.377080 
521174570919428 -3.601440 165.941544 7.218360 
521174590918959 -5.261730 167.499268 3.237690 
521174610918699 -5.259060 167.203445 4.775070 
521174630919376 -3.798945 165.095337 3.683220 
521174651239793 -4.096410 165.081253 4.762410 
521174670918751 -2.959260 161.806503 5.364270 
521174690918438 -2.663835 160.941635 7.359720 
521174710920731 -4.003561 162.053452 7.527180 
521174730918647 -6.247740 163.133286 9.087211 
521174750920678 -7.714920 164.366730 12.484950 
521174770918334 -9.045931 165.617920 13.421220 
521174790919324 -10.417171 170.585999 16.820520 
521174810918751 -11.434981 171.544342 20.213730 
521174830920574 -15.336436 174.179291 18.254341 
521174850920313 -19.283491 175.678848 13.834471 
521174870920782 -24.418743 172.263687 9.884100 
521174890919949 -29.175346 172.022720 4.855860 
521174910918751 -27.983835 171.343750 3.613800 
521174930919741 -27.114586 170.525040 0.222120 
521174951126459 -23.115181 167.059631 -2.740320 
521174970918595 -17.773981 164.241989 -12.327000 
521174990920001 -11.200710 161.444794 -19.772940 
521175011203490 -5.979900 159.623459 -28.435230 
521175030965730 -0.495181 156.230194 -37.101124 
521175050918438 9.585526 153.227737 -42.582241 
521175070917969 9.585526 153.227737 -42.582241 
521175090923334 15.258030 150.542191 -48.635551 
521175110918334 21.197145 151.432877 -51.306328 
521175130917917 24.178051 148.339264 -48.723301 
521175150918595 26.304539 148.840561 -51.203701 
521175170918491 29.412271 151.363449 -51.232082 
521175190918074 30.603121 150.978607 -53.704021 
521175210917918 36.119026 153.002838 -55.754910 
521175230917709 38.072449 152.050018 -55.774441 
521175250918334 40.510788 151.966034 -54.875523 
521175270918856 42.121109 148.983032 -52.894203 
521175290921564 44.986679 147.762100 -52.000172 
521175310917917 47.421993 147.240372 -49.871433 
521175330917605 52.445221 146.934540 -48.382622 
521175350919324 52.752407 147.087128 -48.539249 
521175371176407 56.242428 147.043488 -49.803120 
521175390966355 57.781353 147.363571 -48.433952 
521175410931512 57.618015 146.488297 -46.741592 
521175430918646 59.868526 144.375626 -43.382042 
521175450918594 60.757515 142.806213 -40.931519 
521175470918126 61.980545 142.834335 -40.174530 
521175490919845 61.962093 142.116135 -40.174831 
521175510917969 61.983559 142.831757 -39.713280 
521175530918021 64.108032 143.334763 -42.501179 
521175550919584 64.900490 144.649490 -42.815491 
521175570917709 62.348145 146.458221 -44.634724 
521175590918022 61.769325 147.297012 -43.398479 
521175610919272 64.163727 145.782623 -43.576408 
521175630918698 61.734451 146.299240 -44.782650 
521175650917656 62.943047 145.605743 -43.410961 
521175670920730 62.987324 147.329422 -43.410240 
521175690918334 64.786835 146.667542 -44.811932 
521175710918542 64.683212 148.236664 -43.579800 
521175731142866 63.892101 146.774033 -42.496799 
521175750966927 64.605049 145.074005 -43.119873 
521175770917969 66.913261 145.407516 -40.528049 
521175790926355 64.950111 145.781494 -39.740009 
521175810918126 64.767662 144.482147 -39.277832 
521175830919792 65.688873 144.646652 -38.671589 
521175850920313 64.447380 143.460007 -37.737812 
521175870920886 65.195557 143.051056 -38.052841 
521175890920053 66.108383 142.929138 -37.600471 
521175910917864 66.111397 142.926575 -37.139221 
521175930924531 65.195206 142.757782 -36.976711 
521175951125105 64.410484 142.023605 -37.738411 
521175970918022 65.947395 142.345413 -36.676739 
521175990918125 66.126831 143.647339 -37.600170 
521176010917917 66.811920 140.503220 -36.840092 
521176030917500 64.438316 143.027390 -37.430489 
521176050917448 67.027229 142.802109 -36.225601 
521176070938230 66.893448 143.956573 -37.914902 
521176091115991 66.741180 143.512207 -36.222363 
521176110965886 65.617393 141.184753 -36.059280 
521176130965782 66.089584 141.917664 -36.524643 
521176150919114 65.973885 143.056778 -35.446442 
521176170917866 66.866257 142.218369 -35.301872 
521176190920105 66.416542 142.200226 -34.221210 
521176210918281 68.527245 141.687500 -35.164528 
521176230919531 66.889725 142.932281 -34.532822 
521176250976979 67.609055 141.520432 -35.309521 
521176270919427 66.125465 142.914597 -34.986721 
521176290924844 66.424934 142.926987 -35.758411 
521176310920261 65.918190 140.608887 -34.371208 
521176330920938 65.154587 140.297089 -33.595230 
521176350918750 65.470825 140.882324 -34.059181 
521176370919167 64.831306 139.717834 -34.207531 
521176390919063 65.955437 142.338577 -35.446743 
521176410918282 66.397743 141.188751 -33.145382 
521176430931980 66.430984 143.362167 -36.526981 
521176451086146 66.189163 139.911636 -36.680698 
521176471086251 66.380997 141.496567 -36.835262 
521176490965313 66.725731 142.351120 -34.070339 
521176510918074 65.495674 142.328995 -35.903580 
521176530918073 65.636841 141.461777 -34.214161 
521176550917813 65.301483 140.452454 -34.980392 
521176570918334 64.421173 141.280609 -33.279961 
521176590917865 65.300461 140.013000 -33.443073 
521176610918177 65.151917 140.592911 -35.132610 
521176630918489 66.080162 140.751450 -33.450123 
521176650918281 66.100624 141.467941 -33.142319 
521176670917552 66.460815 143.923904 -34.220493 
521176690924167 64.597237 141.851517 -31.897440 
521176710918542 64.720650 141.292984 -34.051651 
521176730919323 66.691849 140.912155 -33.609688 
521176750917865 65.369240 142.890076 -34.210621 
521176770918230 65.222336 142.734695 -32.825462 
