# Created at Thu Nov 07 17:57:59 EST 2019 in Burnaby Canada 
520723545888194 9.138275 -1.102483 -3.777888 
520723566454235 9.137078 -1.109665 -3.773100 
520723587022308 9.156231 -1.103680 -3.776691 
520723607590278 9.144260 -1.112059 -3.780282 
520723628158299 9.129896 -1.128818 -3.794647 
520723648726319 9.127501 -1.119241 -3.788661 
520723669294392 9.126305 -1.101285 -3.785070 
520723689862570 9.152639 -1.098891 -3.777888 
520723710430643 9.146654 -1.114453 -3.773100 
520723730998975 9.135880 -1.114453 -3.779085 
520723751567048 9.153836 -1.122832 -3.770706 
520723772134548 9.140669 -1.107271 -3.769508 
520723792702621 9.133487 -1.110862 -3.768312 
520723813270798 9.147852 -1.108468 -3.770705 
520723833838871 9.150245 -1.096497 -3.763523 
520723854406840 9.132290 -1.112059 -3.773100 
520723874975069 9.133488 -1.108468 -3.788661 
520723895542985 9.119122 -1.108468 -3.774297 
520723916111475 9.146654 -1.107271 -3.779085 
520723936679392 9.174186 -1.125226 -3.775494 
520723957247413 9.139472 -1.121635 -3.785070 
520723977815121 9.119122 -1.107271 -3.770706 
520723998383663 9.119123 -1.107271 -3.773100 
520724018951319 9.139472 -1.107271 -3.773100 
520724039519497 9.156231 -1.113256 -3.775494 
520724060087464 9.156231 -1.118044 -3.770706 
520724080655433 9.132290 -1.118044 -3.770705 
520724101223402 9.128699 -1.114453 -3.770706 
520724121791475 9.133488 -1.113256 -3.776691 
520724142359653 9.135881 -1.113256 -3.768312 
520724162927465 9.140669 -1.115650 -3.773100 
520724183495538 9.151443 -1.118044 -3.770706 
520724204063663 9.158625 -1.113256 -3.773100 
520724224631735 9.145456 -1.113256 -3.762326 
520724245199964 9.116728 -1.097694 -3.771903 
520724265767985 9.123911 -1.095300 -3.765917 
520724286335902 9.137077 -1.104877 -3.771903 
520724306903923 9.138275 -1.124029 -3.761129 
520724327471944 9.145456 -1.116847 -3.782676 
520724348039965 9.145458 -1.113256 -3.779085 
520724368608403 9.126304 -1.071359 -3.782676 
520724389176476 9.105955 -1.039039 -3.704868 
520724409745798 9.046103 -1.013901 -3.555237 
520724430313871 9.067649 -1.139591 -3.595936 
520724450880850 8.900063 -1.053403 -3.668956 
520724471448923 9.012585 -1.061783 -3.536084 
520724492016423 9.442326 -1.212611 -3.577981 
520724512585069 9.737997 -1.305981 -3.953854 
520724533153194 9.256783 -1.248523 -4.066377 
520724553721215 9.087999 -0.986369 -3.607907 
520724574290797 9.283118 -0.976792 -3.234427 
520724594858401 9.290300 -1.151561 -3.473837 
520724615425850 9.152639 -1.206626 -3.715641 
520724635994444 9.139472 -1.201838 -3.621074 
520724656562777 9.175384 -1.194655 -3.495384 
520724677129340 9.236433 -1.234158 -3.581572 
520724697697465 9.238827 -1.304784 -3.738385 
520724718267205 9.172989 -1.423292 -3.712050 
520724738833871 9.078423 -1.463991 -3.656986 
520724759401320 9.022161 -1.384986 -3.764720 
520724779969339 9.052088 -1.321543 -3.889213 
520724800537933 9.107152 -1.349075 -3.841331 
520724821106266 9.126305 -1.339498 -3.768312 
520724841675068 9.084408 -1.241340 -3.767114 
520724862242933 9.073633 -1.182685 -3.718035 
520724882811319 9.155034 -1.223384 -3.666562 
520724903379392 9.199324 -1.253311 -3.674942 
520724923947465 9.171792 -1.229370 -3.671350 
520724944515538 9.147852 -1.219793 -3.589951 
520724965083090 9.232841 -1.200641 -3.558828 
520724985651162 9.286709 -1.156350 -3.536084 
520725006219599 9.313044 -1.108468 -3.492990 
520725026787672 9.274738 -1.116847 -3.378073 
520725047355798 9.280724 -1.141985 -3.296674 
520725067923871 9.345365 -1.140788 -3.367300 
520725088491058 9.290300 -1.144379 -3.443911 
520725109059131 9.248404 -1.084527 -3.379270 
520725129627882 9.281921 -1.120438 -3.543266 
520725150195955 9.295088 -1.181488 -3.679730 
520725170763975 9.216084 -1.186276 -3.413985 
520725191332048 9.155033 -1.207823 -3.406803 
520725211900017 9.032934 -1.215005 -3.550448 
520725232468662 9.083210 -1.309572 -3.609104 
520725253036371 8.962309 -0.950457 -3.226048 
520725273605121 9.314241 -1.313163 -2.869328 
520725294172672 9.369306 -1.304784 -4.923464 
520725314740850 9.287906 -1.382592 -3.403212 
520725335308871 9.350153 -0.830752 -2.254044 
520725355876891 9.183764 -0.774491 -2.226512 
520725376445277 9.613503 -1.772830 -5.082671 
520725397013089 9.368109 -1.535814 -4.867203 
520725417581059 8.756416 -1.309572 -2.306714 
520725438149287 9.394444 -1.469977 -2.924392 
520725458717569 9.715253 -1.170714 -3.616286 
520725479285538 9.876854 -1.364636 -3.176969 
520725499853038 9.011388 -1.416109 -2.564080 
520725520421734 9.019767 -0.784067 -4.332122 
520725540990328 9.411201 -0.890605 -3.204501 
520725561558140 8.846195 -1.333513 -2.742440 
520725582125641 9.796653 -1.035448 -3.222457 
520725602693871 9.226856 -0.948063 -2.945939 
520725623261996 9.187354 -1.165926 -3.654592 
520725643829807 9.065255 -0.870255 -3.434335 
520725664397932 9.445916 -0.837935 -1.657913 
520725684966058 10.103096 -1.440050 -4.558364 
520725705534131 9.704479 -1.065374 -3.062052 
520725726101058 8.657061 -0.878634 -3.074023 
520725746669131 8.605588 -1.077344 -3.828164 
520725767239130 9.102363 -1.772830 -3.352935 
520725787807203 10.161752 -1.940417 -2.409660 
520725808373818 9.201718 -0.671545 -3.795844 
520725828941891 8.754023 -1.570529 -3.016564 
520725849511006 9.012585 -0.875043 -2.316290 
520725870079079 9.528513 -1.216202 -3.197319 
520725890646892 9.266359 -1.394562 -3.254777 
520725911214965 9.214886 -1.250917 -2.831022 
520725931783454 9.299877 -1.223384 -3.545660 
520725952351110 9.347759 -0.803220 -3.484611 
520725972918766 9.393247 -0.800826 -2.321079 
520725993486109 9.302271 -0.915743 -1.582499 
520726014054391 9.254389 -1.226976 -1.462794 
520726034622256 9.805032 -1.316754 -2.312699 
520726055190536 10.495728 -1.347878 -3.491793 
520726075759131 10.468197 -1.379001 -3.170984 
520726096327203 10.026485 -1.346681 -1.861412 
520726116896214 9.925934 -1.388577 -1.279646 
520726137464391 9.660189 -1.487932 -2.378537 
520726158032933 9.296286 -1.462794 -2.254044 
520726178600380 8.502642 -0.450091 -2.043363 
520726199169287 9.709268 -1.821909 -2.030196 
520726219736630 10.518473 -2.414449 -2.240876 
520726240304443 10.240757 -2.929180 -1.825500 
520726260872048 9.585971 -3.239216 -2.200177 
520726281439600 10.311382 -3.245201 -1.809939 
520726302007725 11.107421 -2.519789 -1.704598 
520726322578037 9.997757 -3.843726 -2.340231 
520726343146162 8.702549 -4.383595 -1.926052 
520726363714130 8.059733 -4.703207 -1.851835 
520726384282255 6.380273 -5.535156 -2.595203 
520726404850016 6.660383 -6.480825 -3.211684 
520726425418141 7.834688 -6.653200 -1.381395 
520726445985433 8.335054 -4.593079 -0.954048 
520726466553558 7.716180 -5.025213 -1.379001 
520726487122881 10.055215 -4.613428 -3.911957 
520726507691006 9.866081 -5.183224 -3.738385 
520726528258974 8.209364 -6.027143 -1.923658 
520726548827099 7.525849 -6.192337 -0.556628 
520726569395016 7.510288 -6.988375 -0.142449 
520726589963141 7.639569 -7.465997 1.259296 
520726610531005 7.389386 -6.606515 -1.155153 
520726631099130 8.458351 -5.526777 -4.729542 
520726651667516 9.405217 -4.837276 -3.041703 
520726672235641 9.843337 -3.946672 -0.269336 
520726692804599 9.393246 -5.796113 -3.702474 
520726713371057 7.050621 -8.053748 -2.942348 
520726733939130 7.014709 -8.842604 -0.179557 
520726754506943 7.943620 -8.396104 2.239679 
520726775075224 9.864883 -7.121247 0.987566 
520726795643714 10.202452 -6.553845 0.131675 
520726816211579 9.248404 -7.038651 -0.912152 
520726836779911 7.791595 -7.341504 -0.870255 
520726857347933 7.681466 -6.584969 -0.456076 
520726877916057 9.754755 -4.735527 -2.426419 
520726898483922 11.893883 -3.131481 -4.948602 
520726919053036 11.837622 -2.443178 -2.495848 
520726939620588 10.373630 -3.528902 0.138858 
520726960189390 9.833761 -3.616286 1.936826 
520726980756578 8.694170 -3.616286 2.179827 
520727001325224 8.616362 -2.652661 2.076881 
520727021892776 9.629066 -1.425686 2.232497 
520727042460953 9.960648 -0.797235 2.215738 
520727063029130 10.619025 0.147237 2.759199 
520727083597255 10.793794 0.730200 3.606710 
520727104165380 10.513685 1.309572 3.739582 
520727124733557 8.348223 -1.821909 2.526971 
520727145301682 4.834883 -3.088387 3.556434 
520727165869651 5.683590 -1.393365 3.862878 
520727186437829 6.304859 -0.743368 3.169787 
520727207006423 7.263696 0.949260 2.831022 
520727227574600 8.482292 2.445572 2.003860 
520727248142724 6.886625 1.844653 2.358187 
520727268710849 5.882300 -0.860678 2.978259 
520727289278766 9.727222 1.446036 4.359653 
520727309846891 10.605857 3.666562 7.118853 
520727330414964 11.689188 3.932307 8.026217 
520727350983089 12.530713 3.464261 6.891413 
520727371551839 11.783754 1.838668 5.356796 
520727392119964 9.947480 0.667954 5.731472 
520727412688714 9.323818 1.706992 6.021158 
520727433256839 8.536160 2.591612 5.624935 
520727453825120 7.433677 2.274394 5.035987 
520727474392724 6.161213 1.841062 6.142060 
520727494961473 4.199249 1.412518 8.720505 
520727515528296 4.403945 2.336640 9.636247 
520727536096318 4.251920 2.684982 9.418385 
520727556665223 3.592345 2.960303 8.440395 
520727577232932 3.745568 2.901648 7.972349 
520727597802151 5.221529 2.797504 8.205773 
520727618369390 4.925858 3.388847 9.263966 
520727638938817 2.622735 3.610301 11.178047 
520727659507047 1.314360 4.327333 10.371237 
520727680074704 1.796771 4.682858 6.811211 
520727700642828 0.835540 4.644551 5.389116 
520727721211162 0.867861 2.910027 6.039114 
520727741780120 3.156619 1.440050 9.772711 
520727762347307 1.799165 2.619144 11.010460 
520727782915484 0.219060 3.872455 7.707801 
520727803482828 0.756535 4.767848 5.550718 
520727824050953 1.255705 4.968952 6.786073 
520727844619650 0.496776 3.992159 9.844534 
520727865187827 -0.196316 3.970613 11.480901 
520727885754651 0.468046 4.773832 9.297482 
520727906322828 0.840329 5.517200 7.262499 
520727926890953 0.245395 5.125766 7.719771 
520727947459130 -0.026335 4.826503 8.730082 
520727968027203 -1.443642 3.973007 8.675016 
520727988595328 -2.076881 4.836080 8.763598 
520728009163662 -0.497973 7.536623 11.322889 
520728029731839 -1.009113 6.762132 6.387455 
520728050299859 -2.643085 6.084601 5.050351 
520728070868036 -3.071629 5.948138 2.914815 
520728091436161 -2.550912 6.599333 3.485808 
520728112004338 -2.857357 7.003936 4.520059 
520728132573974 -2.470710 5.918212 5.617753 
520728153142151 -2.391705 5.259835 5.816463 
520728173709599 -1.873382 5.235894 6.308450 
520728194277880 0.344750 5.411860 8.303931 
520728214845953 2.300729 5.793719 8.933579 
520728235414338 2.458740 6.660382 9.152639 
520728255982306 1.283237 5.817660 8.584042 
520728276551004 0.179557 4.820518 8.195000 
520728297120067 0.111326 4.660113 9.870869 
520728317686734 0.851102 4.597867 11.611380 
520728338254287 1.663899 4.506891 11.203185 
520728358822515 1.823106 5.634512 10.329340 
520728379390693 2.603582 6.608910 10.061199 
520728399958921 3.161407 6.249795 8.993432 
520728420527099 2.599991 6.006794 7.711392 
520728441095536 2.137930 6.109740 6.994359 
520728461663400 2.281576 6.177972 5.956518 
520728482232619 2.786731 6.668762 5.360387 
520728502800796 3.129087 6.934507 5.368767 
520728523368609 2.464725 6.592151 5.347219 
520728543936787 1.653125 6.146849 5.681196 
520728564504390 1.724948 6.140863 6.953660 
520728585072567 2.431207 6.133681 8.262035 
520728605640796 2.609568 5.993627 8.658258 
520728626209025 2.244467 6.100163 8.248867 
520728646777619 2.021816 6.322815 7.911300 
520728667345796 2.131945 6.471249 8.278793 
520728687914129 2.187009 6.338376 8.831831 
520728708482306 1.888944 6.132484 8.288370 
520728729049859 1.497509 5.942153 7.562958 
520728749618036 1.444839 5.830828 7.372627 
520728770186109 1.735722 5.960109 7.316366 
520728790754338 2.201374 6.161213 7.677875 
520728811322776 2.604779 6.240218 8.241685 
520728831890953 2.305517 6.119317 8.101630 
520728852459025 1.735722 6.100163 7.528244 
520728873026994 1.533420 6.007991 7.281651 
520728893596161 1.815924 6.162410 6.953660 
520728914164494 2.323473 6.625668 7.035059 
520728934732566 2.638297 6.777694 7.705407 
520728955300171 2.534153 6.392243 7.972349 
520728975868505 1.988299 6.154031 7.589293 
520728996436630 1.626790 6.206701 7.099700 
520729017005171 1.870988 6.471249 6.847122 
520729037573713 2.385719 6.631654 6.781285 
520729058142619 2.386917 6.522722 6.832758 
520729078711160 2.325867 6.452096 7.546199 
520729099277827 2.324670 6.215080 7.829900 
520729119847150 2.128354 6.154031 7.717378 
520729140415431 2.070895 6.276130 7.383400 
520729160983713 2.013437 6.489204 6.950068 
520729181552828 1.841062 6.466461 6.829166 
520729202120380 1.924855 6.347953 7.217010 
520729222688557 2.142718 6.334785 7.718575 
520729243255483 2.164265 6.289298 7.867008 
520729263823712 2.019422 6.239021 7.877782 
520729284391265 1.928447 6.286903 7.489938 
520729304959494 1.742904 6.340771 7.157158 
520729325528295 1.721357 6.327603 7.112867 
520729346096473 1.862609 6.347953 7.298410 
520729366663974 2.226512 6.285707 7.686254 
520729387232151 2.474301 6.417382 8.378149 
520729407800119 2.111595 6.213883 7.847856 
520729428368296 1.000733 6.405411 6.358727 
520729448937098 1.612426 6.576589 6.672353 
520729469505275 2.531759 6.789664 8.136345 
520729490072879 2.609568 6.525116 7.855038 
520729510641109 2.164265 6.744176 7.331927 
520729531209286 1.404139 6.618486 7.110474 
520729551777515 1.136000 5.937365 7.184690 
520729572345640 1.230567 5.652467 7.242148 
