# Created at Thu Nov 07 17:57:59 EST 2019 in Burnaby Canada 
520723551028194 -0.068986 -0.826789 0.020332 0.557896 
520723571596267 -0.068981 -0.826812 0.020311 0.557863 
520723592164964 -0.068980 -0.826835 0.020295 0.557829 
520723612732257 -0.068973 -0.826867 0.020268 0.557784 
520723633300277 -0.068982 -0.826885 0.020270 0.557756 
520723653868350 -0.068982 -0.826910 0.020256 0.557719 
520723674436528 -0.068988 -0.826927 0.020254 0.557693 
520723695004601 -0.068961 -0.826931 0.020212 0.557692 
520723715572934 -0.068936 -0.826917 0.020185 0.557717 
520723736141007 -0.068940 -0.826930 0.020183 0.557698 
520723756708610 -0.068936 -0.826948 0.020167 0.557672 
520723777276579 -0.068939 -0.826953 0.020168 0.557664 
520723797845016 -0.068950 -0.826982 0.020168 0.557621 
520723818412777 -0.068947 -0.826970 0.020170 0.557638 
520723838980746 -0.068932 -0.826951 0.020159 0.557669 
520723859548819 -0.068953 -0.826954 0.020188 0.557660 
520723880116892 -0.068967 -0.826976 0.020195 0.557626 
520723900684965 -0.068965 -0.827008 0.020175 0.557580 
520723921253454 -0.068962 -0.827036 0.020153 0.557538 
520723941821371 -0.068959 -0.827039 0.020148 0.557535 
520723962389079 -0.068978 -0.827059 0.020164 0.557503 
520723982957100 -0.068984 -0.827108 0.020145 0.557430 
520724003525642 -0.068982 -0.827119 0.020135 0.557414 
520724024093298 -0.068974 -0.827116 0.020125 0.557420 
520724044661528 -0.068967 -0.827105 0.020121 0.557437 
520724065229444 -0.068960 -0.827096 0.020116 0.557451 
520724085797308 -0.068956 -0.827096 0.020111 0.557452 
520724106365381 -0.068950 -0.827095 0.020102 0.557454 
520724126933611 -0.068961 -0.827095 0.020119 0.557452 
520724147501423 -0.068957 -0.827078 0.020123 0.557478 
520724168069496 -0.068957 -0.827085 0.020119 0.557468 
520724188637621 -0.068966 -0.827086 0.020130 0.557465 
520724209205694 -0.068978 -0.827090 0.020146 0.557457 
520724229773871 -0.068980 -0.827093 0.020148 0.557452 
520724250341944 -0.068967 -0.827110 0.020119 0.557429 
520724270909808 -0.068968 -0.827150 0.020097 0.557371 
520724291477881 -0.068951 -0.827169 0.020061 0.557347 
520724312045902 -0.068946 -0.827169 0.020053 0.557347 
520724332613923 -0.068950 -0.827152 0.020069 0.557371 
520724353182361 -0.068860 -0.827135 0.019948 0.557412 
520724373750382 -0.068663 -0.827197 0.019716 0.557353 
520724394319757 -0.068567 -0.827208 0.019632 0.557351 
520724414887778 -0.068513 -0.826884 0.019920 0.557828 
520724435454808 -0.068483 -0.826352 0.020483 0.558600 
520724456022881 -0.068819 -0.826150 0.021352 0.558824 
520724476590798 -0.069005 -0.825890 0.022441 0.559142 
520724497158402 -0.068839 -0.825152 0.023592 0.560204 
520724517727152 -0.068530 -0.824609 0.023985 0.561024 
520724538295173 -0.068561 -0.824945 0.024199 0.560517 
520724558864756 -0.068203 -0.825576 0.024527 0.559617 
520724579432777 -0.067021 -0.824856 0.024945 0.560802 
520724599999809 -0.066314 -0.823996 0.025440 0.562125 
520724620567881 -0.065836 -0.823610 0.026246 0.562710 
520724641136683 -0.065291 -0.823366 0.027216 0.563085 
520724661704756 -0.064520 -0.822761 0.028234 0.564007 
520724682271423 -0.063665 -0.822069 0.029113 0.565068 
520724702839496 -0.062905 -0.821715 0.029951 0.565624 
520724723407777 -0.062223 -0.821581 0.030967 0.565840 
520724743975850 -0.061562 -0.821376 0.032066 0.566148 
520724764543298 -0.060992 -0.821258 0.032954 0.566329 
520724785111371 -0.060513 -0.821514 0.033459 0.565979 
520724805680225 -0.060125 -0.821931 0.033755 0.565399 
520724826248245 -0.059819 -0.822257 0.033974 0.564944 
520724846816839 -0.059585 -0.822525 0.034021 0.564576 
520724867385277 -0.059406 -0.822715 0.033900 0.564324 
520724887953350 -0.059345 -0.822764 0.033691 0.564271 
520724908521423 -0.059404 -0.822756 0.033408 0.564295 
520724929089496 -0.059574 -0.822771 0.033051 0.564275 
520724949657048 -0.059812 -0.822728 0.032615 0.564338 
520724970225069 -0.060118 -0.822642 0.032186 0.564456 
520724990793506 -0.060459 -0.822584 0.031716 0.564531 
520725011361579 -0.060778 -0.822565 0.031211 0.564552 
520725031929704 -0.061013 -0.822425 0.030814 0.564753 
520725052497777 -0.061135 -0.822064 0.030508 0.565281 
520725073064964 -0.061284 -0.821675 0.030289 0.565841 
520725093633037 -0.061293 -0.821462 0.030117 0.566160 
520725114201840 -0.061236 -0.821184 0.030009 0.566575 
520725134769913 -0.061244 -0.821203 0.029999 0.566546 
520725155337881 -0.061220 -0.821592 0.030079 0.565981 
520725175905954 -0.061051 -0.821556 0.030330 0.566038 
520725196473923 -0.060784 -0.821059 0.030664 0.566770 
520725217041996 -0.060368 -0.820865 0.030619 0.567096 
520725237610642 -0.060007 -0.821008 0.029643 0.566980 
520725258178351 -0.059861 -0.820079 0.027278 0.568456 
520725278746578 -0.062667 -0.817412 0.025229 0.572078 
520725299314703 -0.064038 -0.818435 0.025513 0.570449 
520725319882829 -0.063872 -0.818405 0.026127 0.570483 
520725340450902 -0.062650 -0.814982 0.027680 0.575425 
520725361019183 -0.061901 -0.809915 0.027899 0.582603 
520725381587256 -0.062732 -0.809410 0.028509 0.583187 
520725402155068 -0.062114 -0.810842 0.028797 0.581246 
520725422723090 -0.060534 -0.810379 0.029098 0.582044 
520725443291318 -0.058921 -0.809754 0.029906 0.583037 
520725463859600 -0.058453 -0.810471 0.030328 0.582066 
520725484427464 -0.058591 -0.810584 0.029876 0.581918 
520725504995069 -0.058735 -0.809532 0.029222 0.583398 
520725525564287 -0.060466 -0.812227 0.026813 0.579579 
520725546132360 -0.062625 -0.813570 0.024298 0.577573 
520725566699548 -0.063696 -0.814300 0.023816 0.576447 
520725587267830 -0.064433 -0.814602 0.023407 0.575955 
520725607835902 -0.065923 -0.814403 0.022222 0.576114 
520725628403713 -0.067173 -0.814357 0.022234 0.576035 
520725648971838 -0.065880 -0.811870 0.024442 0.579594 
520725669539964 -0.062771 -0.808742 0.027918 0.584137 
520725690108089 -0.062379 -0.809881 0.028091 0.582592 
520725710674964 -0.064311 -0.810513 0.026009 0.581598 
520725731243037 -0.065215 -0.810840 0.024502 0.581106 
520725751813557 -0.065523 -0.811963 0.023238 0.579554 
520725772381109 -0.065646 -0.812541 0.024268 0.578687 
520725792947724 -0.065086 -0.810896 0.026213 0.580969 
520725813515797 -0.062697 -0.810209 0.027944 0.582107 
520725834084912 -0.061201 -0.809203 0.028228 0.583650 
520725854652985 -0.060697 -0.806204 0.027659 0.587866 
520725875220798 -0.060456 -0.803004 0.027073 0.592281 
520725895788871 -0.058803 -0.799987 0.026535 0.596538 
520725916357360 -0.057195 -0.797311 0.025819 0.600298 
520725936925433 -0.056408 -0.796529 0.025725 0.601413 
520725957492673 -0.055844 -0.796955 0.025929 0.600893 
520725978060798 -0.054534 -0.796426 0.026450 0.601691 
520725998628141 -0.053334 -0.793147 0.027084 0.606085 
520726019196423 -0.051580 -0.787177 0.027746 0.613940 
520726039764495 -0.050166 -0.781025 0.028767 0.621816 
520726060332568 -0.049449 -0.777856 0.029484 0.625800 
520726080901110 -0.049045 -0.776775 0.030120 0.627143 
520726101469235 -0.049566 -0.774687 0.030956 0.629639 
520726122038297 -0.051482 -0.770492 0.032671 0.634527 
520726142606422 -0.055037 -0.767256 0.034939 0.638020 
520726163174286 -0.058910 -0.764580 0.038131 0.640697 
520726183742411 -0.063163 -0.763096 0.041480 0.641852 
520726204310536 -0.067435 -0.762351 0.045729 0.642014 
520726224878661 -0.072777 -0.762470 0.050428 0.640936 
520726245445954 -0.081781 -0.762523 0.059632 0.638995 
520726266014079 -0.097124 -0.761856 0.075849 0.635917 
520726286581631 -0.115307 -0.760000 0.093969 0.632672 
520726307150692 -0.130036 -0.757459 0.107669 0.630677 
520726327720068 -0.142369 -0.756757 0.118504 0.626903 
520726348288036 -0.151474 -0.756221 0.128385 0.623460 
520726368856161 -0.157562 -0.756449 0.136334 0.619978 
520726389424078 -0.163800 -0.756950 0.147186 0.615250 
520726409992047 -0.172335 -0.757505 0.164443 0.607821 
520726430561839 -0.177801 -0.754723 0.184390 0.603970 
520726451127464 -0.183557 -0.750113 0.197119 0.603971 
520726471696786 -0.189886 -0.744947 0.207849 0.604810 
520726492264912 -0.195328 -0.745538 0.210301 0.601493 
520726512832880 -0.196510 -0.751617 0.209359 0.593821 
520726533401005 -0.194341 -0.756920 0.211518 0.586996 
520726553968922 -0.190307 -0.756549 0.217796 0.586500 
520726574537047 -0.190672 -0.752561 0.222529 0.589727 
520726595104911 -0.191280 -0.747416 0.229504 0.593387 
520726615673036 -0.184250 -0.739804 0.243684 0.599467 
520726636241422 -0.180334 -0.730412 0.256004 0.606993 
520726656809547 -0.180063 -0.722238 0.263909 0.613434 
520726677380172 -0.172453 -0.711399 0.274508 0.623551 
520726697946630 -0.159903 -0.706534 0.284553 0.627910 
520726718513036 -0.145731 -0.708088 0.297056 0.623804 
520726739081161 -0.128437 -0.708519 0.316859 0.617337 
520726759649078 -0.114570 -0.703172 0.338440 0.614721 
520726780217255 -0.101675 -0.695986 0.357053 0.614637 
520726800785485 -0.087382 -0.689455 0.373015 0.614716 
520726821353610 -0.070883 -0.685305 0.389285 0.611383 
520726841921839 -0.054107 -0.680476 0.408833 0.605707 
520726862489964 -0.041009 -0.672809 0.429262 0.601149 
520726883057828 -0.028223 -0.669034 0.444253 0.595178 
520726903625953 -0.009717 -0.674730 0.450368 0.584649 
520726924194494 0.012680 -0.681901 0.451251 0.575519 
520726944762619 0.031993 -0.684336 0.448788 0.573804 
520726965330432 0.048186 -0.681219 0.442793 0.580993 
520726985898610 0.061366 -0.678199 0.432515 0.590941 
520727006466683 0.078999 -0.678165 0.423327 0.595521 
520727027034860 0.104881 -0.676200 0.419086 0.596759 
520727047602985 0.130022 -0.671365 0.414209 0.600661 
520727068171162 0.153050 -0.663086 0.404498 0.610961 
520727088739287 0.177402 -0.649024 0.388110 0.629815 
520727109307412 0.206464 -0.631056 0.362633 0.653941 
520727129875589 0.234153 -0.617320 0.333827 0.672791 
520727150443558 0.250674 -0.602241 0.315399 0.689196 
520727171011683 0.259242 -0.580433 0.305274 0.709012 
520727191580329 0.264219 -0.556386 0.300072 0.728409 
520727212148454 0.268845 -0.529683 0.297297 0.747511 
520727232717256 0.272964 -0.499722 0.295396 0.767144 
520727253284755 0.268096 -0.473865 0.298061 0.784051 
520727273852620 0.254231 -0.454262 0.306681 0.796843 
520727294420797 0.241324 -0.436091 0.311957 0.808870 
520727314988818 0.232338 -0.415936 0.308696 0.823239 
520727335556995 0.232571 -0.390871 0.301431 0.838015 
520727356126370 0.242394 -0.363990 0.290063 0.851246 
520727376693870 0.254456 -0.342009 0.271755 0.862804 
520727397262932 0.260826 -0.320539 0.246570 0.876600 
520727417830745 0.262041 -0.294351 0.216275 0.893262 
520727438398974 0.261257 -0.264495 0.182946 0.910120 
520727458967151 0.259805 -0.235573 0.149931 0.924406 
520727479535327 0.255471 -0.210591 0.119496 0.936006 
520727500103504 0.247138 -0.182350 0.097634 0.946646 
520727520670172 0.236860 -0.146743 0.087405 0.956412 
520727541238349 0.225998 -0.107404 0.085588 0.964398 
520727561806839 0.216892 -0.072491 0.088435 0.969475 
520727582374964 0.211328 -0.045468 0.090995 0.972108 
520727602943297 0.210489 -0.029324 0.085887 0.973375 
520727623511422 0.215999 -0.023992 0.067755 0.973744 
520727644080901 0.225820 -0.015045 0.040877 0.973195 
520727664649078 0.238703 -0.002791 0.016875 0.970942 
520727685216682 0.254147 -0.002479 -0.000243 0.967162 
520727705784859 0.270623 -0.019100 -0.017086 0.962344 
520727726354026 0.281838 -0.048836 -0.034322 0.957604 
520727746921161 0.283654 -0.065929 -0.055954 0.955020 
520727767489338 0.279245 -0.062214 -0.078804 0.954956 
520727788056682 0.273454 -0.055639 -0.087635 0.956267 
520727808624859 0.268936 -0.058850 -0.086393 0.957469 
520727829193504 0.265861 -0.069640 -0.089015 0.957363 
520727849761681 0.264318 -0.074063 -0.097876 0.956594 
520727870328557 0.266349 -0.059963 -0.100658 0.956729 
520727890896682 0.269933 -0.034087 -0.089588 0.958096 
520727911464807 0.272988 -0.008862 -0.074012 0.959125 
520727932032985 0.276354 0.012572 -0.062137 0.958963 
520727952601058 0.279869 0.032099 -0.052151 0.958083 
520727973169235 0.282646 0.048087 -0.039304 0.957212 
520727993737516 0.288132 0.061944 -0.020961 0.955355 
520728014305693 0.302844 0.082084 -0.002337 0.949496 
520728034873713 0.319646 0.089627 0.011481 0.943219 
520728055441890 0.336929 0.084789 0.015442 0.937577 
520728076010067 0.349896 0.069098 0.016031 0.934099 
520728096578192 0.357414 0.049240 0.012382 0.932565 
520728117147828 0.359672 0.026399 0.007578 0.932675 
520728137716005 0.356884 0.005803 0.003343 0.934125 
520728158283505 0.348161 -0.010596 0.003188 0.937369 
520728178851630 0.335138 -0.024336 0.009718 0.941805 
520728199420692 0.322725 -0.034715 0.019677 0.945651 
520728219987985 0.313304 -0.042267 0.030010 0.948237 
520728240556213 0.306118 -0.047199 0.036577 0.950119 
520728261124338 0.299173 -0.053002 0.039475 0.951908 
520728281693921 0.290343 -0.062260 0.041313 0.954001 
520728302262098 0.281396 -0.069106 0.042748 0.956145 
520728322828765 0.276057 -0.068359 0.047256 0.957542 
520728343396318 0.276101 -0.064074 0.057219 0.957282 
520728363964547 0.283945 -0.064863 0.069693 0.954102 
520728384532724 0.301495 -0.072937 0.078538 0.947424 
520728405100953 0.322657 -0.083704 0.080127 0.939397 
520728425669130 0.340714 -0.092247 0.077949 0.932378 
520728446237254 0.351699 -0.093634 0.076338 0.928285 
520728466806473 0.354617 -0.088013 0.078611 0.927535 
520728487374651 0.352299 -0.079280 0.084143 0.928719 
520728507942464 0.348354 -0.071312 0.089415 0.930360 
520728528510641 0.344083 -0.067783 0.092184 0.931941 
520728549078244 0.339805 -0.069786 0.092645 0.933316 
520728569646421 0.335814 -0.073929 0.091927 0.934512 
520728590214650 0.333149 -0.076806 0.091042 0.935320 
520728610782827 0.331921 -0.077799 0.089958 0.935780 
520728631351473 0.331071 -0.077802 0.089204 0.936152 
520728651919650 0.330489 -0.078154 0.088943 0.936354 
520728672487983 0.331036 -0.078775 0.088229 0.936176 
520728693056160 0.332610 -0.078586 0.086420 0.935803 
520728713623714 0.334330 -0.078101 0.084986 0.935361 
520728734191891 0.335091 -0.078006 0.084531 0.935138 
520728754759963 0.334667 -0.078225 0.085435 0.935189 
520728775328140 0.334319 -0.079312 0.087741 0.935009 
520728795896630 0.335086 -0.080974 0.089548 0.934421 
520728816464807 0.337746 -0.081869 0.089997 0.933341 
520728837033036 0.341392 -0.082089 0.089337 0.932058 
520728857601056 0.344506 -0.082175 0.088901 0.930946 
520728878169025 0.346417 -0.082218 0.089515 0.930173 
520728898738192 0.347417 -0.082750 0.091709 0.929539 
520728919306526 0.348293 -0.083600 0.093837 0.928923 
520728939874598 0.349410 -0.083370 0.094187 0.928489 
520728960442359 0.350397 -0.081365 0.093419 0.928372 
520728981010536 0.350865 -0.078725 0.093313 0.928434 
520729001579025 0.351058 -0.077108 0.094835 0.928342 
520729022147202 0.351452 -0.077476 0.097160 0.927922 
520729042715744 0.351742 -0.079165 0.098637 0.927513 
520729063284650 0.351083 -0.081110 0.098541 0.927605 
520729083851681 0.350014 -0.081451 0.097420 0.928098 
520729104419858 0.349399 -0.080062 0.096772 0.928518 
520729124989234 0.349631 -0.078350 0.096856 0.928568 
520729145557463 0.350481 -0.077222 0.097614 0.928263 
520729166125744 0.351315 -0.077218 0.098312 0.927874 
520729186693921 0.351102 -0.078155 0.098220 0.927886 
520729207262411 0.349826 -0.078708 0.097822 0.928363 
520729227829337 0.348677 -0.078169 0.097677 0.928856 
520729248397514 0.348486 -0.077174 0.097688 0.929009 
520729268965119 0.348698 -0.075982 0.097573 0.929040 
520729289533296 0.349037 -0.074871 0.097609 0.928999 
520729310102150 0.349245 -0.074278 0.097720 0.928957 
520729330670327 0.349236 -0.074155 0.098076 0.928933 
520729351237776 0.348829 -0.073978 0.098499 0.929055 
520729371806005 0.348212 -0.073173 0.099003 0.929297 
520729392374234 0.348295 -0.069583 0.098901 0.929552 
520729412942150 0.350889 -0.066252 0.100092 0.928692 
520729433510900 0.355044 -0.067505 0.100901 0.926934 
520729454079129 0.357421 -0.071969 0.101244 0.925646 
520729474646734 0.358106 -0.074227 0.100117 0.925325 
520729495214911 0.357051 -0.073252 0.099361 0.925892 
520729515783140 0.354767 -0.069531 0.098892 0.927106 
520729536351317 0.351352 -0.066511 0.099061 0.928609 
520729556919702 0.347936 -0.065347 0.099980 0.929879 
