# Created at Thu Nov 07 17:57:59 EST 2019 in Burnaby Canada 
520723551028246 9.019360 -1.084560 -3.693951 
520723571596267 9.019107 -1.084138 -3.694692 
520723592164964 9.018838 -1.083828 -3.695438 
520723612732257 9.018491 -1.083256 -3.696453 
520723633300486 9.018231 -1.083351 -3.697060 
520723653868350 9.017926 -1.083098 -3.697877 
520723674436528 9.017695 -1.083094 -3.698440 
520723695004601 9.017788 -1.082120 -3.698500 
520723715572986 9.018086 -1.081435 -3.697974 
520723736141007 9.017914 -1.081426 -3.698398 
520723756708506 9.017713 -1.081093 -3.698986 
520723777276579 9.017643 -1.081138 -3.699140 
520723797845016 9.017242 -1.081204 -3.700098 
520723818412777 9.017395 -1.081223 -3.699720 
520723838980850 9.017707 -1.080913 -3.699051 
520723859548819 9.017557 -1.081610 -3.699211 
520723880117048 9.017226 -1.081842 -3.699950 
520723900684965 9.016849 -1.081453 -3.700984 
520723921253454 9.016523 -1.081006 -3.701908 
520723941821371 9.016502 -1.080900 -3.701988 
520723962389444 9.016169 -1.081326 -3.702678 
520723982957100 9.015545 -1.080997 -3.704293 
520724003525642 9.015420 -1.080809 -3.704651 
520724024093298 9.015502 -1.080561 -3.704524 
520724044661528 9.015667 -1.080425 -3.704162 
520724065229444 9.015814 -1.080303 -3.703840 
520724085797412 9.015836 -1.080180 -3.703823 
520724106365381 9.015877 -1.079961 -3.703785 
520724126933506 9.015814 -1.080356 -3.703826 
520724147501371 9.016047 -1.080412 -3.703243 
520724168069496 9.015959 -1.080330 -3.703477 
520724188637621 9.015909 -1.080605 -3.703521 
520724209205694 9.015792 -1.080983 -3.703695 
520724229774236 9.015744 -1.081027 -3.703800 
520724250341944 9.015603 -1.080402 -3.704324 
520724270910121 9.015118 -1.079997 -3.705623 
520724291477881 9.014990 -1.079189 -3.706169 
520724312046266 9.015009 -1.079008 -3.706176 
520724332613923 9.015195 -1.079335 -3.705632 
520724353182881 9.015864 -1.076444 -3.704842 
520724373750382 9.015973 -1.070467 -3.706306 
520724394319757 9.016216 -1.068055 -3.706411 
520724414887778 9.020048 -1.072644 -3.695749 
520724435455850 9.025983 -1.082277 -3.678410 
520724456022881 9.026102 -1.100250 -3.672782 
520724476590798 9.026854 -1.120260 -3.664878 
520724497158402 9.034468 -1.138174 -3.640513 
520724517727100 9.041379 -1.141983 -3.622118 
520724538295173 9.036566 -1.145262 -3.633076 
520724558864288 9.028663 -1.145739 -3.652521 
520724579432777 9.039950 -1.140729 -3.626076 
520724600000381 9.051585 -1.142262 -3.596449 
520724620567881 9.055969 -1.150584 -3.582731 
520724641136423 9.058371 -1.160575 -3.573427 
520724661704756 9.065692 -1.169332 -3.551943 
520724682271319 9.074512 -1.174991 -3.527467 
520724702839496 9.078947 -1.180555 -3.514171 
520724723409184 9.080099 -1.189548 -3.508158 
520724743975850 9.081863 -1.200168 -3.499962 
520724764543299 9.082775 -1.208284 -3.494801 
520724785111371 9.079695 -1.210844 -3.501912 
520724805679965 9.074859 -1.210890 -3.514408 
520724826248245 9.071081 -1.210729 -3.524202 
520724846817047 9.068213 -1.208632 -3.532296 
520724867385433 9.066522 -1.204540 -3.538033 
520724887953350 9.066502 -1.200452 -3.539469 
520724908521995 9.067072 -1.196572 -3.539324 
520724929089496 9.067233 -1.192671 -3.540226 
520724949657256 9.068129 -1.188326 -3.539393 
520724970225069 9.069391 -1.184859 -3.537323 
520724990793819 9.070293 -1.181103 -3.536264 
520725011361579 9.070827 -1.176520 -3.536422 
520725031929704 9.072847 -1.172866 -3.532453 
520725052497777 9.077661 -1.169701 -3.521117 
520725073064912 9.082560 -1.168264 -3.508940 
520725093633037 9.085520 -1.165850 -3.502072 
520725114201892 9.089282 -1.163810 -3.492977 
520725134769913 9.089042 -1.163713 -3.493635 
520725155338818 9.084170 -1.164297 -3.506086 
520725175905954 9.084494 -1.166500 -3.504518 
520725196474235 9.090514 -1.169483 -3.487872 
520725217041996 9.093926 -1.164412 -3.480664 
520725237610642 9.095013 -1.144624 -3.484390 
520725258178351 9.111284 -1.106162 -3.454169 
520725278747100 9.140637 -1.107621 -3.375248 
520725299314703 9.124928 -1.126013 -3.411475 
520725319882881 9.124453 -1.134045 -3.410088 
520725340450902 9.163852 -1.149517 -3.297395 
520725361018922 9.220851 -1.150515 -3.134103 
520725381587256 9.223139 -1.170123 -3.120081 
520725402155068 9.208650 -1.166073 -3.164083 
520725422723090 9.216576 -1.153530 -3.145551 
520725443291318 9.225204 -1.148747 -3.121923 
520725463859600 9.217749 -1.149413 -3.143617 
520725484427464 9.217131 -1.143691 -3.147516 
520725504995069 9.229303 -1.136038 -3.114444 
520725525563766 9.201159 -1.114496 -3.204208 
520725546132360 9.186377 -1.097151 -3.252249 
520725566700120 9.176743 -1.100520 -3.278208 
520725587267673 9.172474 -1.101834 -3.289689 
520725607835902 9.173618 -1.099855 -3.287162 
520725628403871 9.171271 -1.114038 -3.288933 
520725648971838 9.197554 -1.138114 -3.206259 
520725669541995 9.231276 -1.161991 -3.098987 
520725690108089 9.219769 -1.158996 -3.134164 
520725710675433 9.212761 -1.147058 -3.159063 
520725731243037 9.210143 -1.132942 -3.171766 
520725751813557 9.199693 -1.114870 -3.208286 
520725772381109 9.191063 -1.131834 -3.227027 
520725792947933 9.206466 -1.158540 -3.173191 
520725813515797 9.215835 -1.159878 -3.145388 
520725834085381 9.229315 -1.148592 -3.109803 
520725854652985 9.262593 -1.137193 -3.013560 
520725875221683 9.296059 -1.128675 -2.912003 
520725895788871 9.329321 -1.104341 -2.813286 
520725916357777 9.358429 -1.077170 -2.725782 
520725936925433 9.367152 -1.067264 -2.699594 
520725957493142 9.364104 -1.063438 -2.711650 
520725978060798 9.370452 -1.056729 -2.692275 
520725998628141 9.400075 -1.055326 -2.587521 
520726019196423 9.450633 -1.049466 -2.398864 
520726039764860 9.496977 -1.052479 -2.206831 
520726060332568 9.518811 -1.056754 -2.108529 
520726080901163 9.525621 -1.062146 -2.074791 
520726101469235 9.536744 -1.082448 -2.012263 
520726122038245 9.555913 -1.134432 -1.888912 
520726142606422 9.563471 -1.214484 -1.798737 
520726163174964 9.563801 -1.312078 -1.727005 
520726183742411 9.555106 -1.415977 -1.692729 
520726204311266 9.539059 -1.532881 -1.681377 
520726224878661 9.512941 -1.669001 -1.699637 
520726245446474 9.460900 -1.916776 -1.728508 
520726266013506 9.357697 -2.344746 -1.762394 
520726286581631 9.218168 -2.831522 -1.782759 
520726307150692 9.094906 -3.208065 -1.778031 
520726327720068 8.973900 -3.509416 -1.823049 
520726348288245 8.865734 -3.756447 -1.859637 
520726368856161 8.776956 -3.938646 -1.903291 
520726389424078 8.661317 -4.161760 -1.957483 
520726409992047 8.474668 -4.497619 -2.030230 
520726430561839 8.297317 -4.835661 -1.985271 
520726451127464 8.176085 -5.074443 -1.889988 
520726471696786 8.062720 -5.289346 -1.784868 
520726492264912 7.989633 -5.379460 -1.843247 
520726512832880 7.947024 -5.375018 -2.030859 
520726533401005 7.908125 -5.377564 -2.171117 
520726553969756 7.889791 -5.420897 -2.129663 
520726574537047 7.872292 -5.489971 -2.014356 
520726595105641 7.837630 -5.590539 -1.867569 
520726615673036 7.817652 -5.702169 -1.593729 
520726636242047 7.790183 -5.814352 -1.294902 
520726656809547 7.757551 -5.904824 -1.060114 
520726677380172 7.771854 -5.939263 -0.702726 
520726697946630 7.808817 -5.912439 -0.485602 
520726718513088 7.814287 -5.908500 -0.443777 
520726739081161 7.780569 -5.958318 -0.362748 
520726759648974 7.717420 -6.048945 -0.148606 
520726780217255 7.678125 -6.099680 0.103284 
520726800785849 7.673203 -6.097620 0.333735 
520726821353610 7.676457 -6.082395 0.496858 
520726841921942 7.650125 -6.099231 0.667352 
520726862489964 7.587504 -6.148061 0.895272 
520726883058088 7.563988 -6.158926 1.011983 
520726903625953 7.651216 -6.071452 0.875646 
520726924195067 7.809405 -5.892060 0.683520 
520726944762619 7.983251 -5.663607 0.601363 
520726965331421 8.181098 -5.367051 0.659372 
520726985898610 8.381101 -5.041944 0.711576 
520727006467256 8.576979 -4.707974 0.663943 
520727027035172 8.776606 -4.330556 0.622797 
520727047602985 8.965618 -3.922395 0.634748 
520727068171110 9.159970 -3.426625 0.723582 
520727088739287 9.367637 -2.749046 0.927633 
520727109307725 9.562341 -1.840258 1.159953 
520727129875589 9.679046 -0.952077 1.256983 
520727150443349 9.691416 -0.337018 1.460565 
520727171011683 9.623743 0.129732 1.880730 
520727191580641 9.503850 0.500211 2.365806 
520727212148454 9.333397 0.853015 2.886253 
520727232717256 9.100395 1.211851 3.447407 
520727253284755 8.854292 1.352545 3.992810 
520727273853088 8.628748 1.240910 4.491686 
520727294420797 8.394954 1.160280 4.934459 
520727314989026 8.122584 1.233136 5.354753 
520727335556995 7.799432 1.511736 5.749254 
520727356126370 7.456079 1.976176 6.055741 
520727376693870 7.143881 2.483102 6.242559 
520727397262932 6.772396 2.934244 6.457187 
520727417830745 6.268509 3.342310 6.760558 
520727438399964 5.658797 3.714504 7.095834 
520727458967151 5.035095 4.017695 7.394344 
520727479534755 4.464817 4.196415 7.656754 
520727500103504 3.858911 4.239387 7.956557 
520727520670327 3.158704 4.191549 8.283954 
520727541238349 2.410919 4.094469 8.578647 
520727561807255 1.754585 3.998376 8.780934 
520727582374964 1.244057 3.948084 8.890182 
520727602944183 0.914400 3.969062 8.920807 
520727623511422 0.745258 4.093346 8.880287 
520727644080849 0.468222 4.298293 8.802036 
520727664649078 0.132155 4.544785 8.688951 
520727685216735 0.045808 4.820994 8.539689 
520727705784859 0.269816 5.114347 8.363076 
520727726353193 0.727503 5.326287 8.201939 
520727746921369 0.923638 5.385499 8.143321 
520727767489338 0.733659 5.326366 8.201338 
520727788056838 0.573532 5.224420 8.279305 
520727808624859 0.649444 5.150093 8.320166 
520727829193297 0.843474 5.113666 8.325225 
520727849761681 0.882156 5.101291 8.328806 
520727870328661 0.599352 5.116323 8.344724 
520727890896682 0.166240 5.132318 8.354763 
520727911465223 -0.229570 5.148214 8.343475 
520727932032985 -0.573244 5.182458 8.305655 
520727952601474 -0.889435 5.226243 8.250193 
520727973169235 -1.120678 5.269345 8.194417 
520727993737985 -1.279140 5.373450 8.103100 
520728014305693 -1.542521 5.636024 7.875674 
520728034874078 -1.586087 5.933515 7.645136 
520728055441890 -1.457140 6.221455 7.439127 
520728076010797 -1.155913 6.432086 7.311806 
520728096578192 -0.813838 6.549300 7.253600 
520728117148713 -0.429465 6.583333 7.255733 
520728137716005 -0.082907 6.538942 7.307925 
520728158284077 0.216573 6.400249 7.426998 
520728178851630 0.513413 6.185993 7.592120 
520728199420692 0.768429 5.972293 7.740259 
520728219987985 0.970488 5.801970 7.846380 
520728240556370 1.099155 5.670634 7.925034 
520728261124338 1.221177 5.544540 7.996073 
520728281693036 1.400214 5.382195 8.077238 
520728302262098 1.531890 5.219129 8.159925 
520728322828765 1.539681 5.121147 8.220318 
520728343396318 1.512884 5.112016 8.230969 
520728363965432 1.601917 5.224826 8.142817 
520728384532724 1.819751 5.490064 7.919475 
520728405100952 2.049294 5.813302 7.627340 
520728425669130 2.207815 6.089615 7.362915 
520728446237567 2.231344 6.263100 7.208680 
520728466806108 2.147896 6.315505 7.188277 
520728487374651 2.025522 6.286378 7.249075 
520728507941839 1.912171 6.231501 7.326827 
520728528510641 1.861081 6.166746 7.394457 
520728549078296 1.894909 6.093462 7.446437 
520728569646421 1.960516 6.021795 7.487639 
520728590214911 2.003866 5.974374 7.514104 
520728610782827 2.013538 5.954718 7.527111 
520728631351525 2.007760 5.942689 7.538152 
520728651919650 2.011823 5.933086 7.544630 
520728672488764 2.019278 5.942002 7.535617 
520728693056160 2.006152 5.971573 7.515721 
520728713624182 1.990092 6.003275 7.494705 
520728734191891 1.986282 6.016627 7.485003 
520728754760380 1.995611 6.007443 7.489896 
520728775328140 2.029807 5.994453 7.491115 
520728795896473 2.072535 5.998926 7.475819 
520728816464807 2.094860 6.038239 7.437850 
520728837033036 2.098829 6.097057 7.388586 
520728857601056 2.101123 6.147018 7.346417 
520728878169025 2.108172 6.175601 7.320380 
520728898738192 2.133548 6.185031 7.305050 
520728919306526 2.164139 6.191772 7.290326 
520728939874598 2.163703 6.208995 7.275793 
520728960442203 2.123538 6.231104 7.268722 
520728981010536 2.075702 6.245042 7.270578 
520729001578661 2.056951 6.248589 7.272859 
520729022147202 2.079780 6.248641 7.266319 
520729042715744 2.120616 6.245597 7.257128 
520729063284650 2.154214 6.230633 7.260094 
520729083853191 2.151430 6.215696 7.273709 
520729104419858 2.121202 6.211054 7.286541 
520729124989182 2.091116 6.218734 7.288688 
520729145557463 2.076938 6.233114 7.280453 
520729166125744 2.082681 6.244576 7.268981 
520729186693921 2.098710 6.239112 7.269063 
520729207262411 2.104317 6.218713 7.284905 
520729227829858 2.092054 6.202412 7.302313 
520729248397514 2.073884 6.201883 7.307943 
520729268965275 2.051818 6.208404 7.308635 
520729289533296 2.032419 6.216381 7.307275 
520729310102932 2.022699 6.220849 7.306170 
520729330670327 2.022844 6.220241 7.306646 
520729351238192 2.021906 6.213384 7.312738 
520729371806005 2.009843 6.204631 7.323487 
520729392374234 1.944219 6.214997 7.332408 
520729412942150 1.895613 6.261276 7.305714 
520729433511941 1.929881 6.321184 7.244900 
520729454079129 2.016327 6.346061 7.199468 
520729474646734 2.050306 6.353405 7.183374 
520729495214911 2.026053 6.341230 7.200993 
520729515783556 1.952434 6.316082 7.243308 
520729536351317 1.894022 6.269979 7.298660 
520729556919702 1.874076 6.217513 7.348521 
