# Created at Thu Nov 07 17:57:59 EST 2019 in Burnaby Canada 
520723551028142 -0.001353 0.001812 -0.001938 
520723571596267 -0.001659 0.000590 -0.002243 
520723592165017 0.000479 -0.000021 -0.002243 
520723612732257 -0.001964 -0.000021 -0.002854 
520723633300486 -0.003491 0.003033 -0.002854 
520723653868350 -0.003491 0.003339 -0.004381 
520723674436320 -0.003186 0.003644 -0.001632 
520723695004601 -0.005935 0.006088 -0.002854 
520723715572986 -0.006546 0.007004 -0.001327 
520723736141007 -0.005324 0.002422 -0.002854 
520723756708662 -0.004102 0.001201 -0.004076 
520723777276579 -0.001048 0.001812 -0.001327 
520723797845016 -0.000437 -0.001548 -0.001938 
520723818412777 0.002312 0.004255 -0.003465 
520723838980850 0.002006 0.005782 -0.003159 
520723859548819 0.003228 0.000590 0.000200 
520723880117048 0.002617 0.000590 -0.002548 
520723900684965 0.000785 0.000590 -0.003159 
520723921253454 -0.001659 -0.000937 -0.004076 
520723941821371 -0.001659 0.002728 -0.003465 
520723962389444 -0.003186 -0.001854 -0.001632 
520723982957100 -0.003797 -0.002464 -0.002243 
520724003525642 -0.004713 0.002422 -0.001938 
520724024093298 -0.002881 0.004866 -0.001938 
520724044661528 -0.003491 0.002728 -0.002243 
520724065229444 -0.001964 0.004866 -0.003465 
520724085797412 -0.001353 0.002117 -0.004076 
520724106365381 -0.001659 0.003950 -0.002548 
520724126933506 -0.000437 0.003033 -0.002548 
520724147501371 -0.004102 0.005171 -0.001632 
520724168069496 -0.001659 0.002728 -0.002548 
520724188637882 -0.001964 0.001506 -0.001327 
520724209205694 -0.001048 0.001201 -0.000410 
520724229774236 -0.002575 0.001201 -0.002243 
520724250341944 -0.003491 -0.000937 -0.003465 
520724270910121 -0.003491 -0.003075 -0.002548 
520724291477881 -0.004713 -0.000326 -0.002243 
520724312046266 -0.001353 0.002728 -0.004076 
520724332613923 0.004755 0.003644 -0.004686 
520724353182256 -0.001048 0.007309 -0.019653 
520724373750382 -0.008989 -0.001243 -0.029426 
520724394320434 0.005366 -0.001548 -0.012017 
520724414887778 0.038047 0.042129 0.021581 
520724435455850 0.045683 0.061982 0.033493 
520724456022881 0.071034 0.019527 0.061898 
520724476590798 0.101883 0.035715 0.082667 
520724497158402 0.080808 0.085500 0.064341 
520724517727100 0.041102 0.078475 -0.002854 
520724538295173 0.053319 -0.035146 -0.023623 
520724558864288 0.076837 -0.072714 -0.016904 
520724579432777 0.072256 0.073894 -0.020569 
520724600000381 0.095163 0.089776 -0.012017 
520724620567881 0.110435 0.055873 -0.003159 
520724641136423 0.120514 0.050681 0.000200 
520724661704756 0.124179 0.090387 -0.006519 
520724682271319 0.123568 0.105048 -0.020264 
520724702839496 0.123263 0.069923 -0.026983 
520724723409184 0.118071 0.044572 -0.025456 
520724743975850 0.102188 0.053430 -0.026983 
520724764543299 0.082335 0.048543 -0.027899 
520724785111371 0.056373 0.010669 -0.030037 
520724805679965 0.034382 -0.013765 -0.031870 
520724826248245 0.016056 -0.016209 -0.029426 
520724846817047 0.002312 -0.010711 -0.023623 
520724867385433 -0.010822 0.004866 -0.015987 
520724887953350 -0.022734 0.016167 -0.011406 
520724908521995 -0.035256 0.017694 -0.010490 
520724929089496 -0.047474 0.016778 -0.008963 
520724949657256 -0.052361 0.020443 -0.006214 
520724970225069 -0.055720 0.014945 0.000200 
520724990793819 -0.055415 0.003033 0.006004 
520725011361579 -0.048085 -0.008879 0.007836 
520725031929704 -0.037700 -0.002464 0.009974 
520725052497777 -0.030675 0.024108 0.005087 
520725073065121 -0.012044 0.018305 0.003866 
520725093633037 -0.008378 0.012196 -0.001632 
520725114201892 0.005671 0.023803 0.000506 
520725134769913 0.016667 -0.024761 0.008142 
520725155338818 0.015445 -0.056526 0.003866 
520725175905954 0.027357 0.001201 0.001422 
520725196474392 0.040185 0.058927 -0.004076 
520725217041996 -0.021512 0.042129 -0.023318 
520725237610642 -0.180031 0.018916 -0.060581 
520725258178351 -0.412160 0.210727 -0.039506 
520725278747100 0.009642 0.299608 0.003866 
520725299314703 0.046905 -0.047363 0.022192 
520725319882881 0.115933 0.117265 -0.005297 
520725340450902 0.047516 0.486227 0.025551 
520725361018922 0.142505 0.660324 0.069534 
520725381587256 0.151974 0.109324 0.028300 
520725402155068 0.068285 -0.186640 -0.057221 
520725422723090 0.144032 0.087638 -0.121667 
520725443291318 0.089055 0.096496 -0.064857 
520725463859600 -0.054499 -0.106311 0.022497 
520725484427464 -0.087791 -0.007351 -0.002854 
520725504995069 -0.157429 0.189347 0.007225 
520725525563766 -0.391085 -0.425183 0.017305 
520725546132360 -0.159567 -0.218711 -0.024845 
520725566700120 -0.091761 -0.133800 0.050597 
520725587267673 -0.188583 -0.045225 0.071061 
520725607835902 -0.092678 0.014640 0.027078 
520725628403871 0.162969 -0.032397 0.015167 
520725648971838 0.463515 0.398263 -0.029121 
520725669541995 0.224667 0.507608 0.054262 
520725690108089 -0.276243 -0.139909 0.078697 
520725710675172 -0.181864 -0.100508 0.001117 
520725731243037 -0.097259 -0.062635 -0.039811 
520725751813557 -0.004713 -0.177172 -0.086542 
520725772381109 0.105853 -0.097148 0.043572 
520725792947933 0.340425 0.226610 -0.000410 
520725813515797 0.129372 0.122763 -0.034619 
520725834085380 -0.049612 0.211033 -0.047142 
520725854652985 -0.010211 0.496612 -0.057526 
520725875221683 0.111962 0.511884 -0.077074 
520725895788871 0.084473 0.520130 -0.158319 
520725916357777 0.090582 0.449881 -0.174507 
520725936925433 0.079281 0.138951 -0.081045 
520725957493142 0.097301 -0.052861 -0.045004 
520725978060798 0.054235 0.104437 -0.042560 
520725998628141 0.121736 0.511578 -0.037368 
520726019196423 0.199621 0.929410 -0.084710 
520726039764860 0.223139 0.948957 -0.045614 
520726060332568 0.153806 0.499361 -0.016293 
520726080901163 0.008726 0.205535 0.020359 
520726101469235 -0.049306 0.333206 0.108934 
520726122038245 -0.014487 0.615425 0.264705 
520726142606422 0.024914 0.453241 0.395735 
520726163174964 0.039574 0.380548 0.486143 
520726183742411 0.074088 0.171021 0.530431 
520726204311266 0.034688 0.069618 0.597932 
520726224878661 0.021249 -0.095010 0.674595 
520726245446474 0.074699 -0.157319 1.243921 
520726266014079 0.123568 -0.198857 2.175490 
520726286581631 0.156250 -0.150599 2.509327 
520726307149704 0.172132 -0.038200 1.991619 
520726327720068 0.163275 -0.307286 1.607691 
520726348288245 0.244825 -0.289571 1.294012 
520726368856161 0.328514 -0.387004 0.916803 
520726389424078 0.577746 -0.558046 1.080820 
520726409992047 0.832171 -0.800865 1.652895 
520726430561839 0.637000 -0.075463 1.747579 
520726451127464 0.498334 0.222028 1.286987 
520726471696786 0.385935 0.363444 1.199633 
520726492264912 0.108908 -0.394640 0.549673 
520726512832828 -0.074963 -1.044294 0.050291 
520726533401005 0.081724 -0.902574 0.000200 
520726553969756 0.193207 0.094358 0.193845 
520726574537047 0.493447 0.318240 0.260734 
520726595105641 1.255806 -0.057137 0.272341 
520726615673036 1.348657 0.653910 0.339230 
520726636242047 1.156846 1.074185 0.493779 
520726656809547 1.326056 0.581828 0.405509 
520726677380172 2.145836 0.592518 0.022802 
520726697946630 2.236244 -0.301483 -0.257279 
520726718513088 2.237466 -1.321016 -0.173285 
520726739081161 2.029466 -1.010086 0.137340 
520726759648974 2.140033 -0.350352 0.438190 
520726780217255 2.199592 -0.197941 0.299524 
520726800785849 2.420114 -0.473136 0.086943 
520726821353610 2.458293 -0.882415 0.056705 
520726841921942 2.273201 -0.669529 0.270508 
520726862489964 2.254875 -0.304843 0.517297 
520726883058088 2.001672 -0.822245 0.342896 
520726903625953 1.170285 -1.655159 -0.320198 
520726924195067 0.450992 -1.404704 -0.957636 
520726944762619 0.118071 -0.550716 -1.302469 
520726965331421 0.134259 0.248906 -1.713886 
520726985898610 0.629059 -0.135022 -1.811930 
520727006467256 1.186168 -0.990844 -1.791160 
520727027034808 1.077739 -0.839960 -1.974114 
520727047602985 0.618674 -0.267885 -2.121638 
520727068171162 0.226194 0.338398 -2.561461 
520727088739287 0.111046 0.974003 -3.460043 
520727109307725 0.279339 1.062578 -4.550742 
520727129875589 0.339204 0.393681 -4.412381 
520727150443870 0.264373 0.960564 -3.126816 
520727171011683 0.404566 2.038740 -2.330248 
520727191580641 0.503832 2.436413 -1.804905 
520727212148454 0.558504 2.703055 -1.681510 
520727232717256 0.521852 3.032311 -1.690979 
520727253284755 0.137313 3.011237 -0.665642 
520727273853088 -0.626268 2.685340 0.294026 
520727294420797 -1.023330 2.408924 -0.142742 
520727314989026 -0.548383 2.419614 -0.727645 
520727335556995 0.146781 2.444965 -1.546509 
520727356126370 0.410980 2.091580 -2.615522 
520727376693870 0.082335 1.354877 -3.336037 
520727397262932 -0.463473 1.386947 -3.661323 
520727417830745 -0.773792 1.935199 -3.923689 
520727438399964 -0.773486 2.344478 -3.995771 
520727458967151 -0.713927 2.265065 -3.787466 
520727479534755 -0.611302 2.227192 -2.858341 
520727500103504 -0.584118 2.882955 -1.719078 
520727520670327 -0.655590 3.695711 -1.010781 
520727541238349 -0.722785 4.044820 -0.642429 
520727561807255 -0.634209 3.479465 -0.545913 
520727582374964 -0.443009 2.385100 -1.087750 
520727602944183 -0.103673 0.971559 -2.081627 
520727623511422 0.465042 -0.131357 -2.613079 
520727644080849 0.991913 0.431860 -2.492738 
520727664649078 1.344381 0.858244 -2.086819 
520727685216735 1.546883 -0.449923 -1.795131 
520727705784859 1.641873 -2.073907 -1.402345 
520727726353193 1.171812 -3.376270 -1.085306 
520727746921057 0.272619 -2.053137 -1.407537 
520727767489338 -0.348630 0.492947 -1.065758 
520727788056838 -0.569152 0.764782 -0.281714 
520727808624859 -0.457669 -0.559573 -0.184892 
520727829193297 -0.278381 -1.344840 -0.359904 
520727849761681 -0.050833 -0.184197 0.059760 
520727870328661 0.208479 2.043016 0.670930 
520727890896682 0.174270 2.951677 0.709720 
520727911465223 0.086611 2.590045 0.412229 
520727932032985 0.161137 2.244601 0.337703 
520727952601474 0.211227 2.253459 0.577468 
520727973169235 0.136091 2.119374 1.159622 
520727993738037 0.448854 1.841431 1.407022 
520728014305693 1.497098 2.066535 0.666043 
520728034873453 1.808028 0.493252 0.225610 
520728055441890 1.775652 -0.637153 0.277533 
520728076010797 1.284822 -1.753203 0.353586 
520728096578192 0.675485 -2.091927 0.304716 
520728117148088 0.132426 -2.208908 0.484922 
520728137716005 -0.356571 -1.747400 0.730184 
520728158283713 -0.911542 -1.091025 1.103728 
520728178851630 -1.326930 -0.815525 1.424432 
520728199420692 -1.233773 -0.568431 1.387780 
520728219987985 -0.934144 -0.508566 0.975751 
520728240556370 -0.741111 -0.411438 0.468123 
520728261124338 -0.729810 -0.507344 0.311741 
520728281693036 -0.896270 -0.773070 0.490419 
520728302262098 -0.821745 -0.332942 0.768057 
520728322828765 -0.356571 0.517687 0.962312 
520728343396318 0.187709 0.761422 0.995299 
520728363965432 0.866074 -0.012849 0.827922 
520728384532724 1.704486 -1.056817 0.402455 
520728405100952 2.062759 -1.356752 0.089081 
520728425669130 1.827575 -0.957857 0.063730 
520728446237567 1.213046 -0.019874 0.157498 
520728466805431 0.418311 0.773028 0.232024 
520728487374651 -0.176366 0.986831 0.159025 
520728507941839 -0.418879 0.755313 -0.051418 
520728528510641 -0.501041 0.270287 -0.127776 
520728549078296 -0.513564 -0.205882 0.004171 
520728569646421 -0.459807 -0.341494 0.114127 
520728590214911 -0.294263 -0.237037 0.053957 
520728610782827 -0.117112 -0.069660 -0.025150 
520728631351681 -0.073435 0.015556 -0.038895 
520728651919650 -0.070381 -0.058053 -0.038284 
520728672488140 0.026746 -0.133495 -0.104868 
520728693056160 0.160220 -0.033313 -0.146407 
520728713624182 0.192291 0.021970 -0.098760 
520728734191891 0.101883 0.044878 0.040212 
520728754760380 -0.010516 0.072366 0.186820 
520728775328140 -0.027621 -0.060191 0.217363 
520728795896473 0.067369 -0.162816 0.149251 
520728816464807 0.260402 -0.142963 -0.006519 
520728837033192 0.382270 -0.067827 -0.062108 
520728857601056 0.341647 -0.007962 0.015472 
520728878169025 0.233524 0.064120 0.151389 
520728898738192 0.121430 -0.006435 0.208811 
520728919306526 0.069201 -0.106006 0.117181 
520728939874598 0.096385 -0.016209 -0.031565 
520728960442203 0.125096 0.197899 -0.096316 
520728981010536 0.099439 0.312742 -0.012628 
520729001578661 0.055762 0.208589 0.108018 
520729022147202 0.033466 -0.039116 0.145586 
520729042715744 -0.013571 -0.210158 0.071366 
520729063284650 -0.110087 -0.203134 0.013029 
520729083853191 -0.112225 0.006699 -0.019042 
520729104419858 -0.037700 0.169189 -0.043782 
520729124989182 0.057290 0.191180 -0.012933 
520729145557463 0.101883 0.094968 0.002033 
520729166125744 0.066453 -0.055304 -0.019347 
520729186693921 -0.047779 -0.106617 0.006004 
520729207262411 -0.136965 -0.018652 0.031049 
520729227830588 -0.108560 0.079086 0.000506 
520729248397514 -0.007462 0.090692 -0.036146 
520729268965275 0.088749 0.094358 -0.045004 
520729289533296 0.080808 0.071145 -0.035230 
520729310103244 0.013002 0.036325 0.016999 
520729330670327 -0.033729 -0.010711 0.064952 
520729351238192 -0.063356 0.017694 0.077780 
520729371806005 -0.043198 0.105048 0.032882 
520729392374234 0.111351 0.446827 -0.065162 
520729412942150 0.406704 0.266927 -0.169315 
520729433511108 0.359057 -0.280713 0.049986 
520729454079129 0.180379 -0.501235 0.120846 
520729474647099 0.059122 -0.186946 0.047848 
520729495214911 -0.081377 0.137118 -0.045614 
520729515783556 -0.209658 0.379326 -0.149461 
520729536351317 -0.335191 0.333817 -0.057221 
520729556919702 -0.313811 0.254099 0.165745 
