# Created at Thu Nov 07 17:57:59 EST 2019 in Burnaby Canada 
520723550918871 2.022300 153.156525 9.923130 
520723570917204 0.495435 152.826157 10.398960 
520723590917465 2.025315 153.153961 10.384380 
520723610916997 1.248645 152.853241 9.161611 
520723630925591 0.634950 152.694275 9.013680 
520723650953767 2.923725 152.750748 9.760381 
520723670921527 2.014920 152.869232 9.923010 
520723690916840 0.644685 153.273117 8.245170 
520723710917101 2.649420 154.037979 9.302609 
520723730917517 1.829475 152.012741 8.232870 
520723750917986 2.901240 151.595657 10.836150 
520723770916527 3.663150 151.321762 12.058681 
520723790916996 2.731215 151.019608 10.376130 
520723810918819 2.605800 152.020172 10.531771 
520723831267621 3.355980 151.609512 10.524240 
520723850916683 3.028335 150.740417 10.373070 
520723870916840 3.017265 150.309494 10.372890 
520723890921944 2.177550 152.717667 12.073980 
520723910917465 2.568240 150.877899 9.301290 
520723930975225 1.542735 152.136307 10.388370 
520723951124340 3.357990 151.607803 10.831739 
520723970917101 2.001495 152.146759 10.691461 
520723990919704 0.780825 152.410187 9.165840 
520724010917986 1.977000 150.993378 11.459730 
520724030916996 1.948500 150.283722 9.921930 
520724050919601 2.727855 150.728912 10.991011 
520724070919287 2.591715 151.591827 10.070340 
520724090920694 2.757720 152.171280 9.915360 
520724110920329 2.253000 150.291809 9.918990 
520724130917777 3.329130 150.164551 12.061140 
520724150917361 2.135625 151.285553 11.304630 
520724170920538 2.296935 151.722229 10.995840 
520724191190434 2.575935 150.577789 11.607420 
520724211022308 2.119530 150.858917 10.535701 
520724230921267 2.754345 151.440262 12.221310 
520724250917204 1.841535 152.002487 10.077869 
520724270917829 3.345585 151.324783 10.062870 
520724290924444 3.348600 151.322220 10.524120 
520724310917152 3.332160 150.602310 10.831320 
520724330916892 1.948155 149.990463 10.998060 
520724350916840 2.749665 151.737808 10.376430 
520724370925642 2.313375 152.442139 10.688641 
520724390917257 1.999485 152.148468 10.383960 
520724410918559 1.526295 151.416412 10.695570 
520724430918559 2.294925 151.723938 10.688340 
520724450925538 2.746650 151.740372 9.915180 
520724470917465 2.617860 152.009903 12.376770 
520724490920590 3.065235 152.176804 10.373670 
520724510916996 3.056175 151.744186 10.680990 
520724530997308 2.158440 152.293610 10.843800 
520724551115642 1.265730 152.838699 11.775360 
520724570963975 3.403290 153.770950 9.295139 
520724590919287 2.107470 150.869171 8.690701 
520724610919599 1.833135 151.275742 11.615069 
520724630917829 3.385500 152.758621 10.524720 
520724650918455 2.902260 152.035110 9.298830 
520724670918871 2.036385 153.584869 10.384560 
520724690917361 2.164485 152.728790 10.075230 
520724710917517 2.644035 153.308670 11.301061 
520724730918767 1.415985 153.284821 9.775321 
520724750917516 2.633985 153.317215 9.763560 
520724770917205 1.104450 153.282700 8.702010 
520724790974600 0.761010 150.959244 11.778991 
520724810917412 2.319420 152.877319 9.920070 
520724830917620 0.471300 152.406357 8.400030 
520724850918506 2.211780 154.449921 10.537201 
520724870918350 0.797265 153.130096 8.858640 
520724890927621 0.657405 152.968750 11.320050 
520724911069392 -0.437835 152.671906 7.947720 
520724931069392 0.791895 152.841095 9.166020 
520724951131267 2.332845 153.599792 9.151620 
520724970917673 1.259040 153.137970 9.622980 
520724990917725 2.811060 154.327591 9.608760 
520725010918193 2.763090 152.460281 9.607980 
520725030918297 0.361305 153.687393 9.785790 
520725050921579 1.849575 151.995651 11.307871 
520725070920069 1.853295 153.019943 7.925790 
520725090917204 1.821420 151.579269 8.693940 
520725110922516 3.363015 151.603531 11.600490 
520725130917726 2.006865 152.435760 10.384080 
520725150918090 3.070620 152.906113 8.375220 
520725170918298 3.859350 153.196579 11.442990 
520725190918350 1.579635 153.572708 10.388970 
520725210918610 -0.727590 152.798035 9.641970 
520725230918037 1.424040 153.718307 9.314250 
520725250932048 1.290570 154.285370 9.930960 
520725270993455 2.616210 152.745209 9.302070 
520725290994132 2.164830 153.022064 8.999101 
520725310918974 2.758065 152.464554 8.839230 
520725330919027 -0.730260 153.093872 8.104590 
520725350918506 1.539075 152.873322 7.006170 
520725370918662 1.539075 152.873322 7.006170 
520725390918767 2.293935 152.165100 8.843520 
520725410918766 2.801010 154.336136 8.071260 
520725430926736 1.241610 152.859222 8.085360 
520725450918766 1.422030 153.720016 9.006750 
520725470918714 1.243965 153.150787 7.316730 
520725490918766 1.546110 152.867325 8.082420 
520725510918142 -0.456285 151.953705 7.947420 
520725530918818 2.606505 153.047043 6.688440 
520725550918714 -0.445875 152.678757 6.717720 
520725570920015 0.745290 151.706528 6.551790 
520725590918141 1.365690 152.006577 7.161030 
520725610923350 1.405935 153.293365 8.237820 
520725630935382 1.101090 152.992004 9.316890 
520725650935120 1.984755 152.454575 7.001580 
520725670918557 1.033680 150.847656 7.470990 
520725690917829 2.001840 152.440033 9.615330 
520725710918193 1.106460 153.280991 9.009511 
520725730917777 0.637650 153.279099 7.168920 
520725750916943 1.529670 152.147415 8.389620 
520725770918140 1.086675 152.710693 8.240520 
520725790918661 2.136330 152.312408 7.461300 
520725810925172 1.367700 152.004868 7.468530 
520725830917880 1.860675 153.307220 7.925910 
520725850918766 1.548120 152.865616 8.389920 
520725870918506 0.322755 152.986298 6.710490 
520725890918402 0.627255 152.994400 6.707550 
520725910918610 1.238940 153.155075 6.547980 
520725930918818 0.336525 154.002029 4.865910 
520725951125068 2.122260 152.324387 5.308800 
520725970917308 1.386840 153.309616 5.316570 
520725990917256 1.355985 152.308411 4.547400 
520726010916683 -1.965675 153.223083 4.887660 
520726030917308 1.064910 153.022781 3.781890 
520726050917516 1.048470 152.302872 4.089090 
520726070916995 1.187970 151.730637 4.394880 
520726090917048 0.410280 150.990479 4.709430 
520726110917672 -0.450555 152.976303 4.872840 
520726130918766 0.741630 152.443527 3.169590 
520726150918662 -2.029050 151.515656 1.965690 
520726170918454 -0.779850 152.842499 1.646970 
520726190918245 -2.100795 154.525467 2.429670 
520726210918714 -0.442800 154.437500 0.414690 
520726230920224 -2.096760 154.962357 1.353600 
520726250927099 -3.323820 154.497345 1.672680 
520726270916996 -2.714145 154.659744 1.205610 
520726290916892 -6.152490 157.154678 0.779250 
520726310917152 -6.397290 159.150696 2.013030 
520726330919131 -6.792300 162.021606 0.173640 
520726350931787 -9.493561 163.236343 1.123140 
520726370931630 -9.412725 166.103149 2.200590 
520726390918870 -9.407701 166.098862 2.969340 
520726410918141 -10.122661 167.800598 3.284910 
520726430919808 -13.745821 168.264267 5.780430 
520726450923975 -13.084829 170.144394 6.390330 
520726470917933 -16.989302 172.781921 3.969690 
520726490919131 -17.558714 174.346619 3.822480 
520726510918558 -19.186848 175.876968 4.761810 
520726530920484 -20.546356 176.418503 4.160280 
520726550918922 -21.491402 174.806458 5.552190 
520726570918610 -20.796871 177.832275 6.777570 
520726590917620 -23.552807 177.038605 7.264980 
520726610918349 -23.659096 178.903595 6.959730 
520726630919182 -25.631281 179.725586 4.672950 
520726650918349 -25.086271 184.212830 0.672900 
520726670921839 -28.103415 185.575912 -0.680850 
520726690919443 -27.621824 187.034729 -2.529660 
520726710938609 -28.379700 187.745499 -4.828260 
520726731328349 -25.021172 187.386581 -1.785780 
520726750955380 -25.889385 189.085098 -1.622490 
520726770917412 -24.511425 189.261780 -1.020660 
520726790986370 -24.486586 190.708450 -2.865060 
520726810917412 -23.568390 190.875519 -2.720070 
520726830917360 -21.331936 189.215164 -3.204090 
520726850918765 -22.689451 189.314651 -1.807050 
520726870917673 -20.255493 188.500519 1.244070 
520726890917620 -19.805777 188.518646 0.163410 
520726910917412 -19.621336 189.375992 1.699800 
520726930919547 -20.373901 188.614456 5.858100 
520726951124807 -19.308525 187.468887 10.306080 
520726970918765 -19.488285 186.314011 10.614570 
520726990917516 -18.561689 187.207840 9.222361 
520727010917933 -18.026161 184.204178 9.830220 
520727030917880 -17.814209 186.212341 11.059589 
520727050917464 -15.299086 183.554596 10.572210 
520727070917880 -15.276271 184.562637 10.111381 
520727091294964 -14.284290 182.598846 6.717750 
520727110917412 -13.049537 178.200409 3.473910 
520727130917776 -10.574986 174.402939 1.294800 
520727150917724 -9.779896 169.977844 0.669120 
520727170917516 -9.139380 166.137756 -2.568600 
520727190918037 -6.035355 163.513306 -6.136860 
520727210917933 -5.028285 161.977020 -8.915310 
520727230918089 -5.048040 162.287384 -13.066441 
520727250917984 -3.481620 158.754593 -15.544110 
520727270917672 -2.114355 159.674255 -19.400730 
520727290917307 -1.659585 160.568787 -23.094782 
520727310917464 1.057785 160.221008 -24.966421 
520727330985641 -0.220215 159.212234 -30.182581 
520727350917620 4.229925 160.767792 -30.532110 
520727370917828 7.211535 158.701019 -31.792410 
520727390917933 8.966101 156.609543 -34.424702 
520727410935901 11.978235 155.691055 -35.530769 
520727430925120 13.117411 152.854935 -36.312481 
520727451219183 16.615171 153.832153 -40.343433 
520727470918349 21.726599 151.676743 -41.316872 
520727490918037 22.469400 150.978790 -41.324520 
520727510918504 24.130066 150.594986 -41.802120 
520727530917775 28.329691 149.000961 -44.765247 
520727550917204 30.506821 151.073730 -45.707489 
520727570918036 34.288609 150.902237 -48.358109 
520727590917984 37.196445 151.406693 -47.770863 
520727610918766 37.643478 151.280319 -48.697830 
520727630917672 40.069756 151.206619 -49.643909 
520727650919286 42.662701 151.418259 -49.515087 
520727670919442 42.921902 149.263199 -47.981430 
520727690918714 45.630180 147.602173 -46.163609 
520727710918661 45.143909 146.440887 -46.159679 
520727730918714 44.849117 146.130981 -43.543110 
520727750919130 42.103592 146.062378 -44.285400 
520727770918765 43.006004 145.215393 -42.603329 
520727790919651 45.284729 145.280426 -43.394131 
520727811172255 44.839725 145.845398 -43.850731 
520727830964390 43.760220 145.241638 -43.686932 
520727850918140 43.316570 146.099045 -45.065910 
520727870918140 43.469143 145.956024 -44.452442 
520727890916943 44.789761 144.420120 -45.850082 
520727910917307 44.831688 145.852249 -45.080730 
520727930916735 47.557411 144.910263 -43.416359 
520727951127047 47.695576 144.485947 -43.879261 
520727970916735 49.513844 143.954865 -42.974644 
520727990916422 50.580959 144.715942 -45.598381 
520728010916787 48.433350 143.792297 -44.655659 
520728030916787 50.526253 141.826904 -42.678329 
520728050919234 50.526253 141.826904 -42.678329 
520728070916473 50.390762 141.955399 -40.678051 
520728090916734 49.600651 140.491898 -39.441303 
520728110916577 48.975540 139.608719 -38.513279 
520728130919599 48.234749 140.304962 -38.198132 
520728150918141 45.933208 139.231888 -36.946499 
520728171099286 45.476131 139.366821 -37.557034 
520728190963453 44.735687 140.356308 -38.318012 
520728210966370 41.831203 140.142548 -39.520138 
520728230917516 42.052921 143.610214 -42.441422 
520728250917568 39.311733 142.950790 -40.262699 
520728270917098 39.624973 143.978897 -42.878971 
520728290918244 39.352005 145.118195 -42.568050 
520728310918817 38.278545 144.949631 -43.172821 
520728330925536 37.361687 144.634644 -42.549118 
520728350917464 36.338882 146.477875 -43.306801 
520728370917828 38.304722 146.248383 -44.248531 
520728390916891 35.118870 146.447189 -43.602543 
520728410917046 35.245949 145.151657 -42.374550 
520728430916318 35.679886 144.155746 -41.918129 
520728450917151 33.992027 142.801346 -38.827499 
520728470916265 33.220024 141.762772 -36.514320 
520728490917880 35.666084 142.259369 -36.691414 
520728510919442 33.207962 141.773026 -38.359322 
520728531042776 33.682827 142.650452 -38.978371 
520728551042776 34.751266 142.823303 -39.142349 
520728570951421 34.028927 144.237732 -38.826900 
520728590916994 34.205326 145.101929 -38.520512 
520728610916681 34.786156 144.261398 -39.449249 
520728630917254 35.083607 143.835175 -38.837372 
520728650917359 34.176479 144.098999 -38.982182 
520728670917202 34.351875 144.964020 -38.829540 
520728690917254 36.279137 143.152786 -39.464428 
520728710917567 34.165409 143.668091 -38.982361 
520728730917568 35.043709 142.841675 -40.990288 
520728750917359 34.908211 142.970139 -38.990013 
520728770917150 35.677502 142.983551 -37.767361 
520728790916629 34.457504 143.393188 -39.754173 
520728810916786 34.013836 143.810242 -39.442078 
520728830916630 34.934700 143.681503 -37.759712 
520728850917931 34.452118 142.663864 -37.755722 
520728870916837 34.320000 143.523346 -38.061390 
520728890989390 34.325024 143.519073 -37.292641 
520728910990380 33.561768 143.500534 -37.592789 
520728930917619 33.603031 145.226791 -38.053322 
520728951124962 32.034241 143.464310 -38.346840 
520728970917359 33.254597 143.788269 -39.127232 
520728990917359 34.327381 143.810638 -38.061272 
520729010917203 34.323017 143.520782 -37.600140 
520729030976317 33.540962 142.490784 -36.824459 
520729050917723 33.705284 142.924927 -36.672001 
520729070918504 33.418247 144.076187 -38.513580 
520729090919910 33.724754 144.082581 -38.209023 
520729110917358 33.755611 145.083801 -37.439854 
520729130918452 35.227783 142.965424 -36.686703 
520729150918869 33.251221 143.057251 -36.821281 
520729170919025 34.041332 144.520752 -38.058029 
520729190919703 33.566132 143.790390 -38.053921 
520729210919442 33.779083 145.797729 -36.670803 
520729230924651 33.671757 142.219543 -38.978554 
520729250932983 32.529900 144.911148 -38.043152 
520729270932983 33.102676 143.637177 -38.510822 
520729290917463 34.789154 143.818527 -37.296932 
520729310916786 33.270691 144.214905 -38.358299 
520729330917723 34.018517 143.512695 -37.597198 
520729350917723 32.638546 143.337738 -38.506531 
520729370917047 33.455147 145.512589 -38.512981 
520729390918870 32.804878 143.770142 -38.046570 
520729410916681 34.303905 143.096710 -38.830322 
520729430916681 33.397770 142.919388 -37.130310 
520729450917932 34.002075 142.792801 -37.290001 
520729470917411 35.111763 144.251556 -36.223442 
520729490916838 34.892429 141.956100 -37.452930 
520729510916890 31.896736 143.594528 -36.654064 
520729530917098 34.518871 145.102341 -37.139698 
520729550916629 32.653980 144.058502 -38.967484 
520729570916317 34.225788 145.818420 -38.212711 
