# Created at Thu Nov 07 17:57:59 EST 2019 in Burnaby Canada 
520641320186058 1013.177979 
520641360185433 1013.167969 
520641400185122 1013.154297 
520641440185069 1013.166504 
520641480185121 1013.163086 
520641520185433 1013.171387 
520641560185225 1013.169434 
520641600185382 1013.156250 
520641640185069 1013.153076 
520641680185851 1013.178223 
520641720185329 1013.167480 
520641760185538 1013.176270 
520641800185173 1013.187744 
520641840185121 1013.162354 
520641880185017 1013.178955 
520641920185173 1013.146484 
520641960185017 1013.203125 
520642000185277 1013.191162 
520642040185225 1013.213379 
520642080185174 1013.184082 
520642120185069 1013.178711 
520642160187309 1013.142334 
520642200186787 1013.192871 
520642240185173 1013.139404 
520642280185434 1013.183350 
520642320185745 1013.126953 
520642360187516 1013.202881 
520642400187309 1013.103027 
520642440186371 1013.180908 
520642480188245 1013.135742 
520642520186319 1013.213867 
520642560185068 1013.146484 
520642600186788 1013.187744 
520642640187204 1013.149658 
520642680186944 1013.201660 
520642720186527 1013.159668 
520642760187100 1013.221191 
520642800186839 1013.131836 
520642840186475 1013.176270 
520642880186684 1013.196777 
520642920187256 1013.186035 
520642960186995 1013.196777 
520643000186892 1013.192627 
520643040186944 1013.488037 
520643080186579 1013.463379 
520643120187152 1013.888916 
520643160186787 1013.580078 
520643200187465 1012.719482 
520643240187100 1012.768799 
520643280187256 1012.992432 
520643320186944 1013.122070 
520643360187047 1013.216553 
520643400186631 1013.376709 
520643440186735 1013.407959 
520643480186891 1013.595703 
520643520185693 1013.233887 
520643560185537 1012.825928 
520643600189027 1012.913330 
520643640186631 1013.230713 
520643680186943 1013.230713 
520643720186631 1013.323730 
520643760185537 1013.585693 
520643800185641 1013.826172 
520643840186735 1013.962891 
520643880187204 1013.795410 
520643920186683 1013.642090 
520643960186787 1013.490967 
520644000185589 1013.203125 
520644040185068 1012.817383 
520644080186006 1012.265625 
520644120187360 1012.239258 
520644160186891 1012.574707 
520644200188505 1012.793457 
520644240186943 1012.954590 
520644280186735 1012.953857 
520644320186422 1012.879639 
520644360187099 1012.819824 
520644400186682 1012.888916 
520644440186839 1013.040283 
520644480186422 1013.372070 
520644520185432 1013.403809 
520644560185850 1013.415283 
520644600185901 1013.437744 
520644640185485 1013.278076 
520644680186109 1013.108398 
520644720185537 1013.000000 
520644760185485 1013.151855 
520644800185745 1013.308594 
520644840185745 1013.084961 
520644880186891 1013.055176 
520644920187464 1012.946045 
520644960186005 1012.842041 
520645000185745 1012.879639 
520645040185901 1012.936523 
520645080185849 1013.021484 
520645120185640 1013.138672 
520645160188349 1013.119873 
520645200187255 1013.172363 
520645240185693 1013.164795 
520645280186005 1013.205322 
520645320185276 1013.202881 
520645360185744 1013.210205 
520645400187047 1013.226074 
520645440186735 1013.166504 
520645480186734 1013.084473 
520645520187047 1013.117920 
520645560185849 1013.163818 
520645600186213 1013.134033 
520645640185171 1013.199463 
520645680185068 1013.117188 
520645720185171 1013.133301 
520645760185068 1013.109863 
520645800185432 1013.086914 
520645840185328 1013.079346 
520645880186787 1013.094482 
520645920187255 1013.162354 
520645960185797 1013.138428 
520646000185953 1013.167480 
520646040186005 1013.137207 
520646080185588 1013.147949 
520646120185224 1013.164307 
520646160185224 1013.157227 
520646200185067 1013.107666 
520646240185640 1013.077148 
520646280185172 1013.115234 
520646320185172 1013.081543 
520646360185224 1013.159424 
520646400186109 1013.132568 
520646440186265 1013.149902 
520646480185328 1013.152100 
520646520185119 1013.125244 
520646560185172 1013.163818 
520646600185796 1013.141846 
520646640185328 1013.141602 
520646680186056 1013.124512 
520646720185379 1013.137207 
520646760186474 1013.121582 
520646800186942 1013.099854 
520646840185744 1013.134521 
520646880186785 1013.143311 
520646920186994 1013.134277 
520646960186681 1013.123779 
520647000187046 1013.156250 
520647040185483 1013.150391 
520647080186056 1013.126221 
520647120185535 1013.116699 
520647160185224 1013.135742 
520647200185223 1013.322266 
520647240185327 1013.237549 
520647280185119 1012.996826 
520647320185224 1013.092041 
