# Created at Thu Nov 07 19:53:36 EST 2019 in Burnaby Canada 
527660109724997 0.000000 0.000000 0.000000 
527660130293226 0.000000 0.000000 0.000000 
527660150861298 0.000000 0.000000 0.000000 
527660171429476 0.000000 0.000000 0.000000 
527660191997549 0.000000 0.000000 0.000000 
527660212566091 0.000000 0.000000 0.000000 
527660233134736 0.000000 0.000000 0.000000 
527660253702601 0.000000 0.000000 0.000000 
527660274270881 0.000000 0.000000 0.000000 
527660294839216 0.000000 0.000000 0.000000 
527660315407497 0.000000 0.000000 0.000000 
527660335975570 0.000000 0.000000 0.000000 
527660356544111 0.000000 0.000000 0.000000 
527660377112133 0.000000 0.000000 0.000000 
527660397680570 0.000000 0.000000 0.000000 
527660418248747 0.000000 0.000000 0.000000 
527660438816715 0.000000 0.000000 0.000000 
527660459385152 0.000000 0.000000 0.000000 
527660479953852 0.000000 0.000000 0.000000 
527660500521560 0.000000 0.000000 0.000000 
527660521090153 0.000000 0.000000 0.000000 
527660541658225 0.000000 0.000000 0.000000 
527660562226559 0.000000 0.000000 0.000000 
527660582794841 0.000000 0.000000 0.000000 
527660603363538 0.000000 0.000000 0.000000 
527660623931142 0.000000 0.000000 0.000000 
527660644499423 0.000000 0.000000 0.000000 
527660665067758 0.000000 0.000000 0.000000 
527660685636038 0.000000 0.000000 0.000000 
527660706204215 0.000000 0.000000 0.000000 
527660726772705 0.000000 0.000000 0.000000 
527660747340935 0.000000 0.000000 0.000000 
527660767909163 0.000000 0.000000 0.000000 
527660788480257 0.000000 0.000000 0.000000 
527660809046195 0.000000 0.000000 0.000000 
527660829614110 0.000000 0.000000 0.000000 
527660850183746 0.000000 0.000000 0.000000 
527660870750518 0.000000 0.000000 0.000000 
527660891319788 0.000000 0.000000 0.000000 
527660911887965 0.000000 0.000000 0.000000 
527660932455987 0.000000 0.000000 0.000000 
527660953023799 0.000000 0.000000 0.000000 
527660973591663 0.000000 0.000000 0.000000 
527660994161142 0.000000 0.000000 0.000000 
527661014728694 0.000000 0.000000 0.000000 
527661035299163 0.000000 0.000000 0.000000 
527661055867497 0.000000 0.000000 0.000000 
527661076434058 0.000000 0.000000 0.000000 
527661097002132 0.000000 0.000000 0.000000 
527661117574268 0.000000 0.000000 0.000000 
527661138140986 0.000000 0.000000 0.000000 
527661158706246 0.000000 0.000000 0.000000 
527661179274371 0.000000 0.000000 0.000000 
527661199843069 0.000000 0.000000 0.000000 
527661220411247 0.000000 0.000000 0.000000 
527661240980048 0.000000 0.000000 0.000000 
527661261547444 0.000000 0.000000 0.000000 
527661282117548 0.000000 0.000000 0.000000 
527661302685465 0.000000 0.000000 0.000000 
527661323253694 0.000000 0.000000 0.000000 
527661343821611 0.000000 0.000000 0.000000 
527661364390569 0.000000 0.000000 0.000000 
527661384959111 0.000000 0.000000 0.000000 
527661405527028 0.000000 0.000000 0.000000 
527661426094423 0.000000 0.000000 0.000000 
527661446662444 0.000000 0.000000 0.000000 
527661467230309 0.000000 0.000000 0.000000 
527661487800882 0.000000 0.000000 0.000000 
527661508369006 0.000000 0.000000 0.000000 
527661528936037 0.000000 0.000000 0.000000 
527661549504059 0.000000 0.000000 0.000000 
527661570072600 0.000000 0.000000 0.000000 
527661590640777 0.000000 0.000000 0.000000 
527661611208277 0.000000 0.000000 0.000000 
527661631776559 0.000000 0.000000 0.000000 
527661652345465 0.000000 0.000000 0.000000 
527661672913329 0.000000 0.000000 0.000000 
527661693481558 0.000000 0.000000 0.000000 
527661714052809 0.000000 0.000000 0.000000 
527661734620465 0.000000 0.000000 0.000000 
527661755188330 0.000000 0.000000 0.000000 
527661775756142 0.000000 0.000000 0.000000 
527661796324684 0.000000 0.000000 0.000000 
527661816894788 0.000000 0.000000 0.000000 
527661837460464 0.000000 0.000000 0.000000 
527661858028277 0.000000 0.000000 0.000000 
527661878596142 0.000000 0.000000 0.000000 
527661899164163 0.000000 0.000000 0.000000 
527661919732861 0.000000 0.000000 0.000000 
527661940300830 0.000000 0.000000 0.000000 
527661960869111 0.000000 0.000000 0.000000 
527661981437548 0.000000 0.000000 0.000000 
527662002010465 0.000000 0.000000 0.000000 
527662022577444 0.000000 0.000000 0.000000 
527662043144684 0.000000 0.000000 0.000000 
527662063711819 0.000000 0.000000 0.000000 
527662084278953 0.000000 0.000000 0.000000 
527662104847235 0.000000 0.000000 0.000000 
527662125415412 0.000000 0.000000 0.000000 
527662145984163 0.000000 0.000000 0.000000 
527662166552080 0.000000 0.000000 0.000000 
527662187120413 0.000000 0.000000 0.000000 
527662207689162 0.000000 0.000000 0.000000 
527662228257079 0.000000 0.000000 0.000000 
527662248825621 0.000000 0.000000 0.000000 
527662269393954 0.000000 0.000000 0.000000 
527662289962443 0.000000 0.000000 0.000000 
527662310530361 0.000000 0.000000 0.000000 
527662331099319 0.000000 0.000000 0.000000 
527662351668329 0.000000 0.000000 0.000000 
527662372236298 0.000000 0.000000 0.000000 
527662392804111 0.000000 0.000000 0.000000 
527662413372027 0.000000 0.000000 0.000000 
527662433940099 0.000000 0.000000 0.000000 
527662454508434 0.000000 0.000000 0.000000 
527662475076818 0.000000 0.000000 0.000000 
527662495645151 0.000000 0.000000 0.000000 
527662516213641 0.000000 0.000000 0.000000 
527662536782288 0.000000 0.000000 0.000000 
527662557350881 0.000000 0.000000 0.000000 
527662577919005 0.000000 0.000000 0.000000 
527662598487236 0.000000 0.000000 0.000000 
527662619055099 0.000000 0.000000 0.000000 
527662639623901 0.000000 0.000000 0.000000 
527662660191819 0.000000 0.000000 0.000000 
527662680759787 0.000000 0.000000 0.000000 
527662701328121 0.000000 0.000000 0.000000 
527662721897183 0.000000 0.000000 0.000000 
527662742464839 0.000000 0.000000 0.000000 
527662763037183 0.000000 0.000000 0.000000 
527662783602183 0.000000 0.000000 0.000000 
527662804171923 0.000000 0.000000 0.000000 
527662824739006 0.000000 0.000000 0.000000 
527662845307235 0.000000 0.000000 0.000000 
527662865874059 0.000000 0.000000 0.000000 
527662886443693 0.000000 0.000000 0.000000 
527662907012027 0.000000 0.000000 0.000000 
527662927580413 0.000000 0.000000 0.000000 
527662948148694 0.000000 0.000000 0.000000 
527662968718902 0.000000 0.000000 0.000000 
527662989285205 0.000000 0.000000 0.000000 
527663009853849 0.000000 0.000000 0.000000 
527663030421506 0.000000 0.000000 0.000000 
527663050989943 0.000000 0.000000 0.000000 
527663071558069 0.000000 0.000000 0.000000 
527663092126923 0.000000 0.000000 0.000000 
527663112695516 0.000000 0.000000 0.000000 
527663133263590 0.000000 0.000000 0.000000 
527663153831506 0.000000 0.000000 0.000000 
527663174399943 0.000000 0.000000 0.000000 
527663194969058 0.000000 0.000000 0.000000 
527663215536871 0.000000 0.000000 0.000000 
527663236105620 0.000000 0.000000 0.000000 
527663256673381 0.000000 0.000000 0.000000 
527663277243016 0.000000 0.000000 0.000000 
527663297812026 0.000000 0.000000 0.000000 
527663318379944 0.000000 0.000000 0.000000 
527663338948537 0.000000 0.000000 0.000000 
527663359516245 0.000000 0.000000 0.000000 
527663380084214 0.000000 0.000000 0.000000 
527663400653017 0.000000 0.000000 0.000000 
527663421221089 0.000000 0.000000 0.000000 
527663441790464 0.000000 0.000000 0.000000 
527663462357548 0.000000 0.000000 0.000000 
527663482929266 0.000000 0.000000 0.000000 
527663503494631 0.000000 0.000000 0.000000 
527663524062235 0.000000 0.000000 0.000000 
527663544630672 0.000000 0.000000 0.000000 
527663565199110 0.000000 0.000000 0.000000 
527663585766870 0.000000 0.000000 0.000000 
527663606335099 0.000000 0.000000 0.000000 
527663626903381 0.000000 0.000000 0.000000 
527663647471923 0.000000 0.000000 0.000000 
527663668040151 0.000000 0.000000 0.000000 
527663688609162 0.000000 0.000000 0.000000 
527663709176871 0.000000 0.000000 0.000000 
527663729745777 0.000000 0.000000 0.000000 
527663750314631 0.000000 0.000000 0.000000 
527663770883016 0.000000 0.000000 0.000000 
527663791451974 0.000000 0.000000 0.000000 
527663812019891 0.000000 0.000000 0.000000 
527663832587808 0.000000 0.000000 0.000000 
527663853155776 0.000000 0.000000 0.000000 
527663873725047 0.000000 0.000000 0.000000 
527663894292235 0.000000 0.000000 0.000000 
527663914860307 0.000000 0.000000 0.000000 
527663935429370 0.000000 0.000000 0.000000 
527663955998797 0.000000 0.000000 0.000000 
527663976564526 0.000000 0.000000 0.000000 
527663997133693 0.000000 0.000000 0.000000 
527664017702079 0.000000 0.000000 0.000000 
527664038272339 0.000000 0.000000 0.000000 
527664058839214 0.000000 0.000000 0.000000 
527664079407860 0.000000 0.000000 0.000000 
527664099976558 0.000000 0.000000 0.000000 
527664120545308 0.000000 0.000000 0.000000 
527664141113172 0.000000 0.000000 0.000000 
527664161681141 0.000000 0.000000 0.000000 
527664182248693 0.000000 0.000000 0.000000 
527664202818068 0.000000 0.000000 0.000000 
527664223386297 0.000000 0.000000 0.000000 
527664243955203 0.000000 0.000000 0.000000 
527664264523589 0.000000 0.000000 0.000000 
527664285091558 0.000000 0.000000 0.000000 
527664305659631 0.000000 0.000000 0.000000 
527664326230984 0.000000 0.000000 0.000000 
527664346796401 0.000000 0.000000 0.000000 
527664367365047 0.000000 0.000000 0.000000 
527664387933380 0.000000 0.000000 0.000000 
527664408501714 0.000000 0.000000 0.000000 
527664429070047 0.000000 0.000000 0.000000 
527664449637078 0.000000 0.000000 0.000000 
527664470205255 0.000000 0.000000 0.000000 
527664490773797 0.000000 0.000000 0.000000 
527664511341610 0.000000 0.000000 0.000000 
527664531911088 0.000000 0.000000 0.000000 
527664552478797 0.000000 0.000000 0.000000 
527664573047287 0.000000 0.000000 0.000000 
527664593615099 0.000000 0.000000 0.000000 
527664614183640 0.000000 0.000000 0.000000 
527664634751818 0.000000 0.000000 0.000000 
527664655320307 0.000000 0.000000 0.000000 
527664675889318 0.000000 0.000000 0.000000 
527664696456870 0.000000 0.000000 0.000000 
527664717025099 0.000000 0.000000 0.000000 
527664737593119 0.000000 0.000000 0.000000 
527664758163121 0.000000 0.000000 0.000000 
527664778731193 0.000000 0.000000 0.000000 
527664799300202 0.000000 0.000000 0.000000 
527664819868536 0.000000 0.000000 0.000000 
527664840436349 0.000000 0.000000 0.000000 
527664861004421 0.000000 0.000000 0.000000 
527664881572495 0.000000 0.000000 0.000000 
527664902140099 0.000000 0.000000 0.000000 
527664922708797 0.000000 0.000000 0.000000 
527664943276661 0.000000 0.000000 0.000000 
527664963845619 0.000000 0.000000 0.000000 
527664984413380 0.000000 0.000000 0.000000 
527665004981713 0.000000 0.000000 0.000000 
527665025550047 0.000000 0.000000 0.000000 
527665046118485 0.000000 0.000000 0.000000 
527665066686714 0.000000 0.000000 0.000000 
527665087255463 0.000000 0.000000 0.000000 
527665107823380 0.000000 0.000000 0.000000 
527665128391974 0.000000 0.000000 0.000000 
527665148960151 0.000000 0.000000 0.000000 
527665169529214 0.000000 0.000000 0.000000 
527665190096922 0.000000 0.000000 0.000000 
527665210665619 0.000000 0.000000 0.000000 
527665231234057 0.000000 0.000000 0.000000 
527665251804994 0.000000 0.000000 0.000000 
527665272372599 0.000000 0.000000 0.000000 
527665292941297 0.000000 0.000000 0.000000 
527665313508901 0.000000 0.000000 0.000000 
527665334076975 0.000000 0.000000 0.000000 
527665354645307 0.000000 0.000000 0.000000 
527665375214734 0.000000 0.000000 0.000000 
527665395781870 0.000000 0.000000 0.000000 
527665416350099 0.000000 0.000000 0.000000 
527665436918120 0.000000 0.000000 0.000000 
527665457485776 0.000000 0.000000 0.000000 
527665478054057 0.000000 0.000000 0.000000 
527665498621973 0.000000 0.000000 0.000000 
527665519191610 0.000000 0.000000 0.000000 
527665539758797 0.000000 0.000000 0.000000 
527665560327077 0.000000 0.000000 0.000000 
527665580895307 0.000000 0.000000 0.000000 
527665601464942 0.000000 0.000000 0.000000 
527665622032077 0.000000 0.000000 0.000000 
527665642600932 0.000000 0.000000 0.000000 
527665663168693 0.000000 0.000000 0.000000 
527665683738432 0.000000 0.000000 0.000000 
527665704306401 0.000000 0.000000 0.000000 
527665724874318 0.000000 0.000000 0.000000 
527665745442078 0.000000 0.000000 0.000000 
527665766012912 0.000000 0.000000 0.000000 
527665786581245 0.000000 0.000000 0.000000 
527665807148797 0.000000 0.000000 0.000000 
527665827717338 0.000000 0.000000 0.000000 
527665848284473 0.000000 0.000000 0.000000 
527665868852026 0.000000 0.000000 0.000000 
527665889420984 0.000000 0.000000 0.000000 
527665909988744 0.000000 0.000000 0.000000 
527665930557287 0.000000 0.000000 0.000000 
527665951125463 0.000000 0.000000 0.000000 
527665971694317 0.000000 0.000000 0.000000 
527665992262182 0.000000 0.000000 0.000000 
527666012830515 0.000000 0.000000 0.000000 
527666033398953 0.000000 0.000000 0.000000 
527666053967182 0.000000 0.000000 0.000000 
527666074535776 0.000000 0.000000 0.000000 
527666095103744 0.000000 0.000000 0.000000 
527666115672026 0.000000 0.000000 0.000000 
527666136240567 0.000000 0.000000 0.000000 
527666156809160 0.000000 0.000000 0.000000 
527666177377390 0.000000 0.000000 0.000000 
527666197945515 0.000000 0.000000 0.000000 
527666218514108 0.000000 0.000000 0.000000 
527666239082807 0.000000 0.000000 0.000000 
527666259651765 0.000000 0.000000 0.000000 
527666280220307 0.000000 0.000000 0.000000 
527666300787911 0.000000 0.000000 0.000000 
527666321357546 0.000000 0.000000 0.000000 
527666341925828 0.000000 0.000000 0.000000 
527666362494838 0.000000 0.000000 0.000000 
527666383062495 0.000000 0.000000 0.000000 
527666403630671 0.000000 0.000000 0.000000 
527666424199265 0.000000 0.000000 0.000000 
527666444766036 0.000000 0.000000 0.000000 
527666465334161 0.000000 0.000000 0.000000 
527666485902390 0.000000 0.000000 0.000000 
527666506470671 0.000000 0.000000 0.000000 
527666527041766 0.000000 0.000000 0.000000 
527666547608119 0.000000 0.000000 0.000000 
527666568176817 0.000000 0.000000 0.000000 
527666588744994 0.000000 0.000000 0.000000 
527666609312650 0.000000 0.000000 0.000000 
527666629880931 0.000000 0.000000 0.000000 
527666650449057 0.000000 0.000000 0.000000 
527666671017390 0.000000 0.000000 0.000000 
527666691585723 0.000000 0.000000 0.000000 
527666712154005 0.000000 0.000000 0.000000 
527666732722754 0.000000 0.000000 0.000000 
527666753291140 0.000000 0.000000 0.000000 
527666773859318 0.000000 0.000000 0.000000 
527666794429213 0.000000 0.000000 0.000000 
527666814997910 0.000000 0.000000 0.000000 
527666835566140 0.000000 0.000000 0.000000 
527666856134265 0.000000 0.000000 0.000000 
527666876701139 0.000000 0.000000 0.000000 
527666897269629 0.000000 0.000000 0.000000 
527666917839264 0.000000 0.000000 0.000000 
527666938407598 0.000000 0.000000 0.000000 
527666958974160 0.000000 0.000000 0.000000 
527666979542390 0.000000 0.000000 0.000000 
527667000111245 0.000000 0.000000 0.000000 
527667020679109 0.000000 0.000000 0.000000 
527667041248119 0.000000 0.000000 0.000000 
527667061815828 0.000000 0.000000 0.000000 
527667082384629 0.000000 0.000000 0.000000 
527667102952545 0.000000 0.000000 0.000000 
527667123522703 0.000000 0.000000 0.000000 
527667144089890 0.000000 0.000000 0.000000 
527667164659733 0.000000 0.000000 0.000000 
527667185228276 0.000000 0.000000 0.000000 
527667205795046 0.000000 0.000000 0.000000 
527667226363119 0.000000 0.000000 0.000000 
527667246932858 0.000000 0.000000 0.000000 
527667267501036 0.000000 0.000000 0.000000 
527667288071035 0.000000 0.000000 0.000000 
527667308637338 0.000000 0.000000 0.000000 
527667329205098 0.000000 0.000000 0.000000 
527667349773483 0.000000 0.000000 0.000000 
527667370341192 0.000000 0.000000 0.000000 
527667390909421 0.000000 0.000000 0.000000 
527667411477806 0.000000 0.000000 0.000000 
527667432045515 0.000000 0.000000 0.000000 
527667452615463 0.000000 0.000000 0.000000 
527667473182963 0.000000 0.000000 0.000000 
527667493752390 0.000000 0.000000 0.000000 
527667514319525 0.000000 0.000000 0.000000 
527667534888014 0.000000 0.000000 0.000000 
527667555456297 0.000000 0.000000 0.000000 
527667576024525 0.000000 0.000000 0.000000 
527667596592806 0.000000 0.000000 0.000000 
527667617161348 0.000000 0.000000 0.000000 
527667637729786 0.000000 0.000000 0.000000 
527667658298014 0.000000 0.000000 0.000000 
527667678866609 0.000000 0.000000 0.000000 
527667699434890 0.000000 0.000000 0.000000 
527667720003327 0.000000 0.000000 0.000000 
527667740571557 0.000000 0.000000 0.000000 
527667761139942 0.000000 0.000000 0.000000 
527667781708691 0.000000 0.000000 0.000000 
527667802277181 0.000000 0.000000 0.000000 
527667822845514 0.000000 0.000000 0.000000 
527667843414160 0.000000 0.000000 0.000000 
527667863981660 0.000000 0.000000 0.000000 
527667884549786 0.000000 0.000000 0.000000 
