# Created at Thu Nov 07 19:53:36 EST 2019 in Burnaby Canada 
527574700183383 1013.337158 
527574740182445 1013.322510 
527574780182340 1013.338135 
527574820182652 1013.328125 
527574860183069 1013.325684 
527574900182497 1013.368164 
527574940182393 1013.352295 
527574980182496 1013.365723 
527575020182393 1013.341797 
527575060182288 1013.334717 
527575100182393 1013.353271 
527575140182340 1013.264893 
527575180182236 1013.393066 
527575220182444 1013.327637 
527575260182496 1013.373047 
527575300182444 1013.308350 
527575340182340 1013.377686 
527575380182340 1013.299805 
527575420182184 1013.368408 
527575460182444 1013.310059 
527575500182809 1013.341309 
527575540182496 1013.349854 
527575580183486 1013.348633 
527575620184423 1013.339111 
527575660184006 1013.322021 
527575700183070 1013.333496 
527575740182340 1013.287842 
527575780182600 1013.322510 
527575820182288 1013.301270 
527575860184267 1013.396240 
527575900183382 1013.308105 
527575940184319 1013.343994 
527575980186298 1013.293213 
527576020182600 1013.358398 
527576060182184 1013.306152 
527576100183538 1013.396729 
527576140183017 1013.282227 
527576180182600 1013.384766 
527576220182704 1013.312500 
527576260182496 1013.382813 
527576300184996 1013.328125 
527576340183955 1013.281250 
527576380183954 1013.340576 
527576420183069 1013.360107 
527576460182288 1013.406006 
527576500182809 1013.365967 
527576540182340 1013.322754 
527576580182340 1013.383789 
527576620183121 1013.444580 
527576660183225 1013.307861 
527576700182236 1013.325439 
527576740182600 1013.374512 
527576780182339 1013.434814 
527576820182340 1013.252686 
527576860182444 1013.219482 
527576900183016 1013.328613 
527576940183590 1013.262939 
527576980182756 1013.189697 
527577020182444 1013.189697 
527577060182496 1013.104492 
527577100182183 1013.463379 
527577140183121 1013.459473 
527577180183798 1013.867920 
527577220182808 1014.292969 
527577260183277 1013.909180 
527577300182652 1013.698730 
527577340183746 1013.586426 
527577380182912 1012.967285 
527577420183120 1012.451904 
527577460182861 1012.803711 
527577500183069 1013.206787 
527577540183017 1013.897705 
527577580182861 1014.094482 
527577620182443 1013.346924 
527577660183224 1013.295898 
527577700183173 1013.739014 
527577740182652 1013.243164 
527577780182965 1013.565430 
527577820183173 1013.538574 
527577860183850 1013.488525 
527577900183850 1013.873047 
527577940183694 1013.955078 
527577980184214 1013.616699 
527578020183849 1013.759521 
527578060184318 1013.624023 
527578100182756 1013.165527 
527578140183172 1012.977051 
527578180183121 1012.861816 
527578220183068 1013.360352 
527578260183328 1013.189941 
527578300182651 1013.013184 
527578340184579 1013.831787 
527578380183954 1013.874512 
527578420183797 1013.307373 
527578460183849 1014.025635 
527578500183016 1014.134521 
527578540182964 1013.385498 
527578580182964 1012.812012 
527578620183902 1013.987061 
527578660183745 1013.770752 
527578700183849 1013.100098 
527578740184526 1013.223877 
527578780183901 1013.560059 
527578820184006 1012.569336 
527578860184319 1012.362305 
527578900184110 1012.937012 
527578940184266 1013.032715 
527578980183380 1013.471924 
527579020183797 1013.092529 
527579060182495 1013.316162 
527579100182808 1013.161377 
527579140183276 1012.800537 
527579180183276 1012.965820 
527579220182286 1013.135742 
527579260182339 1013.035889 
527579300182390 1012.812012 
527579340183432 1013.129395 
527579380183849 1013.209717 
527579420183536 1013.178955 
527579460182443 1013.235596 
527579500182339 1013.159180 
527579540182287 1013.186523 
527579580182703 1013.284180 
527579620182234 1013.323975 
527579660182235 1013.323242 
527579700182286 1013.425049 
527579740182182 1013.480225 
527579780182807 1013.513672 
527579820182390 1013.455078 
527579860184317 1013.473633 
527579900183953 1013.420898 
527579940184005 1013.400146 
527579980183693 1013.377686 
527580020182703 1013.334961 
527580060182547 1013.301025 
527580100182235 1013.305420 
527580140182391 1013.216309 
527580180182339 1013.165771 
527580220182339 1013.272705 
527580260183224 1013.392334 
527580300182547 1013.413086 
527580340184161 1013.357666 
527580380183848 1013.292725 
527580420182807 1013.262695 
527580460182391 1013.208008 
527580500182182 1013.240723 
527580540182286 1013.223877 
527580580182234 1013.239746 
527580620182443 1013.308594 
527580660182442 1013.322754 
527580700183796 1013.243408 
527580740182390 1013.311768 
527580780182442 1013.392822 
527580820182964 1013.387207 
527580860182859 1013.321777 
527580900184161 1013.386719 
527580940184213 1013.327637 
527580980184317 1013.328613 
527581020182859 1013.349121 
527581060182495 1013.341553 
527581100182182 1013.364258 
527581140182963 1013.394531 
527581180184057 1013.377686 
527581220182442 1013.352539 
527581260182286 1013.308838 
527581300182390 1013.304443 
527581340182599 1013.279785 
527581380183796 1013.315918 
527581420184317 1013.357422 
527581460182546 1013.310059 
527581500183015 1013.310059 
527581540182338 1013.341553 
527581580182338 1013.396973 
527581620182234 1013.333252 
527581660182598 1013.302734 
527581700182233 1013.308105 
527581740182858 1013.336182 
527581780182859 1013.316162 
527581820183171 1013.282715 
527581860183796 1013.325439 
527581900182859 1013.336670 
527581940182442 1013.322021 
527581980182390 1013.319580 
527582020184733 1013.346924 
527582060183171 1013.328613 
527582100182442 1013.348145 
527582140182390 1013.302246 
527582180182442 1013.343750 
527582220182702 1013.372559 
527582260183171 1013.498291 
527582300182963 1013.405518 
527582340182858 1013.205078 
527582380182962 1013.206787 
527582420182962 1013.282471 
527582460182754 1013.314697 
