# Created at Thu Nov 07 19:53:36 EST 2019 in Burnaby Canada 
527660084014632 0.780358 -0.153755 0.605440 0.029017 
527660104582704 0.780309 -0.153650 0.605532 0.028988 
527660125150934 0.780274 -0.153586 0.605595 0.028950 
527660145718955 0.780257 -0.153533 0.605630 0.028965 
527660166287497 0.780220 -0.153448 0.605700 0.028950 
527660186855726 0.780196 -0.153400 0.605744 0.028930 
527660207424007 0.780200 -0.153421 0.605734 0.028917 
527660227992289 0.780198 -0.153431 0.605735 0.028893 
527660248560570 0.780203 -0.153433 0.605727 0.028911 
527660269128851 0.780194 -0.153421 0.605743 0.028892 
527660289696976 0.780215 -0.153471 0.605704 0.028897 
527660310265206 0.780236 -0.153527 0.605662 0.028896 
527660330833539 0.780251 -0.153557 0.605635 0.028906 
527660351401820 0.780269 -0.153578 0.605604 0.028944 
527660371970153 0.780269 -0.153570 0.605605 0.028955 
527660392538434 0.780251 -0.153544 0.605637 0.028926 
527660413106507 0.780232 -0.153520 0.605669 0.028890 
527660433674788 0.780217 -0.153492 0.605696 0.028877 
527660454242966 0.780204 -0.153467 0.605719 0.028865 
527660474811195 0.780195 -0.153448 0.605736 0.028858 
527660495379632 0.780165 -0.153393 0.605791 0.028826 
527660515947913 0.780156 -0.153390 0.605805 0.028796 
527660536516195 0.780135 -0.153343 0.605844 0.028787 
527660557084476 0.780118 -0.153302 0.605876 0.028785 
527660577652548 0.780094 -0.153224 0.605926 0.028809 
527660598220778 0.780066 -0.153163 0.605978 0.028795 
527660618789164 0.780064 -0.153143 0.605984 0.028817 
527660639357445 0.780088 -0.153205 0.605938 0.028816 
527660659925569 0.780125 -0.153284 0.605869 0.028837 
527660680493851 0.780127 -0.153290 0.605866 0.028835 
527660701062341 0.780129 -0.153282 0.605864 0.028855 
527660721630570 0.780114 -0.153249 0.605892 0.028848 
527660742201663 0.780112 -0.153239 0.605897 0.028854 
527660762769892 0.780102 -0.153241 0.605911 0.028815 
527660783335517 0.780106 -0.153256 0.605902 0.028808 
527660803903798 0.780099 -0.153228 0.605917 0.028824 
527660824471872 0.780081 -0.153180 0.605952 0.028828 
527660845040153 0.780092 -0.153186 0.605936 0.028858 
527660865609372 0.780099 -0.153185 0.605926 0.028886 
527660886177393 0.780089 -0.153174 0.605941 0.028866 
527660906745622 0.780077 -0.153141 0.605965 0.028871 
527660927313069 0.780052 -0.153088 0.606012 0.028853 
527660947881350 0.780029 -0.153062 0.606051 0.028804 
527660968450049 0.780040 -0.153081 0.606031 0.028818 
527660989018330 0.780059 -0.153102 0.605999 0.028859 
527661009588903 0.780069 -0.153057 0.605993 0.028961 
527661030157132 0.780075 -0.153043 0.605986 0.029005 
527661050723487 0.780143 -0.153159 0.605865 0.029089 
527661071291768 0.780309 -0.153399 0.605579 0.029353 
527661091862392 0.780695 -0.152799 0.605247 0.029062 
527661112430621 0.781020 -0.152176 0.604998 0.028778 
527661132995725 0.781282 -0.151735 0.604783 0.028495 
527661153564007 0.781557 -0.151514 0.604502 0.028109 
527661174132653 0.781961 -0.151335 0.604050 0.027525 
527661194700882 0.782521 -0.151131 0.603409 0.026818 
527661215268798 0.783196 -0.151106 0.602567 0.026166 
527661235837080 0.783761 -0.151217 0.601815 0.025891 
527661256406819 0.784233 -0.151049 0.601254 0.025621 
527661276975100 0.784684 -0.151033 0.600681 0.025343 
527661297543017 0.785028 -0.150939 0.600267 0.025045 
527661318111247 0.785315 -0.150751 0.599949 0.024809 
527661338680465 0.785551 -0.150536 0.599699 0.024690 
527661359248746 0.785631 -0.150436 0.599615 0.024785 
527661379815777 0.785746 -0.149757 0.599646 0.024526 
527661400384059 0.785686 -0.149220 0.599860 0.024492 
527661420951663 0.785757 -0.147943 0.600114 0.023723 
527661441519944 0.786472 -0.146456 0.599567 0.023045 
527661462090360 0.787809 -0.145650 0.598053 0.021840 
527661482658642 0.789371 -0.145021 0.596158 0.021407 
527661503225413 0.790498 -0.144280 0.594859 0.020960 
527661523793694 0.791116 -0.143594 0.594226 0.020307 
527661544362131 0.791537 -0.143497 0.593714 0.019552 
527661564930413 0.792085 -0.143563 0.592969 0.019469 
527661585497913 0.792696 -0.143832 0.592099 0.019068 
527661606066194 0.792100 -0.143820 0.592906 0.018865 
527661626635100 0.791964 -0.143482 0.593174 0.018702 
527661647202913 0.792418 -0.144361 0.592376 0.018010 
527661667771194 0.792571 -0.145070 0.592004 0.017803 
527661688341819 0.792164 -0.145123 0.592555 0.017153 
527661708910100 0.791415 -0.146394 0.593288 0.015517 
527661729477497 0.790840 -0.146996 0.593945 0.013925 
527661750045778 0.790848 -0.147491 0.593819 0.013571 
527661770616090 0.790862 -0.147502 0.593786 0.014078 
527661791184423 0.790987 -0.146748 0.593789 0.014837 
527661811749632 0.791020 -0.146338 0.593836 0.015235 
527661832317913 0.790891 -0.146809 0.593895 0.015061 
527661852885465 0.790807 -0.147418 0.593877 0.014227 
527661873453746 0.790970 -0.147709 0.593606 0.013432 
527661894022184 0.791504 -0.147524 0.592954 0.012825 
527661914590465 0.791976 -0.147653 0.592293 0.012714 
527661935158902 0.792212 -0.147544 0.592002 0.012852 
527661955727183 0.792884 -0.146986 0.591235 0.013089 
527661976298746 0.792466 -0.147724 0.591589 0.014052 
527661996867079 0.792276 -0.148362 0.591631 0.016142 
527662017433121 0.791998 -0.149725 0.591651 0.016434 
527662038001403 0.790979 -0.149762 0.593030 0.015476 
527662058568589 0.790705 -0.147626 0.593954 0.014525 
527662079136870 0.790604 -0.147634 0.594064 0.015429 
527662099705465 0.790124 -0.146481 0.594998 0.015004 
527662120273799 0.790711 -0.147079 0.594076 0.014770 
527662140841715 0.791648 -0.147829 0.592646 0.014538 
527662161409996 0.793296 -0.149448 0.590036 0.014284 
527662181978382 0.795271 -0.150655 0.587074 0.013823 
527662202546663 0.794986 -0.149677 0.587739 0.012493 
527662223115308 0.793968 -0.147171 0.589785 0.010408 
527662243683589 0.794608 -0.149610 0.588329 0.009178 
527662264251663 0.794840 -0.151888 0.587474 0.005899 
527662284819996 0.798216 -0.154947 0.582069 0.006182 
527662305389631 0.797043 -0.158180 0.582830 0.003245 
527662325957965 0.798220 -0.159593 0.580837 0.001577 
527662346525621 0.800755 -0.162222 0.576606 0.000672 
527662367093329 -0.802389 0.164675 -0.573632 0.000970 
527662387661610 -0.801485 0.166493 -0.574345 0.005401 
527662408229736 -0.800766 0.168958 -0.574574 0.009601 
527662428798017 -0.799636 0.171096 -0.575432 0.013688 
527662449366453 -0.800804 0.174713 -0.572675 0.015228 
527662469934735 -0.804596 0.177991 -0.566371 0.012969 
527662490503590 -0.802673 0.177411 -0.569269 0.013216 
527662511071871 -0.801692 0.177381 -0.570615 0.014973 
527662531640307 -0.801310 0.178516 -0.570787 0.015374 
527662552208589 -0.802146 0.180742 -0.568932 0.014493 
527662572776401 -0.802003 0.182806 -0.568488 0.013949 
527662593344734 -0.800796 0.183458 -0.569973 0.014154 
527662613913121 -0.799177 0.183212 -0.572296 0.015084 
527662634481454 -0.798216 0.182637 -0.573801 0.015739 
527662655049371 -0.797621 0.182445 -0.574679 0.016099 
527662675617705 -0.796929 0.182872 -0.575488 0.016568 
527662696186141 -0.796562 0.182214 -0.576212 0.016319 
527662716754422 -0.796107 0.180814 -0.577299 0.015690 
527662737323485 -0.794567 0.177472 -0.580492 0.014024 
527662757891819 -0.795463 0.173859 -0.580408 0.011741 
527662778460256 -0.797683 0.171107 -0.578185 0.011233 
527662799028589 -0.795667 0.168135 -0.581824 0.011195 
527662819595361 -0.792309 0.167705 -0.586538 0.009751 
527662840163642 -0.787482 0.162591 -0.594482 0.005210 
527662860733277 -0.786112 0.157323 -0.597725 0.001506 
527662881301611 -0.789261 0.161714 -0.592363 0.004559 
527662901869996 -0.789348 0.171391 -0.589521 0.004514 
527662922438277 -0.790282 0.182026 -0.585052 0.005881 
527662943006455 -0.790913 0.189913 -0.581637 0.009356 
527662963574788 -0.790566 0.188843 -0.582444 0.010124 
527662984142808 -0.791522 0.185188 -0.582282 0.012065 
527663004711142 -0.789397 0.181487 -0.586287 0.013523 
527663025279319 -0.788936 0.179715 -0.587464 0.012978 
527663045847652 -0.789243 0.180697 -0.586820 0.009333 
527663066416974 -0.786056 0.178085 -0.591908 0.006792 
527663086984892 -0.786991 0.180217 -0.589984 0.009232 
527663107553225 -0.787227 0.180526 -0.589563 0.009954 
527663128121193 -0.789172 0.180525 -0.586976 0.008825 
527663148689527 -0.788924 0.179075 -0.587786 0.006233 
527663169258121 -0.788374 0.178250 -0.588785 0.005036 
527663189826454 -0.785875 0.176584 -0.592618 0.004733 
527663210394631 -0.783886 0.173305 -0.596217 0.003639 
527663230962964 -0.783561 0.172617 -0.596850 0.002211 
527663251533328 -0.782029 0.172022 -0.599032 0.000109 
527663272101610 0.778987 -0.170154 0.603507 0.002351 
527663292669787 0.775960 -0.168847 0.607757 0.002880 
527663313238120 0.773289 -0.166949 0.611675 0.002481 
527663333805464 0.773025 -0.161381 0.613481 0.005449 
527663354373797 0.774615 -0.154910 0.613082 0.010235 
527663374942339 0.773132 -0.149620 0.616173 0.014551 
527663395510673 0.770606 -0.146098 0.620109 0.016926 
527663416078798 0.766102 -0.141920 0.626550 0.019512 
527663436647131 0.760364 -0.136337 0.634622 0.022700 
527663457215881 0.754039 -0.132490 0.642850 0.024793 
527663477784214 0.747079 -0.131097 0.651246 0.023766 
527663498351922 0.741223 -0.130788 0.658068 0.020710 
527663518920256 0.736661 -0.130569 0.663271 0.018804 
527663539488120 0.732874 -0.130133 0.667565 0.017852 
527663560056453 0.729764 -0.131636 0.670714 0.016105 
527663580624631 0.722088 -0.133134 0.678708 0.014816 
527663601192964 0.718449 -0.134202 0.682361 0.014320 
527663621761401 0.717615 -0.135934 0.682907 0.013725 
527663642329735 0.715654 -0.139091 0.684379 0.010855 
527663662898069 0.711579 -0.142724 0.687915 0.007679 
527663683466454 0.710146 -0.144427 0.689067 0.004352 
527663704035881 0.713874 -0.144825 0.685115 0.005307 
527663724604214 0.724888 -0.145749 0.673227 0.007707 
527663745173224 0.734780 -0.144182 0.662722 0.010462 
527663765741558 0.742381 -0.139838 0.655018 0.016380 
527663786308745 0.749471 -0.134825 0.647705 0.024374 
527663806877026 0.762485 -0.129987 0.633331 0.024740 
527663827445360 0.775899 -0.137446 0.615345 0.020965 
527663848013485 0.778665 -0.146023 0.609853 0.020893 
527663868581818 0.777219 -0.145239 0.611896 0.020508 
527663889150568 0.771562 -0.142854 0.619556 0.020867 
527663909718901 0.764374 -0.142114 0.628673 0.017521 
527663930285776 0.753811 -0.139432 0.642039 0.010624 
527663950854110 0.747907 -0.130901 0.650698 0.009594 
527663971423329 0.751958 -0.132806 0.645599 0.011116 
527663991991662 0.752304 -0.135166 0.644742 0.008678 
527664012560464 0.756822 -0.135918 0.639261 0.009642 
527664033128797 0.763059 -0.136732 0.631619 0.010124 
527664053697755 0.763094 -0.136425 0.631633 0.010715 
527664074266089 0.761317 -0.132710 0.634598 0.008364 
527664094834422 0.760835 -0.129634 0.635812 0.008264 
527664115402756 0.761590 -0.127767 0.635276 0.009016 
527664135969943 0.763843 -0.128410 0.632436 0.008953 
527664156538276 0.766440 -0.130351 0.628907 0.007305 
527664177107495 0.767744 -0.133540 0.626669 0.004660 
527664197675828 -0.766187 0.137354 -0.627766 0.001091 
527664218244839 -0.762360 0.141115 -0.631555 0.005669 
527664238813173 -0.759510 0.145612 -0.633940 0.007897 
527664259380881 -0.756608 0.148574 -0.636693 0.009563 
527664279949214 -0.750903 0.151260 -0.642801 0.008485 
527664300517599 -0.744571 0.154468 -0.649346 0.010163 
527664321085984 -0.738359 0.157631 -0.655573 0.014249 
527664341654630 -0.733812 0.159734 -0.660139 0.014897 
527664362222964 -0.728436 0.159745 -0.666077 0.014283 
527664382791245 -0.722623 0.159501 -0.672413 0.015353 
527664403359578 -0.720166 0.161767 -0.674435 0.018165 
527664423926505 -0.721079 0.165426 -0.672484 0.021073 
527664444494838 -0.720676 0.170575 -0.671534 0.023930 
527664465062807 -0.718941 0.175353 -0.671992 0.028329 
527664485631141 -0.717643 0.181156 -0.671632 0.032883 
527664506200203 -0.715492 0.187487 -0.671964 0.037200 
527664526768537 -0.711635 0.210623 -0.667788 0.057211 
527664547336870 -0.711773 0.218669 -0.664662 0.061543 
527664567904838 -0.709431 0.229134 -0.662832 0.069704 
527664588473224 -0.706480 0.237332 -0.662518 0.075029 
527664609041557 -0.706520 0.241840 -0.660752 0.075822 
527664629609890 -0.706364 0.242845 -0.660683 0.074657 
527664650178068 -0.704512 0.242778 -0.662579 0.075571 
527664670746401 -0.700851 0.242274 -0.666550 0.076308 
527664691314369 -0.699641 0.242283 -0.668016 0.074544 
527664711882703 -0.700424 0.244362 -0.666664 0.072479 
527664732452391 -0.702380 0.245594 -0.664320 0.070893 
527664753020724 -0.705442 0.245012 -0.661392 0.069864 
527664773589786 -0.710146 0.244596 -0.656574 0.069108 
527664794158119 -0.713432 0.246611 -0.652432 0.067313 
527664814725671 -0.716266 0.245914 -0.649830 0.064882 
527664835294005 -0.718861 0.241902 -0.648606 0.063511 
527664855861297 -0.719055 0.235501 -0.650876 0.062130 
527664876429630 -0.716625 0.230721 -0.655082 0.063900 
527664896997911 -0.713969 0.227757 -0.658638 0.067608 
527664917566244 -0.712516 0.228219 -0.660057 0.067540 
527664938134578 -0.713221 0.227169 -0.660017 0.063941 
527664958702911 -0.714887 0.225131 -0.659158 0.061342 
527664979271297 -0.718235 0.223063 -0.655885 0.064778 
527664999839631 -0.721217 0.224612 -0.650883 0.075815 
527665020407912 -0.721763 0.229954 -0.646208 0.092706 
527665040976245 -0.725125 0.234358 -0.637637 0.112648 
527665061544630 -0.736099 0.239068 -0.617553 0.140117 
527665082112963 -0.749508 0.249048 -0.589926 0.167927 
527665102681349 -0.752641 0.261222 -0.573834 0.189760 
527665123249683 -0.747862 0.265328 -0.574295 0.201221 
527665143818172 -0.747006 0.263117 -0.574124 0.207686 
527665164386505 -0.752957 0.260655 -0.564043 0.216726 
527665184955255 -0.762213 0.259493 -0.545556 0.232514 
527665205523588 -0.762901 0.262742 -0.533509 0.253607 
527665226093796 -0.758842 0.263797 -0.530501 0.270441 
527665246662547 -0.758826 0.259803 -0.526845 0.281284 
527665267230880 -0.760481 0.257708 -0.518906 0.293245 
527665287798225 -0.761847 0.257714 -0.506413 0.310996 
527665308366558 -0.763234 0.257415 -0.492551 0.329551 
527665328935932 -0.772547 0.245436 -0.467420 0.352776 
527665349504318 -0.780263 0.231409 -0.448987 0.368850 
527665370071349 -0.782385 0.219010 -0.441000 0.381350 
527665390639682 -0.781590 0.207675 -0.438690 0.391841 
527665411206974 -0.777421 0.197304 -0.441669 0.402015 
527665431775307 -0.772929 0.186673 -0.445465 0.411454 
527665452343223 -0.769214 0.175081 -0.446537 0.422210 
527665472911557 -0.766187 0.160873 -0.442306 0.437541 
527665493480047 -0.762359 0.145118 -0.435952 0.455737 
527665514048380 -0.750422 0.135598 -0.435221 0.478605 
527665534616505 -0.737314 0.118389 -0.438501 0.500069 
527665555184838 -0.732675 0.085626 -0.433079 0.517975 
527665575753327 -0.734145 0.064345 -0.422395 0.527706 
527665596321661 -0.737384 0.052542 -0.410303 0.533999 
527665616889943 -0.746126 0.039623 -0.385227 0.541596 
527665637458276 -0.760180 0.026784 -0.346633 0.548867 
527665658027599 -0.773340 0.013643 -0.302868 0.556803 
527665678595932 -0.785730 -0.002679 -0.258337 0.562034 
527665699163328 -0.795586 -0.008133 -0.233869 0.558822 
527665719731661 -0.803302 -0.003519 -0.228641 0.549925 
527665740302495 -0.813817 -0.003747 -0.230065 0.533627 
527665760870829 -0.826035 -0.009726 -0.233880 0.512710 
527665781438588 -0.835941 -0.013596 -0.244167 0.491326 
527665802006921 -0.843401 -0.016279 -0.261409 0.469121 
527665822573276 -0.849114 -0.021502 -0.286033 0.443539 
527665843141609 -0.852263 -0.031220 -0.320558 0.412208 
527665863709942 -0.851222 -0.048438 -0.363159 0.375754 
527665884278328 -0.844879 -0.074160 -0.404419 0.342234 
527665904846713 -0.833114 -0.105720 -0.440459 0.317397 
527665925415046 -0.814301 -0.140983 -0.478290 0.297113 
527665945983432 -0.790687 -0.174438 -0.517875 0.276028 
527665966551765 -0.758866 -0.203051 -0.564575 0.253275 
527665987120098 -0.712875 -0.228495 -0.622255 0.228907 
527666007688380 -0.657780 -0.250363 -0.681820 0.199412 
527666028256765 -0.599056 -0.270784 -0.734738 0.167236 
527666048824994 -0.542082 -0.296881 -0.775096 0.131284 
527666069393328 -0.489944 -0.330755 -0.801561 0.089759 
527666089961817 -0.447717 -0.355671 -0.819077 0.046490 
527666110530150 -0.401196 -0.367707 -0.838896 0.009347 
527666131098588 0.349959 0.366433 0.861749 0.025377 
527666151666921 0.300164 0.352433 0.883927 0.066076 
527666172235358 0.255596 0.330889 0.901057 0.115236 
527666192803692 0.231132 0.305506 0.908087 0.169177 
527666213373015 0.232860 0.279444 0.904858 0.221179 
527666233941348 0.236953 0.262737 0.898405 0.260175 
527666254509109 0.226037 0.264556 0.893969 0.282378 
527666275077442 0.209010 0.278989 0.890842 0.291343 
527666295647025 0.206864 0.287944 0.885440 0.300484 
527666316215411 0.219665 0.283177 0.877429 0.318867 
527666336783745 0.223064 0.280526 0.869843 0.339001 
527666357352079 0.222970 0.278003 0.864874 0.353542 
527666377920515 0.222196 0.274091 0.863108 0.361314 
527666398488848 0.216375 0.269183 0.864240 0.365802 
527666419055359 0.205417 0.264008 0.867302 0.368633 
527666439623692 0.191514 0.257981 0.871557 0.370348 
527666460191921 0.177564 0.250086 0.877169 0.369462 
527666480760255 0.163823 0.241416 0.884495 0.364072 
527666501329369 0.147776 0.234695 0.893296 0.353698 
527666521897702 0.119220 0.232685 0.902880 0.341250 
527666542466244 0.092342 0.226488 0.910885 0.332363 
527666563034577 0.075508 0.218621 0.916727 0.325752 
527666583602129 0.067069 0.212809 0.920533 0.320676 
527666604170463 0.062003 0.212152 0.923118 0.314643 
527666624738640 0.059304 0.217527 0.925127 0.305459 
527666645306973 0.062268 0.229543 0.925981 0.293244 
527666665875255 0.068606 0.247604 0.923919 0.283478 
527666686444004 0.070453 0.265348 0.920843 0.276904 
527666707012337 0.066906 0.277609 0.919494 0.270164 
527666727580516 0.061864 0.285127 0.919638 0.262949 
527666748148901 0.061510 0.289503 0.919953 0.257081 
527666768719160 0.065577 0.293256 0.919359 0.253928 
527666789287494 0.069485 0.296820 0.918616 0.251424 
527666809855515 0.072647 0.299603 0.918390 0.248033 
527666830423848 0.076408 0.301809 0.918200 0.244911 
527666850990827 0.081893 0.303874 0.917448 0.243401 
527666871559160 0.086302 0.305252 0.916702 0.242963 
527666892128848 0.087463 0.304839 0.916776 0.242785 
527666912697181 0.086788 0.301913 0.918107 0.241651 
527666933263640 0.086466 0.297357 0.919759 0.241136 
527666953831974 0.085015 0.294255 0.920548 0.242441 
527666974400359 0.080281 0.294839 0.920277 0.244366 
527666994968692 0.073961 0.297830 0.919735 0.244776 
527667015537078 0.069952 0.301274 0.919079 0.244201 
527667036105411 0.069084 0.303925 0.918536 0.243204 
527667056673743 0.070207 0.305016 0.918425 0.241932 
527667077242077 0.072801 0.304819 0.918240 0.242115 
527667097811140 0.075961 0.304656 0.917773 0.243120 
527667118379473 0.078543 0.304683 0.917129 0.244692 
527667138949526 0.079057 0.305156 0.916558 0.246072 
527667159517859 0.077557 0.305159 0.916552 0.246569 
527667180084369 0.077395 0.303885 0.916914 0.246847 
527667200652703 0.080856 0.301765 0.917072 0.247747 
527667221222286 0.084647 0.300589 0.916583 0.249713 
527667241790619 0.085452 0.301035 0.915840 0.251621 
527667262358536 0.085235 0.302052 0.915078 0.253242 
527667282926869 0.085400 0.302743 0.914694 0.253748 
527667303494733 0.085852 0.302300 0.914936 0.253250 
527667324063015 0.087920 0.300862 0.915245 0.253138 
527667344630671 0.091205 0.299531 0.915058 0.254227 
527667365199004 0.092472 0.299185 0.914891 0.254776 
527667385766765 0.091418 0.299741 0.914978 0.254193 
527667406336713 0.090551 0.300280 0.915086 0.253475 
527667426905046 0.092027 0.300274 0.914664 0.254472 
527667447473640 0.094670 0.299849 0.913798 0.257102 
527667468041973 0.093633 0.299677 0.913724 0.257944 
527667488609264 0.088900 0.299706 0.914592 0.256505 
527667509177598 0.084108 0.299190 0.916099 0.253325 
527667529745775 0.082808 0.298377 0.917086 0.251133 
527667550314108 0.084421 0.298686 0.916683 0.251697 
527667570882598 0.084796 0.299957 0.915991 0.252578 
527667591450931 0.078954 0.301667 0.916693 0.249875 
527667612019264 0.066064 0.306882 0.917521 0.244161 
527667632587598 0.061707 0.312762 0.916125 0.243079 
527667653156088 0.067062 0.316899 0.913947 0.244496 
527667673724421 0.075679 0.319885 0.912134 0.244864 
527667694292859 0.081509 0.321499 0.911863 0.241869 
527667714861140 0.079580 0.322241 0.912849 0.237770 
527667735429889 0.073284 0.322469 0.914234 0.234135 
527667755998275 0.071517 0.320996 0.915396 0.232159 
527667776566764 0.075541 0.318703 0.915506 0.233605 
527667797135097 0.080778 0.317034 0.915060 0.235860 
527667817702910 0.083189 0.316249 0.914900 0.236694 
527667838271243 0.083371 0.315924 0.914957 0.236843 
527667858839473 0.081673 0.315686 0.914976 0.237680 
