# Created at Thu Nov 07 18:04:25 EST 2019 in Burnaby Canada 
521109808003931 0.000000 0.000000 0.000000 
521109828573463 0.000000 0.000000 0.000000 
521109849143047 0.000000 0.000000 0.000000 
521109869712578 0.000000 0.000000 0.000000 
521109890282681 0.000000 0.000000 0.000000 
521109910852213 0.000000 0.000000 0.000000 
521109931421589 0.000000 0.000000 0.000000 
521109951991120 0.000000 0.000000 0.000000 
521109972560338 0.000000 0.000000 0.000000 
521109993129869 0.000000 0.000000 0.000000 
521110013699714 0.000000 0.000000 0.000000 
521110034269245 0.000000 0.000000 0.000000 
521110054838202 0.000000 0.000000 0.000000 
521110075407733 0.000000 0.000000 0.000000 
521110095978099 0.000000 0.000000 0.000000 
521110116547578 0.000000 0.000000 0.000000 
521110137116901 0.000000 0.000000 0.000000 
521110157685858 0.000000 0.000000 0.000000 
521110178255443 0.000000 0.000000 0.000000 
521110198825078 0.000000 0.000000 0.000000 
521110219394765 0.000000 0.000000 0.000000 
521110239964400 0.000000 0.000000 0.000000 
521110260533410 0.000000 0.000000 0.000000 
521110281103099 0.000000 0.000000 0.000000 
521110301672577 0.000000 0.000000 0.000000 
521110322242161 0.000000 0.000000 0.000000 
521110342811692 0.000000 0.000000 0.000000 
521110363381433 0.000000 0.000000 0.000000 
521110383951275 0.000000 0.000000 0.000000 
521110404520807 0.000000 0.000000 0.000000 
521110425090025 0.000000 0.000000 0.000000 
521110445659661 0.000000 0.000000 0.000000 
521110466228724 0.000000 0.000000 0.000000 
521110486798150 0.000000 0.000000 0.000000 
521110507367681 0.000000 0.000000 0.000000 
521110527937837 0.000000 0.000000 0.000000 
521110548507317 0.000000 0.000000 0.000000 
521110569076745 0.000000 0.000000 0.000000 
521110589646276 0.000000 0.000000 0.000000 
521110610215963 0.000000 0.000000 0.000000 
521110630785495 0.000000 0.000000 0.000000 
521110651354974 0.000000 0.000000 0.000000 
521110671924505 0.000000 0.000000 0.000000 
521110692493932 0.000000 0.000000 0.000000 
521110713063411 0.000000 0.000000 0.000000 
521110733632994 0.000000 0.000000 0.000000 
521110754202525 0.000000 0.000000 0.000000 
521110774772785 0.000000 0.000000 0.000000 
521110795342316 0.000000 0.000000 0.000000 
521110815911224 0.000000 0.000000 0.000000 
521110836480703 0.000000 0.000000 0.000000 
521110857050025 0.000000 0.000000 0.000000 
521110877620338 0.000000 0.000000 0.000000 
521110898189088 0.000000 0.000000 0.000000 
521110918758724 0.000000 0.000000 0.000000 
521110939328047 0.000000 0.000000 0.000000 
521110959898410 0.000000 0.000000 0.000000 
521110980467369 0.000000 0.000000 0.000000 
521111001036797 0.000000 0.000000 0.000000 
521111021606223 0.000000 0.000000 0.000000 
521111042175598 0.000000 0.000000 0.000000 
521111062745442 0.000000 0.000000 0.000000 
521111083314869 0.000000 0.000000 0.000000 
521111103884296 0.000000 0.000000 0.000000 
521111124453671 0.000000 0.000000 0.000000 
521111145023306 0.000000 0.000000 0.000000 
521111165593098 0.000000 0.000000 0.000000 
521111186162317 0.000000 0.000000 0.000000 
521111206731848 0.000000 0.000000 0.000000 
521111227301379 0.000000 0.000000 0.000000 
521111247871067 0.000000 0.000000 0.000000 
521111268440598 0.000000 0.000000 0.000000 
521111289010025 0.000000 0.000000 0.000000 
521111309579556 0.000000 0.000000 0.000000 
521111330149192 0.000000 0.000000 0.000000 
521111350718723 0.000000 0.000000 0.000000 
521111371288671 0.000000 0.000000 0.000000 
521111391858202 0.000000 0.000000 0.000000 
521111412427109 0.000000 0.000000 0.000000 
521111432996640 0.000000 0.000000 0.000000 
521111453566484 0.000000 0.000000 0.000000 
521111474136015 0.000000 0.000000 0.000000 
521111494705338 0.000000 0.000000 0.000000 
521111515274869 0.000000 0.000000 0.000000 
521111535844504 0.000000 0.000000 0.000000 
521111556414035 0.000000 0.000000 0.000000 
521111576983671 0.000000 0.000000 0.000000 
521111597553046 0.000000 0.000000 0.000000 
521111618122681 0.000000 0.000000 0.000000 
521111638692108 0.000000 0.000000 0.000000 
521111659261848 0.000000 0.000000 0.000000 
521111679831223 0.000000 0.000000 0.000000 
521111700400806 0.000000 0.000000 0.000000 
521111720970338 0.000000 0.000000 0.000000 
521111741539765 0.000000 0.000000 0.000000 
521111762109348 0.000000 0.000000 0.000000 
521111782678983 0.000000 0.000000 0.000000 
521111803248411 0.000000 0.000000 0.000000 
521111823818150 0.000000 0.000000 0.000000 
521111844389660 0.000000 0.000000 0.000000 
521111864960389 0.000000 0.000000 0.000000 
521111885527837 0.000000 0.000000 0.000000 
521111906097525 0.000000 0.000000 0.000000 
521111926667368 0.000000 0.000000 0.000000 
521111947235494 0.000000 0.000000 0.000000 
521111967804557 0.000000 0.000000 0.000000 
521111988374088 0.000000 0.000000 0.000000 
521112008945232 0.000000 0.000000 0.000000 
521112029514764 0.000000 0.000000 0.000000 
521112050084140 0.000000 0.000000 0.000000 
521112070653723 0.000000 0.000000 0.000000 
521112091223359 0.000000 0.000000 0.000000 
521112111792942 0.000000 0.000000 0.000000 
521112132366379 0.000000 0.000000 0.000000 
521112152935910 0.000000 0.000000 0.000000 
521112173501692 0.000000 0.000000 0.000000 
521112194071223 0.000000 0.000000 0.000000 
521112214641066 0.000000 0.000000 0.000000 
521112235210598 0.000000 0.000000 0.000000 
521112255779608 0.000000 0.000000 0.000000 
521112276349139 0.000000 0.000000 0.000000 
521112296918775 0.000000 0.000000 0.000000 
521112317487577 0.000000 0.000000 0.000000 
521112338056222 0.000000 0.000000 0.000000 
521112358626067 0.000000 0.000000 0.000000 
521112379195546 0.000000 0.000000 0.000000 
521112399767577 0.000000 0.000000 0.000000 
521112420335233 0.000000 0.000000 0.000000 
521112440905180 0.000000 0.000000 0.000000 
521112461474452 0.000000 0.000000 0.000000 
521112482043774 0.000000 0.000000 0.000000 
521112502613618 0.000000 0.000000 0.000000 
521112523184192 0.000000 0.000000 0.000000 
521112543753098 0.000000 0.000000 0.000000 
521112564321796 0.000000 0.000000 0.000000 
521112584893462 0.000000 0.000000 0.000000 
521112605461795 0.000000 0.000000 0.000000 
521112626032004 0.000000 0.000000 0.000000 
521112646601379 0.000000 0.000000 0.000000 
521112667170910 0.000000 0.000000 0.000000 
521112687740129 0.000000 0.000000 0.000000 
521112708309712 0.000000 0.000000 0.000000 
521112728880337 0.000000 0.000000 0.000000 
521112749449920 0.000000 0.000000 0.000000 
521112770018514 0.000000 0.000000 0.000000 
521112790588098 0.000000 0.000000 0.000000 
521112811158566 0.000000 0.000000 0.000000 
521112831728149 0.000000 0.000000 0.000000 
521112852297317 0.000000 0.000000 0.000000 
521112872866900 0.000000 0.000000 0.000000 
521112893435128 0.000000 0.000000 0.000000 
521112914004660 0.000000 0.000000 0.000000 
521112934573879 0.000000 0.000000 0.000000 
521112955143462 0.000000 0.000000 0.000000 
521112975712733 0.000000 0.000000 0.000000 
521112996282942 0.000000 0.000000 0.000000 
521113016852941 0.000000 0.000000 0.000000 
521113037421640 0.000000 0.000000 0.000000 
521113057991275 0.000000 0.000000 0.000000 
521113078561118 0.000000 0.000000 0.000000 
521113099130806 0.000000 0.000000 0.000000 
521113119700545 0.000000 0.000000 0.000000 
521113140269608 0.000000 0.000000 0.000000 
521113160839348 0.000000 0.000000 0.000000 
521113181408722 0.000000 0.000000 0.000000 
521113201979243 0.000000 0.000000 0.000000 
521113222548983 0.000000 0.000000 0.000000 
521113243120650 0.000000 0.000000 0.000000 
521113263687785 0.000000 0.000000 0.000000 
521113284258827 0.000000 0.000000 0.000000 
521113304827941 0.000000 0.000000 0.000000 
521113325397472 0.000000 0.000000 0.000000 
521113345967681 0.000000 0.000000 0.000000 
521113366535858 0.000000 0.000000 0.000000 
521113387105389 0.000000 0.000000 0.000000 
521113407676118 0.000000 0.000000 0.000000 
521113428245753 0.000000 0.000000 0.000000 
521113448815597 0.000000 0.000000 0.000000 
521113469385233 0.000000 0.000000 0.000000 
521113489954920 0.000000 0.000000 0.000000 
521113510524504 0.000000 0.000000 0.000000 
521113531092472 0.000000 0.000000 0.000000 
521113551662055 0.000000 0.000000 0.000000 
521113572231743 0.000000 0.000000 0.000000 
521113592801378 0.000000 0.000000 0.000000 
521113613370806 0.000000 0.000000 0.000000 
521113633940390 0.000000 0.000000 0.000000 
521113654510076 0.000000 0.000000 0.000000 
521113675079711 0.000000 0.000000 0.000000 
521113695649451 0.000000 0.000000 0.000000 
521113716219034 0.000000 0.000000 0.000000 
521113736788358 0.000000 0.000000 0.000000 
521113757358201 0.000000 0.000000 0.000000 
521113777929242 0.000000 0.000000 0.000000 
521113798498930 0.000000 0.000000 0.000000 
521113819066847 0.000000 0.000000 0.000000 
521113839636586 0.000000 0.000000 0.000000 
521113860207472 0.000000 0.000000 0.000000 
521113880775649 0.000000 0.000000 0.000000 
521113901346482 0.000000 0.000000 0.000000 
521113921915077 0.000000 0.000000 0.000000 
521113942485128 0.000000 0.000000 0.000000 
521113963054242 0.000000 0.000000 0.000000 
521113983623306 0.000000 0.000000 0.000000 
521114004193409 0.000000 0.000000 0.000000 
521114024762680 0.000000 0.000000 0.000000 
521114045332576 0.000000 0.000000 0.000000 
521114065902264 0.000000 0.000000 0.000000 
521114086472473 0.000000 0.000000 0.000000 
521114107041743 0.000000 0.000000 0.000000 
521114127610597 0.000000 0.000000 0.000000 
521114148180181 0.000000 0.000000 0.000000 
521114168750493 0.000000 0.000000 0.000000 
521114189320129 0.000000 0.000000 0.000000 
521114209889139 0.000000 0.000000 0.000000 
521114230458774 0.000000 0.000000 0.000000 
521114251029139 0.000000 0.000000 0.000000 
521114271598774 0.000000 0.000000 0.000000 
521114292167524 0.000000 0.000000 0.000000 
521114312737160 0.000000 0.000000 0.000000 
521114333307420 0.000000 0.000000 0.000000 
521114353877056 0.000000 0.000000 0.000000 
521114374445805 0.000000 0.000000 0.000000 
521114395015440 0.000000 0.000000 0.000000 
521114415585337 0.000000 0.000000 0.000000 
521114436154920 0.000000 0.000000 0.000000 
521114456726378 0.000000 0.000000 0.000000 
521114477294712 0.000000 0.000000 0.000000 
521114497864555 0.000000 0.000000 0.000000 
521114518434816 0.000000 0.000000 0.000000 
521114539004451 0.000000 0.000000 0.000000 
521114559573774 0.000000 0.000000 0.000000 
521114580143670 0.000000 0.000000 0.000000 
521114600712576 0.000000 0.000000 0.000000 
521114621283201 0.000000 0.000000 0.000000 
521114641851795 0.000000 0.000000 0.000000 
521114662421951 0.000000 0.000000 0.000000 
521114682992212 0.000000 0.000000 0.000000 
521114703561430 0.000000 0.000000 0.000000 
521114724131482 0.000000 0.000000 0.000000 
521114744698826 0.000000 0.000000 0.000000 
521114765268253 0.000000 0.000000 0.000000 
521114785838566 0.000000 0.000000 0.000000 
521114806408045 0.000000 0.000000 0.000000 
521114826977420 0.000000 0.000000 0.000000 
521114847546847 0.000000 0.000000 0.000000 
521114868116430 0.000000 0.000000 0.000000 
521114888686431 0.000000 0.000000 0.000000 
521114909256066 0.000000 0.000000 0.000000 
521114929825492 0.000000 0.000000 0.000000 
521114950395076 0.000000 0.000000 0.000000 
521114970966430 0.000000 0.000000 0.000000 
521114991534816 0.000000 0.000000 0.000000 
521115012103566 0.000000 0.000000 0.000000 
521115032673201 0.000000 0.000000 0.000000 
521115053243254 0.000000 0.000000 0.000000 
521115073812889 0.000000 0.000000 0.000000 
521115094383253 0.000000 0.000000 0.000000 
521115114952836 0.000000 0.000000 0.000000 
521115135521898 0.000000 0.000000 0.000000 
521115156092785 0.000000 0.000000 0.000000 
521115176661795 0.000000 0.000000 0.000000 
521115197232211 0.000000 0.000000 0.000000 
521115217801951 0.000000 0.000000 0.000000 
521115238371482 0.000000 0.000000 0.000000 
521115258941065 0.000000 0.000000 0.000000 
521115279509451 0.000000 0.000000 0.000000 
521115300078774 0.000000 0.000000 0.000000 
521115320648930 0.000000 0.000000 0.000000 
521115341217836 0.000000 0.000000 0.000000 
521115361787576 0.000000 0.000000 0.000000 
521115382357055 0.000000 0.000000 0.000000 
521115402927107 0.000000 0.000000 0.000000 
521115423496273 0.000000 0.000000 0.000000 
521115444066065 0.000000 0.000000 0.000000 
521115464635544 0.000000 0.000000 0.000000 
