# Created at Thu Nov 07 18:04:25 EST 2019 in Burnaby Canada 
521109792576744 -0.265765 -0.916639 -0.070246 0.290186 
521109813146275 -0.265784 -0.916317 -0.070406 0.291144 
521109833715911 -0.265874 -0.915930 -0.071149 0.292096 
521109854285443 -0.266237 -0.915700 -0.071607 0.292375 
521109874855860 -0.266647 -0.915686 -0.071861 0.291984 
521109895425025 -0.265607 -0.915673 -0.072863 0.292722 
521109915994453 -0.265083 -0.915529 -0.073708 0.293435 
521109936563985 -0.265257 -0.915272 -0.074076 0.293987 
521109957133203 -0.265597 -0.914951 -0.075086 0.294422 
521109977702682 -0.265953 -0.914607 -0.076611 0.294776 
521109998272578 -0.265102 -0.914265 -0.078045 0.296224 
521110018842109 -0.264445 -0.914166 -0.079200 0.296811 
521110039411067 -0.262738 -0.914451 -0.079621 0.297336 
521110059980546 -0.261663 -0.914844 -0.079020 0.297236 
521110080550911 -0.260379 -0.915189 -0.078246 0.297506 
521110101120442 -0.258164 -0.915658 -0.076671 0.298401 
521110121689766 -0.254842 -0.916316 -0.073603 0.300006 
521110142259297 -0.249769 -0.916533 -0.068315 0.304820 
521110162828255 -0.247724 -0.916184 -0.065958 0.308042 
521110183397786 -0.246108 -0.916726 -0.062203 0.308503 
521110203967630 -0.244196 -0.917252 -0.058592 0.309166 
521110224537161 -0.241959 -0.917187 -0.056205 0.311553 
521110245106223 -0.241232 -0.917173 -0.055237 0.312330 
521110265675754 -0.240431 -0.917972 -0.054091 0.310795 
521110286245441 -0.237937 -0.919088 -0.053415 0.309533 
521110306814973 -0.234129 -0.919850 -0.054361 0.310007 
521110327384505 -0.230171 -0.920416 -0.056435 0.310920 
521110347954036 -0.226085 -0.920907 -0.060019 0.311791 
521110368524087 -0.220498 -0.921127 -0.065215 0.314090 
521110389093619 -0.215858 -0.921605 -0.069496 0.314993 
521110409662890 -0.212836 -0.922439 -0.070018 0.314490 
521110430232369 -0.211078 -0.922882 -0.068971 0.314607 
521110450801588 -0.209225 -0.923154 -0.066546 0.315569 
521110471370964 -0.205358 -0.923241 -0.061643 0.318832 
521110491940546 -0.201350 -0.922992 -0.056468 0.323042 
521110512510650 -0.197410 -0.922316 -0.050304 0.328377 
521110533080181 -0.196411 -0.921648 -0.041816 0.332023 
521110553649609 -0.196295 -0.921234 -0.034775 0.334046 
521110574219089 -0.195308 -0.921414 -0.028532 0.334719 
521110594788724 -0.193342 -0.922122 -0.021227 0.334453 
521110615358359 -0.190299 -0.922794 -0.016037 0.334634 
521110635927838 -0.188386 -0.924055 -0.014572 0.332296 
521110656497318 -0.185756 -0.926333 -0.016925 0.327286 
521110677066796 -0.181722 -0.929547 -0.022845 0.319995 
521110697636276 -0.176597 -0.933007 -0.030327 0.312077 
521110718205858 -0.173242 -0.935993 -0.037539 0.304130 
521110738775337 -0.172650 -0.938333 -0.044962 0.296144 
521110759345650 -0.173190 -0.940233 -0.050724 0.288781 
521110779915181 -0.172893 -0.941686 -0.055099 0.283372 
521110800484036 -0.171689 -0.942689 -0.059033 0.279957 
521110821053567 -0.168042 -0.943231 -0.060716 0.279984 
521110841622890 -0.164536 -0.943618 -0.061719 0.280541 
521110862192421 -0.162761 -0.944446 -0.061967 0.278732 
521110882761900 -0.159461 -0.945272 -0.061658 0.277906 
521110903331431 -0.155969 -0.945931 -0.061227 0.277740 
521110923900912 -0.152952 -0.946556 -0.061043 0.277329 
521110944470443 -0.148550 -0.947197 -0.056216 0.278549 
521110965040182 -0.144934 -0.945678 -0.057686 0.285236 
521110985609713 -0.144311 -0.945660 -0.058464 0.285453 
521111006179035 -0.141329 -0.944839 -0.059506 0.289420 
521111026748567 -0.139962 -0.943798 -0.062476 0.292837 
521111047317994 -0.135840 -0.943308 -0.060836 0.296674 
521111067887838 -0.133296 -0.942394 -0.058335 0.301202 
521111088457264 -0.129271 -0.941544 -0.053967 0.306383 
521111109026640 -0.126818 -0.940215 -0.049760 0.312148 
521111129596015 -0.127611 -0.939054 -0.048767 0.315461 
521111150165650 -0.124649 -0.938354 -0.046140 0.319101 
521111170735441 -0.128705 -0.939282 -0.046533 0.314674 
521111191304661 -0.119869 -0.938896 -0.042158 0.319888 
521111211874192 -0.127986 -0.937499 -0.042573 0.320783 
521111232443879 -0.135451 -0.937796 -0.044096 0.316618 
521111253013410 -0.140743 -0.938155 -0.046625 0.312862 
521111273582995 -0.144821 -0.937726 -0.051305 0.311551 
521111294152369 -0.147126 -0.936724 -0.057082 0.312479 
521111314722004 -0.148462 -0.935677 -0.060037 0.314425 
521111335291535 -0.149550 -0.934356 -0.062896 0.317265 
521111355861276 -0.153270 -0.932760 -0.066063 0.319534 
521111376431015 -0.155648 -0.931937 -0.071540 0.319609 
521111396999921 -0.156343 -0.930994 -0.074801 0.321267 
521111417569452 -0.160104 -0.929235 -0.076946 0.323988 
521111438139297 -0.165252 -0.927536 -0.078965 0.325780 
521111458708880 -0.169952 -0.926268 -0.079379 0.326870 
521111479278202 -0.173577 -0.927545 -0.079213 0.321337 
521111499847733 -0.175274 -0.928298 -0.079447 0.318166 
521111520417317 -0.181007 -0.927954 -0.083494 0.314908 
521111540986848 -0.185036 -0.926663 -0.086432 0.315574 
521111561556483 -0.189706 -0.925191 -0.084966 0.317513 
521111582126014 -0.193236 -0.923805 -0.082512 0.320055 
521111602695442 -0.192249 -0.921890 -0.080158 0.326701 
521111623265077 -0.198433 -0.922464 -0.081345 0.321040 
521111643834660 -0.198229 -0.921775 -0.081334 0.323144 
521111664404192 -0.204178 -0.921819 -0.082703 0.318938 
521111684973567 -0.208486 -0.922305 -0.083921 0.314396 
521111705543202 -0.211463 -0.922362 -0.085663 0.311760 
521111726112838 -0.212143 -0.922021 -0.087316 0.311849 
521111746682161 -0.209323 -0.921080 -0.090299 0.315659 
521111767251692 -0.199129 -0.917414 -0.093578 0.331577 
521111787821379 -0.200916 -0.916739 -0.095915 0.331697 
521111808390910 -0.200580 -0.916200 -0.093559 0.334055 
521111828960494 -0.205688 -0.913800 -0.095995 0.336820 
521111849533254 -0.208423 -0.913246 -0.095737 0.336715 
521111870102785 -0.210312 -0.912868 -0.094674 0.336865 
521111890670338 -0.211392 -0.912734 -0.095291 0.336377 
521111911239921 -0.211987 -0.912930 -0.096940 0.334997 
521111931808306 -0.212544 -0.912880 -0.096574 0.334886 
521111952377369 -0.214641 -0.912866 -0.095073 0.334015 
521111972946953 -0.214486 -0.911989 -0.092538 0.337208 
521111993518202 -0.215438 -0.911610 -0.092420 0.337658 
521112014087576 -0.215324 -0.911393 -0.092502 0.338293 
521112034657005 -0.215679 -0.910872 -0.092478 0.339473 
521112055226536 -0.216169 -0.910300 -0.091977 0.340829 
521112075796171 -0.216302 -0.910113 -0.091560 0.341358 
521112096365754 -0.215843 -0.910371 -0.092111 0.340812 
521112116939192 -0.214393 -0.911221 -0.095333 0.338562 
521112137508775 -0.210343 -0.912288 -0.098147 0.337422 
521112158074504 -0.204685 -0.912946 -0.101668 0.338078 
521112178644088 -0.201037 -0.912740 -0.104620 0.339919 
521112199213879 -0.199503 -0.913342 -0.107719 0.338233 
521112219783462 -0.195850 -0.915019 -0.110911 0.334787 
521112240352420 -0.191847 -0.916647 -0.110685 0.332718 
521112260922004 -0.189102 -0.917630 -0.109178 0.332077 
521112281491588 -0.187279 -0.918209 -0.107019 0.332215 
521112302061119 -0.188075 -0.918321 -0.106012 0.331775 
521112322629035 -0.189156 -0.918285 -0.106104 0.331233 
521112343198618 -0.186775 -0.916156 -0.104294 0.338964 
521112363768358 -0.187077 -0.912144 -0.101843 0.350177 
521112384337941 -0.191426 -0.908581 -0.101117 0.357229 
521112404908046 -0.194525 -0.904803 -0.100426 0.365249 
521112425477629 -0.196892 -0.901395 -0.098975 0.372727 
521112446047264 -0.197415 -0.897768 -0.097387 0.381516 
521112466616848 -0.199211 -0.893898 -0.098036 0.389424 
521112487186431 -0.201763 -0.890250 -0.100592 0.395761 
521112507756014 -0.201248 -0.886935 -0.105929 0.402025 
521112528325963 -0.199699 -0.883607 -0.111260 0.408631 
521112548895494 -0.202016 -0.879884 -0.116655 0.413987 
521112569466274 -0.207564 -0.878020 -0.119558 0.414372 
521112590035805 -0.212768 -0.877384 -0.119122 0.413203 
521112610604817 -0.221347 -0.878667 -0.118236 0.406165 
521112631174295 -0.224311 -0.879174 -0.116991 0.403795 
521112651743722 -0.228979 -0.879136 -0.113800 0.402167 
521112672312942 -0.232326 -0.878709 -0.110674 0.402054 
521112692882525 -0.234600 -0.877777 -0.107735 0.403565 
521112713453149 -0.237744 -0.877034 -0.103840 0.404359 
521112734022733 -0.238229 -0.878383 -0.101334 0.401773 
521112754591379 -0.234627 -0.879978 -0.106642 0.399020 
521112775160910 -0.235108 -0.880276 -0.111462 0.396756 
521112795731431 -0.233484 -0.880088 -0.116363 0.396724 
521112816300962 -0.220598 -0.877863 -0.129085 0.405005 
521112836870129 -0.212119 -0.874917 -0.137706 0.412993 
521112857439712 -0.213527 -0.869787 -0.139208 0.422491 
521112878007941 -0.239259 -0.865607 -0.139475 0.417166 
521112898577524 -0.262941 -0.866989 -0.130431 0.402715 
521112919146534 -0.265406 -0.870670 -0.120722 0.396131 
521112939716275 -0.262529 -0.873480 -0.115967 0.393272 
521112960285545 -0.255877 -0.873791 -0.115572 0.397064 
521112980855128 -0.247419 -0.873197 -0.115501 0.403696 
521113001425754 -0.239520 -0.875388 -0.113709 0.404223 
521113021995337 -0.232780 -0.879554 -0.111736 0.399642 
521113042564087 -0.223294 -0.883965 -0.110859 0.395546 
521113063133671 -0.209765 -0.886037 -0.105171 0.399846 
521113083703618 -0.201000 -0.882134 -0.101032 0.413800 
521113104273201 -0.215351 -0.880179 -0.107049 0.409206 
521113124842421 -0.215793 -0.877145 -0.100387 0.417099 
521113145412004 -0.225990 -0.871873 -0.092183 0.424579 
521113165981534 -0.240728 -0.866047 -0.084581 0.429952 
521113186551118 -0.252959 -0.860196 -0.081094 0.435315 
521113207121795 -0.265480 -0.854950 -0.081741 0.438063 
521113227691378 -0.274850 -0.852300 -0.080107 0.437751 
521113248260546 -0.282246 -0.851750 -0.076351 0.434775 
521113268830181 -0.290107 -0.853191 -0.070254 0.427747 
521113289400753 -0.293885 -0.854236 -0.060461 0.424566 
521113309970337 -0.295707 -0.852412 -0.053225 0.427922 
521113330540493 -0.298477 -0.848513 -0.048163 0.434302 
521113351110076 -0.299409 -0.844455 -0.044516 0.441891 
521113371678202 -0.299651 -0.841052 -0.042189 0.448399 
521113392248930 -0.301359 -0.839614 -0.038735 0.450257 
521113412818514 -0.304074 -0.838677 -0.031149 0.450767 
521113433388410 -0.309843 -0.836529 -0.022112 0.451362 
521113453957993 -0.315600 -0.832411 -0.007723 0.455443 
521113474527733 -0.333626 -0.824674 0.003213 0.456722 
521113495097316 -0.345778 -0.818389 0.008696 0.458913 
521113515665232 -0.369122 -0.817227 0.019479 0.442165 
521113536234868 -0.364439 -0.824364 0.047139 0.430564 
521113556804555 -0.371291 -0.826723 0.083436 0.414380 
521113577374138 -0.353072 -0.828749 0.119440 0.417431 
521113597943619 -0.339741 -0.818777 0.145367 0.439373 
521113618513202 -0.341911 -0.799646 0.160713 0.466728 
521113639082889 -0.366825 -0.776680 0.161775 0.485836 
521113659652472 -0.394660 -0.761196 0.153123 0.491302 
521113680222263 -0.400544 -0.764438 0.138551 0.485801 
521113700791847 -0.377243 -0.780259 0.105298 0.487644 
521113721361118 -0.342012 -0.784147 0.041528 0.516156 
521113741930753 -0.308716 -0.763401 -0.039068 0.566027 
521113762502055 -0.274094 -0.722640 -0.125472 0.622029 
521113783071638 -0.229508 -0.671381 -0.211192 0.672288 
521113803639659 -0.173548 -0.616241 -0.287514 0.712365 
521113824209243 -0.110274 -0.554815 -0.354981 0.744318 
521113844780232 -0.043609 -0.484928 -0.407748 0.772453 
521113865349868 0.019480 -0.409228 -0.437806 0.800299 
521113885919295 0.068986 -0.340636 -0.455093 0.819816 
521113906488878 0.099344 -0.299180 -0.472938 0.822771 
521113927057941 0.123424 -0.285524 -0.488527 0.815220 
521113947627524 0.135066 -0.285564 -0.490336 0.812269 
521113968196066 0.135753 -0.283760 -0.486846 0.814882 
521113988765702 0.130595 -0.286156 -0.486740 0.814950 
521114009335440 0.127546 -0.297305 -0.495262 0.806261 
521114029905075 0.136863 -0.303481 -0.514085 0.790496 
521114050475077 0.156372 -0.305310 -0.535083 0.772023 
521114071044660 0.177420 -0.312080 -0.554800 0.750550 
521114091614556 0.193689 -0.328390 -0.575640 0.723383 
521114112183358 0.206296 -0.345503 -0.593407 0.697093 
521114132752993 0.218010 -0.353483 -0.603465 0.680699 
521114153323722 0.229334 -0.352045 -0.606640 0.674876 
521114173892889 0.234958 -0.347538 -0.606163 0.675706 
521114194462420 0.231431 -0.344330 -0.604958 0.679634 
521114215031535 0.222464 -0.343359 -0.603678 0.684242 
521114235601951 0.210268 -0.342531 -0.603545 0.688617 
521114256171534 0.197132 -0.338039 -0.606116 0.692453 
521114276740337 0.187346 -0.328362 -0.612405 0.694291 
521114297309920 0.183696 -0.313534 -0.618788 0.696458 
521114317880233 0.186735 -0.294996 -0.621479 0.701335 
521114338449816 0.190369 -0.277611 -0.622423 0.706598 
521114359018617 0.195372 -0.265580 -0.625368 0.707257 
521114379588201 0.202752 -0.257931 -0.627165 0.706418 
521114400158201 0.210806 -0.253400 -0.628779 0.704263 
521114420727733 0.217279 -0.250967 -0.631137 0.701050 
521114441299139 0.220047 -0.251045 -0.630467 0.700762 
521114461868774 0.220502 -0.255682 -0.627456 0.701644 
521114482437316 0.220930 -0.263368 -0.623799 0.701927 
521114503006951 0.223878 -0.268641 -0.620967 0.701505 
521114523577211 0.231394 -0.266703 -0.618461 0.702021 
521114544146847 0.236589 -0.259329 -0.614307 0.706683 
521114564716482 0.237650 -0.250363 -0.609227 0.713921 
521114585286066 0.235319 -0.244696 -0.607065 0.718486 
521114605856014 0.232560 -0.242673 -0.607580 0.719633 
521114626425597 0.230813 -0.242910 -0.608806 0.719079 
521114646994712 0.229475 -0.243174 -0.609328 0.718977 
521114667564347 0.228420 -0.240858 -0.609500 0.719945 
521114688134190 0.226320 -0.238765 -0.609604 0.721217 
521114708703826 0.224320 -0.238899 -0.610676 0.720891 
521114729271638 0.222932 -0.239253 -0.611164 0.720789 
521114749841222 0.221870 -0.238897 -0.611050 0.721331 
521114770411326 0.221338 -0.238454 -0.611221 0.721497 
521114790980961 0.221261 -0.238528 -0.610952 0.721724 
521114811550181 0.221174 -0.238058 -0.610308 0.722451 
521114832119607 0.221010 -0.236559 -0.609592 0.723597 
521114852689243 0.222008 -0.234442 -0.609577 0.723992 
521114873259191 0.223585 -0.234514 -0.608775 0.724159 
521114893828826 0.225225 -0.236196 -0.607682 0.724022 
521114914398253 0.226260 -0.237296 -0.606476 0.724351 
521114934967888 0.227026 -0.237507 -0.605711 0.724682 
521114955537941 0.227819 -0.237605 -0.605328 0.724721 
521114976107524 0.227993 -0.239262 -0.604955 0.724433 
521114996676378 0.227702 -0.241992 -0.605022 0.723561 
521115017245962 0.227736 -0.244192 -0.604999 0.722830 
521115037816014 0.228323 -0.244772 -0.604629 0.722757 
521115058385650 0.228917 -0.243953 -0.604096 0.723292 
521115078956013 0.229310 -0.243428 -0.603709 0.723668 
521115099525648 0.229627 -0.243660 -0.603379 0.723764 
521115120094659 0.230123 -0.243638 -0.603082 0.723862 
521115140664294 0.230208 -0.243153 -0.602430 0.724541 
521115161234556 0.230555 -0.241923 -0.602340 0.724916 
521115181804191 0.230955 -0.240798 -0.602295 0.725202 
521115202374606 0.231034 -0.240270 -0.602077 0.725532 
521115222944347 0.231600 -0.240267 -0.601954 0.725455 
521115243513878 0.232788 -0.239214 -0.601410 0.725874 
521115264083461 0.233791 -0.236188 -0.600338 0.727428 
521115284651534 0.236008 -0.232594 -0.599835 0.728284 
521115305221169 0.240188 -0.233161 -0.598538 0.727804 
521115325790597 0.243869 -0.237288 -0.596829 0.726648 
521115346360232 0.245190 -0.239159 -0.595375 0.726783 
521115366929816 0.244250 -0.237772 -0.595061 0.727811 
521115387499451 0.242506 -0.235299 -0.594788 0.729419 
521115408069502 0.240824 -0.234431 -0.595159 0.729953 
521115428638669 0.240500 -0.236486 -0.595985 0.728722 
521115449208304 0.239892 -0.240350 -0.596182 0.727496 
