# Created at Thu Nov 07 18:04:25 EST 2019 in Burnaby Canada 
521109813146275 5.599465 -0.252366 -8.046905 
521109833716432 5.618360 -0.245039 -8.033952 
521109854285443 5.624950 -0.240666 -8.029470 
521109874856016 5.619745 -0.236420 -8.033241 
521109895425025 5.636673 -0.216344 -8.021938 
521109915994921 5.652302 -0.202069 -8.011307 
521109936563985 5.662890 -0.199709 -8.003885 
521109957133203 5.674604 -0.186286 -7.995909 
521109977702682 5.687454 -0.163335 -7.987275 
521109998272734 5.717612 -0.140730 -7.966146 
521110018842109 5.732557 -0.119406 -7.955748 
521110039411693 5.743144 -0.104178 -7.948323 
521110059980546 5.738876 -0.107575 -7.951359 
521110080550286 5.739789 -0.114823 -7.950599 
521110101120442 5.747227 -0.133993 -7.944924 
521110121689766 5.759583 -0.176730 -7.935135 
521110142259297 5.814177 -0.265198 -7.892744 
521110162828202 5.855792 -0.311444 -7.860223 
521110183397786 5.847148 -0.370729 -7.864083 
521110203967474 5.842626 -0.426662 -7.864609 
521110224537161 5.871277 -0.467446 -7.840918 
521110245106224 5.879786 -0.484095 -7.833527 
521110265675754 5.850777 -0.491716 -7.854745 
521110286245442 5.829017 -0.481625 -7.871530 
521110306814973 5.842564 -0.442818 -7.863762 
521110327384505 5.867625 -0.384829 -7.848139 
521110347954036 5.897717 -0.298508 -7.829318 
521110368523776 5.956492 -0.180137 -7.788334 
521110389093619 5.987942 -0.077396 -7.765883 
521110409663203 5.982062 -0.046035 -7.770663 
521110430232369 5.980164 -0.054029 -7.772072 
521110450802004 5.986794 -0.090067 -7.766632 
521110471371120 6.021629 -0.167952 -7.738358 
521110491940546 6.070995 -0.253505 -7.697346 
521110512510650 6.134995 -0.361442 -7.642092 
521110533080181 6.162913 -0.523156 -7.610203 
521110553649505 6.169568 -0.657738 -7.594354 
521110574219089 6.158330 -0.766551 -7.593270 
521110594788724 6.129368 -0.884369 -7.603889 
521110615358359 6.116410 -0.958736 -7.605310 
521110635927785 6.076290 -0.963694 -7.636778 
521110656497318 6.007941 -0.884903 -7.700129 
521110677066796 5.915410 -0.724026 -7.788074 
521110697636276 5.815844 -0.525950 -7.878434 
521110718205859 5.710741 -0.344253 -7.964880 
521110738775337 5.602434 -0.175342 -8.046886 
521110759344922 5.497725 -0.045529 -8.120551 
521110779915181 5.420592 0.056743 -8.172170 
521110800483880 5.374973 0.148754 -8.201093 
521110821053567 5.379784 0.200450 -8.196836 
521110841623307 5.391276 0.236932 -8.188309 
521110862192421 5.360967 0.258070 -8.207546 
521110882762682 5.345192 0.273970 -8.217314 
521110903331431 5.340156 0.286308 -8.220166 
521110923901120 5.331765 0.301314 -8.225077 
521110944470443 5.338581 0.232796 -8.222880 
521110965040754 5.454496 0.259130 -8.145656 
521110985609713 5.459930 0.276415 -8.141446 
521111006179140 5.528305 0.300475 -8.094316 
521111026748567 5.592201 0.352622 -8.048189 
521111047318307 5.650961 0.335126 -8.007792 
521111067887838 5.719769 0.290776 -7.960532 
521111088457160 5.794747 0.219785 -7.908412 
521111109026640 5.880003 0.141194 -7.847038 
521111129596119 5.932207 0.108636 -7.808169 
521111150165650 5.985613 0.069031 -7.767757 
521111170735441 5.914522 0.062900 -7.822075 
521111191304661 5.989807 0.024267 -7.764793 
521111211874192 6.005256 -0.022426 -7.752857 
521111232443723 5.940783 -0.030062 -7.802345 
521111253013410 5.885458 -0.005729 -7.844216 
521111273582995 5.875744 0.058659 -7.851278 
521111294152369 5.905653 0.147023 -7.827645 
521111314722004 5.945052 0.186228 -7.796926 
521111335291535 5.998632 0.222029 -7.754838 
521111355861276 6.044315 0.248026 -7.718493 
521111376431015 6.060315 0.331946 -7.702778 
521111397000545 6.095662 0.380717 -7.672572 
521111417569452 6.146418 0.385000 -7.631757 
521111438139192 6.182544 0.380640 -7.602739 
521111458708880 6.202889 0.352526 -7.587507 
521111479278202 6.115508 0.347095 -7.658361 
521111499847733 6.065954 0.352724 -7.697412 
521111520417213 6.027816 0.401643 -7.724927 
521111540986848 6.049214 0.425623 -7.706896 
521111561556327 6.077745 0.360405 -7.687751 
521111582126014 6.111758 0.282020 -7.664023 
521111602695442 6.209427 0.217479 -7.587232 
521111623265077 6.125028 0.222275 -7.655391 
521111643834660 6.158346 0.214082 -7.628849 
521111664404192 6.097560 0.218046 -7.677408 
521111684973567 6.030405 0.232487 -7.729849 
521111705543202 5.995196 0.256664 -7.756426 
521111726112838 6.002740 0.281468 -7.749727 
521111746682161 6.073235 0.335353 -7.692447 
521111767251796 6.331705 0.388790 -7.478552 
521111787821379 6.341968 0.417477 -7.468303 
521111808390962 6.370933 0.367040 -7.446266 
521111828960494 6.423959 0.361676 -7.400833 
521111849532056 6.422522 0.338377 -7.403182 
521111870102785 6.421873 0.305537 -7.405172 
521111890670233 6.416806 0.311217 -7.409327 
521111911239921 6.401373 0.342934 -7.421268 
521111931809764 6.398584 0.333079 -7.424121 
521111952377837 6.380556 0.296075 -7.441185 
521111972946953 6.420960 0.236683 -7.408484 
521111993518098 6.427732 0.225687 -7.402953 
521112014087576 6.437784 0.224826 -7.394240 
521112034657212 6.455958 0.216104 -7.378638 
521112055226536 6.475128 0.197113 -7.362354 
521112075796431 6.481775 0.186202 -7.356787 
521112096365754 6.475269 0.201894 -7.362100 
521112116935286 6.451664 0.280167 -7.380239 
521112137508775 6.442393 0.364089 -7.384672 
521112158074660 6.461733 0.463219 -7.362187 
521112178644088 6.497693 0.532587 -7.325758 
521112199214035 6.480482 0.606158 -7.335278 
521112219783462 6.434302 0.704469 -7.367079 
521112240352472 6.398242 0.738004 -7.395150 
521112260922004 6.381575 0.733317 -7.410002 
521112281492212 6.375986 0.707029 -7.417365 
521112302061119 6.366768 0.685578 -7.427290 
521112322629973 6.359343 0.682135 -7.433965 
521112343198618 6.472845 0.632328 -7.339811 
521112363768463 6.638406 0.537111 -7.198157 
521112384337941 6.745553 0.460719 -7.103214 
521112404909973 6.864921 0.388653 -6.992296 
521112425477629 6.971773 0.310460 -6.889730 
521112446047576 7.094894 0.237586 -6.765827 
521112466616848 7.210534 0.197248 -6.643770 
521112487186118 7.308359 0.190297 -6.536212 
521112507756014 7.411632 0.255867 -6.416590 
521112528326588 7.517546 0.327670 -6.288841 
521112548895494 7.606570 0.372868 -6.178305 
521112569464192 7.622567 0.371972 -6.158611 
521112590035805 7.607673 0.325562 -6.179620 
521112610604191 7.512974 0.274330 -6.296853 
521112631174400 7.477542 0.240842 -6.340248 
521112651743722 7.445546 0.156085 -6.380429 
521112672312786 7.433449 0.075372 -6.395979 
521112692882525 7.443526 -0.002140 -6.384693 
521112713452681 7.439790 -0.099303 -6.388275 
521112734022733 7.395226 -0.131493 -6.439233 
521112754591847 7.377533 0.004342 -6.460834 
521112775160910 7.364014 0.094864 -6.475546 
521112795731431 7.380893 0.191839 -6.454145 
521112816300962 7.531805 0.470242 -6.262680 
521112836870962 7.659868 0.644837 -6.089417 
521112857439712 7.790438 0.605427 -5.925616 
521112878008410 7.736896 0.410309 -6.011862 
521112898577524 7.520627 0.141054 -6.292112 
521112919146482 7.393031 -0.000510 -6.443096 
521112939716275 7.334583 -0.038247 -6.509440 
521112960286171 7.384861 -0.012032 -6.452446 
521112980855128 7.474306 0.019076 -6.348604 
521113001425338 7.474385 0.053351 -6.348316 
521113021995337 7.404347 0.102947 -6.429265 
521113042564035 7.343274 0.189705 -6.496978 
521113063133671 7.381257 0.182644 -6.453997 
521113083703514 7.557683 0.116698 -6.248056 
521113104273201 7.516359 0.119620 -6.297653 
521113124842941 7.600539 -0.038311 -6.196832 
521113145412004 7.669033 -0.305550 -6.104339 
521113165981743 7.702526 -0.593317 -6.040651 
521113186551118 7.746649 -0.791598 -5.960973 
521113207121639 7.771235 -0.910309 -5.911822 
521113227691378 7.749457 -1.020690 -5.922372 
521113248260546 7.685850 -1.131329 -5.984829 
521113268830181 7.557609 -1.258234 -6.121257 
521113289401222 7.461852 -1.434228 -6.199527 
521113309970337 7.462963 -1.592009 -6.159552 
521113330539868 7.509655 -1.740925 -6.061736 
521113351110076 7.580263 -1.857672 -5.937934 
521113371678097 7.644653 -1.939358 -5.828255 
521113392249347 7.643597 -2.023424 -5.800997 
521113412818514 7.600527 -2.175945 -5.802383 
521113433388410 7.539907 -2.380152 -5.801298 
521113453957993 7.483525 -2.693084 -5.737120 
521113474527733 7.366276 -3.040528 -5.715203 
521113495097316 7.307187 -3.251856 -5.674579 
521113515665493 6.946230 -3.513352 -5.964614 
521113536234868 6.624639 -3.839781 -6.127042 
521113556804555 6.111469 -4.370512 -6.302298 
521113577374138 5.958025 -4.832112 -6.109258 
521113597944452 6.087215 -5.262173 -5.605866 
521113618513202 6.242279 -5.650455 -5.027593 
521113639083358 6.236946 -5.959775 -4.663900 
521113659652472 6.149660 -6.089024 -4.612576 
521113680222784 6.195234 -5.893764 -4.801354 
521113700791847 6.683539 -5.219485 -4.925208 
521113721361170 7.659755 -4.101064 -4.547507 
521113741930753 8.711575 -2.842300 -3.492876 
521113762500597 9.490767 -1.565601 -1.909090 
521113783071638 9.803352 -0.245272 -0.067213 
521113803641325 9.588667 1.050261 1.767710 
521113824209243 8.867244 2.252976 3.530789 
521113844778982 7.695592 3.217417 5.157176 
521113865349868 6.256181 3.819727 6.514620 
521113885918045 4.861427 4.149714 7.437526 
521113906488878 3.906434 4.378295 7.857525 
521113927057473 3.382679 4.709226 7.908923 
521113947627524 3.250448 4.898072 7.849449 
521113968196638 3.238952 4.879201 7.865937 
521113988765702 3.327142 4.819217 7.866107 
521114009335805 3.462481 4.904875 7.753955 
521114029905075 3.325268 5.181921 7.632868 
521114050474972 2.981895 5.571924 7.498823 
521114071044660 2.663477 6.007643 7.279047 
521114091614869 2.472383 6.455632 6.955755 
521114112184139 2.322802 6.841725 6.630670 
521114132752993 2.138918 7.094400 6.423776 
521114153323305 1.931186 7.224298 6.344323 
521114173892889 1.812480 7.245684 6.354947 
521114194462212 1.843892 7.170497 6.430740 
521114215031535 1.973962 7.050933 6.523665 
521114235601743 2.137189 6.894608 6.638313 
521114256171534 2.247514 6.695893 6.803240 
521114276741431 2.221152 6.495200 7.003517 
521114297309920 2.053395 6.314457 7.216758 
521114317880233 1.781666 6.164413 7.415934 
521114338449816 1.523351 6.027289 7.584299 
521114359018722 1.287689 5.967598 7.674634 
521114379588201 1.079685 5.981919 7.695539 
521114400158201 0.900444 6.036875 7.675657 
521114420727733 0.761151 6.094203 7.645373 
521114441298774 0.729428 6.128679 7.620867 
521114461868774 0.804981 6.181002 7.570838 
521114482437108 0.922791 6.263811 7.488894 
521114503006951 0.969531 6.352146 7.408146 
521114523577211 0.865392 6.421167 7.361392 
521114544146847 0.743837 6.403762 7.389784 
521114564716170 0.665994 6.319237 7.469544 
521114585286066 0.646394 6.229561 7.546200 
521114605854972 0.653841 6.174288 7.590853 
521114626425597 0.669815 6.155787 7.604474 
521114646994191 0.686691 6.142099 7.614030 
521114667564347 0.670436 6.104706 7.645487 
521114688134607 0.671473 6.056148 7.683917 
521114708703826 0.691040 6.033041 7.700343 
521114729273878 0.710058 6.019522 7.709187 
521114749841222 0.720800 6.002064 7.721792 
521114770410649 0.720940 5.990739 7.730568 
521114790980961 0.725131 5.990255 7.730551 
521114811550441 0.725703 5.983549 7.735689 
521114832119868 0.714854 5.964936 7.751059 
521114852689243 0.674756 5.955435 7.761951 
521114873259086 0.661203 5.975724 7.747510 
521114893828826 0.669702 6.013437 7.717543 
521114914398566 0.679881 6.037097 7.698156 
521114934967888 0.678714 6.048394 7.689386 
521114955537576 0.672588 6.059222 7.681396 
521114976107524 0.694382 6.078330 7.664341 
521114996676638 0.732181 6.103008 7.641177 
521115017245962 0.759605 6.126226 7.619892 
521115037815805 0.762175 6.139333 7.609078 
521115058385650 0.748470 6.137889 7.611602 
521115078955909 0.739914 6.137079 7.613092 
521115099525648 0.741390 6.143191 7.608018 
521115120095649 0.737004 6.148986 7.603761 
521115140664294 0.735304 6.144400 7.607633 
521115161235181 0.715914 6.136088 7.616185 
521115181804191 0.696734 6.129552 7.623223 
521115202374606 0.690840 6.124914 7.627487 
521115222944347 0.684318 6.132001 7.622379 
521115243513878 0.659755 6.135821 7.621470 
521115264083461 0.616963 6.116570 7.640504 
521115284651847 0.545816 6.107570 7.653107 
521115305221169 0.508646 6.165740 7.608897 
521115325791326 0.527135 6.253256 7.535868 
521115346360232 0.545972 6.287814 7.505711 
521115366929972 0.543481 6.261673 7.527712 
521115387499451 0.537254 6.214309 7.567306 
521115408069502 0.545164 6.184348 7.591247 
521115428638669 0.568745 6.201725 7.575323 
521115449208461 0.624377 6.233349 7.544925 
521115469777940 0.685093 6.244326 7.530566 
