# Created at Thu Nov 07 18:04:25 EST 2019 in Burnaby Canada 
521109802861536 0.019548 0.085521 0.036957 
521109823431067 -0.020464 0.111177 0.010996 
521109844000651 -0.042150 0.076053 -0.010690 
521109864570182 -0.010996 -0.002749 -0.008552 
521109885140285 -0.031460 0.014661 -0.054978 
521109905709817 -0.093157 0.116981 -0.048258 
521109926279193 -0.054978 0.058948 0.018631 
521109946848724 -0.056810 0.063835 0.038179 
521109967417942 -0.143553 0.048564 -0.007636 
521109987987474 -0.077580 0.138666 -0.079107 
521110008557318 -0.061697 0.092851 -0.156687 
521110029126849 -0.010079 0.078191 -0.189979 
521110049695806 0.041539 0.008858 -0.114537 
521110070265338 0.102625 -0.017715 -0.109956 
521110090835703 0.184787 0.015882 -0.209221 
521110111405182 0.338419 0.034819 -0.224493 
521110131974505 0.525649 0.178373 -0.119119 
521110152544036 0.522289 0.325285 -0.124922 
521110173113047 0.422718 0.097738 -0.150884 
521110193682525 0.367130 -0.054062 -0.033292 
521110214252369 0.317039 0.123700 -0.015577 
521110234821535 0.259007 0.160963 -0.111483 
521110255391015 0.229074 -0.108734 -0.162795 
521110275960702 0.165850 -0.203418 -0.186008 
521110296530181 0.082467 -0.040012 -0.280692 
521110317099765 0.013744 0.112399 -0.380874 
521110337669297 -0.084910 0.132863 -0.439823 
521110358239141 -0.187535 0.248316 -0.567493 
521110378808879 -0.248622 0.312457 -0.641713 
521110399378411 -0.144775 -0.002443 -0.342390 
521110419947629 0.041844 -0.075442 -0.102931 
521110440517265 0.194255 -0.064752 -0.134696 
521110461086328 0.433714 0.072693 -0.160657 
521110481655754 0.584903 0.250149 -0.135917 
521110502225285 0.606894 0.379958 -0.115759 
521110522795442 0.750753 0.302989 0.127976 
521110543364921 0.800233 0.086437 0.206778 
521110563934349 0.715017 -0.013439 0.019853 
521110584503880 0.720209 -0.175929 0.003971 
521110605073567 0.680809 -0.120035 -0.009774 
521110625643099 0.439212 -0.148440 -0.172569 
521110646212578 0.164323 -0.412028 -0.383318 
521110666782109 -0.203113 -0.558941 -0.618501 
521110687351536 -0.543364 -0.685696 -0.688750 
521110707921016 -0.739757 -0.585819 -0.493884 
521110728490598 -0.776714 -0.631023 -0.279776 
521110749060129 -0.711963 -0.635910 -0.188146 
521110769630389 -0.548862 -0.532369 -0.158825 
521110790199921 -0.472504 -0.336586 -0.268780 
521110810768828 -0.230601 -0.165239 -0.360410 
521110831338307 -0.042150 0.091935 -0.338419 
521110851907629 0.018937 -0.088270 -0.287412 
521110872477942 0.103847 -0.154854 -0.289244 
521110893046692 0.094684 -0.018021 -0.280998 
521110913616328 0.118202 -0.077885 -0.343001 
521110934185651 0.194866 -0.033292 -0.185703 
521110954756014 0.246789 0.284663 0.167988 
521110975324974 0.051313 0.472504 -0.538783 
521110995894296 -0.017715 0.221438 0.108734 
521111016463827 0.025351 0.496328 -0.412639 
521111037033202 0.101709 0.307876 -0.178983 
521111057603047 0.308792 0.469144 -0.324369 
521111078172473 0.435241 0.391259 -0.135917 
521111098741900 0.478918 0.536645 -0.024740 
521111119311275 0.337197 0.457538 0.047953 
521111139880911 0.320399 0.333838 0.076969 
521111160450702 0.202502 0.101098 -0.135612 
521111181019921 0.087659 -0.120951 0.048869 
521111201589452 -0.083383 0.364992 0.463952 
521111222158984 -0.252287 -0.166766 0.496022 
521111242728671 -0.402865 -0.412028 0.434019 
521111263298202 -0.515264 -0.162490 0.368046 
521111283867629 -0.575129 0.071777 0.099266 
521111304437161 -0.399506 0.183259 -0.014661 
521111325006796 -0.364381 0.254731 0.221438 
521111345576327 -0.369879 0.289244 0.171958 
521111366146275 -0.362243 0.131641 -0.029932 
521111386715807 -0.498771 0.162185 0.212275 
521111407284713 -0.296880 0.340863 0.302683 
521111427854244 -0.287106 0.265421 0.415999 
521111448424088 -0.214414 0.130114 0.237016 
521111468993620 0.212886 -0.098349 -0.032376 
521111489562942 -0.475864 -0.616973 0.403782 
521111510132473 -0.501520 -0.288023 0.486554 
521111530702108 -0.544586 -0.054978 0.357661 
521111551271640 -0.105680 0.162490 0.415693 
521111571841275 0.202807 0.095295 0.408363 
521111592410650 0.467922 0.863152 0.130725 
521111612980285 -0.139277 -0.300545 0.226631 
521111633549660 -0.159741 -0.126144 0.248316 
521111654119452 -0.227547 -0.124616 0.305127 
521111674688827 -0.265726 -0.467922 0.338724 
521111695258410 -0.266642 -0.283441 0.233656 
521111715827838 -0.112705 -0.009468 0.043982 
521111736397369 -0.148746 0.055283 -0.187841 
521111756966848 0.006720 0.990212 -0.473420 
521111777536588 0.179289 1.576336 -0.519846 
521111798106015 -0.468228 -0.745255 0.564439 
521111818675754 -0.104458 0.505796 0.299018 
521111839247264 0.050702 0.073609 0.158825 
521111859817994 0.094989 0.042761 0.194866 
521111880385441 0.016799 -0.069944 0.088575 
521111900955129 -0.082161 0.028405 0.006720 
521111921524764 -0.175318 -0.130725 0.047953 
521111942093098 0.011912 -0.145997 0.226020 
521111962662161 0.190590 0.051618 0.171958 
521111983231692 0.200974 0.178678 0.081856 
521112003802837 -0.017104 0.038790 0.045509 
521112024372368 -0.025656 0.104763 0.068417 
521112044941744 0.049175 0.114843 0.057421 
521112065511327 0.137750 0.095906 -0.009774 
521112086080963 0.107818 0.016799 -0.066584 
521112106650546 -0.062308 -0.158214 -0.304516 
521112127223983 -0.096211 -0.044593 -0.507018 
521112147793515 -0.223576 0.040317 -0.498771 
521112168359296 -0.239154 0.256563 -0.377209 
521112188928827 -0.064446 0.127976 -0.453567 
521112209498670 -0.145691 -0.198836 -0.569937 
521112230068202 -0.118202 -0.210443 -0.402560 
521112250637212 0.114537 -0.200669 -0.194560 
521112271206743 0.131641 -0.083383 0.007330 
521112291776380 0.057116 -0.036041 0.160963 
521112312345911 -0.056810 -0.134085 0.089797 
521112332913826 -0.006414 0.350636 0.223271 
521112353483671 0.161268 0.948673 0.405309 
521112374053150 0.172875 0.893084 0.517708 
521112394625181 0.124006 0.728456 0.469450 
521112415192837 0.254425 0.760832 0.358578 
521112435762785 0.229685 0.776409 0.357356 
521112456332056 0.084299 0.901331 0.365603 
521112476901378 -0.078802 0.709825 0.279165 
521112497471223 -0.149662 0.739757 -0.094379 
521112518041796 -0.412945 0.760527 -0.081856 
521112538610702 -0.531147 0.873842 0.045204 
521112559179764 -0.356745 0.347277 0.170126 
521112579751066 -0.254731 0.065973 0.319177 
521112600319399 -0.092241 -0.556803 0.499382 
521112620889608 -0.310930 -0.543364 0.380263 
521112641458983 0.031460 -0.289855 0.489608 
521112662028514 0.140193 -0.252593 0.477085 
521112682597733 0.090103 0.032376 0.400727 
521112703167317 0.467312 0.002138 0.310625 
521112723737941 0.457843 -0.096211 0.016799 
521112744307524 -0.249538 -0.327118 -0.221744 
521112764876119 -0.659734 -0.093157 -0.240986 
521112785445702 -0.016188 0.019242 -0.273057 
521112806016170 -0.301156 0.616973 -0.917213 
521112826585753 -0.953865 1.441335 -1.301142 
521112847154921 -1.247997 1.018922 0.563828 
521112867724504 -0.966693 0.119424 1.957516 
521112888292732 0.564134 -1.187216 1.221424 
521112908862264 0.791375 -1.560148 0.598953 
521112929431483 0.454483 -0.836579 0.060170 
521112950001066 0.266032 -0.084910 -0.225409 
521112970570337 0.596815 0.562301 -0.722347 
521112991139920 0.646906 0.255341 -0.803898 
521113011710545 0.545197 -0.311541 -0.778242 
521113032280129 0.463646 -0.629802 -0.932485 
521113052848879 0.350636 -0.091630 -0.678671 
521113073418722 0.202196 0.622471 0.319788 
521113093988410 -0.531758 1.115439 0.368962 
521113114558149 -0.061697 -0.004887 0.680503 
521113135127212 -0.054062 0.666759 1.325271 
521113155696952 0.157909 0.499993 1.666744 
521113176266326 0.008247 0.421497 1.591608 
521113196836847 -0.128892 0.496938 1.052825 
521113217406587 0.047342 0.097127 0.763886 
521113237976379 0.130725 -0.235488 0.619111 
521113258545389 0.165850 -0.671951 0.637132 
521113279118514 0.296880 -0.884838 0.771217 
521113299685545 0.355523 -0.201891 0.937066 
521113320255076 0.428216 0.344528 0.550389 
521113340825285 0.464868 0.705243 0.446237 
521113361393462 0.528093 0.662483 0.208610 
521113381962994 0.466701 0.313984 0.138361 
521113402533722 0.365603 -0.007941 0.548557 
521113423103357 0.380569 -0.122173 0.869871 
521113443673202 0.417221 -0.035430 1.306640 
521113464242785 0.100793 0.498771 2.078162 
521113484812524 0.133169 0.068722 1.618486 
521113505382108 0.778853 -1.097113 0.962417 
521113525950076 1.526551 -2.930013 0.547029 
521113546519659 1.696677 -2.481943 1.222951 
521113567089347 2.609003 -1.339932 1.642615 
521113587658982 2.248593 0.782823 1.307250 
521113608228411 1.747989 3.127933 1.768759 
521113628797994 0.887892 3.479486 2.015854 
521113649367680 0.515875 1.135292 1.568090 
521113669937316 0.503963 -0.998153 -0.139888 
521113690507055 -1.270904 -0.248011 -1.841146 
521113711076638 -3.735132 3.633729 -3.491397 
521113731645910 -4.459312 6.936980 -4.870424 
521113752215805 -3.546680 8.620218 -5.597964 
521113772786846 -1.978896 9.291557 -6.256476 
521113793356326 -1.033583 9.252157 -6.632769 
521113813924451 -0.582460 9.185878 -6.649873 
521113834494190 0.328340 9.617455 -6.147437 
521113855065024 0.926987 9.894482 -4.594924 
521113875633253 0.436463 9.349285 -3.209483 
521113896204087 -0.031460 6.542056 -2.502407 
521113916772629 0.875064 3.679849 -1.797775 
521113937342732 1.315192 1.225700 -1.152396 
521113957911847 0.323453 0.117897 -0.206472 
521113978480910 -0.460287 -0.200974 -0.110567 
521113999051013 -0.376904 -1.320384 -0.716239 
521114019620232 0.373544 -1.260825 -1.815184 
521114040190180 1.097113 -0.007330 -2.675588 
521114060759868 1.474627 -0.131336 -3.246440 
521114081329399 1.751349 -1.091004 -3.392132 
521114101899347 2.049757 -1.526551 -2.779740 
521114122468150 1.827707 -0.700356 -1.758680 
521114143037785 1.127962 0.272140 -1.088256 
521114163608097 0.385150 0.551305 -0.724180 
521114184177733 -0.294437 0.170737 -0.149356 
521114204746743 -0.686612 -0.286801 0.403476 
521114225316378 -0.895833 -0.695469 0.490219 
521114245886743 -1.245553 -0.735176 0.373849 
521114266456378 -1.449887 -0.198836 0.105680 
521114287025129 -1.308778 0.762970 0.051618 
521114307594764 -1.064737 1.453247 -0.006414 
521114328165024 -0.994488 1.609018 -0.265421 
521114348734660 -0.713795 1.348789 -0.342084 
521114369303409 -0.134085 1.097113 -0.360410 
521114389873044 0.193644 0.758389 -0.648127 
521114410442889 0.331394 0.590401 -0.606283 
521114431012524 0.316122 0.468839 -0.153632 
521114451583931 0.267559 -0.003665 0.326813 
521114472152316 0.473726 -0.375376 0.473420 
521114492722159 0.603534 -0.242513 0.398895 
521114513292055 0.523817 0.351247 0.150273 
521114533862055 0.224798 1.046106 0.153327 
521114554431170 -0.419359 0.885754 0.221744 
521114575001274 -0.642324 0.426078 0.137750 
521114595570024 -0.511905 0.068111 0.058032 
521114616140806 -0.209527 -0.073915 -0.005498 
521114636709399 -0.070860 -0.097127 0.033903 
521114657279503 -0.150884 -0.005192 0.030849 
521114677849816 -0.317039 0.103847 -0.012523 
521114698419034 -0.262061 -0.080634 0.013439 
521114718988358 -0.100487 -0.083688 0.068722 
521114739556430 -0.084299 -0.062308 0.066584 
521114760125805 -0.096822 0.000305 0.059559 
521114780696118 -0.008552 0.038790 0.062614 
521114801265440 0.009468 0.017104 0.092241 
521114821835025 -0.086437 0.073304 0.082772 
521114842404399 -0.095295 0.209527 0.058643 
521114862974034 0.035125 0.241292 0.062614 
521114883544035 0.221744 0.036346 0.064752 
521114904113618 0.210137 -0.024740 0.071166 
521114924683044 0.103542 -0.013744 0.045509 
521114945252680 0.058338 0.059865 0.021075 
521114965825284 0.095600 -0.053451 -0.015577 
521114986392368 0.137750 -0.213497 0.017715 
521115006961170 0.161574 -0.190284 0.060476 
521115027530805 0.130420 -0.064752 0.055283 
521115048100858 0.034514 0.072693 0.034514 
521115068670441 -0.020464 0.106290 0.020464 
521115089240805 0.023518 0.018326 0.034819 
521115109810440 0.045204 0.031154 0.042150 
521115130379502 0.029627 0.046120 0.034819 
521115150949138 -0.062614 0.067195 0.023213 
521115171519347 -0.039401 0.123089 -0.012828 
521115192089763 -0.034208 0.081856 0.011912 
521115212659555 0.012217 0.050396 0.049175 
521115233229086 0.064446 0.131336 0.060781 
521115253798669 -0.028100 0.254120 0.062003 
521115274367159 -0.160963 0.408363 0.088270 
521115294936326 0.171958 0.480140 0.021075 
521115315506482 0.551305 0.011606 -0.007941 
521115336075388 0.442572 -0.243735 -0.012217 
521115356645128 -0.035736 -0.021075 0.018326 
521115377214607 -0.302378 0.121257 0.055894 
521115397784659 -0.308181 0.018021 0.040928 
521115418353877 -0.022297 -0.036346 -0.012828 
521115438923670 0.207999 -0.372627 -0.044899 
521115459493148 0.147524 -0.476474 -0.047647 
