# Created at Thu Nov 07 18:04:25 EST 2019 in Burnaby Canada 
521109813146275 0.024293 -0.109174 -0.320682 
521109833716432 0.170599 -0.273378 -0.264265 
521109854285443 -0.006257 -0.420254 -0.072223 
521109874856016 -0.293985 -0.222321 0.422689 
521109895425025 -0.026135 -0.278595 0.038778 
521109915994921 0.180892 -0.394784 -0.273478 
521109936563985 0.106277 -0.315763 -0.099639 
521109957133203 0.148302 -0.461054 0.131627 
521109977702682 0.982717 -0.499824 -0.324968 
521109998272734 1.512659 -0.951225 -0.271228 
521110018842109 1.196950 -1.722125 -1.153669 
521110039411693 -0.279340 -0.477143 0.663843 
521110059980546 -0.744608 -0.846014 0.326542 
521110080550911 -0.269997 -1.029015 0.451768 
521110101120442 0.923341 -1.043021 -0.214193 
521110121689818 1.403547 -0.624821 -0.651924 
521110142259297 0.894531 -0.097784 -1.274056 
521110162828202 0.360507 0.162372 -0.117237 
521110183397786 -2.267855 -0.535358 0.308866 
521110203967474 -2.082248 -0.660742 0.089949 
521110224537161 -1.919461 -0.279862 1.217352 
521110245106224 -0.749713 0.745807 1.084718 
521110265675754 -0.215258 0.632542 0.251280 
521110286245442 -0.554111 0.577873 0.302980 
521110306814973 -0.519830 0.661650 0.626887 
521110327384505 -0.280554 0.727314 0.299273 
521110347954036 0.209626 0.516718 -0.878867 
521110368523776 1.797789 0.398182 -1.360643 
521110389093619 2.138689 0.412551 -0.606619 
521110409663203 1.705165 -0.195030 -0.729391 
521110430232369 2.542893 -0.665687 0.094317 
521110450802004 3.738414 -1.661959 -0.867758 
521110471371016 2.633403 -2.476659 -0.593649 
521110491940546 0.318149 -1.934461 -0.712482 
521110512510755 0.245968 -1.647095 -0.592613 
521110533080181 1.225299 -1.734381 -0.396736 
521110553649452 0.632856 -0.426130 -0.057951 
521110574219089 -0.108053 -0.658951 1.188215 
521110594788724 -1.979871 -0.274283 2.178900 
521110615358359 -3.428199 1.157702 3.525555 
521110635927682 -2.572319 2.034705 2.594550 
521110656497318 -2.720869 2.981451 1.975903 
521110677066796 -2.247267 3.036504 1.665534 
521110697636276 -2.577613 2.729018 0.872268 
521110718205755 -3.454644 2.858642 0.747367 
521110738775337 -1.914489 2.882103 -0.197460 
521110759344922 -0.620499 1.301606 -0.532228 
521110779915181 -0.577801 -1.233923 -1.062011 
521110800484296 0.871845 -2.146873 -2.284636 
521110821053567 2.786553 -1.245352 -2.056346 
521110841623307 3.185112 -0.274718 -1.721238 
521110862192421 1.944589 0.276739 -3.388722 
521110882762682 1.543786 -0.063104 -3.275136 
521110903331431 1.623609 -0.330981 -1.876939 
521110923900912 1.852433 -1.221502 -0.401252 
521110944470443 -0.359023 -0.408157 1.517534 
521110965040754 0.106755 -0.333063 1.442511 
521110985609713 -3.882819 3.345115 1.512926 
521111006179140 -1.293331 0.246605 -1.264081 
521111026748567 0.642012 0.813778 0.982109 
521111047317994 -5.748515 -0.530949 2.645879 
521111067887838 0.918379 -1.966619 1.923239 
521111088457160 -2.988833 -0.588487 0.975458 
521111109026640 -1.324403 0.469052 0.725959 
521111129596015 0.639734 -0.037995 -1.060863 
521111150165650 0.962990 1.694615 -1.143606 
521111170735441 0.036899 1.839654 -0.812996 
521111191304661 -3.819585 -0.360909 -0.987283 
521111211874192 2.284531 -2.390563 0.469928 
521111232443879 -0.821864 -1.543684 -2.368912 
521111253013410 -0.893439 -0.245579 -1.457329 
521111273582838 -0.032812 1.260923 -0.642543 
521111294152369 0.891550 -0.521263 -0.075173 
521111314722004 1.257268 -0.071440 0.397039 
521111335291535 1.116197 -0.081457 0.130433 
521111355861276 2.664349 -2.922272 0.023091 
521111376431015 0.846533 -0.775057 -0.358472 
521111397000545 -4.509740 6.321256 0.833551 
521111417569452 -1.233267 1.184275 1.065019 
521111438139192 -1.003475 -0.611486 0.383121 
521111458708880 0.741064 -2.356028 -0.689320 
521111479278462 1.362614 -4.240920 -0.910126 
521111499847733 1.543424 0.899011 -2.127750 
521111520417317 -0.539857 0.862649 0.275474 
521111540986848 -1.525087 1.612047 1.389021 
521111561556275 -0.764814 1.348055 1.554672 
521111582126014 1.051248 0.272209 0.302951 
521111602695442 0.704396 -0.536362 -0.471986 
521111623265077 1.813397 -1.591468 -3.476375 
521111643834504 -1.524337 1.949548 1.238032 
521111664404192 0.381546 -0.451151 -1.837650 
521111684973567 -1.624962 1.386111 -0.320867 
521111705543202 -0.268137 -0.172953 0.590586 
521111726112838 -1.022986 0.369390 0.108172 
521111746682161 0.150108 0.526611 -0.005713 
521111767251796 -0.424962 0.497677 0.412045 
521111787821379 1.923933 -1.440861 0.549417 
521111808390962 5.478434 -3.296317 -1.796066 
521111828960494 2.756706 1.685159 1.667402 
521111849533254 -4.927801 2.790370 0.297194 
521111870102785 0.800529 -0.464655 0.108114 
521111890670233 1.132916 0.069237 -0.762490 
521111911239921 -0.454929 1.234087 -0.127295 
521111931809764 -1.400415 0.492589 0.641243 
521111952377837 -0.354651 0.305298 1.313497 
521111972946953 0.363836 0.018435 0.538704 
521111993518202 2.086706 -0.761869 -0.617565 
521112014087576 -1.248280 0.446934 0.139823 
521112034657005 -0.144094 -0.360567 0.264098 
521112055226536 0.022576 0.102829 0.256485 
521112075796431 -0.650079 0.657420 0.264078 
521112096365754 -0.264564 -0.122196 0.023338 
521112116935390 -0.429977 -0.600167 -0.007259 
521112137508775 -0.985007 -0.555832 0.307461 
521112158074660 -0.497980 -0.512659 -0.356075 
521112178644088 0.547938 -0.797328 0.041411 
521112199214035 0.384453 -0.552546 -0.742062 
521112219783462 -0.634581 -1.344338 -1.368638 
521112240352629 -1.480701 -0.713500 0.390579 
521112260922004 -0.085695 0.329679 2.019331 
521112281492212 0.393077 0.174522 0.950126 
521112302061119 -0.346257 -0.160786 -1.489182 
521112322629973 -1.015662 -0.200327 -0.643991 
521112343198618 -1.901855 0.086744 1.585697 
521112363768463 -0.184110 0.438255 0.792234 
521112384337941 0.251734 1.773519 -0.295649 
521112404909973 1.159302 1.584016 -0.652066 
521112425477629 0.615141 1.658280 -0.355884 
521112446047264 -0.123328 1.340669 0.046207 
521112466616848 0.577096 0.839259 0.636059 
521112487186118 1.331600 -0.432272 -0.407161 
521112507756014 0.818826 -0.030841 -0.948079 
521112528326588 -0.752282 1.052705 -0.727139 
521112548895494 1.162193 -0.159305 -0.653143 
521112569464192 -0.310337 -0.116591 -1.158805 
521112590035805 -0.030659 0.244091 -0.506872 
521112610604817 0.896345 -1.154896 -0.871148 
521112631174295 2.316783 0.412292 -0.369234 
521112651743722 -0.111212 1.305397 2.073069 
521112672312577 0.419344 0.447736 0.950692 
521112692882525 -0.389312 1.622978 0.995987 
521112713452681 -0.666942 -0.830499 0.152553 
521112734022733 0.441579 -2.788456 -0.760071 
521112754591587 -2.472027 -2.573276 -1.387687 
521112775160910 -4.680470 5.956196 1.296687 
521112795731431 -2.195857 1.363298 1.326597 
521112816300962 0.922958 -2.808821 0.385800 
521112836870962 -0.843214 -4.830836 0.776923 
521112857439712 0.385718 0.466162 -0.977946 
521112878007941 -8.666510 11.687263 -0.261108 
521112898577524 5.942986 -2.825093 0.939032 
521112919146534 2.124218 -2.982531 -0.374707 
521112939716275 7.793629 -2.409157 -1.394740 
521112960286171 4.162818 1.265540 -0.295998 
521112980855128 7.035067 -0.971088 1.212571 
521113001425338 3.821805 -1.750666 -0.950123 
521113021995337 1.695349 -1.831293 -0.544966 
521113042564035 0.590456 -1.572765 0.560971 
521113063133671 -2.493729 -0.329934 1.428264 
521113083703514 -7.640500 1.788183 -1.083556 
521113104273201 -3.655402 -0.850615 -2.459189 
521113124842941 1.151808 -1.883515 1.604872 
521113145412004 -0.980065 -0.109649 -0.134830 
521113165981743 1.107060 -3.008077 -0.762253 
521113186551118 -0.462589 0.485562 -1.052055 
521113207121639 0.440934 1.195442 -0.261718 
521113227691378 -0.170878 1.951532 0.133191 
521113248261171 0.511430 1.439217 0.355979 
521113268830181 0.903243 1.258192 1.027096 
521113289401222 -0.368830 0.337852 0.451161 
521113309970337 -0.306699 0.452575 -0.066748 
521113330539868 0.313398 -2.418855 -0.591524 
521113351110076 -0.410810 -2.109480 -0.374160 
521113371678097 0.401308 0.225224 0.531610 
521113392249347 -0.272519 2.781075 -0.714606 
521113412818514 -2.392548 1.066974 -0.752808 
521113433388410 -1.166372 0.335753 0.371346 
521113453957993 -1.658201 -0.583189 -0.132586 
521113474527733 -2.346669 -7.564320 1.750735 
521113495097316 5.279591 0.320576 -1.795674 
521113515665493 3.865523 -1.059813 0.104402 
521113536234868 0.603889 -0.814443 2.021897 
521113556804451 0.059898 -7.266479 -2.735538 
521113577374138 -0.938204 -1.866801 -1.777760 
521113597943878 3.200716 1.174397 -1.053644 
521113618513202 -1.478859 -2.976714 -1.226237 
521113639083358 0.900298 -0.866215 -6.399614 
521113659652472 3.368256 1.017611 -8.268696 
521113680222784 9.506105 8.017869 -7.961576 
521113700791847 11.614367 8.863270 -9.862792 
521113721361170 11.729897 7.567878 -6.995568 
521113741930753 7.983100 3.048109 -0.797960 
521113762500597 3.016835 -0.929713 2.323591 
521113783071638 2.877945 -2.167426 1.906591 
521113803641325 1.741973 -5.626345 -2.519070 
521113824209243 0.872777 -7.844018 -5.311661 
521113844780232 1.059666 -9.391053 -3.356740 
521113865349868 -1.038141 -11.815620 -5.211290 
521113885918045 -2.506031 -8.573112 -9.911103 
521113906488878 -0.031835 -4.640904 -12.703635 
521113927057473 0.039614 -3.610081 -6.307794 
521113947627524 -2.109657 -3.208852 -5.741626 
521113968196638 -3.133970 -3.754807 -7.634922 
521113988765702 -1.314408 -1.051145 -4.713130 
521114009335805 2.210988 0.676497 -1.802129 
521114029905075 3.660136 1.623344 3.038431 
521114050474972 2.523779 0.515328 5.912096 
521114071044660 0.887170 0.194757 1.466439 
521114091614869 -0.337340 -1.975367 -1.558261 
521114112183983 -2.431624 -4.143821 -0.047698 
521114132752993 -2.931210 -4.475087 1.210182 
521114153323722 -1.062695 -3.359151 0.080616 
521114173892889 0.581195 -1.880963 -1.966364 
521114194462159 -0.910271 -1.831427 -2.631983 
521114215031535 -2.475257 -1.029850 -2.069346 
521114235602419 -1.119076 0.319962 -2.018496 
521114256171534 0.434047 0.885826 -1.338582 
521114276741431 1.542445 0.950646 0.425617 
521114297309920 0.716737 0.280518 2.497615 
521114317880233 -0.342733 -0.401516 1.981103 
521114338449816 0.527625 0.040486 1.016555 
521114359018774 0.360411 -0.281928 0.989870 
521114379588201 0.527875 -0.715171 1.900474 
521114400158201 1.784128 0.665490 1.859906 
521114420727733 0.790326 0.718951 2.750391 
521114441298669 -1.635455 -0.255047 1.592379 
521114461868774 -1.879587 0.735673 -0.356148 
521114482437316 -0.227744 1.487844 0.040395 
521114503006951 1.002833 1.533880 -0.104271 
521114523577211 1.815755 1.072703 -0.761821 
521114544146847 2.213239 0.970222 -1.372688 
521114564716170 0.155023 0.414554 -3.372039 
521114585286066 0.253263 0.038144 -2.332032 
521114605856014 0.545017 0.300220 -0.393398 
521114626425597 0.469987 0.277499 0.526518 
521114646994191 -0.102554 0.165412 -0.020944 
521114667564347 0.196447 0.336535 -0.449705 
521114688134607 0.706524 0.686019 -0.551007 
521114708703826 0.075309 0.357549 -1.303062 
521114729273878 -0.383312 0.154032 0.133347 
521114749841222 -0.098596 0.170990 0.168760 
521114770410649 -0.066533 -0.023205 0.420794 
521114790980961 -0.147538 -0.016787 0.544885 
521114811550441 -0.284665 0.162879 0.188049 
521114832119868 -0.098956 0.230431 -0.013540 
521114852689243 0.002592 0.033256 0.347735 
521114873259347 0.060495 0.175682 0.282028 
521114893828826 -0.095437 0.182201 0.184504 
521114914398566 -0.069867 0.204642 -0.040410 
521114934967888 0.072628 0.074042 -0.290587 
521114955537941 0.118379 -0.003578 -0.164698 
521114976107524 -0.099231 -1.164071 -1.874529 
521114996676898 -0.273527 -0.464979 -1.012448 
521115017245962 -0.177935 0.097111 -0.146742 
521115037816065 0.045664 0.164898 0.009786 
521115058385650 0.167285 0.104341 -0.194782 
521115078955597 0.062304 0.034060 -0.329462 
521115099525648 -0.064851 0.034088 -0.112178 
521115120095649 -0.004237 0.165207 0.146253 
521115140664294 0.075214 0.138091 0.139164 
521115161235181 -0.040409 0.025902 -0.143227 
521115181804191 0.097475 -0.028703 0.081678 
521115202374763 0.016022 0.006853 0.098593 
521115222944347 -0.063596 0.058117 0.050810 
521115243513878 0.030576 0.133543 0.263669 
521115264083461 0.145634 0.081931 0.109777 
521115284651847 0.308638 -0.025578 -0.287545 
521115305221169 0.134537 -0.158813 -0.011470 
521115325791326 -0.176345 0.008784 0.081168 
521115346360232 -0.139021 0.050540 -0.108253 
521115366929972 0.165356 0.135551 -0.261777 
521115387499451 0.070591 -0.077934 -0.414175 
521115408069502 0.139410 0.027523 -0.162719 
521115428638669 0.017207 -0.047819 0.200734 
521115449208461 -0.215010 0.017497 0.057932 
521115469777940 -0.256211 0.092719 0.081653 
