# Created at Thu Nov 07 18:04:25 EST 2019 in Burnaby Canada 
521109810917577 18.209055 153.985092 15.456241 
521109830917681 17.420296 152.814026 15.770611 
521109850923359 20.026651 153.307785 16.822050 
521109870917734 18.161085 152.117783 15.455461 
521109890924556 17.722441 152.530548 16.536301 
521109910918306 16.816305 152.353210 18.236309 
521109930918203 18.645660 152.693375 17.450041 
521109951125130 17.869335 152.685959 15.151140 
521109970918619 18.186226 152.536713 17.608139 
521109990917890 17.877031 152.385834 17.457270 
521110011102474 18.917957 151.407852 17.600309 
521110030965547 16.945097 152.083679 15.774720 
521110050964713 18.502485 153.562286 15.453120 
521110070917421 19.034655 150.267914 16.675859 
521110090917734 18.482670 152.111343 18.066271 
521110110918255 18.495106 153.274994 15.453000 
521110130918515 19.087996 152.424225 16.369261 
521110150917995 19.406565 152.420364 18.518822 
521110170917421 18.643650 152.695084 17.142540 
521110190917734 18.165766 151.820236 17.300341 
521110210917890 17.460209 154.247849 16.232460 
521110230917317 17.729477 152.524567 17.612549 
521110250917422 19.215420 151.421936 16.521120 
521110270917890 16.666080 152.787781 16.854210 
521110290918567 17.593994 153.093369 17.921761 
521110310917785 16.837454 153.656235 16.391851 
521110330917526 19.254990 152.562500 18.059101 
521110350917474 18.203655 152.815460 19.145760 
521110371088568 19.107092 152.407990 19.290510 
521110391088879 19.843201 152.009293 17.130482 
521110410964609 21.549150 153.348282 16.807350 
521110430917682 19.381081 151.708145 17.442270 
521110450917994 19.215076 151.128677 17.597250 
521110470917942 18.148306 150.660858 19.144859 
521110490917421 19.968269 150.715439 18.050970 
521110510917056 19.388115 151.702164 18.518520 
521110530918567 16.925280 150.632736 18.387869 
521110550924244 17.584591 152.367477 19.305212 
521110570918464 15.877635 151.029327 19.474590 
521110590960651 14.999355 152.296066 19.791451 
521110610918099 16.964849 151.773315 19.925850 
521110630917838 14.956064 150.131195 21.635551 
521110650917890 14.506351 150.113068 22.716209 
521110670918359 12.647820 148.917068 22.425871 
521110690917318 14.419126 146.517807 23.483459 
521110710917526 15.166950 145.815582 24.244560 
521110731047318 15.532815 142.969452 21.625200 
521110751047421 16.601234 142.701965 23.152290 
521110770933672 17.388315 143.727707 23.145361 
521110790918358 15.521399 142.245270 22.701151 
521110810918515 18.430244 142.748856 23.442150 
521110830918724 16.577415 141.694778 23.459370 
521110850917994 17.645864 142.307953 21.604321 
521110870917629 19.762276 141.937149 20.968561 
521110890918099 19.124084 140.624786 21.588902 
521110910917629 17.908426 140.443604 22.523100 
521110930922265 17.457047 140.720459 22.220129 
521110951130547 16.362450 139.689178 21.768751 
521110970918254 17.945326 141.880005 22.523701 
521110990917890 17.435236 139.711548 22.834709 
521111010917890 18.233730 141.461472 21.751831 
521111030917733 17.422157 139.282349 22.527031 
521111050917369 16.512014 139.548721 21.920971 
521111070918515 15.449281 139.517807 22.392511 
521111091004035 17.409407 138.706070 22.834290 
521111111003931 18.079454 141.018799 23.136871 
521111130918620 17.179050 141.864029 21.762300 
521111150918306 15.459690 140.242844 21.162809 
521111170917525 16.542871 140.549942 22.690140 
521111190918567 16.542871 140.549942 22.690140 
521111210917421 15.623656 139.943405 24.082470 
521111230917525 13.982130 141.631912 22.408112 
521111250917577 15.509655 141.668137 23.162161 
521111270917890 17.304121 140.570190 22.682791 
521111290924192 15.971445 142.116364 22.235430 
521111310917629 15.784636 140.527130 23.158741 
521111330917785 15.036465 140.936081 23.473770 
521111350918046 17.599230 140.292709 22.372231 
521111370918202 14.881875 141.080811 22.552801 
521111390918775 15.462705 140.240280 21.624062 
521111410919921 16.103926 141.990448 19.773899 
521111430917890 15.045210 141.956100 20.860441 
521111450957109 15.007965 140.226425 21.935970 
521111470957109 14.880225 141.816116 19.478100 
521111490918567 13.625669 140.640579 18.413130 
521111510917473 12.882525 141.045258 19.496910 
521111530919191 14.098516 141.079376 19.177650 
521111550918098 14.869816 141.091080 20.707800 
521111570917890 15.632431 141.844055 18.087000 
521111590918306 15.457680 140.244553 20.855310 
521111610917577 14.733675 141.953995 19.787130 
521111630918671 14.761170 142.664474 21.171181 
521111650918515 15.017370 140.952332 20.552521 
521111670920650 14.433869 142.088684 19.943880 
521111690924088 14.089096 139.913162 22.252169 
521111710918463 12.168570 142.746140 19.966230 
521111730918724 14.444940 142.519592 19.944059 
521111750917942 12.918405 142.042191 21.034830 
521111770918150 15.058635 142.678574 20.091991 
521111790917629 14.862121 141.391190 18.401670 
521111810924608 15.574065 139.692017 17.624849 
521111830924660 14.266875 141.950394 18.254040 
521111850919139 13.940550 140.493073 20.562630 
521111870920546 13.668614 142.512161 17.645159 
521111890918723 13.306756 140.351181 17.339701 
521111910919765 12.624331 143.199448 18.117001 
521111930919504 13.332586 141.356674 17.340120 
521111951125702 12.128010 142.046738 16.583431 
521111970917682 14.411415 141.814209 17.637510 
521111990923984 13.694445 143.517654 17.645580 
521112010918930 13.377541 143.226547 16.879650 
521112030925597 13.569375 144.811478 16.725090 
521112050926171 14.292360 142.662598 19.330591 
521112070921536 13.246425 144.085175 16.727730 
521112090918931 14.881591 142.548843 16.864649 
521112110918723 15.070395 143.696030 17.939911 
521112130926796 15.547605 144.424667 18.243299 
521112150927525 14.424840 142.536682 16.869061 
521112170928931 15.943320 142.580612 16.239361 
521112190928775 15.640830 142.570801 16.549801 
521112210919868 15.772290 142.005432 15.625589 
521112230919608 15.751486 140.995651 16.393921 
521112250926274 16.377586 141.437668 17.310720 
521112270919087 18.028845 140.327957 18.216570 
521112290918775 18.915510 139.347641 18.053581 
521112310918880 17.908140 141.911636 16.834949 
521112330918306 18.801510 141.072388 17.133270 
521112350917212 19.551691 140.661728 17.125740 
521112370917734 19.832371 139.662628 17.429880 
521112390917160 18.052664 141.335159 17.909491 
521112410921014 17.440981 141.174454 18.069061 
521112430918254 17.436300 141.472000 16.224180 
521112450918670 15.783706 142.729599 14.549641 
521112470917837 16.678080 141.889511 15.001711 
521112490917628 14.877571 142.552261 16.249651 
521112510918566 13.685760 144.258942 13.494631 
521112530930077 14.126730 143.257065 15.027301 
521112550929452 14.701860 142.274612 13.791000 
521112570917681 12.093841 142.075821 11.355930 
521112590919399 14.112000 143.563156 11.644920 
521112610919400 13.356795 143.978104 10.883700 
521112630920129 12.093841 142.075821 11.355930 
521112650918826 12.400681 141.935135 12.275430 
521112670918931 12.897016 143.528183 12.117930 
521112690918462 12.765901 144.386826 11.966010 
521112710924348 11.238376 144.350616 11.211961 
521112730919972 13.657920 143.255157 13.186710 
521112750919608 11.729671 145.507584 11.976781 
521112770918879 13.347377 142.811890 13.958220 
521112790924921 11.231986 143.622147 13.056661 
521112810922160 13.189770 142.959152 12.576000 
521112830919035 12.881595 143.247742 10.887811 
521112850919035 12.849720 141.807053 11.655960 
521112870919140 14.788410 141.160324 8.254050 
521112890928930 13.326632 143.563431 7.962270 
521112910928930 10.907385 143.631149 9.984600 
521112930917941 12.047595 146.238174 11.205391 
521112951125337 11.694780 144.069473 12.283680 
521112970917524 12.769920 144.383408 12.581010 
521112990916899 13.367191 144.262833 11.345070 
521113010918046 13.971496 144.136215 11.185381 
521113030919035 13.540231 144.836273 12.266339 
521113050917681 12.424155 142.649048 13.044480 
521113070917160 15.466140 142.732605 12.553830 
521113090917889 12.909076 143.517929 13.962931 
521113110917628 12.543211 141.800674 11.351400 
521113130917993 13.636800 142.832794 11.649031 
521113150917421 10.453305 143.323166 11.526390 
521113170917577 8.812770 144.570511 11.696851 
521113190917680 9.594825 145.600525 10.921170 
521113210918202 5.057190 146.921402 9.889620 
521113230921795 5.496480 145.774170 11.729731 
521113250938931 5.247660 147.773621 12.348510 
521113270938306 4.321770 147.906631 9.897390 
521113290922264 3.717450 147.592896 11.748150 
521113310919503 3.746295 148.595810 12.209820 
521113330918670 3.281835 148.443436 11.599170 
521113350919399 1.328070 149.102997 12.694830 
521113370918983 0.730815 149.663925 12.239700 
521113390918046 0.725790 149.668213 11.470950 
521113410918930 -1.249785 149.318878 13.181190 
521113430919399 -0.881535 152.208344 11.641950 
521113450920025 -3.476175 151.411011 13.511640 
521113470919712 -3.582796 153.423035 12.591451 
521113490925858 -5.662305 155.230255 13.227811 
521113510920024 -8.544316 155.731277 12.640981 
521113530918097 -7.263300 156.737518 18.318390 
521113550917837 -6.036270 156.321899 21.381451 
521113570917888 -4.912859 157.475433 25.676641 
521113590918409 -7.682520 161.550369 28.166311 
521113610931692 -11.479364 162.175003 26.819611 
521113630931692 -17.724960 162.158585 25.803692 
521113650918566 -23.847136 161.583618 22.633560 
521113670918253 -30.813751 162.393402 24.392851 
521113690918357 -31.972082 163.484467 29.017591 
521113710918774 -31.972082 163.484467 29.017591 
521113730918670 -26.300911 165.510178 27.426481 
521113750918045 -21.871546 162.373291 19.232250 
521113770918149 -17.107424 162.301102 3.810090 
521113790919659 -13.691147 156.582596 -9.450150 
521113810919867 -8.535046 153.201752 -21.803101 
521113830918097 1.939395 149.237595 -32.977798 
521113850918253 9.060645 145.040726 -44.120224 
521113870919243 20.583721 144.802200 -49.305927 
521113890917732 30.882406 143.802765 -52.635181 
521113910920180 40.877899 141.766708 -51.810661 
521113930918514 45.772381 143.051392 -52.933472 
521113951125805 51.687973 141.907196 -51.300091 
521113970942107 53.545486 142.663742 -49.472431 
521113991299191 54.170250 143.253647 -49.324318 
521114010917837 53.088737 142.651596 -49.468021 
521114030918305 54.267483 140.956009 -48.711750 
521114050917889 54.901981 142.124786 -49.332150 
521114070919243 54.927483 143.277313 -49.946671 
521114090918566 56.742046 142.162262 -47.351040 
521114110919243 60.379593 141.099213 -45.388054 
521114130917785 61.481224 142.124496 -43.860424 
521114150917993 63.578506 140.889297 -44.035290 
521114170919035 63.734764 140.449585 -41.730690 
521114190924764 64.344093 140.318741 -41.121632 
521114210917941 65.853172 139.636765 -40.367882 
521114230917472 64.512459 141.189743 -42.045238 
521114250918357 63.751545 141.462769 -43.114021 
521114270918409 62.858177 142.302032 -43.412342 
521114290918097 63.920929 142.773254 -45.574951 
521114310927681 65.320717 144.399139 -47.278770 
521114330919243 63.646648 144.941147 -49.414860 
521114351296795 65.478676 144.985458 -48.663750 
521114370918514 67.001175 145.025955 -48.678452 
521114390917315 68.438850 147.647079 -48.536854 
521114410917837 68.550171 145.777817 -47.462849 
521114430917837 71.798401 147.727631 -47.031693 
521114450922055 71.977829 149.029556 -47.955120 
521114470919503 73.032494 148.186661 -46.274521 
521114490918462 70.392601 146.547180 -47.941441 
521114510918357 69.487808 146.221939 -45.472744 
521114530919191 70.735329 147.403442 -45.484020 
521114550919399 70.262138 146.671387 -45.172409 
521114570918983 72.666931 145.441727 -44.888969 
521114590919191 70.280586 147.389587 -45.172108 
521114610918722 71.753105 145.564484 -45.495090 
521114630919816 72.670303 146.172745 -47.194920 
521114650918930 71.921112 146.142242 -45.342571 
521114670920858 71.159859 146.121994 -45.335220 
521114690933097 71.506622 147.415131 -43.953873 
521114711245545 71.176308 146.841904 -45.642418 
521114730919138 70.995895 145.981125 -46.563812 
521114750916690 71.625366 147.154144 -47.952961 
521114770917107 71.037811 147.413254 -45.794460 
521114790917732 73.466446 147.631104 -47.509171 
521114810918566 70.737679 147.695007 -46.252651 
521114830917316 70.105881 147.111069 -47.477009 
521114850917316 70.861420 146.549072 -46.100849 
521114870917211 70.294350 148.405334 -47.016693 
521114890917264 72.383919 146.589584 -46.115551 
521114910917837 72.444977 149.326431 -47.498158 
521114930917940 71.032135 147.711655 -47.793091 
521114951123826 69.819824 147.821167 -47.473770 
521114970917784 70.880211 147.560532 -47.176682 
521114990918201 68.625664 149.236298 -49.460159 
521115010917524 69.425117 149.664383 -45.316082 
521115030917160 70.741714 148.131897 -47.328720 
521115050928462 69.517677 147.664322 -46.548393 
521115071234347 71.493896 147.719528 -47.028751 
521115090969659 71.199120 147.849930 -46.103252 
521115110917992 71.769547 146.284393 -45.802292 
521115130918774 69.346954 146.501740 -44.856152 
521115150917680 71.457664 145.988998 -45.799473 
521115170918462 71.787994 147.002594 -45.801991 
521115190918618 71.946938 147.147705 -45.342152 
521115210919711 70.747726 147.686462 -44.715153 
521115230919138 71.473099 146.709763 -46.260422 
521115250926951 69.171890 145.489639 -44.393848 
521115270919033 70.405006 146.830200 -47.172569 
521115290917837 71.799065 147.433502 -45.801811 
521115310917263 70.730301 147.407715 -46.252773 
521115330954607 71.180984 146.544342 -43.797539 
521115350917941 70.899643 147.837555 -45.331562 
521115370917576 70.112564 146.811844 -45.324631 
521115390917472 70.239662 145.956604 -45.787712 
521115410979086 71.635063 146.852356 -45.339329 
521115431172575 71.190720 147.123184 -44.566051 
521115450964711 71.178314 146.840195 -45.334919 
521115470917523 70.136391 147.819016 -45.631710 
