# Created at Thu Nov 07 18:04:25 EST 2019 in Burnaby Canada 
521109810917577 -26.793177 -36.339172 22.416359 
521109830917681 -27.581936 -37.510239 22.730728 
521109850923359 -24.975580 -37.016479 23.782167 
521109870917734 -26.841146 -38.206482 22.415579 
521109890924556 -27.279791 -37.793716 23.496418 
521109910918306 -28.185926 -37.971054 25.196426 
521109930918203 -26.356571 -37.630890 24.410158 
521109951125130 -27.132896 -37.638306 22.111258 
521109970918619 -26.816006 -37.787552 24.568256 
521109990917890 -27.125200 -37.938431 24.417387 
521110011102474 -26.084274 -38.916412 24.560427 
521110030965547 -28.057135 -38.240585 22.734838 
521110050965130 -26.499746 -36.761978 22.413239 
521110070917421 -25.967577 -40.056351 23.635977 
521110090917734 -26.519562 -38.212921 25.026388 
521110110918255 -26.507126 -37.049271 22.413118 
521110130918515 -25.914236 -37.900040 23.329378 
521110150917995 -25.595667 -37.903900 25.478939 
521110170917421 -26.358582 -37.629181 24.102657 
521110190917734 -26.836466 -38.504028 24.260458 
521110210917890 -27.542023 -36.076416 23.192577 
521110230917317 -27.272755 -37.799698 24.572666 
521110250917422 -25.786812 -38.902328 23.481237 
521110270917890 -28.336151 -37.536484 23.814327 
521110290918567 -27.408237 -37.230896 24.881878 
521110310917785 -28.164778 -36.668030 23.351969 
521110330917526 -25.747242 -37.761765 25.019218 
521110350917474 -26.798576 -37.508804 26.105877 
521110371088568 -25.895140 -37.916275 26.250628 
521110391088879 -25.159031 -38.314972 24.090599 
521110410964609 -23.453081 -36.975983 23.767467 
521110430917682 -25.621151 -38.616119 24.402388 
521110450917994 -25.787155 -39.195587 24.557367 
521110470917942 -26.853926 -39.663406 26.104977 
521110490917421 -25.033962 -39.608826 25.011087 
521110510917056 -25.614117 -38.622101 25.478638 
521110530918567 -28.076952 -39.691528 25.347986 
521110550924244 -27.417641 -37.956787 26.265329 
521110570918464 -29.124596 -39.294937 26.434708 
521110590960651 -30.002876 -38.028198 26.751568 
521110610918099 -28.037382 -38.550949 26.885967 
521110630917838 -30.046167 -40.193069 28.595669 
521110650917890 -30.495880 -40.211197 29.676327 
521110670918359 -32.354412 -41.407196 29.385988 
521110690917318 -30.583107 -43.806458 30.443577 
521110710917526 -29.835281 -44.508682 31.204678 
521110731047422 -29.469418 -47.354813 28.585318 
521110751047421 -28.400997 -47.622299 30.112408 
521110770933672 -27.613916 -46.596558 30.105478 
521110790918358 -29.480831 -48.078995 29.661268 
521110810918515 -26.571987 -47.575409 30.402267 
521110830918724 -28.424816 -48.629486 30.419487 
521110850917994 -27.356367 -48.016312 28.564438 
521110870917629 -25.239956 -48.387115 27.928679 
521110890918099 -25.878147 -49.699478 28.549019 
521110910917629 -27.093805 -49.880661 29.483217 
521110930922265 -27.545185 -49.603806 29.180246 
521110951130547 -28.639782 -50.635086 28.728868 
521110970918254 -27.056906 -48.444260 29.483818 
521110990917890 -27.566996 -50.612717 29.794827 
521111010917890 -26.768501 -48.862793 28.711948 
521111030917733 -27.580074 -51.041916 29.487148 
521111050917369 -28.490217 -50.775543 28.881088 
521111070918515 -29.552952 -50.806458 29.352629 
521111091004035 -27.592825 -51.618195 29.794407 
521111111003931 -26.922777 -49.305466 30.096989 
521111130918620 -27.823181 -48.460236 28.722418 
521111150918306 -29.542542 -50.081421 28.122927 
521111170917525 -28.459360 -49.774323 29.650257 
521111190918567 -28.459360 -49.774323 29.650257 
521111210917421 -29.378574 -50.380859 31.042587 
521111230917525 -31.020102 -48.692352 29.368229 
521111250917577 -29.492577 -48.656128 30.122278 
521111270917890 -27.698111 -49.754074 29.642908 
521111290924192 -29.030787 -48.207901 29.195547 
521111310917629 -29.217596 -49.797134 30.118858 
521111330917785 -29.965767 -49.388184 30.433887 
521111350918046 -27.403002 -50.031555 29.332348 
521111370918202 -30.120358 -49.243454 29.512918 
521111390918775 -29.539528 -50.083984 28.584179 
521111410919921 -28.898306 -48.333817 26.734016 
521111430917890 -29.957022 -48.368164 27.820559 
521111450957109 -29.994267 -50.097839 28.896088 
521111470957109 -30.122005 -48.508148 26.438217 
521111490918567 -31.376562 -49.683685 25.373247 
521111510917473 -32.119705 -49.279007 26.457027 
521111530918879 -30.903717 -49.244888 26.137768 
521111550918098 -30.132416 -49.233185 27.667917 
521111570917890 -29.369801 -48.480209 25.047117 
521111590918306 -29.544552 -50.079712 27.815428 
521111610917577 -30.268557 -48.370270 26.747248 
521111630918671 -30.241062 -47.659790 28.131298 
521111650918515 -29.984861 -49.371933 27.512638 
521111670920650 -30.568363 -48.235580 26.903997 
521111690924088 -30.913136 -50.411102 29.212286 
521111710918463 -32.833664 -47.578125 26.926348 
521111730918724 -30.557293 -47.804672 26.904177 
521111750917942 -32.083828 -48.282074 27.994947 
521111770918150 -29.943596 -47.645691 27.052109 
521111790917629 -30.140110 -48.933075 25.361788 
521111810924608 -29.428165 -50.632248 24.584967 
521111830924660 -30.735355 -48.373871 25.214157 
521111850919764 -31.061682 -49.831192 27.522747 
521111870920546 -31.333618 -47.812103 24.605276 
521111890918879 -31.695477 -49.973083 24.299818 
521111910919765 -32.377899 -47.124817 25.077118 
521111930918827 -31.669645 -48.967590 24.300238 
521111951125702 -32.874222 -48.277527 23.543549 
521111970917682 -30.590816 -48.510056 24.597628 
521111990923984 -31.307787 -46.806610 24.605698 
521112010918930 -31.624691 -47.097717 23.839767 
521112030925597 -31.432858 -45.512787 23.685207 
521112050926171 -30.709871 -47.661667 26.290709 
521112070921536 -31.755806 -46.239090 23.687847 
521112090918931 -30.120640 -47.775421 23.824766 
521112110918723 -29.931835 -46.628235 24.900028 
521112130926796 -29.454628 -45.899597 25.203417 
521112150927525 -30.577393 -47.787582 23.829178 
521112170928619 -29.058910 -47.743652 23.199478 
521112190928775 -29.361401 -47.753464 23.509918 
521112210919868 -29.229942 -48.318832 22.585707 
521112230919608 -29.250746 -49.328613 23.354038 
521112250926274 -28.624645 -48.886597 24.270838 
521112270919087 -26.973387 -49.996307 25.176687 
521112290918775 -26.086721 -50.976624 25.013699 
521112310918880 -27.094091 -48.412628 23.795067 
521112330918306 -26.200722 -49.251877 24.093388 
521112350917212 -25.450541 -49.662537 24.085857 
521112370917734 -25.169861 -50.661636 24.389997 
521112390917160 -26.949568 -48.989105 24.869608 
521112410921014 -27.561251 -49.149811 25.029179 
521112430918254 -27.565931 -48.852264 23.184298 
521112450918670 -29.218525 -47.594666 21.509758 
521112470917837 -28.324152 -48.434753 21.961828 
521112490917628 -30.124660 -47.772003 23.209768 
521112510918566 -31.316471 -46.065323 20.454748 
521112530930077 -30.875502 -47.067200 21.987419 
521112550929452 -30.300371 -48.049652 20.751118 
521112570917681 -32.908390 -48.248444 18.316048 
521112590919399 -30.890232 -46.761108 18.605038 
521112610919400 -31.645435 -46.346161 17.843819 
521112630920129 -32.908390 -48.248444 18.316048 
521112650918826 -32.601551 -48.389130 19.235548 
521112670918931 -32.105217 -46.796082 19.078049 
521112690918462 -32.236332 -45.937439 18.926128 
521112710924348 -33.763855 -45.973648 18.172079 
521112730919972 -31.344311 -47.069107 20.146828 
521112750919608 -33.272560 -44.816681 18.936899 
521112770918879 -31.654854 -47.512375 20.918339 
521112790924921 -33.770245 -46.702118 20.016779 
521112810922160 -31.812462 -47.365112 19.536118 
521112830919035 -32.120636 -47.076523 17.847929 
521112850919035 -32.152512 -48.517212 18.616077 
521112870919140 -30.213821 -49.163940 15.214169 
521112890928930 -31.675600 -46.760834 14.922388 
521112910928930 -34.094849 -46.693115 16.944717 
521112930917941 -32.954636 -44.086090 18.165508 
521112951125337 -33.307449 -46.254791 19.243797 
521112970917785 -32.232311 -45.940857 19.541128 
521112990916899 -31.635040 -46.061432 18.305187 
521113010918046 -31.030735 -46.188049 18.145498 
521113030919035 -31.462002 -45.487991 19.226458 
521113050917681 -32.578075 -47.675217 20.004599 
521113070917160 -29.536091 -47.591660 19.513948 
521113090917889 -32.093155 -46.806335 20.923048 
521113110917628 -32.459023 -48.523590 18.311518 
521113130917993 -31.365433 -47.491470 18.609148 
521113150917421 -34.548927 -47.001099 18.486507 
521113170917577 -36.189461 -45.753754 18.656969 
521113190917680 -35.407406 -44.723740 17.881289 
521113210918202 -39.945042 -43.402863 16.849737 
521113230921795 -39.505753 -44.550095 18.689848 
521113250938931 -39.754570 -42.550644 19.308628 
521113270938306 -40.680462 -42.417633 16.857508 
521113290922264 -41.284782 -42.731369 18.708267 
521113310919503 -41.255936 -41.728455 19.169937 
521113330918670 -41.720398 -41.880829 18.559288 
521113350919399 -43.674160 -41.221268 19.654947 
521113370918983 -44.271416 -40.660339 19.199818 
521113390918046 -44.276440 -40.656052 18.431068 
521113410918930 -46.252018 -41.005386 20.141308 
521113430919399 -45.883766 -38.115921 18.602068 
521113450920025 -48.478409 -38.913254 20.471758 
521113470919712 -48.585026 -36.901230 19.551569 
521113490925858 -50.664536 -35.094009 20.187929 
521113510920024 -53.546547 -34.592987 19.601099 
521113530918097 -52.265533 -33.586746 25.278507 
521113550917837 -51.038502 -34.002365 28.341568 
521113570917888 -49.915092 -32.848831 32.636761 
521113590918409 -52.684753 -28.773895 35.126431 
521113610931692 -56.481598 -28.149261 33.779728 
521113630931692 -62.727192 -28.165680 32.763809 
521113650918149 -68.849365 -28.740646 29.593678 
521113670918253 -75.815979 -27.930862 31.352968 
521113690918774 -76.974312 -26.839798 35.977711 
521113710918774 -76.974312 -26.839798 35.977711 
521113730918722 -71.303146 -24.814087 34.386600 
521113750918045 -66.873779 -27.950974 26.192368 
521113770918149 -62.109657 -28.023163 10.770208 
521113790919659 -58.693378 -33.741669 -2.490033 
521113810919867 -53.537277 -37.122513 -14.842983 
521113830918097 -43.062836 -41.086670 -26.017681 
521113850918253 -35.941586 -45.283539 -37.160107 
521113870919243 -24.418510 -45.522064 -42.345810 
521113890917732 -14.119825 -46.521500 -45.675064 
521113910920180 -4.124332 -48.557556 -44.850544 
521113930918514 0.770149 -47.272873 -45.973354 
521113951125805 6.685741 -48.417068 -44.339973 
521113970942107 8.543255 -47.660522 -42.512314 
521113991299191 9.168018 -47.070618 -42.364201 
521114010917837 8.086506 -47.672668 -42.507904 
521114030918305 9.265251 -49.368256 -41.751633 
521114050917889 9.899750 -48.199478 -42.372032 
521114070919243 9.925251 -47.046951 -42.986553 
521114090918566 11.739815 -48.162003 -40.390923 
521114110919243 15.377361 -49.225052 -38.427937 
521114130917785 16.478992 -48.199768 -36.900307 
521114150917993 18.576275 -49.434967 -37.075172 
521114170919035 18.732533 -49.874680 -34.770573 
521114190924764 19.341862 -50.005524 -34.161514 
521114210917941 20.850941 -50.687500 -33.407764 
521114230917472 19.510227 -49.134521 -35.085121 
521114250918357 18.749313 -48.861496 -36.153904 
521114270918409 17.855946 -48.022232 -36.452225 
521114290918097 18.918697 -47.551010 -38.614834 
521114310927681 20.318485 -45.925125 -40.318653 
521114330919243 18.644417 -45.383118 -42.454742 
521114351296795 20.476444 -45.338806 -41.703632 
521114370918670 21.998943 -45.298309 -41.718334 
521114390917315 23.436619 -42.677185 -41.576736 
521114410918254 23.547939 -44.546448 -40.502731 
521114430917837 26.796169 -42.596634 -40.071575 
521114450922055 26.975597 -41.294708 -40.995003 
521114470919503 28.030262 -42.137604 -39.314404 
521114490918462 25.390369 -43.777084 -40.981323 
521114510918357 24.485577 -44.102325 -38.512627 
521114530919191 25.733097 -42.920822 -38.523903 
521114550919399 25.259907 -43.652878 -38.212292 
521114570918983 27.664700 -44.882538 -37.928852 
521114590919191 25.278355 -42.934677 -38.211990 
521114610918722 26.750874 -44.759781 -38.534973 
521114630919816 27.668072 -44.151520 -40.234802 
521114650918930 26.918880 -44.182022 -38.382454 
521114670920858 26.157627 -44.202271 -38.375103 
521114690933097 26.504391 -42.909134 -36.993755 
521114711245545 26.174076 -43.482361 -38.682301 
521114730919138 25.993664 -44.343140 -39.603695 
521114750916690 26.623135 -43.170120 -40.992844 
521114770917107 26.035580 -42.911011 -38.834343 
521114790917732 28.464214 -42.693161 -40.549053 
521114810918566 25.735447 -42.629257 -39.292534 
521114830917316 25.103649 -43.213196 -40.516891 
521114850917316 25.859188 -43.775192 -39.140732 
521114870917211 25.292118 -41.918930 -40.056576 
521114890917264 27.381687 -43.734680 -39.155434 
521114910917837 27.442745 -40.997833 -40.538040 
521114930917940 26.029903 -42.612610 -40.832973 
521114951123826 24.817593 -42.503098 -40.513653 
521114970917784 25.877979 -42.763733 -40.216564 
521114990918201 23.623432 -41.087967 -42.500042 
521115010917524 24.422886 -40.659882 -38.355965 
521115030917160 25.739483 -42.192368 -40.368603 
521115050928462 24.515446 -42.659943 -39.588276 
521115071234347 26.491665 -42.604736 -40.068634 
521115090969659 26.196888 -42.474335 -39.143135 
521115110917992 26.767315 -44.039871 -38.842175 
521115130918774 24.344723 -43.822525 -37.896034 
521115150917680 26.455433 -44.335266 -38.839355 
521115170918462 26.785763 -43.321671 -38.841873 
521115190918618 26.944706 -43.176559 -38.382034 
521115210919711 25.745495 -42.637802 -37.755035 
521115230919138 26.470867 -43.614502 -39.300304 
521115250926951 24.169659 -44.834625 -37.433731 
521115270919033 25.402775 -43.494064 -40.212452 
521115290917837 26.796833 -42.890762 -38.841694 
521115310917263 25.728069 -42.916550 -39.292656 
521115330954607 26.178753 -43.779922 -36.837421 
521115350917941 25.897411 -42.486710 -38.371445 
521115370917576 25.110332 -43.512421 -38.364513 
521115390917472 25.237431 -44.367661 -38.827595 
521115410979086 26.632832 -43.471909 -38.379211 
521115431172575 26.188488 -43.201080 -37.605934 
521115450964762 26.176083 -43.484070 -38.374802 
521115470917523 25.134159 -42.505249 -38.671593 
