# Created at Thu Nov 07 18:04:25 EST 2019 in Burnaby Canada 
521109810917577 45.002232 190.324265 -6.960118 
521109830917681 45.002232 190.324265 -6.960118 
521109850923359 45.002232 190.324265 -6.960118 
521109870917734 45.002232 190.324265 -6.960118 
521109890924556 45.002232 190.324265 -6.960118 
521109910918306 45.002232 190.324265 -6.960118 
521109930918203 45.002232 190.324265 -6.960118 
521109951125130 45.002232 190.324265 -6.960118 
521109970918619 45.002232 190.324265 -6.960118 
521109990917890 45.002232 190.324265 -6.960118 
521110011102474 45.002232 190.324265 -6.960118 
521110030965547 45.002232 190.324265 -6.960118 
521110050964713 45.002232 190.324265 -6.960118 
521110070917421 45.002232 190.324265 -6.960118 
521110090917734 45.002232 190.324265 -6.960118 
521110110918255 45.002232 190.324265 -6.960118 
521110130918515 45.002232 190.324265 -6.960118 
521110150917995 45.002232 190.324265 -6.960118 
521110170917421 45.002232 190.324265 -6.960118 
521110190917734 45.002232 190.324265 -6.960118 
521110210917890 45.002232 190.324265 -6.960118 
521110230917317 45.002232 190.324265 -6.960118 
521110250917422 45.002232 190.324265 -6.960118 
521110270917890 45.002232 190.324265 -6.960118 
521110290918567 45.002232 190.324265 -6.960118 
521110310917785 45.002232 190.324265 -6.960118 
521110330917526 45.002232 190.324265 -6.960118 
521110350917474 45.002232 190.324265 -6.960118 
521110371088568 45.002232 190.324265 -6.960118 
521110391088879 45.002232 190.324265 -6.960118 
521110410964609 45.002232 190.324265 -6.960118 
521110430917682 45.002232 190.324265 -6.960118 
521110450917994 45.002232 190.324265 -6.960118 
521110470917942 45.002232 190.324265 -6.960118 
521110490917421 45.002232 190.324265 -6.960118 
521110510917056 45.002232 190.324265 -6.960118 
521110530918567 45.002232 190.324265 -6.960118 
521110550924244 45.002232 190.324265 -6.960118 
521110570918464 45.002232 190.324265 -6.960118 
521110590960651 45.002232 190.324265 -6.960118 
521110610918099 45.002232 190.324265 -6.960118 
521110630917838 45.002232 190.324265 -6.960118 
521110650917890 45.002232 190.324265 -6.960118 
521110670918359 45.002232 190.324265 -6.960118 
521110690917318 45.002232 190.324265 -6.960118 
521110710917526 45.002232 190.324265 -6.960118 
521110731047318 45.002232 190.324265 -6.960118 
521110751047421 45.002232 190.324265 -6.960118 
521110770933672 45.002232 190.324265 -6.960118 
521110790918358 45.002232 190.324265 -6.960118 
521110810918515 45.002232 190.324265 -6.960118 
521110830918724 45.002232 190.324265 -6.960118 
521110850917994 45.002232 190.324265 -6.960118 
521110870917629 45.002232 190.324265 -6.960118 
521110890918099 45.002232 190.324265 -6.960118 
521110910917629 45.002232 190.324265 -6.960118 
521110930922265 45.002232 190.324265 -6.960118 
521110951130547 45.002232 190.324265 -6.960118 
521110970918254 45.002232 190.324265 -6.960118 
521110990917890 45.002232 190.324265 -6.960118 
521111010917890 45.002232 190.324265 -6.960118 
521111030917733 45.002232 190.324265 -6.960118 
521111050917369 45.002232 190.324265 -6.960118 
521111070918515 45.002232 190.324265 -6.960118 
521111091004035 45.002232 190.324265 -6.960118 
521111111003931 45.002232 190.324265 -6.960118 
521111130918620 45.002232 190.324265 -6.960118 
521111150918306 45.002232 190.324265 -6.960118 
521111170917525 45.002232 190.324265 -6.960118 
521111190918567 45.002232 190.324265 -6.960118 
521111210917421 45.002232 190.324265 -6.960118 
521111230917525 45.002232 190.324265 -6.960118 
521111250917577 45.002232 190.324265 -6.960118 
521111270917890 45.002232 190.324265 -6.960118 
521111290924192 45.002232 190.324265 -6.960118 
521111310917629 45.002232 190.324265 -6.960118 
521111330917785 45.002232 190.324265 -6.960118 
521111350918046 45.002232 190.324265 -6.960118 
521111370918202 45.002232 190.324265 -6.960118 
521111390918775 45.002232 190.324265 -6.960118 
521111410919921 45.002232 190.324265 -6.960118 
521111430917890 45.002232 190.324265 -6.960118 
521111450957109 45.002232 190.324265 -6.960118 
521111470957109 45.002232 190.324265 -6.960118 
521111490918567 45.002232 190.324265 -6.960118 
521111510917473 45.002232 190.324265 -6.960118 
521111530919191 45.002232 190.324265 -6.960118 
521111550918098 45.002232 190.324265 -6.960118 
521111570917890 45.002232 190.324265 -6.960118 
521111590918306 45.002232 190.324265 -6.960118 
521111610917577 45.002232 190.324265 -6.960118 
521111630918671 45.002232 190.324265 -6.960118 
521111650918515 45.002232 190.324265 -6.960118 
521111670920650 45.002232 190.324265 -6.960118 
521111690924088 45.002232 190.324265 -6.960118 
521111710918463 45.002232 190.324265 -6.960118 
521111730918724 45.002232 190.324265 -6.960118 
521111750917942 45.002232 190.324265 -6.960118 
521111770918150 45.002232 190.324265 -6.960118 
521111790917629 45.002232 190.324265 -6.960118 
521111810924608 45.002232 190.324265 -6.960118 
521111830924660 45.002232 190.324265 -6.960118 
521111850919139 45.002232 190.324265 -6.960118 
521111870920546 45.002232 190.324265 -6.960118 
521111890918723 45.002232 190.324265 -6.960118 
521111910919765 45.002232 190.324265 -6.960118 
521111930919504 45.002232 190.324265 -6.960118 
521111951125702 45.002232 190.324265 -6.960118 
521111970917682 45.002232 190.324265 -6.960118 
521111990923984 45.002232 190.324265 -6.960118 
521112010918930 45.002232 190.324265 -6.960118 
521112030925597 45.002232 190.324265 -6.960118 
521112050926171 45.002232 190.324265 -6.960118 
521112070921536 45.002232 190.324265 -6.960118 
521112090918931 45.002232 190.324265 -6.960118 
521112110918723 45.002232 190.324265 -6.960118 
521112130926796 45.002232 190.324265 -6.960118 
521112150927525 45.002232 190.324265 -6.960118 
521112170928931 45.002232 190.324265 -6.960118 
521112190928775 45.002232 190.324265 -6.960118 
521112210919868 45.002232 190.324265 -6.960118 
521112230919608 45.002232 190.324265 -6.960118 
521112250926274 45.002232 190.324265 -6.960118 
521112270919087 45.002232 190.324265 -6.960118 
521112290918775 45.002232 190.324265 -6.960118 
521112310918880 45.002232 190.324265 -6.960118 
521112330918306 45.002232 190.324265 -6.960118 
521112350917212 45.002232 190.324265 -6.960118 
521112370917734 45.002232 190.324265 -6.960118 
521112390917160 45.002232 190.324265 -6.960118 
521112410921014 45.002232 190.324265 -6.960118 
521112430918254 45.002232 190.324265 -6.960118 
521112450918670 45.002232 190.324265 -6.960118 
521112470917837 45.002232 190.324265 -6.960118 
521112490917628 45.002232 190.324265 -6.960118 
521112510918566 45.002232 190.324265 -6.960118 
521112530930077 45.002232 190.324265 -6.960118 
521112550929452 45.002232 190.324265 -6.960118 
521112570917681 45.002232 190.324265 -6.960118 
521112590919399 45.002232 190.324265 -6.960118 
521112610919400 45.002232 190.324265 -6.960118 
521112630920129 45.002232 190.324265 -6.960118 
521112650918826 45.002232 190.324265 -6.960118 
521112670918931 45.002232 190.324265 -6.960118 
521112690918462 45.002232 190.324265 -6.960118 
521112710924348 45.002232 190.324265 -6.960118 
521112730919972 45.002232 190.324265 -6.960118 
521112750919608 45.002232 190.324265 -6.960118 
521112770918879 45.002232 190.324265 -6.960118 
521112790924921 45.002232 190.324265 -6.960118 
521112810922160 45.002232 190.324265 -6.960118 
521112830919035 45.002232 190.324265 -6.960118 
521112850919035 45.002232 190.324265 -6.960118 
521112870919140 45.002232 190.324265 -6.960118 
521112890928930 45.002232 190.324265 -6.960118 
521112910928930 45.002232 190.324265 -6.960118 
521112930917941 45.002232 190.324265 -6.960118 
521112951125337 45.002232 190.324265 -6.960118 
521112970917524 45.002232 190.324265 -6.960118 
521112990916899 45.002232 190.324265 -6.960118 
521113010918046 45.002232 190.324265 -6.960118 
521113030919035 45.002232 190.324265 -6.960118 
521113050917681 45.002232 190.324265 -6.960118 
521113070917160 45.002232 190.324265 -6.960118 
521113090917889 45.002232 190.324265 -6.960118 
521113110917628 45.002232 190.324265 -6.960118 
521113130917993 45.002232 190.324265 -6.960118 
521113150917421 45.002232 190.324265 -6.960118 
521113170917577 45.002232 190.324265 -6.960118 
521113190917680 45.002232 190.324265 -6.960118 
521113210918202 45.002232 190.324265 -6.960118 
521113230921795 45.002232 190.324265 -6.960118 
521113250938931 45.002232 190.324265 -6.960118 
521113270938306 45.002232 190.324265 -6.960118 
521113290922264 45.002232 190.324265 -6.960118 
521113310919503 45.002232 190.324265 -6.960118 
521113330918670 45.002232 190.324265 -6.960118 
521113350919399 45.002232 190.324265 -6.960118 
521113370918983 45.002232 190.324265 -6.960118 
521113390918046 45.002232 190.324265 -6.960118 
521113410918930 45.002232 190.324265 -6.960118 
521113430919399 45.002232 190.324265 -6.960118 
521113450920025 45.002232 190.324265 -6.960118 
521113470919712 45.002232 190.324265 -6.960118 
521113490925858 45.002232 190.324265 -6.960118 
521113510920024 45.002232 190.324265 -6.960118 
521113530918097 45.002232 190.324265 -6.960118 
521113550917837 45.002232 190.324265 -6.960118 
521113570917888 45.002232 190.324265 -6.960118 
521113590918409 45.002232 190.324265 -6.960118 
521113610931692 45.002232 190.324265 -6.960118 
521113630931692 45.002232 190.324265 -6.960118 
521113650918566 45.002232 190.324265 -6.960118 
521113670918253 45.002232 190.324265 -6.960118 
521113690918357 45.002232 190.324265 -6.960118 
521113710918774 45.002232 190.324265 -6.960118 
521113730918670 45.002232 190.324265 -6.960118 
521113750918045 45.002232 190.324265 -6.960118 
521113770918149 45.002232 190.324265 -6.960118 
521113790919659 45.002232 190.324265 -6.960118 
521113810919867 45.002232 190.324265 -6.960118 
521113830918097 45.002232 190.324265 -6.960118 
521113850918253 45.002232 190.324265 -6.960118 
521113870919243 45.002232 190.324265 -6.960118 
521113890917732 45.002232 190.324265 -6.960118 
521113910920180 45.002232 190.324265 -6.960118 
521113930918514 45.002232 190.324265 -6.960118 
521113951125805 45.002232 190.324265 -6.960118 
521113970942107 45.002232 190.324265 -6.960118 
521113991299191 45.002232 190.324265 -6.960118 
521114010917837 45.002232 190.324265 -6.960118 
521114030918305 45.002232 190.324265 -6.960118 
521114050917889 45.002232 190.324265 -6.960118 
521114070919243 45.002232 190.324265 -6.960118 
521114090918566 45.002232 190.324265 -6.960118 
521114110919243 45.002232 190.324265 -6.960118 
521114130917785 45.002232 190.324265 -6.960118 
521114150917993 45.002232 190.324265 -6.960118 
521114170919035 45.002232 190.324265 -6.960118 
521114190924764 45.002232 190.324265 -6.960118 
521114210917941 45.002232 190.324265 -6.960118 
521114230917472 45.002232 190.324265 -6.960118 
521114250918357 45.002232 190.324265 -6.960118 
521114270918409 45.002232 190.324265 -6.960118 
521114290918097 45.002232 190.324265 -6.960118 
521114310927681 45.002232 190.324265 -6.960118 
521114330919243 45.002232 190.324265 -6.960118 
521114351296795 45.002232 190.324265 -6.960118 
521114370918514 45.002232 190.324265 -6.960118 
521114390917315 45.002232 190.324265 -6.960118 
521114410917837 45.002232 190.324265 -6.960118 
521114430917837 45.002232 190.324265 -6.960118 
521114450922055 45.002232 190.324265 -6.960118 
521114470919503 45.002232 190.324265 -6.960118 
521114490918462 45.002232 190.324265 -6.960118 
521114510918357 45.002232 190.324265 -6.960118 
521114530919191 45.002232 190.324265 -6.960118 
521114550919399 45.002232 190.324265 -6.960118 
521114570918983 45.002232 190.324265 -6.960118 
521114590919191 45.002232 190.324265 -6.960118 
521114610918722 45.002232 190.324265 -6.960118 
521114630919816 45.002232 190.324265 -6.960118 
521114650918930 45.002232 190.324265 -6.960118 
521114670920858 45.002232 190.324265 -6.960118 
521114690933097 45.002232 190.324265 -6.960118 
521114711245545 45.002232 190.324265 -6.960118 
521114730919138 45.002232 190.324265 -6.960118 
521114750916690 45.002232 190.324265 -6.960118 
521114770917107 45.002232 190.324265 -6.960118 
521114790917732 45.002232 190.324265 -6.960118 
521114810918566 45.002232 190.324265 -6.960118 
521114830917316 45.002232 190.324265 -6.960118 
521114850917316 45.002232 190.324265 -6.960118 
521114870917211 45.002232 190.324265 -6.960118 
521114890917264 45.002232 190.324265 -6.960118 
521114910917837 45.002232 190.324265 -6.960118 
521114930917940 45.002232 190.324265 -6.960118 
521114951123826 45.002232 190.324265 -6.960118 
521114970917784 45.002232 190.324265 -6.960118 
521114990918201 45.002232 190.324265 -6.960118 
521115010917524 45.002232 190.324265 -6.960118 
521115030917160 45.002232 190.324265 -6.960118 
521115050928462 45.002232 190.324265 -6.960118 
521115071234347 45.002232 190.324265 -6.960118 
521115090969659 45.002232 190.324265 -6.960118 
521115110917992 45.002232 190.324265 -6.960118 
521115130918774 45.002232 190.324265 -6.960118 
521115150917680 45.002232 190.324265 -6.960118 
521115170918462 45.002232 190.324265 -6.960118 
521115190918618 45.002232 190.324265 -6.960118 
521115210919711 45.002232 190.324265 -6.960118 
521115230919138 45.002232 190.324265 -6.960118 
521115250926951 45.002232 190.324265 -6.960118 
521115270919033 45.002232 190.324265 -6.960118 
521115290917837 45.002232 190.324265 -6.960118 
521115310917263 45.002232 190.324265 -6.960118 
521115330954607 45.002232 190.324265 -6.960118 
521115350917941 45.002232 190.324265 -6.960118 
521115370917576 45.002232 190.324265 -6.960118 
521115390917472 45.002232 190.324265 -6.960118 
521115410979086 45.002232 190.324265 -6.960118 
521115431172575 45.002232 190.324265 -6.960118 
521115450964711 45.002232 190.324265 -6.960118 
521115470917523 45.002232 190.324265 -6.960118 
