# Created at Thu Nov 07 19:35:57 EST 2019 in Burnaby Canada 
526600886007433 0.000000 0.000000 0.000000 
526600906578162 0.000000 0.000000 0.000000 
526600927148996 0.000000 0.000000 0.000000 
526600947719829 0.000000 0.000000 0.000000 
526600968290662 0.000000 0.000000 0.000000 
526600988861287 0.000000 0.000000 0.000000 
526601009432068 0.000000 0.000000 0.000000 
526601030003058 0.000000 0.000000 0.000000 
526601050573839 0.000000 0.000000 0.000000 
526601071144568 0.000000 0.000000 0.000000 
526601091715349 0.000000 0.000000 0.000000 
526601112286234 0.000000 0.000000 0.000000 
526601132857016 0.000000 0.000000 0.000000 
526601153427797 0.000000 0.000000 0.000000 
526601173998578 0.000000 0.000000 0.000000 
526601194569361 0.000000 0.000000 0.000000 
526601215140194 0.000000 0.000000 0.000000 
526601235710974 0.000000 0.000000 0.000000 
526601256281807 0.000000 0.000000 0.000000 
526601276853266 0.000000 0.000000 0.000000 
526601297423423 0.000000 0.000000 0.000000 
526601317994255 0.000000 0.000000 0.000000 
526601338565402 0.000000 0.000000 0.000000 
526601359135766 0.000000 0.000000 0.000000 
526601379706964 0.000000 0.000000 0.000000 
526601400277432 0.000000 0.000000 0.000000 
526601420848371 0.000000 0.000000 0.000000 
526601441419152 0.000000 0.000000 0.000000 
526601461990765 0.000000 0.000000 0.000000 
526601482560766 0.000000 0.000000 0.000000 
526601503131755 0.000000 0.000000 0.000000 
526601523702328 0.000000 0.000000 0.000000 
526601544273110 0.000000 0.000000 0.000000 
526601564843943 0.000000 0.000000 0.000000 
526601585414880 0.000000 0.000000 0.000000 
526601605985557 0.000000 0.000000 0.000000 
526601626556339 0.000000 0.000000 0.000000 
526601647127172 0.000000 0.000000 0.000000 
526601667698265 0.000000 0.000000 0.000000 
526601688269099 0.000000 0.000000 0.000000 
526601708840349 0.000000 0.000000 0.000000 
526601729411182 0.000000 0.000000 0.000000 
526601749981599 0.000000 0.000000 0.000000 
526601770552433 0.000000 0.000000 0.000000 
526601791122901 0.000000 0.000000 0.000000 
526601811693734 0.000000 0.000000 0.000000 
526601832264516 0.000000 0.000000 0.000000 
526601852835297 0.000000 0.000000 0.000000 
526601873406964 0.000000 0.000000 0.000000 
526601893977746 0.000000 0.000000 0.000000 
526601914547849 0.000000 0.000000 0.000000 
526601935118682 0.000000 0.000000 0.000000 
526601955690921 0.000000 0.000000 0.000000 
526601976261755 0.000000 0.000000 0.000000 
526601996833057 0.000000 0.000000 0.000000 
526602017402432 0.000000 0.000000 0.000000 
526602037972797 0.000000 0.000000 0.000000 
526602058543735 0.000000 0.000000 0.000000 
526602079114151 0.000000 0.000000 0.000000 
526602099685871 0.000000 0.000000 0.000000 
526602120256078 0.000000 0.000000 0.000000 
526602140827328 0.000000 0.000000 0.000000 
526602161397954 0.000000 0.000000 0.000000 
526602181968474 0.000000 0.000000 0.000000 
526602202539203 0.000000 0.000000 0.000000 
526602223111026 0.000000 0.000000 0.000000 
526602243681755 0.000000 0.000000 0.000000 
526602264253058 0.000000 0.000000 0.000000 
526602284823265 0.000000 0.000000 0.000000 
526602305393734 0.000000 0.000000 0.000000 
526602325964672 0.000000 0.000000 0.000000 
526602346535713 0.000000 0.000000 0.000000 
526602367106495 0.000000 0.000000 0.000000 
526602387676547 0.000000 0.000000 0.000000 
526602408247380 0.000000 0.000000 0.000000 
526602428819412 0.000000 0.000000 0.000000 
526602449390245 0.000000 0.000000 0.000000 
526602469961703 0.000000 0.000000 0.000000 
526602490532537 0.000000 0.000000 0.000000 
526602511103318 0.000000 0.000000 0.000000 
526602531674151 0.000000 0.000000 0.000000 
526602552243370 0.000000 0.000000 0.000000 
526602572814203 0.000000 0.000000 0.000000 
526602593384932 0.000000 0.000000 0.000000 
526602613955766 0.000000 0.000000 0.000000 
526602634526443 0.000000 0.000000 0.000000 
526602655097224 0.000000 0.000000 0.000000 
526602675669671 0.000000 0.000000 0.000000 
526602696240557 0.000000 0.000000 0.000000 
526602716810401 0.000000 0.000000 0.000000 
526602737380660 0.000000 0.000000 0.000000 
526602757951391 0.000000 0.000000 0.000000 
526602778522224 0.000000 0.000000 0.000000 
526602799093317 0.000000 0.000000 0.000000 
526602819664412 0.000000 0.000000 0.000000 
526602840234880 0.000000 0.000000 0.000000 
526602860805765 0.000000 0.000000 0.000000 
526602881376599 0.000000 0.000000 0.000000 
526602901948890 0.000000 0.000000 0.000000 
526602922518786 0.000000 0.000000 0.000000 
526602943090245 0.000000 0.000000 0.000000 
526602963661130 0.000000 0.000000 0.000000 
526602984232692 0.000000 0.000000 0.000000 
526603004802745 0.000000 0.000000 0.000000 
526603025372223 0.000000 0.000000 0.000000 
526603045944151 0.000000 0.000000 0.000000 
526603066513995 0.000000 0.000000 0.000000 
526603087084828 0.000000 0.000000 0.000000 
526603107656599 0.000000 0.000000 0.000000 
526603128227432 0.000000 0.000000 0.000000 
526603148797327 0.000000 0.000000 0.000000 
526603169368161 0.000000 0.000000 0.000000 
526603189938995 0.000000 0.000000 0.000000 
526603210509828 0.000000 0.000000 0.000000 
526603231080609 0.000000 0.000000 0.000000 
526603251651442 0.000000 0.000000 0.000000 
526603272222379 0.000000 0.000000 0.000000 
526603292793213 0.000000 0.000000 0.000000 
526603313363942 0.000000 0.000000 0.000000 
526603333934775 0.000000 0.000000 0.000000 
526603354506390 0.000000 0.000000 0.000000 
526603375077223 0.000000 0.000000 0.000000 
526603395647640 0.000000 0.000000 0.000000 
526603416218474 0.000000 0.000000 0.000000 
526603436790348 0.000000 0.000000 0.000000 
526603457361130 0.000000 0.000000 0.000000 
526603477932849 0.000000 0.000000 0.000000 
526603498504046 0.000000 0.000000 0.000000 
526603519073422 0.000000 0.000000 0.000000 
526603539644099 0.000000 0.000000 0.000000 
526603560214255 0.000000 0.000000 0.000000 
526603580786078 0.000000 0.000000 0.000000 
526603601357640 0.000000 0.000000 0.000000 
526603621927900 0.000000 0.000000 0.000000 
526603642498213 0.000000 0.000000 0.000000 
526603663069984 0.000000 0.000000 0.000000 
526603683640244 0.000000 0.000000 0.000000 
526603704210505 0.000000 0.000000 0.000000 
526603724781390 0.000000 0.000000 0.000000 
526603745352172 0.000000 0.000000 0.000000 
526603765923630 0.000000 0.000000 0.000000 
526603786494723 0.000000 0.000000 0.000000 
526603807065609 0.000000 0.000000 0.000000 
526603827636026 0.000000 0.000000 0.000000 
526603848206911 0.000000 0.000000 0.000000 
526603868777120 0.000000 0.000000 0.000000 
526603889347953 0.000000 0.000000 0.000000 
526603909918787 0.000000 0.000000 0.000000 
526603930489620 0.000000 0.000000 0.000000 
526603951062223 0.000000 0.000000 0.000000 
526603971633057 0.000000 0.000000 0.000000 
526603992203681 0.000000 0.000000 0.000000 
526604012774514 0.000000 0.000000 0.000000 
526604033344880 0.000000 0.000000 0.000000 
526604053915713 0.000000 0.000000 0.000000 
526604074486234 0.000000 0.000000 0.000000 
526604095057067 0.000000 0.000000 0.000000 
526604115629827 0.000000 0.000000 0.000000 
526604136200661 0.000000 0.000000 0.000000 
526604156770244 0.000000 0.000000 0.000000 
526604177341286 0.000000 0.000000 0.000000 
526604197913734 0.000000 0.000000 0.000000 
526604218483785 0.000000 0.000000 0.000000 
526604239054255 0.000000 0.000000 0.000000 
526604259625556 0.000000 0.000000 0.000000 
526604280195921 0.000000 0.000000 0.000000 
526604300766650 0.000000 0.000000 0.000000 
526604321336650 0.000000 0.000000 0.000000 
526604341908889 0.000000 0.000000 0.000000 
526604362479515 0.000000 0.000000 0.000000 
526604383049150 0.000000 0.000000 0.000000 
526604403621390 0.000000 0.000000 0.000000 
526604424191963 0.000000 0.000000 0.000000 
526604444762951 0.000000 0.000000 0.000000 
526604465333526 0.000000 0.000000 0.000000 
526604485905035 0.000000 0.000000 0.000000 
526604506475920 0.000000 0.000000 0.000000 
526604527046806 0.000000 0.000000 0.000000 
526604547617848 0.000000 0.000000 0.000000 
526604568188682 0.000000 0.000000 0.000000 
526604588758004 0.000000 0.000000 0.000000 
526604609328837 0.000000 0.000000 0.000000 
526604629899567 0.000000 0.000000 0.000000 
526604650470452 0.000000 0.000000 0.000000 
526604671041495 0.000000 0.000000 0.000000 
526604691612380 0.000000 0.000000 0.000000 
526604712182796 0.000000 0.000000 0.000000 
526604732753682 0.000000 0.000000 0.000000 
526604753324670 0.000000 0.000000 0.000000 
526604773895503 0.000000 0.000000 0.000000 
526604794466077 0.000000 0.000000 0.000000 
526604815036962 0.000000 0.000000 0.000000 
526604835607588 0.000000 0.000000 0.000000 
526604856178994 0.000000 0.000000 0.000000 
526604876749931 0.000000 0.000000 0.000000 
526604897320400 0.000000 0.000000 0.000000 
526604917893628 0.000000 0.000000 0.000000 
526604938463942 0.000000 0.000000 0.000000 
526604959035817 0.000000 0.000000 0.000000 
526604979605243 0.000000 0.000000 0.000000 
526605000176650 0.000000 0.000000 0.000000 
526605020746702 0.000000 0.000000 0.000000 
526605041317692 0.000000 0.000000 0.000000 
526605061888109 0.000000 0.000000 0.000000 
526605082459254 0.000000 0.000000 0.000000 
526605103030088 0.000000 0.000000 0.000000 
526605123600660 0.000000 0.000000 0.000000 
526605144170816 0.000000 0.000000 0.000000 
526605164741911 0.000000 0.000000 0.000000 
526605185312952 0.000000 0.000000 0.000000 
526605205883212 0.000000 0.000000 0.000000 
526605226454566 0.000000 0.000000 0.000000 
526605247025451 0.000000 0.000000 0.000000 
526605267596285 0.000000 0.000000 0.000000 
526605288167118 0.000000 0.000000 0.000000 
526605308737900 0.000000 0.000000 0.000000 
526605329308733 0.000000 0.000000 0.000000 
526605349879567 0.000000 0.000000 0.000000 
526605370450453 0.000000 0.000000 0.000000 
526605391021962 0.000000 0.000000 0.000000 
526605411592847 0.000000 0.000000 0.000000 
526605432163838 0.000000 0.000000 0.000000 
526605452734671 0.000000 0.000000 0.000000 
526605473307536 0.000000 0.000000 0.000000 
526605493878369 0.000000 0.000000 0.000000 
526605514448056 0.000000 0.000000 0.000000 
526605535018942 0.000000 0.000000 0.000000 
526605555589619 0.000000 0.000000 0.000000 
526605576160505 0.000000 0.000000 0.000000 
526605596730504 0.000000 0.000000 0.000000 
526605617301181 0.000000 0.000000 0.000000 
526605637872119 0.000000 0.000000 0.000000 
526605658443265 0.000000 0.000000 0.000000 
526605679013941 0.000000 0.000000 0.000000 
526605699585139 0.000000 0.000000 0.000000 
526605720155660 0.000000 0.000000 0.000000 
526605740726077 0.000000 0.000000 0.000000 
526605761297066 0.000000 0.000000 0.000000 
526605781868628 0.000000 0.000000 0.000000 
526605802439098 0.000000 0.000000 0.000000 
526605823009774 0.000000 0.000000 0.000000 
526605843580347 0.000000 0.000000 0.000000 
526605864151077 0.000000 0.000000 0.000000 
526605884722639 0.000000 0.000000 0.000000 
526605905293265 0.000000 0.000000 0.000000 
526605925863889 0.000000 0.000000 0.000000 
526605946438004 0.000000 0.000000 0.000000 
526605967008890 0.000000 0.000000 0.000000 
526605987575972 0.000000 0.000000 0.000000 
526606008146858 0.000000 0.000000 0.000000 
526606028718421 0.000000 0.000000 0.000000 
526606049289306 0.000000 0.000000 0.000000 
526606069859462 0.000000 0.000000 0.000000 
526606090430295 0.000000 0.000000 0.000000 
526606111001285 0.000000 0.000000 0.000000 
526606131572119 0.000000 0.000000 0.000000 
526606152143056 0.000000 0.000000 0.000000 
526606172713890 0.000000 0.000000 0.000000 
526606193285347 0.000000 0.000000 0.000000 
526606213856180 0.000000 0.000000 0.000000 
526606234426494 0.000000 0.000000 0.000000 
526606254997327 0.000000 0.000000 0.000000 
526606275568107 0.000000 0.000000 0.000000 
526606296138941 0.000000 0.000000 0.000000 
526606316710347 0.000000 0.000000 0.000000 
526606337281441 0.000000 0.000000 0.000000 
526606357852847 0.000000 0.000000 0.000000 
526606378422795 0.000000 0.000000 0.000000 
526606398993942 0.000000 0.000000 0.000000 
526606419565400 0.000000 0.000000 0.000000 
526606440136596 0.000000 0.000000 0.000000 
526606460708368 0.000000 0.000000 0.000000 
526606481278420 0.000000 0.000000 0.000000 
526606501848369 0.000000 0.000000 0.000000 
526606522420087 0.000000 0.000000 0.000000 
526606542990660 0.000000 0.000000 0.000000 
526606563561024 0.000000 0.000000 0.000000 
526606584131858 0.000000 0.000000 0.000000 
526606604702482 0.000000 0.000000 0.000000 
526606625273785 0.000000 0.000000 0.000000 
526606645844201 0.000000 0.000000 0.000000 
526606666414254 0.000000 0.000000 0.000000 
526606686985139 0.000000 0.000000 0.000000 
526606707556024 0.000000 0.000000 0.000000 
526606728126910 0.000000 0.000000 0.000000 
526606748697795 0.000000 0.000000 0.000000 
526606769268680 0.000000 0.000000 0.000000 
526606789839619 0.000000 0.000000 0.000000 
526606810410504 0.000000 0.000000 0.000000 
526606830981077 0.000000 0.000000 0.000000 
526606851551962 0.000000 0.000000 0.000000 
526606872122898 0.000000 0.000000 0.000000 
526606892693732 0.000000 0.000000 0.000000 
526606913264670 0.000000 0.000000 0.000000 
526606933835503 0.000000 0.000000 0.000000 
526606954406493 0.000000 0.000000 0.000000 
526606974977326 0.000000 0.000000 0.000000 
526606995548160 0.000000 0.000000 0.000000 
526607016118993 0.000000 0.000000 0.000000 
526607036690347 0.000000 0.000000 0.000000 
526607057260660 0.000000 0.000000 0.000000 
526607077832065 0.000000 0.000000 0.000000 
526607098402638 0.000000 0.000000 0.000000 
526607118973264 0.000000 0.000000 0.000000 
526607139544722 0.000000 0.000000 0.000000 
526607160115086 0.000000 0.000000 0.000000 
526607180685972 0.000000 0.000000 0.000000 
526607201257743 0.000000 0.000000 0.000000 
526607221827847 0.000000 0.000000 0.000000 
526607242399565 0.000000 0.000000 0.000000 
526607262971597 0.000000 0.000000 0.000000 
526607283541701 0.000000 0.000000 0.000000 
526607304112691 0.000000 0.000000 0.000000 
526607324684409 0.000000 0.000000 0.000000 
526607345254306 0.000000 0.000000 0.000000 
526607365825295 0.000000 0.000000 0.000000 
526607386396077 0.000000 0.000000 0.000000 
526607406966910 0.000000 0.000000 0.000000 
526607427538837 0.000000 0.000000 0.000000 
526607448109723 0.000000 0.000000 0.000000 
526607468679826 0.000000 0.000000 0.000000 
526607489250659 0.000000 0.000000 0.000000 
526607509821336 0.000000 0.000000 0.000000 
526607530392169 0.000000 0.000000 0.000000 
526607550961804 0.000000 0.000000 0.000000 
526607571532638 0.000000 0.000000 0.000000 
526607592104982 0.000000 0.000000 0.000000 
526607612675816 0.000000 0.000000 0.000000 
526607633247014 0.000000 0.000000 0.000000 
526607653817899 0.000000 0.000000 0.000000 
526607674388316 0.000000 0.000000 0.000000 
526607694959149 0.000000 0.000000 0.000000 
