# Created at Thu Nov 07 19:35:57 EST 2019 in Burnaby Canada 
526600870579308 -0.140212 0.123509 -0.018523 0.982213 
526600891150089 -0.140185 0.123518 -0.018509 0.982216 
526600911720871 -0.140149 0.123507 -0.018517 0.982223 
526600932291756 -0.140107 0.123499 -0.018521 0.982230 
526600952862537 -0.140083 0.123495 -0.018523 0.982233 
526600973433162 -0.140054 0.123482 -0.018533 0.982239 
526600994003943 -0.140045 0.123472 -0.018543 0.982242 
526601014574933 -0.140021 0.123461 -0.018552 0.982246 
526601035145714 -0.140003 0.123410 -0.018603 0.982254 
526601055716443 -0.140015 0.123367 -0.018648 0.982257 
526601076287224 -0.140025 0.123334 -0.018684 0.982259 
526601096858109 -0.139999 0.123266 -0.018750 0.982270 
526601117428943 -0.139975 0.123232 -0.018783 0.982277 
526601137999672 -0.139983 0.123197 -0.018820 0.982280 
526601158570505 -0.140008 0.123200 -0.018819 0.982276 
526601179141236 -0.140030 0.123158 -0.018865 0.982277 
526601199712069 -0.140028 0.123143 -0.018880 0.982279 
526601220282849 -0.140037 0.123144 -0.018880 0.982277 
526601240853682 -0.140042 0.123112 -0.018913 0.982280 
526601261425141 -0.139992 0.123065 -0.018956 0.982292 
526601281995974 -0.139956 0.123056 -0.018962 0.982298 
526601302566130 -0.139946 0.123047 -0.018970 0.982301 
526601323136964 -0.139982 0.123066 -0.018954 0.982294 
526601343707693 -0.139984 0.123075 -0.018946 0.982292 
526601364278474 -0.140001 0.123082 -0.018940 0.982289 
526601384849360 -0.139978 0.123093 -0.018926 0.982291 
526601405420141 -0.139964 0.123095 -0.018923 0.982293 
526601425991079 -0.139957 0.123061 -0.018956 0.982298 
526601446561860 -0.139972 0.123042 -0.018978 0.982298 
526601467132693 -0.139969 0.123042 -0.018978 0.982298 
526601487703474 -0.139982 0.123063 -0.018957 0.982294 
526601508274255 -0.140013 0.123059 -0.018965 0.982290 
526601528845037 -0.140064 0.123091 -0.018938 0.982279 
526601549415818 -0.140089 0.123140 -0.018890 0.982270 
526601569986599 -0.140039 0.123130 -0.018895 0.982279 
526601590557432 -0.140039 0.123179 -0.018845 0.982273 
526601611128214 -0.140083 0.123290 -0.018738 0.982255 
526601631699047 -0.140096 0.123364 -0.018664 0.982245 
526601652270140 -0.140248 0.123527 -0.018685 0.982203 
526601672840974 -0.140176 0.123695 -0.018704 0.982192 
526601693412224 -0.140136 0.123736 -0.018832 0.982190 
526601713983057 -0.140153 0.123597 -0.019132 0.982199 
526601734553631 -0.140178 0.123307 -0.019462 0.982225 
526601755124308 -0.140141 0.123019 -0.019749 0.982261 
526601775694828 -0.139971 0.122689 -0.020092 0.982320 
526601796265609 -0.139844 0.122372 -0.020501 0.982369 
526601816836391 -0.139710 0.122002 -0.021058 0.982422 
526601837407172 -0.139799 0.121768 -0.021381 0.982432 
526601857978839 -0.139874 0.121694 -0.021592 0.982425 
526601878549673 -0.139865 0.121637 -0.021865 0.982428 
526601899119724 -0.139779 0.121670 -0.022027 0.982432 
526601919690557 -0.139673 0.121835 -0.022026 0.982427 
526601940262796 -0.139679 0.122208 -0.021890 0.982383 
526601960833630 -0.139605 0.122571 -0.022024 0.982345 
526601981404984 -0.139419 0.122874 -0.022115 0.982332 
526602001975765 -0.139393 0.123278 -0.022094 0.982285 
526602022544672 -0.139349 0.123683 -0.022110 0.982240 
526602043115505 -0.139245 0.124008 -0.022294 0.982210 
526602063686026 -0.139663 0.123874 -0.023090 0.982149 
526602084256860 -0.139891 0.124484 -0.023153 0.982038 
526602104827953 -0.139539 0.125086 -0.023560 0.982002 
526602125398786 -0.139321 0.125062 -0.024216 0.982020 
526602145970037 -0.139812 0.125008 -0.024601 0.981947 
526602166540662 -0.139933 0.125073 -0.024931 0.981914 
526602187111078 -0.140219 0.125008 -0.025454 0.981867 
526602207681911 -0.140330 0.124696 -0.025838 0.981881 
526602228253630 -0.140344 0.124334 -0.026008 0.981921 
526602248824463 -0.140802 0.123960 -0.026319 0.981894 
526602269395140 -0.141216 0.123948 -0.026382 0.981834 
526602289965974 -0.141145 0.124075 -0.026372 0.981829 
526602310536547 -0.141240 0.123819 -0.026636 0.981840 
526602331107588 -0.141303 0.123672 -0.026628 0.981850 
526602351678370 -0.141294 0.123922 -0.026152 0.981833 
526602372248682 -0.140997 0.124122 -0.025932 0.981856 
526602392819255 -0.140921 0.124549 -0.025634 0.981821 
526602413391495 -0.141228 0.124813 -0.025827 0.981738 
526602433962120 -0.142040 0.124955 -0.026263 0.981591 
526602454533473 -0.142144 0.125262 -0.027275 0.981509 
526602475104412 -0.143338 0.124029 -0.028803 0.981449 
526602495675193 -0.144244 0.123720 -0.028419 0.981366 
526602516246026 -0.144696 0.124222 -0.027892 0.981251 
526602536815245 -0.145125 0.124421 -0.027730 0.981167 
526602557386078 -0.145474 0.124647 -0.027624 0.981090 
526602577956807 -0.146222 0.124198 -0.028461 0.981012 
526602598527641 -0.147627 0.123263 -0.028275 0.980925 
526602619098318 -0.148469 0.123221 -0.028521 0.980796 
526602639669151 -0.149144 0.121813 -0.030298 0.980816 
526602660241546 -0.150169 0.120145 -0.032024 0.980810 
526602680812380 -0.150959 0.118505 -0.032800 0.980863 
526602701382276 -0.151481 0.117491 -0.033226 0.980890 
526602721953109 -0.152539 0.115009 -0.034675 0.980970 
526602742523266 -0.153916 0.111624 -0.034892 0.981138 
526602763094099 -0.155939 0.109348 -0.033492 0.981124 
526602783665192 -0.158164 0.106372 -0.032799 0.981118 
526602804236026 -0.160518 0.102468 -0.032235 0.981170 
526602824806755 -0.164170 0.098408 -0.030896 0.981025 
526602845377588 -0.170398 0.094382 -0.027983 0.980446 
526602865948474 -0.175737 0.092995 -0.023061 0.979764 
526602886519307 -0.177696 0.096859 -0.019008 0.979123 
526602907091598 -0.178201 0.099356 -0.021160 0.978736 
526602927661495 -0.179436 0.099112 -0.024132 0.978467 
526602948233005 -0.181650 0.098833 -0.025700 0.978046 
526602968803838 -0.183130 0.098504 -0.025891 0.977799 
526602989374620 -0.184730 0.098583 -0.026091 0.977484 
526603009945453 -0.186919 0.098996 -0.025764 0.977035 
526603030516026 -0.188890 0.099905 -0.025599 0.976568 
526603051085870 -0.191097 0.099663 -0.026845 0.976129 
526603071656703 -0.193489 0.098812 -0.027649 0.975722 
526603092228474 -0.195886 0.098008 -0.027558 0.975327 
526603112799307 -0.197806 0.098368 -0.025817 0.974951 
526603133369202 -0.199138 0.100379 -0.023118 0.974543 
526603153940036 -0.200340 0.103478 -0.019932 0.974042 
526603174510818 -0.201284 0.105680 -0.019051 0.973629 
526603195081703 -0.202163 0.107113 -0.018270 0.973305 
526603215652484 -0.203116 0.108768 -0.016562 0.972954 
526603236223317 -0.203858 0.109793 -0.015816 0.972696 
526603256794254 -0.204634 0.110651 -0.014025 0.972463 
526603277365088 -0.204609 0.111558 -0.011543 0.972397 
526603297936651 -0.203964 0.112112 -0.009272 0.972493 
526603318506650 -0.202924 0.112418 -0.006271 0.972700 
526603339078265 -0.201463 0.113190 -0.001345 0.972933 
526603359649098 -0.199472 0.114893 0.004978 0.973132 
526603380219879 -0.196999 0.117068 0.011822 0.973317 
526603400790349 -0.193824 0.117332 0.017728 0.973833 
526603421362223 -0.190762 0.118109 0.026501 0.974145 
526603441933056 -0.187217 0.121345 0.036638 0.974106 
526603462503838 -0.182268 0.125249 0.045789 0.974163 
526603483075557 -0.177381 0.129113 0.055351 0.974065 
526603503645297 -0.173740 0.134109 0.066294 0.973362 
526603524216130 -0.170277 0.139267 0.076047 0.972537 
526603544786130 -0.167380 0.143205 0.084162 0.971799 
526603565356964 -0.164723 0.148029 0.093778 0.970649 
526603585928786 -0.160994 0.154311 0.105571 0.969084 
526603606500348 -0.157532 0.160243 0.118349 0.967212 
526603627070088 -0.154483 0.165334 0.131805 0.965105 
526603647640921 -0.152270 0.169912 0.143895 0.962932 
526603668212119 -0.150304 0.174583 0.154922 0.960692 
526603688782953 -0.149022 0.179523 0.163433 0.958569 
526603709353265 -0.148562 0.184159 0.168806 0.956828 
526603729924099 -0.146820 0.188383 0.173794 0.955380 
526603750495453 -0.147386 0.192051 0.178416 0.953709 
526603771066598 -0.149438 0.190848 0.180991 0.953146 
526603791637432 -0.152130 0.190615 0.185668 0.951866 
526603812207901 -0.153486 0.193958 0.190626 0.949992 
526603832778734 -0.153403 0.198011 0.194062 0.948472 
526603853348995 -0.152158 0.202663 0.197901 0.946895 
526603873919828 -0.147011 0.206405 0.201229 0.946199 
526603894490609 -0.139134 0.209007 0.203846 0.946258 
526603915061495 -0.132917 0.213504 0.205572 0.945774 
526603935634046 -0.131387 0.222650 0.206428 0.943690 
526603956204932 -0.127680 0.235397 0.210070 0.940296 
526603976775504 -0.120067 0.244119 0.213548 0.938289 
526603997346389 -0.114427 0.252330 0.219488 0.935447 
526604017917172 -0.109693 0.255882 0.222616 0.934309 
526604038487588 -0.105759 0.254640 0.228440 0.933696 
526604059058056 -0.103179 0.252052 0.238528 0.932163 
526604079628942 -0.103542 0.253221 0.254413 0.927595 
526604100200921 -0.106735 0.259508 0.272079 0.920454 
526604120772536 -0.108602 0.266170 0.285996 0.914093 
526604141342067 -0.111492 0.271285 0.296691 0.908817 
526604161912952 -0.118056 0.273621 0.303095 0.905167 
526604182483995 -0.124733 0.272792 0.304984 0.903886 
526604203056442 -0.128376 0.271014 0.303954 0.904258 
526604223626077 -0.132654 0.269288 0.302336 0.904699 
526604244196963 -0.137467 0.268853 0.300136 0.904842 
526604264767744 -0.141670 0.269014 0.296474 0.905353 
526604285338630 -0.144370 0.268386 0.291811 0.906627 
526604305909358 -0.146546 0.267380 0.288134 0.907750 
526604326479358 -0.148474 0.266501 0.284887 0.908720 
526604347051390 -0.150036 0.264786 0.281776 0.909934 
526604367622223 -0.149980 0.262821 0.281335 0.910649 
526604388193265 -0.148546 0.260810 0.281819 0.911312 
526604408764098 -0.146682 0.259750 0.283022 0.911544 
526604429334774 -0.144230 0.259370 0.283527 0.911887 
526604449905660 -0.141446 0.258406 0.282712 0.912849 
526604470476755 -0.139875 0.257371 0.281741 0.913683 
526604491047795 -0.139621 0.257421 0.281312 0.913840 
526604511618629 -0.140693 0.259468 0.282178 0.912829 
526604532189671 -0.140938 0.261512 0.283310 0.911857 
526604552760557 -0.139386 0.259646 0.283424 0.912593 
526604573329827 -0.137879 0.254670 0.284364 0.913931 
526604593900712 -0.135269 0.251176 0.288027 0.914141 
526604614471390 -0.133833 0.250124 0.292460 0.913233 
526604635042275 -0.133098 0.249042 0.296518 0.912327 
526604655613682 -0.124992 0.245807 0.302612 0.912350 
526604676184203 -0.115422 0.245070 0.307978 0.912013 
526604696754671 -0.107923 0.244005 0.311122 0.912150 
526604717325505 -0.101186 0.243384 0.314151 0.912050 
526604737896493 -0.095799 0.243541 0.314420 0.912497 
526604758467378 -0.094076 0.240858 0.310460 0.914741 
526604779037900 -0.092044 0.232793 0.306857 0.918245 
526604799608785 -0.085999 0.222408 0.305499 0.921851 
526604820179463 -0.074559 0.214226 0.304991 0.924948 
526604840750296 -0.061275 0.211424 0.301822 0.927604 
526604861321754 -0.050782 0.217463 0.296076 0.928693 
526604881892640 -0.039345 0.226305 0.286074 0.930269 
526604902465451 -0.022921 0.231016 0.276118 0.932665 
526604923036337 -0.001776 0.230725 0.266471 0.935818 
526604943607692 0.020206 0.226644 0.254352 0.939963 
526604964178525 0.039927 0.221723 0.240521 0.944137 
526604984748525 0.058605 0.214739 0.225399 0.948498 
526605005319358 0.076701 0.206445 0.211510 0.952240 
526605025889514 0.094228 0.195739 0.197517 0.955926 
526605046460400 0.109456 0.183354 0.182956 0.959650 
526605067031077 0.120257 0.173818 0.168258 0.962816 
526605087601963 0.127234 0.166773 0.152148 0.965841 
526605108172535 0.132755 0.160412 0.135415 0.968662 
526605128743368 0.138948 0.153274 0.118339 0.971183 
526605149313786 0.146125 0.145026 0.100728 0.973380 
526605169884619 0.153558 0.135807 0.083258 0.975215 
526605190455035 0.160362 0.124833 0.066840 0.976849 
526605211026441 0.166600 0.113748 0.054148 0.977944 
526605231597274 0.173746 0.104116 0.044968 0.978238 
526605252168108 0.181960 0.092754 0.033991 0.978331 
526605272738993 0.190680 0.079153 0.020483 0.978241 
526605293310608 0.199334 0.064321 0.007003 0.977793 
526605313880608 0.207788 0.051470 -0.004084 0.976810 
526605334451754 0.216108 0.039215 -0.014956 0.975467 
526605355022276 0.225596 0.029197 -0.025107 0.973460 
526605375593837 0.237795 0.026317 -0.031442 0.970450 
526605396164670 0.251622 0.023836 -0.037207 0.966816 
526605416735661 0.265144 0.019720 -0.042765 0.963058 
526605437306546 0.276417 0.014511 -0.047726 0.959742 
526605457879359 0.284839 0.006083 -0.052128 0.957138 
526605478450244 0.291360 -0.002508 -0.055029 0.955026 
526605499021962 0.294409 -0.008818 -0.056772 0.953951 
526605519590765 0.295278 -0.012795 -0.056180 0.953672 
526605540161494 0.294867 -0.014297 -0.054642 0.953867 
526605560732327 0.295307 -0.012707 -0.052168 0.953893 
526605581302379 0.297729 -0.010385 -0.050695 0.953247 
526605601873212 0.302762 -0.008513 -0.050200 0.951705 
526605622443994 0.309669 -0.006662 -0.049506 0.949531 
526605643014827 0.316719 -0.005963 -0.049259 0.947221 
526605663585764 0.324057 -0.007090 -0.049396 0.944721 
526605684156650 0.332183 -0.010150 -0.049314 0.941870 
526605704727483 0.341216 -0.013594 -0.049101 0.938603 
526605725298369 0.352018 -0.017762 -0.049085 0.934537 
526605745868785 0.363758 -0.022727 -0.049313 0.929910 
526605766439774 0.375086 -0.028311 -0.049729 0.925222 
526605787010973 0.385488 -0.033166 -0.049964 0.920762 
526605807581806 0.395613 -0.036201 -0.050073 0.916337 
526605828152222 0.405676 -0.037620 -0.050079 0.911868 
526605848723056 0.415248 -0.040586 -0.050925 0.907375 
526605869294462 0.423830 -0.043323 -0.051374 0.903245 
526605889865348 0.432008 -0.044726 -0.051270 0.899300 
526605910435973 0.440361 -0.045921 -0.051677 0.895155 
526605931009879 0.448451 -0.047177 -0.052761 0.891001 
526605951580713 0.456245 -0.047263 -0.054077 0.886951 
526605972147847 0.462956 -0.046636 -0.055107 0.883437 
526605992718680 0.467655 -0.045633 -0.055539 0.880983 
526606013290296 0.470553 -0.045297 -0.056241 0.879412 
526606033861129 0.472645 -0.046056 -0.057206 0.878187 
526606054431285 0.474771 -0.046960 -0.058355 0.876916 
526606075002170 0.476938 -0.046607 -0.059149 0.875705 
526606095573108 0.478834 -0.045416 -0.059887 0.874682 
526606116143994 0.479905 -0.043290 -0.060200 0.874181 
526606136714879 0.480005 -0.040886 -0.060214 0.874241 
526606157285765 0.479466 -0.039222 -0.060451 0.874597 
526606177857170 0.479152 -0.038354 -0.060644 0.874794 
526606198428055 0.479458 -0.038031 -0.060693 0.874637 
526606218998317 0.479982 -0.037614 -0.060337 0.874392 
526606239569202 0.480685 -0.036942 -0.059684 0.874079 
526606260139930 0.481269 -0.036294 -0.059136 0.873822 
526606280710816 0.481185 -0.036236 -0.059053 0.873877 
526606301282170 0.480790 -0.036661 -0.059437 0.874050 
526606321853056 0.480850 -0.036917 -0.059564 0.873998 
526606342424149 0.481471 -0.037056 -0.059414 0.873660 
526606362995555 0.482373 -0.037406 -0.059202 0.873162 
526606383565817 0.483367 -0.038025 -0.059285 0.872580 
526606404136650 0.484268 -0.038538 -0.059468 0.872045 
526606424708419 0.484938 -0.039169 -0.059615 0.871635 
526606445279305 0.485602 -0.039904 -0.059786 0.871220 
526606465850243 0.486077 -0.040458 -0.059910 0.870921 
526606486421129 0.486381 -0.040550 -0.059925 0.870746 
526606506991910 0.486454 -0.040616 -0.059891 0.870704 
526606527562795 0.486504 -0.040662 -0.060093 0.870661 
526606548132847 0.486556 -0.040619 -0.060319 0.870618 
526606568703732 0.486431 -0.040065 -0.060242 0.870719 
526606589274305 0.486300 -0.039530 -0.059987 0.870834 
526606609845191 0.486142 -0.038907 -0.059727 0.870968 
526606630416024 0.485986 -0.037937 -0.059573 0.871108 
526606650986129 0.485630 -0.036720 -0.059275 0.871379 
526606671556962 0.485301 -0.035715 -0.058945 0.871627 
526606692127899 0.485047 -0.034780 -0.058681 0.871824 
526606712698733 0.484970 -0.034256 -0.058540 0.871896 
526606733269670 0.485058 -0.033704 -0.058438 0.871876 
526606753840503 0.485207 -0.033509 -0.058413 0.871802 
526606774412014 0.485500 -0.033563 -0.058442 0.871635 
526606794982327 0.485849 -0.033999 -0.058482 0.871421 
526606815552952 0.486137 -0.034194 -0.058465 0.871254 
526606836123785 0.486415 -0.034289 -0.058402 0.871099 
526606856694982 0.486520 -0.033991 -0.058289 0.871060 
526606877265607 0.486474 -0.033752 -0.058141 0.871105 
526606897836493 0.486276 -0.033564 -0.058160 0.871221 
526606918407378 0.486201 -0.033721 -0.058370 0.871243 
526606938978472 0.486160 -0.033804 -0.058637 0.871245 
526606959549201 0.486297 -0.033522 -0.058745 0.871172 
526606980119982 0.486519 -0.033543 -0.058739 0.871047 
526607000690868 0.487324 -0.033505 -0.058790 0.870595 
526607021262222 0.488266 -0.033316 -0.058796 0.870075 
526607041833056 0.488917 -0.033213 -0.058801 0.869712 
526607062403940 0.489372 -0.033165 -0.058826 0.869457 
526607082974773 0.489653 -0.032888 -0.058851 0.869307 
526607103545139 0.489858 -0.032589 -0.058828 0.869204 
526607124115972 0.490236 -0.032329 -0.058791 0.869004 
526607144686961 0.490711 -0.032245 -0.058793 0.868738 
526607165257795 0.490953 -0.032342 -0.058886 0.868592 
526607185829618 0.490797 -0.032560 -0.058947 0.868667 
526607206400452 0.490298 -0.032692 -0.059148 0.868931 
526607226971388 0.489815 -0.032442 -0.059050 0.869219 
526607247542273 0.489402 -0.032629 -0.059002 0.869448 
526607268113576 0.489284 -0.032703 -0.059137 0.869503 
526607288684409 0.489415 -0.032999 -0.059234 0.869411 
526607309256284 0.489868 -0.033351 -0.059216 0.869144 
526607329826129 0.490317 -0.033689 -0.059001 0.868892 
526607350397170 0.490816 -0.034420 -0.059159 0.868570 
526607370967899 0.491391 -0.034976 -0.059342 0.868211 
526607391538785 0.491670 -0.035200 -0.059148 0.868057 
526607412110712 0.491912 -0.035424 -0.058941 0.867925 
526607432681546 0.492092 -0.035362 -0.058469 0.867857 
526607453251701 0.492322 -0.035464 -0.057819 0.867766 
526607473822534 0.492712 -0.035652 -0.057215 0.867577 
526607494393159 0.493153 -0.035940 -0.056629 0.867353 
526607514964044 0.493706 -0.035941 -0.056224 0.867065 
526607535533627 0.494947 -0.034516 -0.055117 0.866486 
526607556104513 0.497381 -0.032793 -0.053080 0.865286 
526607576677222 0.497360 -0.030619 -0.051172 0.865492 
526607597247691 0.495754 -0.029126 -0.051664 0.866436 
526607617818889 0.493401 -0.026621 -0.051510 0.867867 
526607638389722 0.491172 -0.025565 -0.050352 0.869230 
526607658960191 0.489888 -0.027332 -0.050474 0.869894 
526607679531024 0.488937 -0.030325 -0.051770 0.870253 
