# Created at Thu Nov 07 19:35:57 EST 2019 in Burnaby Canada 
526600870579359 -2.328386 -2.745981 9.121874 
526600891149933 -2.328630 -2.745442 9.121975 
526600911720871 -2.328424 -2.744770 9.122229 
526600932291964 -2.328292 -2.743998 9.122496 
526600952862537 -2.328224 -2.743549 9.122648 
526600973433526 -2.327966 -2.743026 9.122870 
526600994003943 -2.327748 -2.742868 9.122974 
526601014574985 -2.327540 -2.742444 9.123155 
526601035145714 -2.326439 -2.742224 9.123501 
526601055716496 -2.325485 -2.742549 9.123647 
526601076287224 -2.324754 -2.742827 9.123750 
526601096858005 -2.323310 -2.742483 9.124221 
526601117428943 -2.322581 -2.742120 9.124515 
526601138000141 -2.321817 -2.742344 9.124642 
526601158570505 -2.321857 -2.742816 9.124490 
526601179141704 -2.320904 -2.743347 9.124574 
526601199712069 -2.320590 -2.743347 9.124653 
526601220282953 -2.320607 -2.743516 9.124598 
526601240853682 -2.319896 -2.743689 9.124727 
526601261424725 -2.318924 -2.742845 9.125227 
526601281995974 -2.318754 -2.742183 9.125470 
526601302566079 -2.318580 -2.742007 9.125566 
526601323136964 -2.318961 -2.742638 9.125281 
526601343708110 -2.319144 -2.742667 9.125225 
526601364278474 -2.319281 -2.742963 9.125101 
526601384849673 -2.319550 -2.742499 9.125172 
526601405420141 -2.319599 -2.742231 9.125241 
526601425991079 -2.318875 -2.742189 9.125438 
526601446561860 -2.318440 -2.742506 9.125452 
526601467132693 -2.318437 -2.742464 9.125467 
526601487703474 -2.318895 -2.742657 9.125291 
526601508274463 -2.318766 -2.743257 9.125144 
526601528845037 -2.319408 -2.744160 9.124709 
526601549415818 -2.320462 -2.744512 9.124335 
526601569986599 -2.320295 -2.743580 9.124659 
526601590557744 -2.321368 -2.743465 9.124419 
526601611128214 -2.323731 -2.744055 9.123641 
526601631699047 -2.325334 -2.744125 9.123212 
526601652270609 -2.328252 -2.747038 9.121590 
526601672840974 -2.331434 -2.745733 9.121171 
526601693412850 -2.331890 -2.745287 9.121188 
526601713983057 -2.328412 -2.746302 9.121771 
526601734553631 -2.321965 -2.747559 9.123036 
526601755124308 -2.315727 -2.747523 9.124632 
526601775695141 -2.308643 -2.745106 9.127154 
526601796265609 -2.301573 -2.743655 9.129375 
526601816837381 -2.293103 -2.742404 9.131883 
526601837407172 -2.287682 -2.744816 9.132519 
526601857979046 -2.285640 -2.746713 9.132459 
526601878549673 -2.283809 -2.747181 9.132776 
526601899119620 -2.284032 -2.745934 9.133095 
526601919690557 -2.287249 -2.743941 9.132889 
526601940262900 -2.294713 -2.743777 9.131065 
526601960833630 -2.301278 -2.742714 9.129733 
526601981404932 -2.306920 -2.739448 9.129290 
526602001975765 -2.314656 -2.738945 9.127483 
526602022545141 -2.322319 -2.738184 9.125764 
526602043115505 -2.328052 -2.736701 9.124748 
526602063686182 -2.322952 -2.746446 9.123119 
526602084256860 -2.334155 -2.750980 9.118894 
526602104828527 -2.344721 -2.745362 9.117875 
526602125398786 -2.342610 -2.742810 9.119186 
526602145970037 -2.340099 -2.752979 9.116766 
526602166540662 -2.340296 -2.756059 9.115786 
526602187111130 -2.337363 -2.762700 9.114528 
526602207681911 -2.330270 -2.765663 9.115444 
526602228253735 -2.322918 -2.766261 9.117140 
526602248824463 -2.314561 -2.775576 9.116433 
526602269395766 -2.313801 -2.783527 9.114202 
526602289965974 -2.316289 -2.782202 9.113975 
526602310536442 -2.310610 -2.784555 9.114697 
526602331107848 -2.307792 -2.785710 9.115059 
526602351678370 -2.313881 -2.784452 9.113899 
526602372248682 -2.318550 -2.778373 9.114569 
526602392819255 -2.327566 -2.776299 9.112902 
526602413391495 -2.331744 -2.782585 9.109917 
526602433962120 -2.332492 -2.798950 9.104711 
526602454533734 -2.335336 -2.803370 9.102621 
526602475104412 -2.306510 -2.829240 9.101967 
526602495674984 -2.300943 -2.845350 9.098354 
526602516246026 -2.311567 -2.852715 9.093352 
526602536815662 -2.315417 -2.860449 9.089943 
526602557386078 -2.319686 -2.866804 9.086852 
526602577957432 -2.308049 -2.882773 9.084763 
526602598527641 -2.289613 -2.908571 9.081204 
526602619098526 -2.287307 -2.924971 9.076517 
526602639669151 -2.254691 -2.941473 9.079344 
526602660240557 -2.216906 -2.964255 9.081240 
526602680812380 -2.182685 -2.980382 9.084249 
526602701382536 -2.161635 -2.990828 9.085850 
526602721953109 -2.109042 -3.013072 9.090859 
526602742523369 -2.042685 -3.038255 9.097628 
526602763094099 -2.001754 -3.072568 9.095201 
526602783664932 -1.945174 -3.111975 9.094079 
526602804236026 -1.870404 -3.153798 9.095358 
526602824807120 -1.794002 -3.218459 9.088095 
526602845377588 -1.721423 -3.328520 9.062452 
526602865948474 -1.707544 -3.419099 9.031304 
526602886519307 -1.793808 -3.448555 9.003339 
526602907091598 -1.833312 -3.462028 8.990201 
526602927661495 -1.817128 -3.490459 8.982491 
526602948232953 -1.804328 -3.534356 8.967895 
526602968803838 -1.796095 -3.562058 8.958580 
526602989376130 -1.795467 -3.592039 8.946728 
526603009945453 -1.802593 -3.631930 8.929173 
526603030514932 -1.818711 -3.668097 8.911102 
526603051085817 -1.807444 -3.711059 8.895593 
526603071656703 -1.786051 -3.756404 8.880870 
526603092228526 -1.768954 -3.800157 8.865664 
526603112799307 -1.780832 -3.832263 8.849452 
526603133369359 -1.828354 -3.851846 8.831240 
526603153940036 -1.898539 -3.867795 8.809433 
526603174510922 -1.942860 -3.883226 8.792966 
526603195081703 -1.972319 -3.897614 8.780031 
526603215653005 -2.009632 -3.911369 8.765442 
526603236223317 -2.031364 -3.923218 8.755131 
526603256794567 -2.054181 -3.933473 8.745200 
526603277365088 -2.081300 -3.927544 8.741452 
526603297936651 -2.101311 -3.910761 8.744188 
526603318506650 -2.119733 -3.885185 8.751140 
526603339081025 -2.154628 -3.847394 8.759311 
526603359649098 -2.212366 -3.795970 8.767351 
526603380219879 -2.280495 -3.733560 8.776688 
526603400790349 -2.308439 -3.661253 8.799813 
526603421363057 -2.355772 -3.583337 8.819321 
526603441933056 -2.452880 -3.489661 8.830403 
526603462503838 -2.556763 -3.370028 8.847387 
526603483075557 -2.659232 -3.248637 8.862575 
526603503646755 -2.786151 -3.142478 8.861860 
526603524216130 -2.910446 -3.040258 8.857569 
526603544786807 -3.005806 -2.953898 8.854942 
526603565356964 -3.121093 -2.863669 8.844691 
526603585928786 -3.266336 -2.740476 8.831264 
526603606500348 -3.405521 -2.616451 8.816291 
526603627070609 -3.528952 -2.496775 8.802443 
526603647640921 -3.638741 -2.396276 8.785659 
526603668212692 -3.746257 -2.301605 8.765760 
526603688782953 -3.852844 -2.226259 8.738979 
526603709353213 -3.947902 -2.178282 8.708590 
526603729924099 -4.030411 -2.108992 8.687827 
526603750494880 -4.108141 -2.084870 8.657187 
526603771065921 -4.098259 -2.116172 8.654275 
526603791637432 -4.112633 -2.146010 8.640098 
526603812208317 -4.187763 -2.134653 8.606758 
526603832778734 -4.267408 -2.100034 8.576098 
526603853348891 -4.354400 -2.039196 8.547004 
526603873919828 -4.410704 -1.913601 8.547175 
526603894490713 -4.435289 -1.746585 8.570184 
526603915061495 -4.496358 -1.604750 8.566092 
526603935634098 -4.652959 -1.530383 8.495781 
526603956204932 -4.867330 -1.384844 8.400101 
526603976776129 -4.995404 -1.187116 8.355062 
526603997346389 -5.122151 -1.013165 8.301052 
526604017917172 -5.167953 -0.892878 8.286460 
526604038487588 -5.137037 -0.795856 8.315519 
526604059058941 -5.090917 -0.707223 8.351813 
526604079628942 -5.123555 -0.620223 8.338758 
526604100200921 -5.254519 -0.542076 8.262360 
526604120772536 -5.381172 -0.454020 8.185796 
526604141342171 -5.484408 -0.408711 8.119396 
526604161912952 -5.559488 -0.469293 8.064878 
526604182483995 -5.582239 -0.579522 8.041962 
526604203056442 -5.571884 -0.661148 8.042846 
526604223626493 -5.564887 -0.757006 8.039239 
526604244196963 -5.580543 -0.856978 8.018323 
526604264768264 -5.600663 -0.951357 7.993615 
526604285338630 -5.598711 -1.031103 7.985090 
526604305909358 -5.588598 -1.098072 7.983244 
526604326479358 -5.579451 -1.157160 7.981297 
526604347051598 -5.554758 -1.214304 7.990026 
526604367622223 -5.521777 -1.228551 8.010682 
526604388191859 -5.482751 -1.213495 8.039730 
526604408764098 -5.458138 -1.180570 8.061352 
526604429334671 -5.440909 -1.137227 8.079208 
526604449905660 -5.410798 -1.099615 8.104598 
526604470476755 -5.385110 -1.084409 8.123733 
526604491047743 -5.384218 -1.082170 8.124623 
526604511618629 -5.424067 -1.082901 8.097975 
526604532189827 -5.460169 -1.067479 8.075730 
526604552760557 -5.422218 -1.051529 8.103346 
526604573330400 -5.334014 -1.051129 8.161728 
526604593900712 -5.267568 -1.006357 8.210381 
526604614472119 -5.247784 -0.962411 8.228300 
526604635042275 -5.230352 -0.933272 8.242743 
526604655613682 -5.140364 -0.777712 8.315180 
526604676184203 -5.080924 -0.584284 8.367390 
526604696754774 -5.023867 -0.441826 8.410465 
526604717325505 -4.977183 -0.310427 8.444032 
526604737896963 -4.949451 -0.212647 8.463339 
526604758467378 -4.894099 -0.221201 8.495248 
526604779038369 -4.746527 -0.256629 8.577588 
526604799608785 -4.536548 -0.222270 8.691416 
526604820179463 -4.332335 -0.071126 8.797512 
526604840750296 -4.209247 0.136779 8.856293 
526604861321702 -4.255920 0.337840 8.828555 
526604881892640 -4.349842 0.551893 8.771811 
526604902463108 -4.350032 0.831805 8.749612 
526604923036337 -4.244117 1.173255 8.762495 
526604943606650 -4.077548 1.503157 8.791161 
526604964178525 -3.917433 1.785314 8.811172 
526604984747952 -3.735748 2.039561 8.834861 
526605005319358 -3.537495 2.288923 8.855357 
526605025889410 -3.304849 2.524955 8.881045 
526605046460400 -3.058300 2.718120 8.912295 
526605067030817 -2.885515 2.844539 8.930442 
526605087601963 -2.779554 2.907905 8.943633 
526605108172796 -2.695030 2.948218 8.956295 
526605128743368 -2.597080 3.002452 8.967209 
526605149313525 -2.480043 3.076216 8.975336 
526605169884619 -2.346858 3.158900 8.982428 
526605190455661 -2.181470 3.236054 8.996640 
526605211026493 -2.004844 3.316307 9.008501 
526605231597274 -1.844390 3.425394 9.001960 
526605252168421 -1.658490 3.553344 8.988523 
526605272738993 -1.442073 3.690294 8.970649 
526605293310608 -1.206156 3.831611 8.946192 
526605313880608 -1.002734 3.976782 8.907867 
526605334451754 -0.813652 4.123100 8.860497 
526605355022276 -0.668540 4.292864 8.791744 
526605375594827 -0.647545 4.509896 8.684004 
526605396164670 -0.635618 4.753981 8.553715 
526605416735869 -0.594870 4.991707 8.420177 
526605437306546 -0.531888 5.189618 8.303936 
526605457878942 -0.405419 5.340951 8.214638 
526605478450244 -0.267487 5.460232 8.141541 
526605499021962 -0.162842 5.518244 8.105113 
526605519590765 -0.086044 5.537181 8.093369 
526605540163160 -0.048536 5.531844 8.097329 
526605560732327 -0.064426 5.537886 8.093087 
526605581302692 -0.101861 5.576759 8.065965 
526605601873212 -0.139198 5.659759 8.007380 
526605622443994 -0.176614 5.773578 7.924960 
526605643014827 -0.195208 5.889799 7.838531 
526605663585973 -0.182589 6.011344 7.746018 
526605684156650 -0.133780 6.146301 7.640384 
526605704727847 -0.078340 6.294568 7.519485 
526605725298369 -0.013333 6.469353 7.370053 
526605745868785 0.062685 6.656409 7.201297 
526605766439774 0.147915 6.834167 7.031549 
526605787011337 0.221195 6.994092 6.870526 
526605807581806 0.262088 7.145656 6.711282 
526605828152482 0.274363 7.292360 6.551075 
526605848723056 0.307535 7.430538 6.392412 
526605869293785 0.340445 7.552058 6.246672 
526605889865348 0.354480 7.664828 6.106974 
526605910435973 0.359890 7.777941 5.961920 
526605931010295 0.360377 7.885709 5.818599 
526605951580713 0.338271 7.986980 5.680150 
526605972148004 0.307695 8.072087 5.560318 
526605992718680 0.279082 8.130317 5.476353 
526606013291337 0.262239 8.166145 5.423625 
526606033861129 0.262971 8.192581 5.383572 
526606054431546 0.264282 8.219441 5.342408 
526606075002170 0.247188 8.245702 5.302609 
526606095573107 0.216700 8.267932 5.269224 
526606116143994 0.175598 8.279366 5.252778 
526606136715712 0.134183 8.278814 5.254867 
526606157285765 0.104326 8.271139 5.267615 
526606177857118 0.088140 8.266716 5.274848 
526606198428055 0.081663 8.270144 5.269577 
526606218998786 0.077051 8.276070 5.260334 
526606239569202 0.070623 8.283911 5.248068 
526606260140087 0.063821 8.290346 5.237983 
526606280710816 0.063751 8.289296 5.239646 
526606301282691 0.067998 8.284927 5.246499 
526606321853056 0.071078 8.285855 5.244993 
526606342424149 0.073907 8.293365 5.233069 
526606362995555 0.080498 8.304358 5.215510 
526606383565504 0.088731 8.316647 5.195759 
526606404136650 0.094307 8.327712 5.177905 
526606424708108 0.102613 8.336118 5.164204 
526606445279305 0.112439 8.344521 5.150411 
526606465851076 0.119929 8.350524 5.140502 
526606486421129 0.120866 8.354171 5.134551 
526606506991077 0.122201 8.355069 5.133055 
526606527562795 0.120958 8.355716 5.132034 
526606548132952 0.117973 8.356326 5.131108 
526606568703732 0.109471 8.354439 5.134370 
526606589274566 0.103006 8.352476 5.137696 
526606609845191 0.095146 8.350129 5.141661 
526606630416493 0.080335 8.347551 5.146100 
526606650986285 0.062976 8.342412 5.154666 
526606671556962 0.049515 8.337736 5.162373 
526606692128003 0.036470 8.334010 5.168494 
526606712698733 0.028975 8.332696 5.170661 
526606733269774 0.020395 8.333303 5.169720 
526606753840503 0.017088 8.334910 5.167144 
526606774412014 0.017283 8.338402 5.161507 
526606794982327 0.023802 8.342854 5.154282 
526606815553525 0.026868 8.346401 5.148520 
526606836123785 0.028659 8.349743 5.143088 
526606856694982 0.024506 8.350744 5.141484 
526606877265607 0.021918 8.350010 5.142689 
526606897836545 0.018836 8.347538 5.146711 
526606918407378 0.019604 8.346785 5.147930 
526606938978472 0.018521 8.346368 5.148611 
526606959549201 0.012469 8.347761 5.146368 
526606980119878 0.012548 8.350394 5.142094 
526607000690868 0.010192 8.359818 5.126767 
526607021263264 0.005472 8.370688 5.109005 
526607041833056 0.002683 8.378220 5.096649 
526607062403368 0.000940 8.383480 5.087991 
526607082974773 -0.004448 8.386540 5.082944 
526607103545347 -0.009624 8.388687 5.079391 
526607124115972 -0.014265 8.392870 5.072467 
526607144687430 -0.016429 8.398324 5.063426 
526607165257795 -0.016045 8.401203 5.058648 
526607185828680 -0.012699 8.399573 5.061362 
526607206400452 -0.011624 8.393876 5.070809 
526607226970555 -0.014205 8.388062 5.080414 
526607247542273 -0.009934 8.383410 5.088098 
526607268114306 -0.009797 8.382085 5.090281 
526607288684409 -0.005890 8.383857 5.087368 
526607309255399 -0.000413 8.389402 5.078221 
526607329827118 0.006722 8.394891 5.069138 
526607350397014 0.016870 8.401258 5.058553 
526607370968003 0.023667 8.408352 5.046726 
526607391538785 0.028916 8.411746 5.041039 
526607412111128 0.034356 8.414705 5.036064 
526607432681546 0.037604 8.416718 5.032675 
526607453251337 0.045286 8.419420 5.028090 
526607473822534 0.053746 8.424023 5.020293 
526607494393524 0.063663 8.429269 5.011363 
526607514964044 0.066785 8.435598 5.000661 
526607535533472 0.051543 8.448769 4.978558 
526607556104513 0.038716 8.475244 4.933471 
526607576677222 0.020579 8.473496 4.936579 
526607597247691 -0.007385 8.454187 4.969612 
526607617818628 -0.045342 8.425439 5.017998 
526607638389722 -0.049227 8.398982 5.062122 
526607658960712 -0.018647 8.385270 5.085005 
526607679531024 0.021139 8.376234 5.099867 
