# Created at Thu Nov 07 19:35:57 EST 2019 in Burnaby Canada 
526600870579359 0.000305 -0.007636 0.007636 
526600891150141 0.001833 -0.008247 0.006109 
526600911720871 0.000611 -0.009163 0.007330 
526600932291964 0.000611 -0.008858 0.009774 
526600952862537 0.000305 -0.010690 0.008247 
526600973433526 -0.001527 -0.015577 0.012523 
526600994003943 -0.003054 -0.013439 0.014050 
526601014574933 -0.003054 -0.009774 0.014661 
526601035145714 -0.002138 -0.014661 0.014966 
526601055717277 -0.002749 -0.012217 0.014661 
526601076287224 -0.003971 -0.008552 0.014966 
526601096858057 -0.001222 -0.010385 0.015272 
526601117428943 -0.001833 -0.008247 0.013744 
526601137999829 -0.003360 -0.010385 0.013134 
526601158570505 -0.004276 -0.007941 0.011606 
526601179141704 -0.001527 -0.009163 0.008858 
526601199712069 -0.000305 -0.011606 0.008858 
526601220282953 -0.001527 -0.009163 0.008247 
526601240853682 -0.002749 -0.005498 0.008858 
526601261424725 0.000305 -0.005803 0.009163 
526601281995974 0.002749 -0.005192 0.007941 
526601302566079 0.001527 -0.006109 0.009163 
526601323136964 -0.002749 -0.005498 0.010079 
526601343708110 -0.000611 -0.007025 0.007941 
526601364278474 -0.000611 -0.007636 0.009163 
526601384849673 0.000000 -0.006720 0.009163 
526601405420141 -0.000305 -0.002749 0.007941 
526601425991079 -0.001833 -0.008552 0.004581 
526601446561860 -0.000611 -0.009163 0.002138 
526601467133474 -0.000305 -0.006414 0.000000 
526601487703474 0.001527 -0.003971 0.001527 
526601508274463 0.000305 -0.004887 0.001833 
526601528845037 -0.001222 -0.002138 0.003665 
526601549415818 0.000305 -0.001222 0.001833 
526601569986599 -0.000611 -0.006720 0.001222 
526601590557744 -0.000611 -0.006109 0.006414 
526601611128214 -0.000305 0.000611 0.009774 
526601631699047 -0.000611 0.004276 0.003360 
526601652270609 -0.003971 0.001833 -0.003971 
526601672840974 0.002749 -0.008858 -0.014355 
526601693413370 0.003665 -0.015577 -0.021380 
526601713983057 0.004276 -0.026878 -0.022297 
526601734553631 0.003971 -0.030543 -0.023213 
526601755124308 0.009468 -0.029322 -0.023518 
526601775695141 0.011606 -0.025962 -0.027183 
526601796265609 0.004887 -0.018021 -0.029016 
526601816837381 0.003054 -0.021686 -0.020464 
526601837407172 0.001527 -0.008247 -0.008552 
526601857979046 0.000305 0.007330 0.002138 
526601878549673 -0.001222 0.009163 0.005803 
526601899119776 -0.000611 0.009774 0.010079 
526601919690557 0.004276 0.016799 0.013439 
526601940262952 0.003054 0.036041 0.007941 
526601960833630 0.006720 0.025656 0.005498 
526601981404932 0.003971 0.021991 0.003054 
526602001975765 0.002443 0.020769 -0.003665 
526602022545141 0.003054 0.023213 -0.011301 
526602043115505 0.006720 0.016799 -0.030543 
526602063686182 -0.026878 -0.004887 -0.071777 
526602084256860 -0.000916 0.041233 -0.049480 
526602104828527 0.003054 0.010690 -0.043982 
526602125398786 0.002138 -0.011606 -0.030543 
526602145970037 -0.034819 -0.009468 -0.048564 
526602166540662 -0.008858 -0.006414 -0.043677 
526602187111130 -0.004276 -0.031460 -0.033292 
526602207681911 -0.019548 -0.041844 -0.021380 
526602228253735 -0.013134 -0.029932 -0.013439 
526602248824463 -0.036957 -0.021991 -0.022297 
526602269395766 -0.041844 -0.000611 -0.007636 
526602289965974 0.000916 0.000916 0.015882 
526602310536442 -0.015272 -0.014050 0.013744 
526602331107380 -0.027183 -0.010385 0.023518 
526602351678370 -0.002443 0.016493 0.038179 
526602372248682 0.009468 0.024740 0.037263 
526602392819255 0.006414 0.040623 0.024129 
526602413391495 -0.019548 0.016799 -0.022602 
526602433962120 -0.096211 0.029932 -0.118508 
526602454534619 -0.072693 -0.024435 -0.054062 
526602475104412 -0.105374 -0.101404 -0.053145 
526602495674984 -0.064752 -0.025045 -0.023518 
526602516246026 0.009163 0.022602 0.051313 
526602536815246 0.014355 0.021991 0.040928 
526602557386078 -0.047647 0.018021 -0.006414 
526602577956911 -0.103542 -0.099876 0.004887 
526602598527641 -0.034208 -0.046120 -0.068111 
526602619098526 -0.054672 -0.032681 -0.076664 
526602639669151 -0.070860 -0.109650 -0.145386 
526602660239880 -0.079412 -0.158519 -0.107818 
526602680812380 -0.081245 -0.115148 -0.083383 
526602701382536 -0.081550 -0.093768 0.003971 
526602721953109 -0.151494 -0.263283 0.012217 
526602742523369 -0.149051 -0.314901 0.007025 
526602763094099 -0.185397 -0.287412 0.039401 
526602783664932 -0.241902 -0.329256 0.067501 
526602804236026 -0.302378 -0.386983 0.098044 
526602824807120 -0.437685 -0.461508 0.174707 
526602845377588 -0.675922 -0.441044 0.070555 
526602865948474 -0.525038 -0.037568 -0.114537 
526602886519307 -0.222049 0.343611 -0.081856 
526602907091598 0.047953 0.195477 0.006109 
526602927661495 -0.116675 0.052840 -0.059254 
526602948232953 -0.212581 -0.048258 -0.062614 
526602968803838 -0.146913 -0.000611 -0.029932 
526602989376130 -0.160352 0.001222 -0.002749 
526603009945453 -0.217773 0.046731 -0.030238 
526603030514932 -0.252898 0.040012 -0.068417 
526603051086859 -0.225715 -0.043066 -0.056505 
526603071656703 -0.233045 -0.098349 -0.040317 
526603092228526 -0.233350 -0.095295 0.009468 
526603112799307 -0.195477 0.023824 0.100182 
526603133369359 -0.155465 0.159130 0.242819 
526603153940036 -0.135001 0.276722 0.272140 
526603174510922 -0.122478 0.162490 0.176234 
526603195081703 -0.097127 0.093768 0.154549 
526603215653005 -0.105985 0.127976 0.173791 
526603236223317 -0.107207 0.034514 0.173791 
526603256794567 -0.099876 0.022297 0.227853 
526603277365088 -0.017104 0.025656 0.270613 
526603297936651 0.035430 -0.029016 0.316733 
526603318506650 0.065668 -0.079718 0.416915 
526603339079775 0.103847 -0.040317 0.536950 
526603359649098 0.142026 0.029016 0.660650 
526603380219723 0.152105 0.022602 0.789848 
526603400790349 0.207694 -0.174707 0.779769 
526603421362484 0.216246 -0.061392 0.794124 
526603441933056 0.289244 0.164017 0.942870 
526603462503838 0.400116 0.171348 1.064126 
526603483075557 0.369879 0.163101 1.094975 
526603503646755 0.244346 0.307570 1.085507 
526603524216130 0.223882 0.312152 1.048855 
526603544786807 0.178067 0.211359 0.955392 
526603565356964 0.133779 0.284052 1.088561 
526603585928786 0.198226 0.354912 1.413846 
526603606500348 0.100487 0.312457 1.489899 
526603627070609 0.108428 0.290161 1.389106 
526603647640921 0.066279 0.277027 1.200960 
526603668212692 0.125838 0.323453 0.991433 
526603688782953 0.133474 0.394313 0.766635 
526603709353213 0.027489 0.383318 0.596204 
526603729924099 0.071777 0.306654 0.669813 
526603750494880 -0.223576 0.255952 0.722347 
526603771066338 -0.288328 -0.142331 0.326202 
526603791637432 -0.186619 0.020769 0.169820 
526603812208317 -0.067806 0.326813 0.328951 
526603832778734 -0.003360 0.357050 0.350942 
526603853349463 0.131336 0.408669 0.389732 
526603873919828 0.452040 0.228769 0.392786 
526603894490661 0.722347 0.080023 0.235488 
526603915061495 0.669202 0.325285 0.078802 
526603935633942 0.308487 0.860403 0.148135 
526603956204932 0.412028 1.106276 0.795346 
526603976776129 0.647211 0.603229 0.987157 
526603997346389 0.437685 0.615446 0.975551 
526604017917172 0.088575 0.148746 0.979216 
526604038487588 -0.086437 -0.303294 1.068097 
526604059058941 -0.264504 -0.401644 1.286787 
526604079628942 -0.394619 0.056505 1.483180 
526604100200921 -0.428522 0.674089 1.433394 
526604120772536 -0.355218 0.679892 1.356120 
526604141342171 -0.459065 0.552222 1.082452 
526604161912952 -0.635605 0.413555 0.388815 
526604182483995 -0.483499 0.135917 -0.239764 
526604203056442 -0.306654 -0.067806 -0.211665 
526604223626493 -0.306043 -0.018326 -0.362243 
526604244196963 -0.267864 0.133474 -0.481667 
526604264768264 -0.207694 0.172875 -0.518319 
526604285338630 -0.158519 0.032070 -0.447458 
526604305909358 -0.116064 -0.011606 -0.402560 
526604326479358 -0.127976 -0.016188 -0.323758 
526604347051598 -0.162490 -0.125838 -0.211665 
526604367622223 -0.018631 -0.200364 -0.041539 
526604388191859 0.103847 -0.246178 0.042761 
526604408764098 0.201891 -0.166461 0.052229 
526604429334671 0.254425 -0.118508 0.044899 
526604449905660 0.236405 -0.190895 0.014355 
526604470476755 0.142331 -0.157909 -0.043371 
526604491048316 0.026878 -0.017104 -0.007330 
526604511618629 -0.058338 0.211359 0.103847 
526604532190035 -0.052840 0.170431 0.266948 
526604552760557 -0.055283 -0.280998 0.256869 
526604573330400 -0.054367 -0.551305 0.067195 
526604593900712 0.083078 -0.433714 0.314595 
526604614472119 -0.000611 -0.193644 0.467617 
526604635042275 -0.065057 -0.156076 0.385150 
526604655613682 0.643546 -0.581543 0.459676 
526604676184203 0.741590 -0.380263 0.695164 
526604696754879 0.564134 -0.353080 0.461814 
526604717325505 0.606589 -0.260839 0.240681 
526604737896963 0.473115 -0.134696 0.145691 
526604758467378 -0.010690 -0.321009 -0.083688 
526604779038369 -0.057727 -0.844215 -0.321009 
526604799608785 0.396146 -1.171638 -0.478918 
526604820179567 1.079398 -1.110552 -0.572380 
526604840750296 1.456607 -0.659428 -0.734565 
526604861321702 1.478904 0.256869 -0.841161 
526604881892640 1.475238 0.486248 -0.600480 
526604902463108 1.771508 -0.069028 -0.464868 
526604923036337 2.114508 -0.683558 -0.543364 
526604943606650 2.142303 -1.068708 -0.769690 
526604964178525 1.941023 -1.091310 -0.911716 
526604984747952 1.770286 -1.244026 -0.879951 
526605005319358 1.696371 -1.358258 -0.827722 
526605025889410 1.614821 -1.574809 -0.861319 
526605046460400 1.424536 -1.712254 -1.069013 
526605067030817 1.109330 -1.377500 -1.294422 
526605087601963 0.794124 -1.052520 -1.408349 
526605108172796 0.669202 -0.949284 -1.445001 
526605128743368 0.737314 -1.028085 -1.458745 
526605149313525 0.823751 -1.115439 -1.397658 
526605169884619 0.815504 -1.160948 -1.226616 
526605190455661 0.697608 -1.257465 -0.929125 
526605211025920 0.635910 -1.245553 -0.688139 
526605231597274 0.781296 -1.146288 -0.733954 
526605252168109 0.890030 -1.324355 -0.903774 
526605272738993 0.912632 -1.505782 -0.892473 
526605293310608 0.912937 -1.612988 -0.772438 
526605313880608 0.911105 -1.444695 -0.744033 
526605334451754 0.897360 -1.378722 -0.751364 
526605355022276 1.008232 -1.104138 -0.608421 
526605375594827 1.275180 -0.364075 -0.463341 
526605396164670 1.447139 -0.269697 -0.377514 
526605416735452 1.414152 -0.401033 -0.303294 
526605437306546 1.175915 -0.469144 -0.167377 
526605457878942 0.899193 -0.783739 -0.034208 
526605478450244 0.711047 -0.835052 0.006109 
526605499021962 0.336892 -0.519846 0.167071 
526605519590765 0.087965 -0.344528 0.195477 
526605540163160 -0.040317 -0.092851 0.204029 
526605560732327 0.041539 0.150578 0.084910 
526605581302692 0.237932 0.233350 -0.000916 
526605601873212 0.520151 0.234572 0.008858 
526605622444463 0.715933 0.218079 -0.010996 
526605643014827 0.727540 0.115148 0.003054 
526605663585973 0.762970 -0.028711 0.079412 
526605684156650 0.863763 -0.228158 0.114537 
526605704727847 0.964861 -0.270308 0.116064 
526605725298369 1.161865 -0.341473 0.110261 
526605745868785 1.272431 -0.430049 0.108428 
526605766439774 1.235779 -0.490219 0.120035 
526605787011337 1.135903 -0.429743 0.094073 
526605807581806 1.106887 -0.255952 0.040317 
526605828152482 1.091921 -0.132252 -0.049480 
526605848723056 1.046717 -0.237626 0.013439 
526605869293785 0.938899 -0.219606 0.053451 
526605889865348 0.886670 -0.142637 -0.018631 
526605910435973 0.913548 -0.153632 -0.087354 
526605931006597 0.888197 -0.175013 -0.115453 
526605951580713 0.846048 -0.032987 -0.149356 
526605972147951 0.727234 0.069944 -0.130725 
526605992718680 0.493579 0.055589 -0.132252 
526606013291337 0.287717 -0.015577 -0.102625 
526606033861129 0.209832 -0.128892 -0.061697 
526606054431546 0.229685 -0.107818 -0.044899 
526606075002170 0.228769 -0.001527 -0.095295 
526606095573107 0.192728 0.107207 -0.107818 
526606116143994 0.091630 0.190590 -0.111483 
526606136715712 -0.024740 0.182954 -0.118508 
526606157285765 -0.090103 0.132558 -0.076969 
526606177857118 -0.051924 0.073609 -0.030238 
526606198428055 0.031154 0.056200 0.014355 
526606218998786 0.056810 0.075747 0.033903 
526606239569202 0.072387 0.076358 0.020464 
526606260140191 0.058643 0.034514 -0.007941 
526606280710816 -0.015272 -0.040928 -0.014050 
526606301282899 -0.047647 -0.037874 0.016188 
526606321853056 0.012523 -0.005192 0.027183 
526606342424149 0.077885 0.002138 0.027183 
526606362995555 0.108734 -0.046731 0.018326 
526606383565504 0.116064 -0.069333 0.016493 
526606404136650 0.102931 -0.050396 0.011912 
526606424708108 0.075747 -0.056810 0.015577 
526606445279305 0.064446 -0.060781 0.021686 
526606465851076 0.062003 -0.042455 0.021075 
526606486421129 0.020769 0.007941 0.003971 
526606506991077 -0.013744 -0.006720 -0.011301 
526606527562795 -0.020464 -0.011606 -0.011301 
526606548132952 -0.001222 0.020159 0.000305 
526606568703732 -0.003360 0.064752 -0.002443 
526606589274566 -0.040928 0.070860 -0.001833 
526606609845191 -0.045509 0.054367 -0.006720 
526606630416493 -0.031154 0.112705 -0.023824 
526606650986910 -0.033598 0.147524 -0.036041 
526606671556962 -0.033903 0.111177 -0.024435 
526606692128003 -0.020159 0.075136 -0.018021 
526606712698733 0.002749 0.036957 -0.004581 
526606733269774 0.006414 0.031460 -0.008247 
526606753840503 0.014050 0.006109 -0.000305 
526606774412014 0.033292 -0.016188 0.010385 
526606794982327 0.034514 -0.034514 0.024129 
526606815553525 0.023824 -0.020159 0.022297 
526606836123785 0.027794 0.004581 0.012217 
526606856694982 0.020769 0.043371 -0.003360 
526606877265607 -0.014050 0.029016 -0.011912 
526606897836545 -0.032987 0.000611 -0.014661 
526606918407378 -0.005803 -0.026878 -0.009468 
526606938978421 0.012523 -0.014661 -0.000611 
526606959549201 0.035430 0.036957 -0.014355 
526606980119826 0.052229 0.000000 -0.000916 
526607000690868 0.104763 -0.018021 0.008858 
526607021263264 0.138055 0.018326 -0.013134 
526607041833056 0.068417 0.021075 -0.011912 
526607062403368 0.016493 0.004581 -0.000916 
526607082974773 0.010385 0.022602 -0.004887 
526607103545347 0.014966 0.036957 -0.010385 
526607124115972 0.049175 0.015272 -0.004887 
526607144687430 0.057421 -0.010996 -0.002138 
526607165257795 0.020159 -0.015272 0.005192 
526607185828680 -0.051618 -0.034514 0.003665 
526607206400452 -0.072998 -0.006720 0.022297 
526607226970555 -0.065363 0.028100 0.000000 
526607247542273 -0.038484 -0.012828 0.000000 
526607268114306 0.003054 -0.030238 0.011912 
526607288684409 0.049480 -0.026267 0.020464 
526607309255399 0.085521 -0.009774 0.030543 
526607329827118 0.065668 -0.062614 0.020464 
526607350397014 0.054367 -0.052229 0.012828 
526607370968003 0.065057 -0.057421 0.053756 
526607391538785 0.037874 -0.031765 0.043677 
526607412111128 0.027794 0.029016 0.040317 
526607432681546 0.024435 0.049785 0.049785 
526607453251337 0.021991 0.030543 0.056200 
526607473822534 0.032987 0.017104 0.061086 
526607494393524 0.039706 -0.012217 0.055894 
526607514964044 0.073304 0.073304 0.083688 
526607535533472 0.199753 0.279471 0.069333 
526607556104513 0.302989 0.314901 0.016188 
526607576677951 -0.184176 0.020464 -0.057421 
526607597247691 -0.441961 0.131947 -0.035125 
526607617818628 -0.229685 0.327118 -0.038179 
526607638389722 -0.196698 0.029932 -0.010690 
526607658960712 -0.180816 -0.364381 0.072998 
526607679531024 -0.048564 -0.331089 0.147524 
