# Created at Thu Nov 07 19:35:57 EST 2019 in Burnaby Canada 
526600890922746 79.099419 191.467041 -56.145031 
526600910922589 78.176544 191.157181 -56.443829 
526600930916079 81.399597 191.807388 -54.783211 
526600951129881 78.966286 191.887085 -54.913380 
526600970922850 77.417961 190.841110 -54.899101 
526600990922641 78.765068 190.016556 -55.066441 
526601010922328 79.851616 191.054657 -55.845062 
526601030916183 80.004196 190.911667 -55.231594 
526601050915975 78.495766 190.859192 -53.064392 
526601070922693 78.509537 191.874939 -54.908970 
526601090922849 81.236618 191.225357 -54.166981 
526601110922901 79.224495 190.173218 -55.224545 
526601130915974 79.718155 191.621765 -55.228352 
526601150933474 79.099419 191.467041 -56.145031 
526601170933474 78.924370 190.454956 -55.682728 
526601190922901 77.410927 190.847092 -55.975353 
526601210922694 78.961266 191.891357 -55.682129 
526601230915974 78.048096 191.719986 -55.058372 
526601250922328 79.240280 191.187241 -56.761623 
526601270922745 80.314758 191.795273 -57.694172 
526601290923057 79.118866 191.744064 -54.299911 
526601310922381 77.597382 192.143036 -55.822533 
526601330922641 79.869720 191.479599 -54.768631 
526601350923214 78.031654 191.000076 -54.751171 
526601370922589 78.465599 190.444519 -55.985821 
526601390923527 78.806984 191.448685 -54.297092 
526601410922745 78.499489 191.883484 -56.446468 
526601430916600 79.895546 192.485077 -54.768211 
526601450922902 78.811356 191.738525 -54.758221 
526601470923109 78.967308 192.326553 -56.450699 
526601490922484 79.883141 192.202072 -55.537083 
526601510946807 79.702057 191.195114 -55.997284 
526601530946599 80.321793 191.789291 -56.617920 
526601550922694 79.097397 191.028427 -54.761463 
526601570922016 79.108818 191.752609 -55.837410 
526601590922120 80.282539 190.061340 -55.849892 
526601610922328 79.731575 192.344238 -55.996803 
526601630922432 80.630966 191.499847 -54.775982 
526601650922641 78.781860 191.470047 -58.140842 
526601670922797 79.911995 193.204987 -55.075413 
526601690922692 78.933426 190.887589 -55.990051 
526601710923109 79.864693 191.483871 -55.537380 
526601730916026 78.360641 192.161575 -55.522381 
526601750922849 80.328827 191.783310 -55.541672 
526601770922693 81.217171 190.948334 -56.012104 
526601790922224 79.722176 191.618347 -54.613350 
526601810921911 80.315407 191.060837 -54.773220 
526601830921807 79.574623 192.197388 -56.149139 
526601850915766 79.574623 192.197388 -56.149139 
526601870917796 79.862686 191.485580 -55.844883 
526601890917589 78.172173 190.867340 -55.982704 
526601910918786 79.688629 190.472641 -55.228832 
526601930916130 79.843216 190.327911 -54.307861 
526601951125557 80.306358 191.068527 -56.156971 
526601970917484 80.612862 191.074905 -55.852409 
526601990917641 80.425713 189.192429 -53.852970 
526602010924203 78.495117 191.593643 -55.985344 
526602030916287 79.883835 192.788589 -57.689339 
526602050921963 78.024277 190.712799 -54.751293 
526602070922224 80.041100 192.348068 -55.230991 
526602090915297 78.527000 193.034317 -56.753494 
526602110917173 81.211136 190.513138 -55.243534 
526602130916807 80.314415 191.502014 -56.618042 
526602150922797 80.482773 192.373032 -57.541653 
526602170916495 80.482773 192.373032 -57.541653 
526602190915766 79.274155 192.626205 -57.222271 
526602210915714 79.140686 193.193283 -56.605560 
526602230962849 78.820419 192.171158 -55.065540 
526602250962744 77.616829 192.420059 -53.977413 
526602270917537 78.061172 192.149200 -54.750690 
526602290917015 79.716125 191.183151 -53.844780 
526602310916859 79.302666 193.335861 -55.684471 
526602330916651 79.150742 193.184738 -55.068062 
526602350923370 80.352303 192.497238 -54.772621 
526602370922640 79.722519 191.911606 -55.689480 
526602390922068 78.502502 191.880920 -55.985222 
526602410922224 81.231590 191.229630 -54.935730 
526602430917016 78.478683 190.873734 -55.678139 
526602450923266 80.345268 192.503220 -55.848869 
526602470918474 79.258385 191.612183 -55.685188 
526602490917797 80.308372 191.066818 -55.849472 
526602510917589 78.213440 192.593582 -56.443230 
526602530917849 81.133369 193.968414 -57.393120 
526602550922536 78.828133 192.751694 -56.141552 
526602570916547 79.862686 191.485580 -55.844883 
526602590940349 79.124916 192.179260 -55.068481 
526602610940349 78.839203 193.182617 -56.141369 
526602630917328 80.352646 192.790497 -55.848751 
526602650915766 78.848251 193.174927 -54.757622 
526602670915974 78.967308 192.326553 -56.450699 
526602690917536 79.007225 193.760391 -55.988853 
526602710916703 79.319099 194.055771 -55.991673 
526602730916912 78.402916 193.886963 -55.829163 
526602750922796 78.368370 192.742111 -56.598392 
526602770922120 78.446846 195.317383 -54.752312 
526602790922276 77.142662 192.569504 -57.201691 
526602810916390 76.736900 194.422104 -56.735252 
526602830916599 76.570892 193.842636 -56.580273 
526602850916338 79.332527 194.778244 -56.760124 
526602870916547 76.718452 193.703903 -56.735554 
526602890922745 75.841866 195.556335 -58.417202 
526602910917432 77.539413 196.168610 -57.203129 
526602930933057 77.534035 195.439301 -55.204681 
526602951126078 77.831146 195.160110 -55.207741 
526602971349984 76.930740 196.005341 -56.582310 
526602990919412 77.812698 194.441910 -55.208042 
526603010917745 77.434128 198.032715 -57.354630 
526603030916025 78.317108 196.908768 -57.517681 
526603050923421 78.615211 196.188416 -55.675919 
526603070922380 77.703400 196.749771 -57.665611 
526603090922016 76.542076 198.283752 -55.193192 
526603110922901 78.374466 199.061661 -57.209278 
526603130916755 78.179596 197.038940 -55.824902 
526603150922119 77.715462 196.739517 -55.820610 
526603170922223 76.496117 196.414703 -54.886471 
526603190921703 77.739281 197.746704 -56.127689 
526603210922120 77.260742 197.165970 -57.199768 
526603230915609 77.869736 197.182159 -57.205650 
526603250922015 77.699364 196.312866 -56.589542 
526603270916181 77.423035 196.721161 -53.972672 
526603290916233 78.497169 197.476257 -55.520161 
526603310917432 79.111885 197.634399 -55.218483 
526603330916546 78.177246 196.747391 -55.056271 
526603350919202 79.206093 195.339340 -55.067162 
526603370916546 78.891541 195.339783 -56.601723 
526603390917640 79.159134 193.911484 -56.605263 
526603410917120 81.646782 195.546936 -54.936871 
526603430917067 79.171196 193.901230 -54.760262 
526603450923629 80.080353 194.076019 -55.999023 
526603470923369 79.934799 194.213028 -55.536243 
526603490924359 81.543121 191.231750 -53.862419 
526603510924255 80.610512 190.783356 -55.083782 
526603530917328 81.181946 189.216949 -54.629070 
526603550916911 79.644005 188.455704 -54.153419 
526603570916443 82.076637 188.229782 -53.562061 
526603590917067 82.605156 185.672440 -55.721519 
526603610917953 82.578308 184.227493 -54.184620 
526603630917223 82.577957 183.934204 -53.108490 
526603650916442 81.940109 182.915100 -53.564281 
526603670917640 84.943184 181.563980 -54.363029 
526603690917067 82.033981 180.326797 -52.336830 
526603710916858 82.635269 180.202774 -52.957771 
526603730916130 84.753365 179.977341 -53.900970 
526603750923317 83.357605 178.788345 -53.273220 
526603770916963 84.255348 178.238922 -53.436031 
526603790923317 84.737587 178.963303 -52.363892 
526603810923421 85.459923 177.548859 -52.679340 
526603830917068 85.433434 176.837509 -53.909641 
526603850923109 84.409935 178.094223 -52.515060 
526603870922536 85.117844 175.958160 -52.215813 
526603890922224 84.637955 175.085022 -52.365509 
526603910922589 86.433418 173.986206 -52.691128 
526603930915557 85.816368 173.536514 -52.224182 
526603951131234 86.085289 171.519989 -49.767960 
526603970917640 86.387779 171.529800 -50.078400 
526603990920035 87.174164 171.968979 -47.933071 
526604010918733 88.803635 170.290710 -48.103710 
526604030930296 88.326416 169.121750 -46.716030 
526604050930296 86.359917 170.085693 -48.695251 
526604070917223 85.557747 168.632477 -49.303501 
526604090923369 85.517487 166.905365 -48.689220 
526604110918161 86.260292 166.207413 -48.696873 
526604130917848 83.969162 165.859375 -48.674942 
526604150916546 86.249878 165.482376 -47.467171 
526604170923369 87.152298 164.635437 -45.785099 
526604190923630 86.824661 164.206665 -47.627338 
526604210924828 85.464806 164.454941 -47.152740 
526604230917900 85.963493 165.899216 -46.387802 
526604250918057 88.384064 165.683578 -47.641438 
526604270918629 86.719711 165.923737 -47.163902 
526604290918005 85.365570 166.754257 -48.072811 
526604310917691 85.543983 167.616730 -47.458920 
526604330916702 86.900131 166.784500 -46.242512 
526604350924410 86.779778 168.661438 -48.700264 
526604370918786 87.078888 167.940231 -46.704750 
526604390916546 87.084267 168.669540 -48.703201 
526604411298942 84.930283 167.457733 -47.606850 
526604430919775 86.902481 167.076050 -47.011139 
526604450917118 86.452789 167.498230 -47.621548 
526604470918005 86.417900 166.060135 -47.314651 
526604490924306 86.426292 166.786880 -48.851849 
526604510924306 84.906151 167.037949 -49.605782 
526604530918004 86.108711 166.349564 -49.156590 
526604550924463 84.392029 164.432571 -48.218700 
526604570925348 85.146240 164.458817 -49.302299 
526604590923056 85.453102 164.758469 -50.073872 
526604610922796 85.106674 163.318237 -50.840279 
526604630922431 85.106674 163.318237 -50.840279 
526604650916806 85.576828 163.612534 -49.922070 
526604670917015 85.545303 162.465134 -50.230053 
526604690916963 82.806480 162.537567 -50.511032 
526604710916025 84.547943 159.136246 -50.068859 
526604730921859 81.791016 158.783768 -51.426273 
526604750917015 82.939575 156.233215 -51.900360 
526604771292951 82.192741 156.494263 -50.816639 
526604790920921 79.132668 156.426086 -53.093491 
526604810916598 81.245056 156.058701 -54.344250 
526604830916598 80.149445 154.587952 -53.258312 
526604850916129 78.345932 155.693634 -54.162689 
526604870916182 77.240585 153.644043 -52.308239 
526604890923161 78.204422 156.267548 -54.775982 
526604910922275 80.141045 153.861221 -51.721111 
526604930918264 81.166870 152.455734 -52.193253 
526604951126077 80.271141 152.563110 -50.031872 
526604970918734 79.779152 150.819565 -48.644432 
526604990917170 80.254700 151.843201 -49.724670 
526605010918473 80.268784 152.271545 -49.263241 
526605030916702 80.859001 151.716614 -49.884357 
526605050917535 81.027023 152.294357 -49.731842 
526605070917328 79.349586 152.105331 -49.561981 
526605090917171 78.888145 152.390701 -51.402454 
526605110928838 78.672874 155.535843 -50.168194 
526605131288160 78.055817 155.086166 -49.701241 
526605150917222 78.812042 155.110687 -50.477341 
526605170916286 78.084663 156.089096 -49.239571 
526605190917170 78.113525 157.532318 -50.468971 
526605210916076 77.359650 157.799362 -50.461502 
526605230916389 77.359650 157.799362 -50.461502 
526605250922535 77.347595 157.809616 -52.306499 
526605270922639 76.247955 156.342300 -51.835560 
526605290922795 74.302597 157.728607 -52.277100 
526605310922900 74.014183 158.147141 -51.505230 
526605330916754 72.931679 157.986252 -53.493752 
526605350922536 71.379318 156.503372 -52.403400 
526605370916286 72.155998 157.244385 -52.871704 
526605390916545 71.999405 157.390839 -54.100170 
526605410916389 73.214027 156.692215 -51.805981 
526605430916755 73.331055 155.405212 -52.115494 
526605450919463 70.871567 154.186157 -51.169952 
526605470918889 71.957764 154.490692 -49.181370 
526605491269463 72.532204 152.921707 -48.265408 
526605510920191 71.088844 150.598984 -50.405640 
526605530977015 71.144539 153.046860 -51.480869 
526605550918264 70.377922 152.737610 -51.166142 
526605570917952 69.840004 150.005692 -52.854122 
526605590916702 68.526421 151.535629 -50.380230 
526605610923056 69.560303 150.123306 -49.622372 
526605630916754 70.346046 151.296936 -50.397991 
526605650922692 71.266899 151.168182 -48.715618 
526605670923578 71.805809 148.895554 -50.413712 
526605690916702 70.344681 150.564194 -47.784542 
526605710916649 69.069641 148.231842 -47.466240 
526605730916858 69.065605 147.794937 -46.390171 
526605750916441 70.421440 147.550095 -47.479771 
526605770916910 69.806053 146.805450 -45.629189 
526605790917326 69.226250 148.085419 -46.237774 
526605810918056 69.047478 146.489349 -44.084461 
526605830916232 66.747292 145.708694 -43.755211 
526605851268577 68.219803 143.883591 -44.078190 
526605870916285 67.950516 144.726212 -42.076138 
526605890916233 68.987740 143.604584 -41.933163 
526605910917015 67.881386 141.555878 -40.232460 
526605930916129 67.865959 140.835098 -39.771507 
526605951133786 69.415955 141.586121 -38.402161 
526605970926442 69.006477 142.854752 -36.244713 
526605990922170 68.644295 140.840836 -37.165112 
526606010922430 69.469940 143.007996 -35.787811 
526606030916963 69.151016 142.718582 -36.861240 
526606050922900 68.483986 140.403290 -36.702568 
526606070922847 67.720413 140.972137 -39.308731 
526606090916076 69.741234 142.163635 -37.482361 
526606110915921 69.891815 142.022339 -37.176392 
526606130916181 68.657372 141.270035 -36.857430 
526606150922431 69.767731 142.875000 -36.252064 
526606170922431 68.932678 139.981964 -36.245911 
526606190942899 68.960526 140.985733 -35.937988 
526606211248159 69.113106 140.842728 -35.324520 
526606230915921 71.072235 140.472137 -36.727558 
526606250922275 69.257996 140.999817 -37.017181 
526606270917743 69.105064 140.849564 -36.554520 
526606290915764 69.688911 140.006485 -37.022011 
526606310917952 69.368301 139.131409 -36.096931 
526606330918264 69.301926 142.430237 -35.940331 
526606350922951 69.252617 140.710815 -36.709801 
526606370923680 69.119148 141.277908 -36.093090 
526606390922587 68.491371 140.690567 -36.702450 
526606410916181 70.165428 140.148590 -34.566360 
526606430917067 69.693581 139.708923 -35.177128 
526606450917794 69.410225 140.563538 -35.327579 
526606470919566 69.695595 139.707214 -34.869629 
526606490918004 68.906189 139.270599 -37.476208 
526606510916650 70.158051 139.861298 -34.566483 
526606530917587 69.693932 140.002213 -36.253262 
526606550943889 68.521881 141.398499 -34.857151 
526606571263888 68.662399 141.265762 -36.088680 
526606590918004 69.086617 140.131363 -36.554821 
526606610920035 71.553795 141.050308 -35.194229 
526606630916806 69.242210 139.985794 -35.480103 
526606650916597 68.966568 141.420914 -36.706558 
526606670922014 70.024261 141.015793 -36.255783 
526606690921910 70.606750 139.880295 -35.800892 
526606710946753 69.452148 141.995651 -34.558231 
526606730916649 70.148003 139.869858 -36.103981 
526606750922326 70.635605 140.883224 -35.339222 
526606770922222 69.850876 140.149048 -36.100922 
526606790921963 70.181526 140.575226 -33.797432 
526606810916233 70.662102 142.034897 -35.799992 
526606830915712 68.534279 141.681519 -34.088280 
526606850915556 69.721428 140.712692 -34.869209 
526606870915711 69.899841 141.575180 -34.255322 
526606890916232 71.835136 139.757080 -33.660210 
526606910927743 68.967560 140.979736 -34.861740 
526606931229878 70.209366 141.579010 -33.489513 
526606950916493 70.609772 139.877731 -35.339642 
526606970915972 69.855904 140.144775 -35.332172 
526606990916337 69.860580 139.847214 -33.487293 
526607010916076 69.863953 140.578247 -35.793243 
526607030916597 71.549095 140.467194 -33.656971 
526607050922847 71.549095 140.467194 -33.656971 
526607070921962 70.363304 142.168732 -35.489491 
526607090922482 70.167442 140.146881 -34.258862 
526607110916180 70.025932 140.720795 -34.872150 
526607130915660 70.047394 141.436432 -34.410599 
526607150916180 70.273064 138.576019 -35.183491 
526607170916389 69.845505 139.860046 -35.793541 
526607190916545 69.847504 139.418015 -33.794971 
526607210916702 71.115143 141.463074 -34.113392 
526607230915555 70.940109 140.891327 -35.342159 
526607250917169 70.033310 141.008087 -34.872028 
526607270920868 69.398811 139.839340 -34.251633 
526607291219721 71.711403 140.903015 -33.812012 
526607310922690 70.892807 139.170197 -35.804131 
526607330918576 70.183876 140.866791 -34.566059 
526607350918056 70.176498 140.579498 -34.566181 
526607370917274 69.980629 138.557663 -33.335548 
526607390923577 70.049400 141.434723 -34.103100 
526607410923629 71.689598 139.894104 -33.197430 
526607430921129 69.714050 140.425415 -34.869331 
526607450918368 69.999077 139.275864 -33.335251 
526607470924045 71.097359 140.450760 -32.883812 
526607490924357 69.865952 140.136215 -33.794670 
526607510917638 70.314644 139.714874 -33.338009 
526607530924044 70.598358 139.153534 -34.263691 
526607550922794 69.404175 140.128342 -34.559010 
526607570916492 70.333092 140.433075 -33.337711 
526607590917482 69.396797 139.841049 -34.559132 
526607610924670 69.702980 139.994507 -34.869511 
526607630941962 68.955811 140.402603 -34.400730 
526607651222274 69.865952 140.136215 -33.794670 
526607670918160 70.610756 139.436554 -33.494823 
526607690924357 70.183876 140.866791 -34.566059 
