# Created at Thu Nov 07 19:35:57 EST 2019 in Burnaby Canada 
526515620183787 1013.365723 
526515660182798 1013.321533 
526515700182953 1013.362061 
526515740183578 1013.374268 
526515780182850 1013.380127 
526515820182798 1013.370850 
526515860183162 1013.425781 
526515900182693 1013.382080 
526515940183005 1013.372070 
526515980182798 1013.392822 
526516020183058 1013.388916 
526516060182902 1013.365234 
526516100182693 1013.431885 
526516140182745 1013.402344 
526516180183005 1013.405273 
526516220182849 1013.374756 
526516260182797 1013.424316 
526516300182745 1013.380859 
526516340182797 1013.402344 
526516380183109 1013.382813 
526516420183787 1013.357178 
526516460182797 1013.382568 
526516500182953 1013.321289 
526516540182954 1013.379395 
526516580183578 1013.298584 
526516620183005 1013.429199 
526516660184151 1013.357666 
526516700183787 1013.435791 
526516740183005 1013.344727 
526516780183526 1013.442871 
526516820182797 1013.337891 
526516860185141 1013.415039 
526516900182745 1013.325195 
526516940183369 1013.440918 
526516980183474 1013.308838 
526517020183578 1013.436523 
526517060183318 1013.356689 
526517100182745 1013.437256 
526517140183683 1013.382568 
526517180185765 1013.359131 
526517220184046 1013.274658 
526517260183057 1013.306641 
526517300183057 1013.367432 
526517340182745 1013.295166 
526517380182797 1013.276123 
526517420182797 1013.242920 
526517460182744 1013.315430 
526517500182692 1013.291016 
526517540182796 1013.359619 
526517580183110 1013.417480 
526517620183474 1013.443359 
526517660184932 1013.424561 
526517700184880 1013.286865 
526517740183578 1013.281738 
526517780182849 1013.371338 
526517820186651 1013.321777 
526517860182797 1013.372559 
526517900182796 1013.480225 
526517940182692 1013.566406 
526517980185140 1013.622314 
526518020182796 1013.752930 
526518060185349 1013.794922 
526518100183317 1013.620117 
526518140183369 1013.480957 
526518180183578 1013.356201 
526518220184671 1013.272949 
526518260182900 1013.306396 
526518300182796 1013.290527 
526518340183056 1013.254150 
526518380183369 1013.328125 
526518420183629 1013.195068 
526518460183838 1013.279053 
526518500183577 1013.344727 
526518540183734 1013.296875 
526518580182848 1013.185303 
526518620182901 1013.110107 
526518660184463 1013.159424 
526518700184463 1013.281738 
526518740183526 1013.321533 
526518780183525 1013.357910 
526518820183578 1013.337646 
526518860183265 1013.391357 
526518900183786 1013.363770 
526518940185140 1013.367188 
526518980184775 1013.390625 
526519020183682 1013.461182 
526519060184671 1013.427490 
526519100184775 1013.400879 
526519140184932 1013.400879 
526519180184567 1013.380371 
526519220185087 1013.357910 
526519260183941 1013.352295 
526519300183578 1013.353516 
526519340183577 1013.367432 
526519380183473 1013.365234 
526519420183890 1013.354248 
526519460183525 1013.360596 
526519500182900 1013.393799 
526519540182900 1013.428467 
526519580183369 1013.341553 
526519620183212 1013.286621 
526519660184358 1013.297363 
526519700184619 1013.306885 
526519740183786 1013.297119 
526519780183629 1013.297119 
526519820183421 1013.354980 
526519860183994 1013.325195 
526519900182900 1013.332764 
526519940183317 1013.341309 
526519980183889 1013.359375 
526520020183160 1013.368408 
526520060182900 1013.383057 
526520100184358 1013.321777 
526520140183785 1013.351318 
526520180184358 1013.339844 
526520220184723 1013.329102 
526520260184723 1013.316162 
526520300183524 1013.362305 
526520340183525 1013.376953 
526520380183837 1013.354248 
526520420183056 1013.355469 
526520460183837 1013.371094 
526520500183421 1013.347412 
526520540183264 1013.328857 
526520580183004 1013.335938 
526520620183733 1013.358398 
526520660187640 1013.320068 
526520700183056 1013.342773 
526520740183055 1013.329590 
526520780182796 1013.316650 
526520820183212 1013.356934 
526520860183108 1013.335938 
526520900183056 1013.344727 
526520940182951 1013.341553 
526520980183004 1013.349609 
526521020183472 1013.335693 
526521060182952 1013.346436 
526521100183577 1013.376221 
526521140183733 1013.352051 
526521180184410 1013.341064 
526521220184566 1013.350586 
526521260184410 1013.364014 
526521300184722 1013.343750 
526521340183056 1013.323730 
526521380182899 1013.363037 
526521420182795 1013.326660 
526521460182795 1013.362793 
526521500182639 1013.360596 
526521540182639 1013.344727 
526521580182795 1013.361572 
526521620182795 1013.357422 
526521660183160 1013.360107 
526521700183004 1013.338379 
526521740182795 1013.358154 
526521780183368 1013.325439 
526521820183941 1013.337158 
526521860182743 1013.335938 
526521900183681 1013.361572 
526521940183055 1013.368896 
526521980183367 1013.367920 
526522020184513 1013.360596 
526522060184670 1013.330322 
526522100184722 1013.364990 
526522140183628 1013.338379 
526522180184513 1013.336182 
526522220184930 1013.339600 
526522260183211 1013.373291 
526522300183368 1013.443604 
526522340183264 1013.329102 
526522380184774 1013.316650 
526522420183264 1013.354492 
