# Created at Thu Nov 07 19:35:57 EST 2019 in Burnaby Canada 
526600850008475 -0.182015 -0.042399 0.788702 0.585680 
526600870579256 -0.181987 -0.042361 0.788666 0.585741 
526600891150089 -0.181982 -0.042324 0.788645 0.585773 
526600911720923 -0.181954 -0.042289 0.788610 0.585832 
526600932291756 -0.181927 -0.042247 0.788571 0.585895 
526600952862328 -0.181911 -0.042222 0.788549 0.585932 
526600973433162 -0.181886 -0.042198 0.788520 0.585981 
526600994004100 -0.181872 -0.042194 0.788508 0.586001 
526601014574933 -0.181851 -0.042174 0.788485 0.586040 
526601035145609 -0.181800 -0.042187 0.788455 0.586095 
526601055716443 -0.181770 -0.042228 0.788453 0.586104 
526601076287276 -0.181748 -0.042262 0.788453 0.586108 
526601096858109 -0.181678 -0.042276 0.788412 0.586185 
526601117428891 -0.181638 -0.042272 0.788382 0.586238 
526601137999672 -0.181613 -0.042303 0.788379 0.586248 
526601158570454 -0.181628 -0.042329 0.788401 0.586210 
526601179141236 -0.181604 -0.042383 0.788410 0.586203 
526601199712068 -0.181591 -0.042390 0.788404 0.586214 
526601220282849 -0.181596 -0.042400 0.788412 0.586201 
526601240854359 -0.181572 -0.042427 0.788408 0.586212 
526601261425141 -0.181508 -0.042400 0.788351 0.586310 
526601281995349 -0.181482 -0.042365 0.788317 0.586367 
526601302566130 -0.181470 -0.042359 0.788306 0.586386 
526601323136860 -0.181503 -0.042387 0.788342 0.586325 
526601343707693 -0.181512 -0.042385 0.788346 0.586316 
526601364278526 -0.181526 -0.042399 0.788363 0.586289 
526601384849360 -0.181524 -0.042365 0.788346 0.586315 
526601405420246 -0.181518 -0.042348 0.788334 0.586334 
526601425991079 -0.181487 -0.042363 0.788319 0.586362 
526601446561859 -0.181478 -0.042392 0.788327 0.586353 
526601467132693 -0.181477 -0.042389 0.788324 0.586357 
526601487703422 -0.181501 -0.042390 0.788342 0.586326 
526601508274255 -0.181513 -0.042428 0.788367 0.586285 
526601528844985 -0.181565 -0.042466 0.788421 0.586194 
526601549415818 -0.181619 -0.042461 0.788456 0.586130 
526601569986599 -0.181585 -0.042411 0.788410 0.586207 
526601590557432 -0.181626 -0.042379 0.788423 0.586178 
526601611128214 -0.181740 -0.042358 0.788493 0.586051 
526601631699359 -0.181809 -0.042324 0.788525 0.585989 
526601652270140 -0.182012 -0.042426 0.788713 0.585665 
526601672841443 -0.182106 -0.042275 0.788708 0.585653 
526601693412224 -0.182112 -0.042238 0.788696 0.585671 
526601713982693 -0.181998 -0.042379 0.788681 0.585715 
526601734553527 -0.181768 -0.042604 0.788626 0.585845 
526601755123995 -0.181510 -0.042749 0.788513 0.586066 
526601775694828 -0.181149 -0.042775 0.788275 0.586496 
526601796265557 -0.180817 -0.042857 0.788083 0.586851 
526601816836391 -0.180432 -0.042985 0.787875 0.587238 
526601837408006 -0.180278 -0.043254 0.787893 0.587243 
526601857978839 -0.180248 -0.043413 0.787945 0.587169 
526601878548943 -0.180187 -0.043484 0.787935 0.587197 
526601899119724 -0.180160 -0.043406 0.787881 0.587284 
526601919692015 -0.180236 -0.043213 0.787844 0.587324 
526601940262796 -0.180538 -0.043027 0.787968 0.587079 
526601960834151 -0.180778 -0.042809 0.788033 0.586933 
526601981404984 -0.180916 -0.042485 0.787980 0.586986 
526602001973838 -0.181221 -0.042273 0.788093 0.586756 
526602022544672 -0.181514 -0.042048 0.788192 0.586547 
526602043115245 -0.181708 -0.041826 0.788224 0.586460 
526602063686026 -0.181837 -0.042256 0.787754 0.587021 
526602084257172 -0.182484 -0.042016 0.787390 0.587326 
526602104827953 -0.182793 -0.041284 0.786815 0.588052 
526602125398995 -0.182642 -0.041145 0.786531 0.588488 
526602145969829 -0.182876 -0.041601 0.786326 0.588657 
526602166540297 -0.183004 -0.041638 0.786031 0.589009 
526602187111078 -0.183088 -0.042038 0.786105 0.588855 
526602207682796 -0.182896 -0.042319 0.785925 0.589135 
526602228253630 -0.182627 -0.042456 0.785589 0.589656 
526602248824359 -0.182587 -0.043048 0.785394 0.589885 
526602269395140 -0.182827 -0.043353 0.785182 0.590072 
526602289965714 -0.182889 -0.043223 0.785186 0.590057 
526602310536755 -0.182702 -0.043587 0.785491 0.589681 
526602331107588 -0.182731 -0.043251 0.783976 0.591709 
526602351677589 -0.182979 -0.042884 0.783543 0.592233 
526602372248422 -0.182967 -0.042538 0.783729 0.592016 
526602392820453 -0.183226 -0.042422 0.784502 0.590919 
526602413391287 -0.183555 -0.042790 0.785195 0.589869 
526602433962797 -0.184107 -0.043517 0.785293 0.589513 
526602454533630 -0.184430 -0.043371 0.784473 0.590514 
526602475104360 -0.184051 -0.045321 0.784380 0.590609 
526602495675193 -0.184327 -0.046224 0.784488 0.590310 
526602516244411 -0.184945 -0.046514 0.785370 0.588919 
526602536815245 -0.185315 -0.046906 0.785891 0.588076 
526602557385974 -0.185722 -0.046975 0.785618 0.588307 
526602577956807 -0.185726 -0.048080 0.785815 0.587953 
526602598527485 -0.185749 -0.049846 0.786103 0.587414 
526602619098318 -0.186200 -0.050558 0.785853 0.587545 
526602639670765 -0.185439 -0.051911 0.784816 0.589051 
526602660241546 -0.184612 -0.053891 0.784401 0.589687 
526602680811443 -0.183736 -0.055436 0.783858 0.590537 
526602701382276 -0.183210 -0.056432 0.783589 0.590963 
526602721952432 -0.181715 -0.058948 0.783551 0.591229 
526602742523266 -0.179718 -0.062059 0.783699 0.591325 
526602763094359 -0.178996 -0.065071 0.784654 0.589953 
526602783665192 -0.177840 -0.068586 0.784998 0.589447 
526602804235922 -0.175969 -0.072807 0.785544 0.588774 
526602824806755 -0.174699 -0.078208 0.786467 0.587226 
526602845377640 -0.175126 -0.085290 0.786559 0.585988 
526602865948474 -0.177678 -0.089231 0.784788 0.587005 
526602886519828 -0.182439 -0.087599 0.783444 0.587586 
526602907090661 -0.184387 -0.087342 0.784397 0.585743 
526602927662172 -0.184744 -0.088827 0.783524 0.586574 
526602948233005 -0.185676 -0.091045 0.783069 0.586547 
526602968803786 -0.186293 -0.092383 0.782568 0.586811 
526602989374620 -0.187253 -0.093702 0.782382 0.586544 
526603009945140 -0.188899 -0.095164 0.781942 0.586368 
526603030515037 -0.190940 -0.095927 0.780680 0.587264 
526603051085870 -0.191923 -0.098064 0.780206 0.587220 
526603071657640 -0.192507 -0.100710 0.780030 0.586814 
526603092228474 -0.193216 -0.103172 0.779885 0.586347 
526603112798369 -0.194722 -0.104340 0.780010 0.585474 
526603133369202 -0.197184 -0.104166 0.780956 0.583417 
526603153939985 -0.200483 -0.103202 0.781964 0.581109 
526603174510818 -0.202733 -0.102873 0.782649 0.579462 
526603195081650 -0.204315 -0.102948 0.783373 0.577914 
526603215652484 -0.206191 -0.102821 0.784222 0.576115 
526603236223421 -0.207323 -0.103101 0.785183 0.574347 
526603256794254 -0.208362 -0.103461 0.786636 0.571914 
526603277364932 -0.209047 -0.103003 0.788244 0.569528 
526603297935765 -0.209017 -0.102384 0.790249 0.566865 
526603318507431 -0.208529 -0.101644 0.792919 0.563439 
526603339078265 -0.208257 -0.100142 0.796306 0.559014 
526603359648630 -0.208471 -0.097618 0.800318 0.553626 
526603380219463 -0.208726 -0.094587 0.805026 0.547192 
526603400791390 -0.206906 -0.092327 0.810125 0.540706 
526603421362223 -0.205961 -0.088993 0.814408 0.535164 
526603441933838 -0.206706 -0.083949 0.819442 0.527959 
526603462504724 -0.207015 -0.077804 0.825103 0.519901 
526603483074463 -0.207379 -0.071614 0.830564 0.511887 
526603503645297 -0.209512 -0.065389 0.835334 0.504030 
526603524215245 -0.211791 -0.059451 0.839918 0.496133 
526603544786130 -0.213322 -0.054929 0.844231 0.488622 
526603565358630 -0.215734 -0.050051 0.848950 0.479831 
526603585929463 -0.218697 -0.043619 0.854917 0.468387 
526603606499254 -0.221547 -0.037567 0.861076 0.456129 
526603627070088 -0.224010 -0.031936 0.866611 0.444731 
526603647641234 -0.226535 -0.027164 0.871109 0.434872 
526603668212119 -0.229282 -0.022365 0.874661 0.426494 
526603688782380 -0.232619 -0.018015 0.877002 0.420038 
526603709353265 -0.236142 -0.014908 0.878587 0.414849 
526603729924620 -0.238579 -0.011148 0.880462 0.409563 
526603750495713 -0.241883 -0.009958 0.882541 0.403132 
526603771066598 -0.242059 -0.012744 0.884249 0.399185 
526603791637016 -0.243450 -0.014477 0.884907 0.396816 
526603812207901 -0.246992 -0.013124 0.885379 0.393606 
526603832778109 -0.250262 -0.010471 0.885748 0.390781 
526603853348995 -0.253346 -0.006332 0.886027 0.388243 
526603873919776 -0.253407 0.000451 0.886751 0.386596 
526603894490609 -0.250915 0.009151 0.887124 0.387258 
526603915063213 -0.250863 0.017854 0.886148 0.389219 
526603935634046 -0.257324 0.024904 0.884302 0.388812 
526603956204671 -0.265512 0.034890 0.884447 0.382151 
526603976775504 -0.268308 0.044958 0.886572 0.374139 
526603997345869 -0.271765 0.053925 0.888276 0.366336 
526604017916703 -0.272249 0.058210 0.891334 0.357793 
526604038487223 -0.269280 0.059287 0.896042 0.347969 
526604059058056 -0.265895 0.058958 0.901785 0.335570 
526604079630817 -0.267015 0.059538 0.906836 0.320634 
526604100201650 -0.273738 0.061679 0.909756 0.305954 
526604120771234 -0.280164 0.064411 0.912090 0.292320 
526604141342067 -0.286008 0.065002 0.913923 0.280569 
526604161914723 -0.291571 0.061580 0.914061 0.275113 
526604182485557 -0.294559 0.056647 0.913177 0.275924 
526604203055244 -0.295239 0.052561 0.912964 0.276710 
526604223626077 -0.296269 0.048347 0.912128 0.279123 
526604244196911 -0.298617 0.044802 0.910377 0.282904 
526604264767744 -0.301140 0.041881 0.908277 0.287391 
526604285337640 -0.302244 0.039015 0.906887 0.291003 
526604305908473 -0.302712 0.036512 0.905802 0.294202 
526604326480504 -0.303145 0.034211 0.904917 0.296745 
526604347051390 -0.302723 0.031314 0.904717 0.298103 
526604367622379 -0.301111 0.030013 0.905249 0.298255 
526604388193265 -0.298641 0.030019 0.906067 0.298252 
526604408763889 -0.296667 0.031209 0.906668 0.298275 
526604429334774 -0.294924 0.033088 0.907137 0.298375 
526604449906025 -0.292543 0.034632 0.907614 0.299093 
526604470476910 -0.290804 0.035188 0.907859 0.299979 
526604491047795 -0.290714 0.035285 0.907882 0.299984 
526604511618786 -0.293019 0.035470 0.907688 0.298302 
526604532189671 -0.294895 0.035910 0.908096 0.295141 
526604552758994 -0.292616 0.034928 0.909939 0.291833 
526604573329827 -0.287716 0.032972 0.911911 0.290775 
526604593900556 -0.283356 0.033111 0.914180 0.287903 
526604614471390 -0.281711 0.033351 0.916312 0.282663 
526604635042484 -0.280414 0.033241 0.917984 0.278510 
526604655613370 -0.273016 0.038808 0.920716 0.276113 
526604676183786 -0.266894 0.046364 0.923375 0.272024 
526604696754671 -0.261724 0.051827 0.925357 0.269311 
526604717325608 -0.257194 0.057665 0.926307 0.269224 
526604737896493 -0.254217 0.062156 0.926828 0.269259 
526604758467066 -0.251299 0.060922 0.927563 0.269748 
526604779037900 -0.243643 0.057471 0.928926 0.272822 
526604799608577 -0.231519 0.057096 0.930394 0.278398 
526604820179463 -0.217797 0.063372 0.930560 0.287415 
526604840750869 -0.207270 0.074121 0.928691 0.298460 
526604861321754 -0.205472 0.087466 0.924267 0.309616 
526604881894618 -0.205984 0.101649 0.920045 0.317419 
526604902465451 -0.200364 0.117252 0.916828 0.324857 
526604923036807 -0.187665 0.134234 0.913624 0.334746 
526604943607692 -0.171385 0.149675 0.909726 0.347308 
526604964177639 -0.155879 0.162656 0.905131 0.360530 
526604984748525 -0.139724 0.173277 0.900793 0.372861 
526605005318629 -0.122737 0.182861 0.896397 0.384668 
526605025889514 -0.104075 0.190686 0.891770 0.396931 
526605046460244 -0.085050 0.195872 0.886127 0.411315 
526605067031077 -0.070582 0.199229 0.879221 0.426961 
526605087601650 -0.060679 0.200798 0.872012 0.442260 
526605108172535 -0.052319 0.201541 0.864567 0.457350 
526605128742900 -0.042875 0.202389 0.856538 0.472804 
526605149313786 -0.032203 0.203342 0.848525 0.487463 
526605169884149 -0.020936 0.203925 0.841171 0.500408 
526605190455556 -0.009053 0.203020 0.835461 0.510594 
526605211026441 0.002989 0.201706 0.830581 0.519078 
526605231597222 0.015184 0.201983 0.824996 0.527592 
526605252168108 0.029590 0.202082 0.817713 0.538175 
526605272738889 0.045577 0.201363 0.810241 0.548530 
526605293309722 0.062289 0.199978 0.803185 0.557695 
526605313880557 0.077652 0.199488 0.796028 0.566140 
526605334451390 0.092536 0.199192 0.788454 0.574544 
526605355022952 0.105895 0.201326 0.781814 0.580535 
526605375593837 0.115149 0.209713 0.776042 0.583540 
526605396164775 0.124853 0.219758 0.770484 0.585211 
526605416735661 0.135697 0.228641 0.764953 0.586648 
526605437308525 0.146046 0.235134 0.760340 0.587594 
526605457879359 0.157477 0.237426 0.756423 0.588773 
526605478449046 0.168292 0.237854 0.752938 0.590074 
526605499019879 0.174894 0.236995 0.751857 0.589878 
526605519590609 0.178751 0.235374 0.751732 0.589530 
526605540161494 0.179952 0.234027 0.752267 0.589019 
526605560731493 0.179346 0.234952 0.752572 0.588445 
526605581302379 0.179115 0.238051 0.752179 0.587772 
526605601873108 0.180398 0.243298 0.751358 0.586280 
526605622443994 0.182825 0.250029 0.750003 0.584428 
526605643014879 0.186390 0.256135 0.748022 0.583195 
526605663585764 0.191448 0.261554 0.746051 0.581674 
526605684156650 0.198668 0.266421 0.743641 0.580129 
526605704727483 0.206795 0.271752 0.740812 0.578433 
526605725298056 0.216445 0.278178 0.737401 0.576202 
526605745868889 0.227306 0.284900 0.733359 0.573889 
526605766440087 0.238580 0.290810 0.728885 0.572045 
526605787010973 0.248780 0.296326 0.724615 0.570292 
526605807581337 0.257449 0.302556 0.720248 0.568703 
526605828152222 0.264827 0.309605 0.715820 0.567109 
526605848723577 0.272906 0.315595 0.711423 0.565509 
526605869294462 0.280294 0.320848 0.707446 0.563926 
526605889864879 0.286689 0.326252 0.703384 0.562690 
526605910438994 0.293065 0.331873 0.698816 0.561809 
526605931009879 0.299250 0.337318 0.694032 0.561236 
526605951576962 0.303976 0.343499 0.689773 0.560196 
526605972147847 0.307347 0.349343 0.686357 0.558938 
526605992719410 0.309644 0.353418 0.683514 0.558592 
526606013290296 0.311547 0.355543 0.681062 0.559180 
526606033860399 0.313916 0.356329 0.678670 0.560262 
526606054431285 0.316043 0.357394 0.676733 0.560731 
526606075002275 0.317457 0.358975 0.674611 0.561478 
526606095573108 0.317863 0.360981 0.672948 0.561958 
526606116144046 0.317077 0.362829 0.671884 0.562484 
526606136714879 0.315661 0.363916 0.671198 0.563398 
526606157286337 0.314386 0.364126 0.670745 0.564513 
526606177857170 0.313655 0.364250 0.670550 0.565071 
526606198427483 0.313597 0.364669 0.670360 0.565058 
526606218998317 0.313580 0.365329 0.670355 0.564647 
526606239569097 0.313761 0.366029 0.670013 0.564499 
526606260139930 0.314072 0.366464 0.669377 0.564798 
526606280711337 0.314452 0.366022 0.668734 0.565634 
526606301282170 0.314738 0.365299 0.668372 0.566371 
526606321853837 0.314957 0.365215 0.668289 0.566401 
526606342424670 0.315608 0.365485 0.667841 0.566392 
526606362994931 0.316744 0.365727 0.667073 0.566508 
526606383565817 0.318103 0.365925 0.666138 0.566718 
526606404137586 0.319284 0.366140 0.665238 0.566973 
526606424708419 0.320306 0.366200 0.664640 0.567058 
526606445279410 0.321483 0.366129 0.663909 0.567294 
526606465850243 0.322302 0.366100 0.663455 0.567380 
526606486421077 0.322710 0.366154 0.663068 0.567565 
526606506991910 0.323276 0.365759 0.662326 0.568364 
526606527562013 0.323598 0.365545 0.661773 0.568962 
526606548132847 0.323758 0.365468 0.661349 0.569413 
526606568703472 0.324106 0.364932 0.660123 0.570980 
526606589274305 0.325048 0.363860 0.658095 0.573464 
526606609845191 0.324836 0.363771 0.657760 0.574024 
526606630415243 0.324088 0.364127 0.657778 0.574200 
526606650986129 0.323091 0.364414 0.657878 0.574467 
526606671557014 0.322225 0.364642 0.658066 0.574593 
526606692127899 0.321399 0.364942 0.658269 0.574632 
526606712698785 0.320977 0.365162 0.658347 0.574639 
526606733269670 0.320765 0.365415 0.658119 0.574858 
526606753840608 0.320863 0.365508 0.657819 0.575087 
526606774411494 0.321234 0.365575 0.657431 0.575281 
526606794982066 0.322024 0.365384 0.656871 0.575600 
526606815552952 0.323892 0.364133 0.654318 0.578247 
526606836123888 0.324640 0.363847 0.653434 0.579006 
526606856694773 0.325013 0.363626 0.652605 0.579871 
526606877265660 0.325183 0.363390 0.652114 0.580475 
526606897836493 0.324491 0.363725 0.652867 0.579805 
526606918407482 0.324824 0.363343 0.652349 0.580442 
526606938978316 0.324748 0.363363 0.652373 0.580445 
526606959549149 0.325058 0.363244 0.651532 0.581290 
526606980119982 0.325734 0.362937 0.650599 0.582147 
526607000691389 0.325594 0.364138 0.651179 0.580825 
526607021262222 0.325916 0.365092 0.650934 0.580321 
526607041833055 0.326230 0.365674 0.650652 0.580094 
526607062403940 0.326677 0.365878 0.650108 0.580323 
526607082974253 0.326919 0.366013 0.649518 0.580762 
526607103545139 0.326828 0.366342 0.649421 0.580714 
526607124116076 0.326894 0.366765 0.649225 0.580630 
526607144686961 0.327219 0.367103 0.648858 0.580643 
526607165258733 0.327504 0.367181 0.648590 0.580732 
526607185829618 0.327978 0.366568 0.647980 0.581532 
526607206400555 0.327726 0.366137 0.648142 0.581766 
526607226971388 0.327351 0.365803 0.648239 0.582078 
526607247542742 0.327362 0.365258 0.648261 0.582391 
526607268113576 0.327328 0.365136 0.648252 0.582496 
526607288685399 0.327365 0.365306 0.648562 0.582023 
526607309256284 0.327642 0.365696 0.648806 0.581350 
526607329826285 0.328347 0.365697 0.648482 0.581313 
526607350397066 0.329315 0.365565 0.647998 0.581388 
526607370967899 0.329964 0.365804 0.647829 0.581058 
526607391539879 0.330366 0.365837 0.647741 0.580908 
526607412110712 0.330513 0.366051 0.648047 0.580347 
526607432680816 0.330533 0.366269 0.648351 0.579859 
526607453251701 0.330705 0.366432 0.648757 0.579203 
526607473822325 0.331125 0.366596 0.648930 0.578665 
526607494393159 0.331776 0.366628 0.648872 0.578336 
526607514962794 0.331733 0.367410 0.649498 0.577162 
526607535533627 0.330513 0.370035 0.651059 0.574420 
526607556105972 0.330445 0.373188 0.651658 0.571733 
526607576676805 0.330938 0.372538 0.649582 0.574228 
526607597248056 0.330267 0.370870 0.647703 0.577807 
526607617818889 0.326147 0.371189 0.650004 0.577357 
526607638389305 0.324128 0.369925 0.651495 0.577625 
526607658960191 0.325658 0.366993 0.650464 0.579793 
