# Created at Thu Nov 07 19:35:34 EST 2019 in Burnaby Canada 
526577908386035 -1.043827 -2.611962 9.425568 
526577928956921 -1.035448 -2.617947 9.430355 
526577949527598 -1.034251 -2.635903 9.461478 
526577970097702 -1.024674 -2.632311 9.473450 
526577990669577 -1.052206 -2.633509 9.437536 
526578011240410 -1.065374 -2.643085 9.450705 
526578031811504 -1.074950 -2.617947 9.441129 
526578052381764 -1.067768 -2.634706 9.432749 
526578072952962 -1.058192 -2.637100 9.421976 
526578093523639 -1.052206 -2.621538 9.442326 
526578114094056 -1.053403 -2.625129 9.441129 
526578134665098 -1.030659 -2.614356 9.454296 
526578155235358 -1.056995 -2.608371 9.447114 
526578175806712 -1.056995 -2.628721 9.443522 
526578196377702 -1.053403 -2.635903 9.455493 
526578216948483 -1.068965 -2.617947 9.450705 
526578237519524 -1.065374 -2.628720 9.431552 
526578258089942 -1.051009 -2.640691 9.437538 
526578278662025 -1.047418 -2.626326 9.441128 
526578299231660 -1.065374 -2.622735 9.441128 
526578319802755 -1.068965 -2.627523 9.441129 
526578340373536 -1.054600 -2.623932 9.437537 
526578360944473 -1.036645 -2.649070 9.425568 
526578381515411 -1.047418 -2.631114 9.453098 
526578402086192 -1.049812 -2.627523 9.448311 
526578422656608 -1.073753 -2.623932 9.438734 
526578443227597 -1.047418 -2.607173 9.429158 
526578463798171 -1.046221 -2.608371 9.449507 
526578484369264 -1.083330 -2.661041 9.445917 
526578504939889 -1.073753 -2.637100 9.453099 
526578525510879 -1.084527 -2.640691 9.461477 
526578546081556 -1.088118 -2.633509 9.421975 
526578566652337 -1.091709 -2.603582 9.430355 
526578587223327 -1.054600 -2.610765 9.469857 
526578607794421 -1.102483 -2.631114 9.494995 
526578628364889 -1.125226 -2.554503 9.412399 
526578648936400 -1.108468 -2.619144 9.364517 
526578669506608 -1.068965 -2.601188 9.420778 
526578690077337 -1.003127 -2.590415 9.431553 
526578710648795 -0.945669 -2.639494 9.443522 
526578731219368 -0.922925 -2.651464 9.479434 
526578751790253 -0.906166 -2.668223 9.454296 
526578772360983 -0.882225 -2.649070 9.456690 
526578792934785 -0.861876 -2.664632 9.431553 
526578813504889 -0.950457 -2.658647 9.489010 
526578834073274 -1.037842 -2.602385 9.465069 
526578854644003 -1.095300 -2.692164 9.491405 
526578875215618 -1.083330 -2.683785 9.527316 
526578895786191 -1.015098 -2.574853 9.307058 
526578916357493 -1.317951 -2.495848 9.415991 
526578936928118 -1.299996 -2.582036 9.556046 
526578957498796 -1.009113 -2.674208 9.374094 
526578978070306 -0.942078 -2.558095 9.390852 
526578998642754 -1.149168 -2.626326 9.487814 
526579019213588 -1.079739 -2.615553 9.528513 
526579039781504 -0.925319 -2.619144 9.480631 
526579060352285 -0.933698 -2.566474 9.473448 
526579080926035 -1.028265 -2.555700 9.475843 
526579101497232 -1.126423 -2.651464 9.456691 
526579122066503 -0.998339 -2.627523 9.436340 
526579142637337 -0.970807 -2.561686 9.417187 
526579163208066 -1.065374 -2.671814 9.487813 
526579183778899 -0.938487 -2.553306 9.430355 
526579204349473 -0.889408 -2.616750 9.402822 
526579224919681 -1.009113 -2.632312 9.461479 
526579245489784 -1.116847 -2.427616 9.550060 
526579266060775 -1.113256 -2.194191 9.393247 
526579286633170 -0.945669 -2.447966 9.332196 
526579307203222 -0.964822 -3.174575 9.456690 
526579327774577 -1.082133 -3.157816 9.558439 
526579348344785 -0.863073 -2.813066 9.459084 
526579368916711 -0.982778 -2.718499 9.370502 
526579389487389 -1.082133 -3.461867 9.297482 
526579410058274 -0.288489 -2.197783 9.360926 
526579430629263 -1.064177 -2.523380 9.560833 
526579451200097 -0.983975 -2.948333 9.359729 
526579471769472 -0.982778 -2.967485 9.462675 
526579492340357 -0.657180 -2.932771 9.358532 
526579512911452 -0.836738 -2.746031 9.454296 
526579533481608 -0.943275 -2.523380 9.408808 
526579554053638 -0.924122 -2.374946 9.475842 
526579574623222 -0.846314 -2.997412 9.381275 
526579595195045 -0.922925 -2.382128 9.351349 
526579615764941 -0.594934 -2.127157 9.388458 
526579636335983 -0.209484 -2.615553 9.528513 
526579656906607 -0.482411 -2.778352 9.327410 
526579677478014 -0.729003 -2.573656 9.145458 
526579698048587 -0.440514 -3.759932 9.740391 
526579718619524 -0.246592 -2.842992 9.182566 
526579739190097 -0.445302 -2.933968 9.171792 
526579759761399 -0.551840 -3.076417 9.340576 
526579780331815 -0.283701 -3.218866 9.359729 
526579800902909 -0.063444 -2.628721 9.423172 
526579821473534 -0.544657 -3.527704 9.399231 
526579842044889 -0.740974 -4.898326 9.284315 
526579862615150 0.088582 -3.690503 9.360926 
526579883190357 -0.222651 -3.679730 9.473449 
526579903758535 -0.189134 -3.095570 9.426764 
526579924328014 -0.503958 -3.320615 9.491405 
526579944898847 -0.468046 -3.270339 9.330999 
526579965470619 -0.162799 -3.789858 9.220871 
526579986041660 -0.292080 -3.957445 9.475843 
526580006611503 -0.254972 -4.660113 9.362123 
526580027181972 -0.271730 -4.183688 9.061664 
526580047754367 -0.312430 -4.564349 9.557241 
526580068324367 -0.555431 -3.994554 9.336986 
526580088895983 -0.426150 -4.164535 9.053285 
526580109466242 -0.438120 -3.959839 9.129895 
526580130037181 -0.538672 -2.681390 9.240024 
526580150607909 -0.418967 -1.274858 9.234039 
526580171178326 0.217863 -2.008649 8.862953 
526580191749004 -1.246128 -0.596131 9.181368 
526580212319681 -1.734525 -1.094103 9.465069 
526580232890878 -3.848514 -2.151098 9.542878 
526580253461451 -3.208092 -1.613623 9.061665 
526580274032648 -2.074486 -1.944008 9.133487 
526580294603014 -1.698613 -2.497045 9.323818 
526580315176868 -1.572923 -3.021353 9.056875 
526580335746399 -2.036181 -3.926322 9.176580 
526580356316868 -2.208556 -4.447039 8.921609 
526580376887336 -2.797504 -4.007721 8.740854 
526580397458534 -3.269142 -2.386916 9.520134 
526580418030826 -2.772367 -1.778815 9.512952 
526580438600357 -3.112328 -2.224118 9.545271 
526580459170826 -3.041702 -1.881762 9.368109 
526580479741398 -3.258368 -3.289492 9.022161 
526580500311815 -3.283506 -3.649803 9.178974 
526580520882962 -1.660307 -3.370891 8.919214 
526580541453794 -1.361045 -3.837740 8.760008 
526580562024368 -4.016100 -3.030929 9.336985 
526580582595201 -5.939759 -6.940492 9.176580 
526580603167284 -4.672083 -4.255510 8.333858 
526580623737597 -2.146310 -1.753677 8.824648 
526580644308638 -1.890141 -2.845387 8.378149 
526580664878118 -3.014170 -0.677530 8.599603 
526580685450566 -3.488202 0.296868 9.128698 
526580706021399 -4.243540 2.908830 8.471518 
526580726591972 -3.738385 4.152565 9.092787 
526580747162700 -3.701277 -0.143646 8.562494 
526580767733378 -3.703671 -3.931110 10.125840 
526580788304524 -4.046027 -2.791519 7.404947 
526580808876138 -5.439392 -0.924122 7.906511 
526580829446138 -6.440125 -0.323203 8.914427 
526580850017388 -5.835616 -1.716569 8.666637 
526580870589679 -5.112597 -1.241340 7.845462 
526580891159992 -5.848783 0.003591 8.318296 
526580911730877 -6.006794 0.454879 7.906511 
526580932301920 -5.829631 1.187473 8.587632 
526580952871972 -4.214811 0.092173 7.686254 
526580973442909 -4.777424 1.665096 9.228054 
526580994015253 -7.973546 -0.922925 6.356332 
526581014583638 -6.546663 -1.971540 8.751629 
526581035154784 -5.405875 -0.915743 7.908906 
526581055725669 -5.318490 0.013168 8.319493 
526581076296867 -6.320420 -0.949260 8.596012 
526581096867232 -7.039847 -2.017028 7.926861 
526581117438325 -6.503570 -1.856624 8.642696 
526581138008847 -5.630920 -1.681854 8.336252 
526581158580513 -5.802098 -2.552109 8.556509 
526581179151346 -5.241879 -2.002664 8.114798 
526581199722232 -4.871991 -0.474032 7.214617 
526581220292701 -4.666099 0.100552 6.759738 
526581240865878 -5.512413 -0.185543 5.899059 
526581261434992 -5.999612 -0.760126 6.028340 
526581282007127 -6.434140 -1.687840 11.185228 
526581302575357 -6.031932 -0.154419 9.958254 
526581323147700 -4.120244 -0.478820 11.002081 
526581343718014 -4.953390 -0.385450 10.984125 
526581364289054 -4.435068 0.418967 8.968294 
526581384859420 -3.818588 1.686643 9.655401 
526581405431399 -4.002933 1.315557 11.034401 
526581426001606 -4.151367 0.837935 11.204382 
526581446574941 -3.786267 1.547785 10.021698 
526581467144575 -3.107540 3.163802 9.815805 
526581487714420 -2.835810 3.603119 11.067919 
526581508285409 -2.992623 3.148240 10.908710 
526581528856711 -3.133875 3.105146 10.523261 
526581549427128 -2.924392 3.081205 10.762671 
526581569998117 -2.730470 3.024944 10.962578 
526581590569003 -2.246862 3.366103 10.727957 
526581611139679 -1.751283 3.739582 10.901528 
526581631710669 -1.768042 3.245201 11.021234 
526581652281451 -2.141521 2.447966 10.360462 
526581672853326 -2.061319 2.609568 9.412399 
526581693423378 -1.795574 2.754411 9.217279 
526581713994732 -1.697416 2.517395 9.444719 
526581734564940 -1.335907 2.755608 9.078423 
526581755135617 -1.125226 3.085993 8.841407 
526581775706710 -1.480750 2.878904 8.581647 
526581796278273 -2.050546 2.722090 7.869402 
526581816848742 -1.985905 2.905239 7.200252 
526581837420253 -1.422095 3.774297 7.000345 
526581857990201 -0.830752 4.352472 6.948872 
526581878562596 -1.175503 3.722824 7.177508 
526581899133221 -1.043827 3.084796 7.481559 
526581919705669 -0.697880 2.597597 7.160749 
526581940275618 -0.888211 3.111131 6.322815 
526581960847127 -1.040236 4.057998 6.742979 
526581981416554 0.177163 5.214347 8.758810 
526582001988482 1.474765 5.724290 10.022894 
526582022558690 0.756535 5.035987 10.069579 
526582043128951 -0.920531 4.204038 9.370502 
526582063699002 -1.113256 3.763523 9.047298 
526582084270408 0.682318 3.730006 9.346561 
526582104841555 2.725681 5.648876 10.513684 
526582125412648 0.638027 5.562688 8.664244 
526582145983221 -0.618875 4.809744 7.461208 
526582166553325 -0.138858 4.295013 6.879443 
526582187124054 -0.545855 4.776227 8.011851 
526582207695253 -0.372282 5.075490 9.353744 
526582228266138 -0.281307 5.506427 9.681736 
526582248839107 -0.523111 5.459742 8.285975 
526582269409680 -1.531026 4.940223 6.252189 
526582289979992 -2.631114 4.810941 4.198052 
526582310550982 -1.558558 6.434140 6.300071 
526582331121867 0.155616 6.969221 9.384867 
526582351694680 0.739776 5.788931 8.877317 
526582372263429 0.713441 5.727881 6.233036 
526582392834576 1.408927 8.005866 6.768117 
526582413405357 1.885353 7.633584 6.844728 
526582433975304 1.363439 7.744909 6.182760 
526582454547283 1.078542 7.543805 4.063983 
526582475116033 1.006719 8.436804 4.839671 
526582495686971 0.812797 8.281188 5.386722 
526582516258117 1.695022 7.381006 5.811675 
526582536828689 2.032590 6.850714 7.706604 
526582557399992 1.272463 7.365445 6.754950 
526582577970564 0.043094 7.790397 4.909100 
526582598541659 -0.241804 7.890950 4.065180 
526582619112231 -0.587751 7.947211 5.926591 
526582639683898 -0.634436 7.851447 6.660383 
526582660254836 -0.626057 7.911299 6.209095 
526582680827752 -0.738580 8.110010 5.895468 
526582701396295 -0.655983 8.021428 5.979261 
526582721967335 -0.708653 8.033399 6.194731 
526582742537856 -0.342356 8.090857 5.562689 
526582763109523 0.106537 8.100433 5.664437 
526582783679940 0.137661 7.899329 6.583772 
526582804250201 -0.296868 7.869402 6.689112 
526582824821138 -0.580569 7.833491 6.404214 
526582845392909 -0.580569 7.823915 6.183957 
526582865963221 -0.362706 7.852644 6.282115 
526582886534679 -0.125690 7.857432 6.630456 
526582907105565 -0.013168 7.942423 6.109740 
526582927678481 -0.579372 7.985517 6.018764 
526582948248013 -0.609298 7.963970 5.903848 
526582968817335 -0.118508 8.106419 5.374752 
526582989387961 0.159208 8.135147 5.113794 
526583009959055 0.203498 8.234503 5.517200 
526583030530460 0.096961 8.027412 6.041508 
526583051100669 -0.033517 8.031004 6.066647 
526583071671919 -0.138858 8.008261 6.195928 
526583092242648 -0.003591 8.032202 6.148046 
526583112814784 -0.333977 8.004669 5.896666 
526583133385720 -0.448894 8.120783 6.065449 
526583153957023 -0.387844 7.977137 6.168396 
526583174527387 -0.410588 8.015443 5.913424 
526583195097387 -0.347144 7.949605 5.841601 
526583215668481 -0.375874 7.997487 5.711123 
526583236239939 -0.506352 8.013048 5.835616 
526583256810200 -0.288489 7.975940 5.984050 
526583277382075 -0.199907 7.955590 5.803295 
526583297952075 -0.246592 8.015443 5.689576 
526583318522752 -0.335174 8.031004 5.800901 
526583339093325 -0.301656 8.011851 6.204307 
526583359666294 -0.184346 8.021428 6.139666 
526583380236450 -0.266942 8.039384 5.928986 
526583400807127 -0.269336 8.081281 5.885892 
526583421378585 -0.245395 8.087265 5.960109 
526583441949418 -0.225045 8.074099 5.950532 
526583462520148 -0.203498 8.062128 5.986444 
526583483089835 -0.275321 8.045369 5.987641 
526583503660251 -0.317218 8.084871 5.786537 
526583524231502 -0.287292 8.065719 5.806887 
526583544802804 -0.302853 8.031004 5.786537 
526583565373169 -0.278913 8.046566 5.926591 
526583585944158 -0.192725 8.035792 6.059464 
526583606516033 -0.287292 8.002275 5.984050 
526583627085617 -0.433332 8.022625 5.883498 
526583647658480 -0.345947 8.090857 5.817660 
526583668227023 -0.226242 8.168665 5.840404 
526583688798168 -0.177163 8.121980 5.824842 
526583709368585 -0.185543 8.071704 5.942153 
526583729939471 -0.213075 8.094448 5.972079 
526583750510564 -0.313627 8.113600 5.897862 
526583771081189 -0.317218 8.098039 5.626132 
526583791652439 -0.220257 8.084871 5.530368 
526583812223064 -0.171178 8.089660 5.756610 
526583832794054 -0.282504 8.078886 5.879907 
526583853364783 -0.384253 8.071704 5.724290 
526583873936033 -0.325597 8.108812 5.815266 
526583894506659 -0.349538 8.112404 5.823645 
526583915077699 -0.357918 8.121981 5.809280 
526583935648169 -0.302853 8.100433 5.792521 
526583956219523 -0.189134 8.104025 5.882300 
526583976790199 -0.130478 8.150709 5.731472 
526583997361137 -0.335174 8.131557 5.723093 
526584017931918 -0.310036 8.154301 5.891877 
526584038505981 -0.244198 8.147118 6.005597 
526584059075564 -0.201104 8.132753 5.968488 
526584079645408 -0.319612 8.051354 5.774566 
526584100215929 -0.378268 8.241685 5.749428 
526584120786970 0.046685 8.117191 6.048690 
526584141357127 -0.101749 7.789200 5.061125 
526584161928845 -0.678727 8.420046 4.054406 
526584182499470 -0.709850 8.041778 6.046296 
526584203071971 -0.310036 7.786806 6.781285 
526584223642700 -0.384253 7.953196 5.709926 
526584244212856 -0.603313 8.391316 4.942616 
526584264782856 -0.575781 8.400892 6.011582 
526584285353741 -0.275321 8.240488 6.710659 
