# Created at Thu Nov 07 19:35:34 EST 2019 in Burnaby Canada 
526577903243327 -0.144528 0.013255 0.284008 0.947774 
526577923814421 -0.144545 0.013239 0.284001 0.947774 
526577944384160 -0.144529 0.013202 0.283991 0.947780 
526577964954994 -0.144518 0.013177 0.283983 0.947784 
526577985526868 -0.144488 0.013148 0.283977 0.947791 
526578006097701 -0.144495 0.013150 0.283977 0.947790 
526578026668223 -0.144537 0.013179 0.283982 0.947781 
526578047239056 -0.144540 0.013236 0.284001 0.947775 
526578067810149 -0.144577 0.013268 0.284007 0.947766 
526578088380931 -0.144595 0.013284 0.284011 0.947763 
526578108951556 -0.144596 0.013306 0.284018 0.947760 
526578129522389 -0.144615 0.013330 0.284024 0.947755 
526578150093171 -0.144555 0.013303 0.284022 0.947765 
526578170664004 -0.144522 0.013284 0.284019 0.947771 
526578191234941 -0.144538 0.013261 0.284009 0.947772 
526578211805775 -0.144564 0.013258 0.284005 0.947769 
526578232376452 -0.144574 0.013287 0.284014 0.947765 
526578252947233 -0.144602 0.013315 0.284020 0.947758 
526578273518119 -0.144649 0.013326 0.284018 0.947751 
526578294088952 -0.144646 0.013338 0.284023 0.947750 
526578314659994 -0.144651 0.013351 0.284027 0.947748 
526578335230828 -0.144648 0.013375 0.284035 0.947746 
526578355801869 -0.144639 0.013363 0.284032 0.947748 
526578376372702 -0.144675 0.013339 0.284020 0.947747 
526578396943119 -0.144688 0.013349 0.284022 0.947744 
526578417513900 -0.144673 0.013338 0.284020 0.947747 
526578438084629 -0.144653 0.013356 0.284028 0.947747 
526578458655462 -0.144614 0.013369 0.284037 0.947751 
526578479226348 -0.144569 0.013386 0.284048 0.947754 
526578499797181 -0.144640 0.013410 0.284047 0.947743 
526578520368014 -0.144666 0.013417 0.284047 0.947739 
526578540938848 -0.144643 0.013402 0.284044 0.947743 
526578561509889 -0.144623 0.013389 0.284042 0.947747 
526578582080618 -0.144518 0.013356 0.284043 0.947763 
526578602651348 -0.144398 0.013246 0.283969 0.947806 
526578623222181 -0.144326 0.013185 0.283940 0.947826 
526578643793066 -0.144179 0.013105 0.283842 0.947879 
526578664363796 -0.144194 0.012888 0.283737 0.947911 
526578684934629 -0.144182 0.012643 0.283708 0.947925 
526578705505826 -0.144116 0.012332 0.283675 0.947949 
526578726076660 -0.144114 0.012004 0.283608 0.947973 
526578746647441 -0.144102 0.011720 0.283531 0.948002 
526578767218274 -0.144107 0.011527 0.283466 0.948023 
526578787791348 -0.144042 0.011446 0.283447 0.948040 
526578808362181 -0.143970 0.011389 0.283368 0.948075 
526578828930461 -0.143851 0.011435 0.283333 0.948103 
526578849501295 -0.143694 0.011675 0.283295 0.948135 
526578870072649 -0.143685 0.012028 0.283215 0.948156 
526578890643482 -0.143577 0.012288 0.283247 0.948159 
526578911214629 -0.143404 0.012627 0.283295 0.948167 
526578931785410 -0.143317 0.012781 0.283071 0.948244 
526578952356764 -0.143240 0.013063 0.283202 0.948213 
526578972927598 -0.143338 0.013006 0.283178 0.948206 
526578993500046 -0.143236 0.012692 0.283087 0.948253 
526579014070879 -0.143361 0.012654 0.283103 0.948230 
526579034638848 -0.143461 0.012589 0.283148 0.948202 
526579055209577 -0.143463 0.012361 0.283118 0.948214 
526579075783638 -0.143462 0.012257 0.283084 0.948226 
526579096354472 -0.143451 0.012233 0.283033 0.948243 
526579116923795 -0.143645 0.012203 0.282958 0.948236 
526579137494628 -0.143699 0.012057 0.282976 0.948224 
526579158066035 -0.143686 0.011829 0.282903 0.948251 
526579178636139 -0.143928 0.011693 0.282723 0.948270 
526579199206139 -0.143911 0.011495 0.282626 0.948304 
526579219776973 -0.143949 0.011216 0.282449 0.948354 
526579240347233 -0.144374 0.011000 0.282215 0.948362 
526579260918066 -0.144591 0.011017 0.281937 0.948411 
526579281489681 -0.144563 0.010335 0.280796 0.948761 
526579302060514 -0.144827 0.008799 0.278955 0.949280 
526579322631243 -0.145999 0.007526 0.277827 0.949442 
526579343202077 -0.147170 0.006660 0.276995 0.949511 
526579363773795 -0.147427 0.005214 0.276138 0.949729 
526579384344212 -0.147158 0.005973 0.275806 0.949863 
526579404915566 -0.148598 0.005685 0.274305 0.950075 
526579425486555 -0.148455 0.003900 0.273817 0.950247 
526579446057388 -0.148793 0.003354 0.273837 0.950191 
526579466626816 -0.149461 0.002239 0.272855 0.950372 
526579487197649 -0.149547 0.001905 0.271615 0.950714 
526579507768014 -0.149460 0.001485 0.270709 0.950987 
526579528338900 -0.149315 0.000606 0.269690 0.951300 
526579548909680 -0.149167 -0.000710 0.268041 0.951789 
526579569480513 -0.148999 -0.001704 0.266274 0.952310 
526579590052337 -0.149428 -0.003223 0.263722 0.952949 
526579610622180 -0.149297 -0.003908 0.260704 0.953797 
526579631193066 -0.149418 -0.005307 0.257129 0.954741 
526579651763899 -0.149764 -0.006056 0.254621 0.955355 
526579672334993 -0.150057 -0.007972 0.252217 0.955932 
526579692905879 -0.152059 -0.009329 0.249316 0.956364 
526579713476555 -0.155030 -0.010917 0.248019 0.956208 
526579734047388 -0.156134 -0.012673 0.247955 0.956023 
526579754618222 -0.157131 -0.014157 0.247831 0.955871 
526579775189107 -0.158147 -0.016121 0.247398 0.955784 
526579795759940 -0.159606 -0.018872 0.247625 0.955433 
526579816330774 -0.159272 -0.020889 0.249159 0.955048 
526579836901608 -0.159676 -0.020713 0.249685 0.954847 
526579857472441 -0.160288 -0.021568 0.250109 0.954614 
526579878044941 -0.160601 -0.022393 0.252583 0.953891 
526579898615826 -0.161171 -0.022959 0.256247 0.952803 
526579919185254 -0.161933 -0.023034 0.260388 0.951549 
526579939756087 -0.162590 -0.021743 0.264287 0.950391 
526579960327910 -0.162782 -0.021158 0.267204 0.949556 
526579980898952 -0.163257 -0.020863 0.269968 0.948699 
526580001468430 -0.163684 -0.019763 0.272457 0.947937 
526580022039263 -0.163835 -0.018503 0.274859 0.947242 
526580042610774 -0.163988 -0.016475 0.278701 0.946130 
526580063181659 -0.164161 -0.011845 0.284155 0.944546 
526580083752648 -0.164210 -0.006417 0.289484 0.942970 
526580104323639 -0.165299 -0.000551 0.295185 0.941032 
526580124894472 -0.167003 0.005341 0.300821 0.938929 
526580145464733 -0.168112 0.008884 0.306228 0.936955 
526580166035618 -0.170391 0.012210 0.312707 0.934362 
526580186606139 -0.171588 0.016459 0.315726 0.933062 
526580207176973 -0.172230 0.020569 0.317834 0.932145 
526580227748170 -0.173159 0.028501 0.320132 0.930978 
526580248318742 -0.173161 0.038578 0.324570 0.929075 
526580268889472 -0.172133 0.046240 0.333541 0.925734 
526580289460305 -0.171356 0.053645 0.345883 0.920937 
526580310034160 -0.170609 0.059569 0.358810 0.915751 
526580330603691 -0.170034 0.064574 0.372576 0.910003 
526580351173742 -0.168895 0.068841 0.387266 0.903748 
526580371744576 -0.166051 0.070308 0.401144 0.898091 
526580392317232 -0.162393 0.072619 0.413407 0.893000 
526580412888065 -0.160628 0.076940 0.423648 0.888145 
526580433457232 -0.160780 0.080992 0.428175 0.885582 
526580454028117 -0.162138 0.085680 0.427145 0.885391 
526580474598638 -0.164627 0.087227 0.421688 0.887394 
526580495169107 -0.169426 0.088019 0.413511 0.890256 
526580515740200 -0.173909 0.088061 0.405981 0.892850 
526580536311034 -0.182698 0.089547 0.399007 0.894090 
526580556881607 -0.189716 0.093707 0.390210 0.896082 
526580577452493 -0.194981 0.102471 0.385968 0.895829 
526580598024003 -0.195306 0.107981 0.387712 0.894357 
526580618594888 -0.193809 0.111859 0.394633 0.891173 
526580639166087 -0.193607 0.115975 0.401777 0.887492 
526580659735357 -0.194356 0.118653 0.404066 0.885933 
526580680307806 -0.194079 0.125083 0.403955 0.885160 
526580700878691 -0.192193 0.133423 0.402775 0.884891 
526580721449106 -0.188061 0.141408 0.403815 0.884064 
526580742019940 -0.185537 0.148526 0.405338 0.882733 
526580762590930 -0.185571 0.169404 0.410776 0.876430 
526580783161816 -0.181016 0.200849 0.417813 0.867367 
526580803732544 -0.168810 0.219558 0.422843 0.862845 
526580824303794 -0.160021 0.230155 0.429820 0.858299 
526580844874680 -0.155611 0.235967 0.434921 0.854955 
526580865446398 -0.150624 0.240310 0.442889 0.850537 
526580886017231 -0.142363 0.243427 0.454652 0.844848 
526580906588326 -0.132867 0.247116 0.469915 0.836935 
526580927159211 -0.125138 0.251837 0.488890 0.825775 
526580947729316 -0.130856 0.263432 0.508616 0.809191 
526580968300149 -0.145796 0.264442 0.526470 0.794760 
526580988873326 -0.150209 0.261147 0.528299 0.793814 
526581009440930 -0.151650 0.258781 0.522522 0.798126 
526581030012075 -0.155226 0.255935 0.518813 0.800772 
526581050582961 -0.158125 0.251990 0.516826 0.802738 
526581071153638 -0.161482 0.249474 0.513570 0.804943 
526581091724471 -0.165035 0.246180 0.509368 0.807900 
526581112295565 -0.169895 0.243994 0.506720 0.809220 
526581132866138 -0.174493 0.243566 0.506378 0.808585 
526581153438222 -0.177334 0.246372 0.507675 0.806300 
526581174008638 -0.176976 0.248682 0.509827 0.804309 
526581194579108 -0.175197 0.249779 0.512172 0.802868 
526581215149941 -0.173924 0.248528 0.513010 0.802998 
526581235723117 -0.170519 0.242223 0.513612 0.805267 
526581256292284 -0.166567 0.231327 0.513296 0.809487 
526581276864419 -0.160415 0.219437 0.516327 0.812109 
526581297432649 -0.156867 0.212690 0.517211 0.814032 
526581318004420 -0.154229 0.205646 0.520113 0.814497 
526581338575253 -0.137522 0.194124 0.525713 0.816719 
526581359145774 -0.118950 0.185020 0.526020 0.821536 
526581379716659 -0.106475 0.175841 0.526186 0.825149 
526581400288013 -0.098287 0.168660 0.526219 0.827639 
526581420858898 -0.087931 0.163322 0.525468 0.830348 
526581441430981 -0.072370 0.156651 0.524411 0.833796 
526581462001867 -0.054445 0.145741 0.522129 0.838556 
526581482571815 -0.037720 0.135710 0.518068 0.843662 
526581503142701 -0.022705 0.128630 0.511664 0.849199 
526581523713482 -0.007533 0.122331 0.503776 0.855095 
526581544284471 0.008207 0.116403 0.495612 0.860669 
526581564855357 0.023939 0.112412 0.487208 0.865690 
526581585426033 0.040842 0.109251 0.478172 0.870487 
526581605996919 0.059821 0.106256 0.467836 0.875363 
526581626567961 0.078894 0.106057 0.454408 0.880932 
526581647138742 0.096120 0.110056 0.437904 0.887067 
526581667709784 0.112553 0.114892 0.420676 0.892840 
526581688280669 0.128324 0.119149 0.404149 0.897775 
526581708851347 0.144361 0.122572 0.387812 0.902074 
526581729422232 0.161158 0.125972 0.371383 0.905667 
526581749993064 0.176595 0.129849 0.354452 0.909020 
526581770563950 0.188100 0.135923 0.336392 0.912679 
526581791135096 0.196638 0.141977 0.319562 0.916000 
526581811705982 0.204388 0.145641 0.305546 0.918507 
526581832276555 0.211189 0.146203 0.293708 0.920738 
526581852847441 0.217198 0.143557 0.282610 0.923227 
526581873419627 0.225139 0.136325 0.270055 0.926174 
526581893990512 0.235339 0.125027 0.254468 0.929639 
526581914562961 0.244516 0.113048 0.237513 0.933284 
526581935132909 0.250535 0.100035 0.222781 0.936800 
526581955702961 0.253466 0.083759 0.212065 0.940089 
526581976273846 0.252158 0.069014 0.204087 0.943399 
526581996845773 0.246380 0.062807 0.197508 0.946754 
526582017415930 0.239707 0.063939 0.189579 0.950006 
526582037985356 0.235962 0.065254 0.178114 0.953068 
526582058556242 0.236944 0.062914 0.166642 0.955055 
526582079127909 0.243323 0.055040 0.157973 0.955410 
526582099698794 0.251733 0.053706 0.152404 0.954211 
526582120269575 0.258762 0.057959 0.149286 0.952574 
526582140840460 0.265868 0.061534 0.141500 0.951580 
526582161410461 0.272519 0.062777 0.133880 0.950720 
526582181981346 0.276839 0.063455 0.125879 0.950520 
526582202552545 0.281114 0.068452 0.117592 0.949980 
526582223123430 0.285544 0.079642 0.108426 0.948876 
526582243696398 0.291053 0.091852 0.099681 0.947056 
526582264266398 0.299014 0.096416 0.092380 0.944860 
526582284837283 0.310398 0.083780 0.086388 0.942959 
526582305408274 0.327296 0.052906 0.080535 0.939996 
526582325979107 0.344578 0.023146 0.070788 0.935799 
526582346549783 0.357708 0.004612 0.061723 0.931780 
526582367120669 0.369178 -0.006529 0.058765 0.927476 
526582387691711 0.383507 -0.018556 0.060130 0.921391 
526582408262597 0.398346 -0.028136 0.058502 0.914935 
526582428832596 0.410535 -0.032827 0.053605 0.909676 
526582449404574 0.418589 -0.034751 0.050350 0.906113 
526582469973377 0.422251 -0.034696 0.047795 0.904553 
526582490544262 0.422430 -0.031527 0.045053 0.904726 
526582511115044 0.420517 -0.023367 0.045113 0.905861 
526582531685929 0.422003 -0.006513 0.046458 0.905380 
526582552256918 0.428081 0.017709 0.050702 0.902143 
526582572827804 0.433101 0.036988 0.060079 0.898580 
526582593398637 0.432867 0.047232 0.065208 0.897855 
526582613969523 0.431069 0.051386 0.065123 0.898498 
526582634541242 0.431176 0.053189 0.064722 0.898371 
526582655112128 0.432808 0.053107 0.064910 0.897577 
526582675682701 0.435065 0.053091 0.064961 0.896482 
526582696253586 0.436992 0.052796 0.066170 0.895473 
526582716824210 0.438843 0.050900 0.066944 0.894620 
526582737395095 0.439668 0.047991 0.066787 0.894387 
526582757966347 0.437870 0.046601 0.066451 0.895367 
526582778537232 0.434924 0.047691 0.065714 0.896799 
526582799107544 0.433206 0.050095 0.065584 0.897509 
526582819678430 0.433492 0.051574 0.066434 0.897224 
526582840249627 0.434963 0.051704 0.067091 0.896456 
526582860820461 0.436625 0.050786 0.067464 0.895672 
526582881391919 0.438523 0.050154 0.066895 0.894823 
526582901962804 0.440428 0.050276 0.066785 0.893888 
526582922534419 0.442276 0.050432 0.067513 0.892911 
526582943105304 0.444946 0.049820 0.068217 0.891565 
526582963674576 0.447583 0.048561 0.069023 0.890251 
526582984245409 0.448794 0.046735 0.069262 0.889721 
526583004816294 0.448470 0.045335 0.068715 0.889998 
526583025387075 0.447607 0.045087 0.067542 0.890535 
526583045957960 0.446430 0.045712 0.066693 0.891158 
526583066529055 0.445295 0.046992 0.066307 0.891688 
526583087099940 0.444334 0.049536 0.066617 0.892006 
526583107672126 0.443648 0.052248 0.067852 0.892100 
526583128242960 0.443382 0.053972 0.068886 0.892051 
526583148813793 0.443700 0.055215 0.068955 0.891811 
526583169384679 0.444040 0.055932 0.068972 0.891596 
526583189954887 0.444566 0.056567 0.069031 0.891289 
526583210525772 0.444840 0.056764 0.069364 0.891114 
526583231096554 0.445411 0.056319 0.069687 0.890831 
526583251667439 0.446196 0.055759 0.069403 0.890496 
526583272238482 0.446704 0.055034 0.069139 0.890307 
526583292809367 0.446877 0.054642 0.069061 0.890250 
526583313379731 0.446802 0.054287 0.069166 0.890302 
526583333950565 0.446909 0.053921 0.069254 0.890263 
526583354523533 0.447044 0.053858 0.069335 0.890193 
526583375093742 0.447316 0.053983 0.069600 0.890028 
526583395664679 0.447556 0.054269 0.069964 0.889861 
526583416235876 0.447749 0.054182 0.070453 0.889731 
526583436806502 0.447721 0.054049 0.070673 0.889736 
526583457377387 0.447608 0.054227 0.070872 0.889766 
526583477946658 0.447672 0.054684 0.071290 0.889673 
526583498517543 0.447866 0.054854 0.071761 0.889526 
526583519089158 0.448097 0.054760 0.071897 0.889405 
526583539660044 0.448024 0.054844 0.071949 0.889432 
526583560230564 0.448011 0.055089 0.072287 0.889397 
526583580801450 0.448230 0.055127 0.072574 0.889260 
526583601373325 0.448749 0.054675 0.072705 0.889015 
526583621942856 0.449311 0.054132 0.072465 0.888785 
526583642513429 0.449678 0.054035 0.072191 0.888627 
526583663084314 0.449988 0.054226 0.072229 0.888456 
526583683654992 0.450210 0.054289 0.072643 0.888305 
526583704225929 0.450608 0.054164 0.072943 0.888087 
526583724796710 0.451083 0.054103 0.073055 0.887840 
526583745367595 0.451856 0.053911 0.073011 0.887462 
526583765938480 0.452583 0.053797 0.072869 0.887110 
526583786509419 0.452965 0.053852 0.072883 0.886911 
526583807080304 0.453016 0.054392 0.073072 0.886836 
526583827651189 0.452943 0.054995 0.073485 0.886802 
526583848222075 0.452873 0.055234 0.073855 0.886792 
526583868793481 0.452851 0.055406 0.073890 0.886790 
526583889363899 0.452862 0.055587 0.074052 0.886760 
526583909934575 0.453080 0.055696 0.074275 0.886623 
526583930505460 0.453423 0.055481 0.074296 0.886459 
526583951076763 0.453675 0.055312 0.074237 0.886346 
526583971647491 0.453676 0.055545 0.074399 0.886317 
526583992218325 0.453534 0.055616 0.074802 0.886351 
526584012789210 0.453414 0.055546 0.074834 0.886414 
526584033361918 0.453233 0.055531 0.074684 0.886521 
526584053932804 0.453274 0.055875 0.074722 0.886474 
526584074502335 0.453724 0.056413 0.075185 0.886171 
526584095073221 0.454221 0.056922 0.075745 0.885836 
526584115644210 0.454729 0.058109 0.075891 0.885486 
526584136214418 0.455388 0.060513 0.076591 0.884926 
526584156787804 0.455493 0.062408 0.079324 0.884499 
526584177356710 0.455331 0.062897 0.079681 0.884516 
526584197929262 0.454483 0.061876 0.079028 0.885082 
526584218499992 0.454327 0.060942 0.078667 0.885260 
526584239069262 0.454106 0.058759 0.079492 0.885447 
526584259640096 0.453672 0.055516 0.077618 0.886045 
526584280210720 0.452169 0.053313 0.075226 0.887154 
