# Created at Thu Nov 07 19:35:34 EST 2019 in Burnaby Canada 
526577903243327 -0.006414 -0.005498 0.015272 
526577923814316 -0.004581 -0.006720 0.012523 
526577944384889 -0.000916 -0.007025 0.008247 
526577964954994 0.000611 -0.005192 0.008858 
526577985526869 0.001222 -0.003971 0.007941 
526578006097701 0.000305 -0.005803 0.009163 
526578026668796 -0.001527 -0.004276 0.010690 
526578047239056 -0.000916 -0.004887 0.012523 
526578067810253 -0.002138 -0.005803 0.014966 
526578088380931 0.000000 -0.006720 0.016188 
526578108951609 -0.001527 -0.004887 0.014966 
526578129522389 -0.002138 -0.003054 0.010996 
526578150093432 0.002138 -0.005192 0.006720 
526578170664004 -0.000305 -0.007330 0.002138 
526578191234993 -0.002138 -0.007330 0.005803 
526578211805775 -0.001833 -0.004276 0.005803 
526578232376816 -0.002138 -0.004276 0.006109 
526578252947233 -0.001833 -0.004581 0.010385 
526578273519317 -0.002443 -0.003054 0.010079 
526578294088952 -0.000305 -0.003971 0.011606 
526578314660046 -0.001527 -0.006109 0.009163 
526578335230828 0.000611 -0.005192 0.007025 
526578355801765 -0.000305 -0.006720 0.007636 
526578376372702 -0.000305 -0.003665 0.007636 
526578396943484 -0.001222 -0.002138 0.006720 
526578417513900 0.000305 -0.005803 0.007636 
526578438084889 0.001527 -0.007025 0.006720 
526578458655462 0.001222 -0.003665 0.006414 
526578479226556 0.001222 -0.003054 0.007330 
526578499797181 -0.001222 -0.005803 0.008552 
526578520368170 -0.001833 -0.007025 0.008858 
526578540938848 0.002443 -0.011912 0.007636 
526578561509837 0.003360 -0.012217 0.003971 
526578582080618 0.006109 -0.016188 0.000000 
526578602651713 0.004581 -0.018937 0.002138 
526578623222181 0.004581 -0.018326 -0.005192 
526578643793691 0.002138 -0.029627 -0.005192 
526578664363900 -0.004887 -0.037568 -0.001527 
526578684934629 -0.008552 -0.033598 0.000611 
526578705506086 -0.007330 -0.030849 0.000000 
526578726076660 -0.006720 -0.021991 0.001527 
526578746647545 -0.004581 -0.014966 0.003054 
526578767218274 0.000000 -0.004581 0.006414 
526578787790202 0.006720 0.007636 0.009774 
526578808362181 0.011301 0.010996 0.012828 
526578828930565 0.016188 0.007941 0.004887 
526578849501295 0.018021 0.011301 0.000000 
526578870072910 0.019242 0.013439 0.015577 
526578890643482 0.024435 0.007636 0.012217 
526578911215723 0.027489 0.025656 -0.000305 
526578931785410 -0.005803 -0.043066 -0.006720 
526578952356087 0.006414 -0.021380 0.003971 
526578972927598 0.003360 -0.003971 0.007025 
526578993499994 -0.004887 -0.024129 0.003971 
526579014070879 -0.012523 -0.024435 0.005803 
526579034638796 -0.014355 -0.014661 0.006414 
526579055209577 -0.006720 -0.007941 0.003665 
526579075783274 -0.011606 0.001222 0.004887 
526579096354472 -0.010385 -0.007330 0.001222 
526579116924108 -0.014966 -0.020769 0.006414 
526579137494628 -0.007025 -0.012217 0.003054 
526579158066035 -0.012217 -0.016188 -0.010385 
526579178636139 -0.021075 -0.018021 -0.005192 
526579199206555 -0.014661 -0.010385 -0.005192 
526579219776973 -0.010690 -0.009468 -0.007636 
526579240348326 -0.045509 -0.007330 -0.030238 
526579260918066 -0.051618 0.008552 -0.095295 
526579281490462 -0.076969 -0.061392 -0.175624 
526579302060514 -0.094073 -0.132863 -0.135612 
526579322631868 -0.064446 -0.086437 -0.089492 
526579343202077 -0.065973 -0.068722 -0.073304 
526579363773951 -0.045509 -0.107818 -0.116675 
526579384344628 0.054672 0.066584 -0.079718 
526579404915566 -0.029016 -0.041539 -0.004276 
526579425486555 -0.122478 -0.079718 -0.027489 
526579446057388 -0.086132 -0.054062 -0.091019 
526579466626712 -0.055283 -0.084605 -0.162185 
526579487197649 0.011301 -0.049175 -0.093462 
526579507768691 0.025045 -0.010996 -0.067806 
526579528338900 -0.011606 -0.067501 -0.155160 
526579548909837 -0.056505 -0.126449 -0.217773 
526579569480513 -0.071166 -0.085826 -0.259618 
526579590052337 -0.035125 -0.098044 -0.344833 
526579610622180 -0.060781 -0.054978 -0.358883 
526579631193118 -0.154243 -0.091935 -0.301156 
526579651763899 -0.091324 0.023824 -0.176540 
526579672334993 -0.075136 -0.109345 -0.300545 
526579692905879 -0.267559 -0.116064 -0.147524 
526579713476816 -0.217162 -0.078802 0.003665 
526579734047388 -0.164017 -0.096211 -0.014050 
526579754618639 -0.136223 -0.107512 -0.029932 
526579775189107 -0.144775 -0.200058 0.024740 
526579795760200 -0.192728 -0.237626 0.095906 
526579816330774 -0.094684 -0.120951 -0.014661 
526579836902181 0.028100 -0.021686 0.088881 
526579857472441 -0.046426 -0.148440 0.227242 
526579878047649 -0.047037 -0.139583 0.353080 
526579898615826 -0.065973 -0.110872 0.400422 
526579919185306 -0.082772 -0.034514 0.359188 
526579939756087 -0.032376 0.087965 0.350636 
526579960327910 -0.007636 0.005192 0.307570 
526579980898952 -0.026573 0.011606 0.246178 
526580001468795 0.000000 0.074831 0.266948 
526580022039263 0.040928 0.043066 0.385150 
526580042611607 0.051007 0.105374 0.497549 
526580063181659 0.126754 0.354912 0.601396 
526580083753274 0.144164 0.401033 0.667981 
526580104323534 0.064446 0.479529 0.693637 
526580124894472 -0.004276 0.488386 0.740063 
526580145465149 -0.056505 0.237321 0.743117 
526580166035618 -0.150273 0.399811 0.367435 
526580186606295 -0.014661 0.430354 0.317344 
526580207176973 0.008552 0.391259 0.184176 
526580227747858 0.071471 0.666148 0.488692 
526580248318742 0.160963 0.639881 1.090394 
526580268889940 0.150884 0.385150 1.362839 
526580289460305 0.132558 0.419359 1.502727 
526580310033170 0.078496 0.290466 1.563814 
526580330603691 0.032987 0.211665 1.639256 
526580351174159 0.096211 0.141415 1.610850 
526580371744576 0.216246 -0.121562 1.323744 
526580392316503 0.340863 -0.069028 1.156367 
526580412888065 0.323453 0.277638 0.676838 
526580433457649 0.225104 0.421802 0.041539 
526580454028117 0.179900 0.540004 -0.323453 
526580474598638 -0.021991 0.340557 -0.729678 
526580495169107 -0.268170 0.336892 -0.755945 
526580515740253 -0.286190 0.243735 -0.666453 
526580536311034 -0.515570 0.678671 -0.949895 
526580556881920 -0.397367 0.729678 -0.539088 
526580577452493 -0.274278 0.871093 0.278860 
526580598024524 0.048258 0.272751 0.810923 
526580618594888 0.165239 0.130725 0.877202 
526580639167232 0.158825 0.383012 0.482583 
526580659735357 0.131947 0.355523 -0.010690 
526580680307858 0.304516 0.613308 -0.045815 
526580700878691 0.377820 0.636521 0.217468 
526580721449263 0.487470 0.477696 0.373849 
526580742019940 0.282219 0.491746 0.361021 
526580762590825 0.695469 1.842674 0.871093 
526580783161816 1.469741 2.581820 1.540601 
526580803733430 1.371697 1.019533 1.669493 
526580824303377 0.902247 0.486248 1.225395 
526580844874680 0.279776 0.255341 1.005178 
526580865446971 0.219911 0.105374 1.294422 
526580886017231 0.312457 -0.154549 1.739743 
526580906588066 0.228769 -0.159741 2.272111 
526580927159211 -0.066890 0.043371 2.795317 
526580947729680 -0.802982 1.382998 2.683529 
526580968300149 -0.584292 0.874758 0.059865 
526580988873326 -0.052534 -0.041233 -0.753807 
526581009440930 -0.182649 -0.201891 -0.450207 
526581030012075 -0.348804 -0.062919 -0.367741 
526581050582961 -0.251676 -0.186619 -0.470366 
526581071154159 -0.234267 -0.029627 -0.538783 
526581091724471 -0.393091 -0.103236 -0.428522 
526581112295565 -0.485027 0.036652 -0.225409 
526581132866138 -0.379958 0.195782 -0.047342 
526581153438222 -0.109039 0.392786 0.194866 
526581174008638 0.105985 0.174096 0.348498 
526581194579524 0.194866 -0.000916 0.283441 
526581215149941 0.036346 -0.179594 0.063225 
526581235723117 -0.015882 -0.733343 -0.109039 
526581256292284 -0.315817 -1.193935 -0.080329 
526581276864419 -0.010079 -1.398880 -0.114843 
526581297432649 -0.156687 -0.777325 0.193950 
526581318004992 -0.124006 -0.751974 0.018937 
526581338575253 0.976773 -1.838092 -0.066279 
526581359146294 0.977383 -1.769675 0.219606 
526581379716659 0.514348 -1.455385 0.047647 
526581400288482 0.350331 -1.042441 -0.233045 
526581420858898 0.636827 -0.999069 -0.235794 
526581441430929 0.996626 -1.392772 -0.178983 
526581462001867 0.992350 -1.883907 -0.374155 
526581482571868 0.950200 -1.749516 -0.644768 
526581503142701 0.960890 -1.408349 -0.800844 
526581523713951 1.013119 -1.353982 -0.804203 
526581544284367 1.085201 -1.359479 -0.799927 
526581564855357 1.196379 -1.198517 -0.843910 
526581585426242 1.361312 -1.197906 -0.948062 
526581605996919 1.577253 -1.317941 -1.205847 
526581626567961 1.729969 -1.102916 -1.480431 
526581647138742 1.773951 -0.636827 -1.567784 
526581667710618 1.758985 -0.502131 -1.477682 
526581688280669 1.684154 -0.528398 -1.452636 
526581708852024 1.686903 -0.607200 -1.433089 
526581729422232 1.779754 -0.631329 -1.413541 
526581749992856 1.687514 -0.546724 -1.496313 
526581770563950 1.394910 -0.142637 -1.503033 
526581791135512 1.111163 0.026573 -1.321911 
526581811705982 0.950200 -0.139888 -1.073900 
526581832277492 0.759916 -0.411723 -0.959974 
526581852847441 0.601091 -0.782212 -1.089172 
526581873419836 0.667981 -1.348484 -1.246775 
526581893990512 0.777631 -1.743713 -1.203098 
526581914562961 0.658207 -1.624900 -1.004262 
526581935132909 0.325591 -1.509447 -0.682030 
526581955704419 -0.066890 -1.693928 -0.333227 
526581976273846 -0.452651 -1.445917 -0.216857 
526581996845148 -0.697302 -0.665537 -0.602923 
526582017415930 -0.619111 -0.116981 -1.185078 
526582037986190 -0.312152 -0.097127 -1.215315 
526582058556242 0.087354 -0.424246 -0.833219 
526582079127648 0.524427 -0.894001 -0.266337 
526582099698794 0.844826 -0.215635 -0.161268 
526582120272805 0.797178 0.053145 -0.755029 
526582140840460 0.773660 0.054672 -0.760221 
526582161410826 0.699746 -0.195477 -0.700051 
526582181981346 0.463952 -0.193339 -0.704632 
526582202552700 0.532369 0.177456 -0.870177 
526582223123430 0.649044 0.774576 -1.065959 
526582243696398 0.777020 0.872926 -1.061683 
526582264266972 0.930347 0.099266 -0.802065 
526582284837283 1.070540 -1.588859 -0.240681 
526582305408690 1.427591 -3.401295 0.313984 
526582325979107 1.504865 -3.026835 0.397368 
526582346551919 1.264184 -1.607491 0.408058 
526582367120669 1.188437 -0.903774 0.458759 
526582387691815 1.434616 -1.291673 0.419664 
526582408262597 1.477071 -1.173777 0.072998 
526582428832596 1.269071 -0.532979 -0.126754 
526582449404574 0.835052 -0.282830 -0.152716 
526582469974054 0.338724 -0.087965 -0.195477 
526582490544262 0.009163 0.458454 -0.115148 
526582511115357 -0.179594 0.996015 -0.092241 
526582531685929 0.249844 1.903454 -0.281609 
526582552257231 0.830776 2.590372 -0.396451 
526582572827804 0.685696 1.595579 -0.361021 
526582593398950 0.041233 0.599564 -0.384845 
526582613969523 -0.197615 0.281303 -0.251676 
526582634541190 0.019853 0.130114 -0.097738 
526582655112128 0.183259 -0.026267 0.037874 
526582675684940 0.238543 0.062919 0.100487 
526582696253586 0.197615 -0.062003 0.096822 
526582716824575 0.180816 -0.241902 0.108123 
526582737395095 0.062614 -0.252287 0.152105 
526582757966971 -0.220828 -0.109650 0.046426 
526582778537232 -0.323453 0.147218 -0.076053 
526582799107492 -0.159741 0.262672 -0.086743 
526582819678430 0.053145 0.113315 -0.013439 
526582840250200 0.164933 -0.021075 0.042455 
526582860820461 0.174402 -0.147218 0.047342 
526582881391814 0.201891 -0.043677 0.041233 
526582901962804 0.216246 0.059865 0.055589 
526582922535773 0.201891 0.015577 0.059865 
526582943105304 0.282830 -0.052229 0.118202 
526582963674576 0.274584 -0.151189 0.121562 
526582984245201 0.103542 -0.205251 0.081856 
526583004816294 -0.064752 -0.164628 -0.001833 
526583025387700 -0.107818 -0.023213 -0.062919 
526583045957960 -0.121868 0.071777 -0.069333 
526583066529211 -0.113010 0.178067 -0.031765 
526583087099940 -0.081550 0.308487 -0.028711 
526583107672075 -0.048869 0.253509 -0.040012 
526583128242960 -0.029016 0.105374 -0.043982 
526583148813168 0.041539 0.078496 -0.039401 
526583169384679 0.068417 0.057727 -0.015882 
526583189954679 0.051007 0.058032 0.001527 
526583210525772 0.018326 0.012523 0.014050 
526583231097179 0.025656 -0.084299 0.022907 
526583251667439 0.064752 -0.089797 0.029322 
526583272239367 0.057421 -0.050702 0.029932 
526583292809367 0.001833 -0.004276 0.018326 
526583313380043 -0.045815 -0.024129 0.018326 
526583333950565 -0.012523 -0.029016 0.036652 
526583354523533 0.050091 0.016188 0.029322 
526583375093742 0.057727 0.047342 0.019548 
526583395664522 0.026878 0.043371 0.022297 
526583416235876 0.009468 -0.006720 0.033292 
526583436806658 -0.006109 0.008247 0.027489 
526583457377387 -0.013439 0.054062 0.021380 
526583477948429 0.015577 0.065057 0.008247 
526583498517543 0.030849 0.004276 0.014050 
526583519088845 0.001222 -0.010690 0.023518 
526583539660044 -0.026573 0.032987 0.021991 
526583560231502 -0.016799 0.022907 0.016799 
526583580801450 0.025351 -0.009163 0.010385 
526583601373325 0.074525 -0.055589 0.007330 
526583621942856 0.072387 -0.054367 0.020159 
526583642513533 0.040623 -0.012828 0.029627 
526583663084314 0.022297 0.031765 0.029016 
526583683655460 0.008552 0.012523 0.023213 
526583704225825 0.029932 -0.003665 0.018631 
526583724796710 0.062003 -0.009774 0.000305 
526583745367856 0.097738 -0.022602 0.006414 
526583765938480 0.083688 -0.010690 0.022297 
526583786509679 0.013134 0.018631 0.031765 
526583807080304 -0.029627 0.074831 0.005192 
526583827651345 -0.011301 0.068722 -0.007636 
526583848222075 0.003971 0.007636 0.007025 
526583868793272 -0.012828 0.010385 0.019548 
526583889363899 -0.000305 0.017410 0.018021 
526583909934575 0.024129 -0.015882 0.012523 
526583930505460 0.032376 -0.036346 0.025351 
526583951076763 0.022602 0.002749 0.032376 
526583971647491 0.011301 0.051313 0.009163 
526583992218950 -0.030238 0.007025 -0.005192 
526584012789210 -0.029016 -0.027489 0.007636 
526584033362335 -0.015882 0.009163 0.010996 
526584053932804 0.027489 0.070860 0.015272 
526584074502700 0.072387 0.080940 0.020769 
526584095073221 0.061697 0.044899 0.029016 
526584115644210 0.047647 0.166461 0.029016 
526584136214418 0.127976 0.429132 0.024435 
526584156786919 -0.026573 0.090103 -0.022297 
526584177356710 -0.269697 -0.113621 -0.035125 
526584197929262 -0.058338 -0.135307 0.045815 
526584218499992 0.139888 -0.023824 0.059254 
526584239069210 -0.035125 -0.397978 0.016799 
526584259640096 -0.224493 -0.427605 0.009468 
526584280210981 -0.194255 -0.216552 0.003360 
