# Created at Thu Nov 07 19:35:34 EST 2019 in Burnaby Canada 
526577903243327 -0.005929 0.000870 0.006552 
526577923814213 -0.004097 -0.000351 0.003803 
526577944384889 -0.000431 -0.000657 -0.000473 
526577964954994 0.001096 0.001176 0.000137 
526577985526869 0.001707 0.002398 -0.000779 
526578006097701 0.000790 0.000565 0.000443 
526578026668379 -0.001042 0.002092 0.001970 
526578047239056 -0.000431 0.001481 0.003803 
526578067810253 -0.001653 0.000565 0.006246 
526578088380931 0.000485 -0.000351 0.007468 
526578108951348 -0.001042 0.001481 0.006246 
526578129522389 -0.001653 0.003314 0.002275 
526578150093432 0.002623 0.001176 -0.002001 
526578170664004 0.000179 -0.000962 -0.006582 
526578191234993 -0.001653 -0.000962 -0.002917 
526578211805775 -0.001348 0.002092 -0.002917 
526578232376816 -0.001653 0.002092 -0.002611 
526578252947233 -0.001348 0.001787 0.001665 
526578273518171 -0.001959 0.003314 0.001359 
526578294088952 0.000179 0.002398 0.002886 
526578314659889 -0.001042 0.000260 0.000443 
526578335230828 0.001096 0.001176 -0.001695 
526578355801765 0.000179 -0.000351 -0.001084 
526578376372702 0.000179 0.002703 -0.001084 
526578396943484 -0.000737 0.004230 -0.002001 
526578417513900 0.000790 0.000565 -0.001084 
526578438084889 0.002012 -0.000657 -0.002001 
526578458655462 0.001707 0.002703 -0.002306 
526578479226556 0.001707 0.003314 -0.001390 
526578499797181 -0.000737 0.000565 -0.000168 
526578520368170 -0.001348 -0.000657 0.000137 
526578540938848 0.002928 -0.005544 -0.001084 
526578561509629 0.003845 -0.005849 -0.004749 
526578582080618 0.006594 -0.009820 -0.008720 
526578602651661 0.005066 -0.012569 -0.006582 
526578623222181 0.005066 -0.011958 -0.013912 
526578643793691 0.002623 -0.023259 -0.013912 
526578664363900 -0.004402 -0.031200 -0.010247 
526578684934629 -0.008067 -0.027229 -0.008109 
526578705505879 -0.006846 -0.024480 -0.008720 
526578726076660 -0.006235 -0.015623 -0.007193 
526578746647545 -0.004097 -0.008598 -0.005666 
526578767218274 0.000485 0.001787 -0.002306 
526578787792077 0.007204 0.014004 0.001054 
526578808362181 0.011786 0.017364 0.004108 
526578828930566 0.016673 0.014310 -0.003833 
526578849501295 0.018505 0.017669 -0.008720 
526578870072910 0.019727 0.019807 0.006857 
526578890643482 0.024919 0.014004 0.003497 
526578911215723 0.027974 0.032025 -0.009026 
526578931785410 -0.005318 -0.036698 -0.015440 
526578952356087 0.006899 -0.015012 -0.004749 
526578972927598 0.003845 0.002398 -0.001695 
526578993499994 -0.004402 -0.017761 -0.004749 
526579014070879 -0.012038 -0.018066 -0.002917 
526579034638796 -0.013870 -0.008292 -0.002306 
526579055209577 -0.006235 -0.001573 -0.005055 
526579075783274 -0.011122 0.007590 -0.003833 
526579096354472 -0.009900 -0.000962 -0.007498 
526579116924108 -0.014481 -0.014401 -0.002306 
526579137494628 -0.006540 -0.005849 -0.005666 
526579158066035 -0.011732 -0.009820 -0.019105 
526579178636139 -0.020590 -0.011652 -0.013912 
526579199206764 -0.014176 -0.004016 -0.013912 
526579219776973 -0.010205 -0.003100 -0.016356 
526579240347285 -0.045025 -0.000962 -0.038958 
526579260918066 -0.051133 0.014920 -0.104015 
526579281490462 -0.076484 -0.055024 -0.184344 
526579302060514 -0.093588 -0.126495 -0.144332 
526579322631868 -0.063961 -0.080069 -0.098212 
526579343202077 -0.065489 -0.062354 -0.082024 
526579363773951 -0.045025 -0.101449 -0.125395 
526579384344628 0.055157 0.072953 -0.088438 
526579404915566 -0.028531 -0.035171 -0.012996 
526579425486555 -0.121994 -0.073350 -0.036209 
526579446057388 -0.085647 -0.047693 -0.099739 
526579466626660 -0.054798 -0.078236 -0.170905 
526579487197649 0.011786 -0.042806 -0.102182 
526579507768065 0.025530 -0.004627 -0.076526 
526579528338900 -0.011122 -0.061132 -0.163880 
526579548909681 -0.056020 -0.120081 -0.226493 
526579569480513 -0.070681 -0.079458 -0.268338 
526579590052337 -0.034640 -0.091676 -0.353553 
526579610622180 -0.060296 -0.048610 -0.367603 
526579631193275 -0.153758 -0.085567 -0.309876 
526579651763899 -0.090839 0.030192 -0.185260 
526579672335305 -0.074651 -0.102977 -0.309266 
526579692905879 -0.267074 -0.109696 -0.156244 
526579713476503 -0.216678 -0.072433 -0.005055 
526579734047388 -0.163532 -0.089843 -0.022770 
526579754618119 -0.135738 -0.101144 -0.038652 
526579775189107 -0.144290 -0.193690 0.016020 
526579795760200 -0.192243 -0.231258 0.087186 
526579816330774 -0.094199 -0.114583 -0.023381 
526579836902181 0.028585 -0.015317 0.080161 
526579857472441 -0.045941 -0.142072 0.218522 
526579878047649 -0.046552 -0.133214 0.344360 
526579898615826 -0.065489 -0.104504 0.391702 
526579919185306 -0.082287 -0.028146 0.350468 
526579939756087 -0.031891 0.094333 0.341916 
526579960327910 -0.007151 0.011561 0.298850 
526579980898952 -0.026088 0.017975 0.237458 
526580001468795 0.000485 0.081199 0.258228 
526580022039263 0.041413 0.049434 0.376430 
526580042611607 0.051492 0.111742 0.488829 
526580063181659 0.127239 0.361281 0.592676 
526580083753274 0.144649 0.407401 0.659260 
526580104323534 0.064931 0.485897 0.684917 
526580124894472 -0.003791 0.494755 0.731342 
526580145465149 -0.056020 0.243689 0.734397 
526580166035618 -0.149788 0.406179 0.358715 
526580186606295 -0.014176 0.436722 0.308624 
526580207176973 0.009037 0.397627 0.175456 
526580227748170 0.071956 0.672516 0.479972 
526580248318742 0.161448 0.646249 1.081674 
526580268889940 0.151368 0.391518 1.354119 
526580289460305 0.133043 0.425727 1.494007 
526580310034160 0.078981 0.296834 1.555094 
526580330603691 0.033472 0.218033 1.630535 
526580351174159 0.096696 0.147783 1.602130 
526580371744576 0.216731 -0.115194 1.315024 
526580392315826 0.341347 -0.062659 1.147647 
526580412888065 0.323938 0.284006 0.668118 
526580433457649 0.225589 0.428170 0.032819 
526580454028117 0.180385 0.546373 -0.332173 
526580474598638 -0.021506 0.346925 -0.738398 
526580495169107 -0.267685 0.343260 -0.764665 
526580515740252 -0.285705 0.250103 -0.675173 
526580536311034 -0.515085 0.685039 -0.958615 
526580556881659 -0.396883 0.736046 -0.547808 
526580577452493 -0.273793 0.877461 0.270140 
526580598025045 0.048743 0.279119 0.802203 
526580618594888 0.165724 0.137093 0.868482 
526580639165930 0.159310 0.389380 0.473863 
526580659735357 0.132432 0.361892 -0.019410 
526580680307545 0.305001 0.619676 -0.054535 
526580700878691 0.378305 0.642889 0.208748 
526580721449263 0.487955 0.484064 0.365129 
526580742019940 0.282704 0.498114 0.352301 
526580762590670 0.695954 1.849042 0.862373 
526580783161816 1.470225 2.588188 1.531881 
526580803732337 1.372182 1.025901 1.660773 
526580824303377 0.902732 0.492617 1.216675 
526580844874680 0.280261 0.261710 0.996458 
526580865446971 0.220396 0.111742 1.285702 
526580886017231 0.312942 -0.148180 1.731023 
526580906588117 0.229254 -0.153373 2.263391 
526580927159211 -0.066405 0.049740 2.786597 
526580947729680 -0.802497 1.389366 2.674809 
526580968300149 -0.583807 0.881127 0.051145 
526580988872492 -0.052049 -0.034865 -0.762527 
526581009440930 -0.182164 -0.195523 -0.458927 
526581030011971 -0.348319 -0.056551 -0.376461 
526581050582961 -0.251191 -0.180251 -0.479086 
526581071154159 -0.233782 -0.023259 -0.547503 
526581091724471 -0.392607 -0.096868 -0.437242 
526581112295565 -0.484542 0.043020 -0.234129 
526581132866138 -0.379473 0.202150 -0.056062 
526581153438222 -0.108554 0.399154 0.186146 
526581174008638 0.106470 0.180465 0.339778 
526581194579524 0.195351 0.005452 0.274721 
526581215149941 0.036831 -0.173226 0.054504 
526581235723117 -0.015398 -0.726975 -0.117759 
526581256292284 -0.315332 -1.187567 -0.089049 
526581276864419 -0.009594 -1.392512 -0.123563 
526581297432649 -0.156202 -0.770957 0.185229 
526581318004992 -0.123521 -0.745606 0.010217 
526581338575253 0.977258 -1.831724 -0.074999 
526581359146294 0.977868 -1.763307 0.210886 
526581379716659 0.514833 -1.449017 0.038927 
526581400288639 0.350816 -1.036072 -0.241765 
526581420858898 0.637311 -0.992701 -0.244514 
526581441432232 0.997111 -1.386403 -0.187703 
526581462001867 0.992835 -1.877539 -0.382875 
526581482571711 0.950685 -1.743148 -0.653488 
526581503142701 0.961375 -1.401980 -0.809564 
526581523713951 1.013604 -1.347613 -0.812923 
526581544284367 1.085686 -1.353111 -0.808647 
526581564855357 1.196863 -1.192148 -0.852630 
526581585426242 1.361797 -1.191537 -0.956782 
526581605996919 1.577738 -1.311572 -1.214567 
526581626567961 1.730454 -1.096548 -1.489151 
526581647138742 1.774436 -0.630458 -1.576504 
526581667710044 1.759470 -0.495763 -1.486402 
526581688280669 1.684639 -0.522030 -1.461356 
526581708852024 1.687388 -0.600831 -1.441809 
526581729422232 1.780239 -0.624960 -1.422261 
526581749993325 1.687999 -0.540356 -1.505033 
526581770563950 1.395394 -0.136269 -1.511753 
526581791135512 1.111648 0.032941 -1.330631 
526581811705982 0.950685 -0.133520 -1.082620 
526581832277492 0.760401 -0.405355 -0.968694 
526581852847441 0.601576 -0.775844 -1.097892 
526581873419836 0.668465 -1.342116 -1.255495 
526581893990512 0.778116 -1.737345 -1.211818 
526581914562961 0.658692 -1.618532 -1.012982 
526581935132909 0.326076 -1.503078 -0.690751 
526581955704419 -0.066405 -1.687560 -0.341947 
526581976273846 -0.452166 -1.439548 -0.225577 
526581996845773 -0.696817 -0.659169 -0.611644 
526582017415930 -0.618627 -0.110612 -1.193798 
526582037986190 -0.311667 -0.090759 -1.224035 
526582058556242 0.087839 -0.417877 -0.841940 
526582079127649 0.524912 -0.887632 -0.275057 
526582099698794 0.845311 -0.209267 -0.169988 
526582120269888 0.797663 0.059513 -0.763749 
526582140840460 0.774145 0.061041 -0.768941 
526582161410565 0.700230 -0.189108 -0.708771 
526582181981346 0.464437 -0.186970 -0.713353 
526582202552545 0.532853 0.183824 -0.878897 
526582223123430 0.649529 0.780945 -1.074679 
526582243696398 0.777505 0.879294 -1.070403 
526582264266972 0.930832 0.105634 -0.810785 
526582284837283 1.071025 -1.582491 -0.249401 
526582305408534 1.428076 -3.394927 0.305264 
526582325979107 1.505350 -3.020467 0.388647 
526582346550304 1.264669 -1.601122 0.399338 
526582367120669 1.188922 -0.897406 0.450039 
526582387691815 1.435101 -1.285305 0.410944 
526582408262597 1.477556 -1.167408 0.064278 
526582428832596 1.269556 -0.526611 -0.135475 
526582449404574 0.835537 -0.276462 -0.161436 
526582469974054 0.339209 -0.081596 -0.204197 
526582490544262 0.009648 0.464822 -0.123868 
526582511115357 -0.179109 1.002383 -0.100961 
526582531685929 0.250329 1.909823 -0.290329 
526582552257231 0.831261 2.596740 -0.405171 
526582572827804 0.686181 1.601947 -0.369741 
526582593398950 0.041718 0.605932 -0.393565 
526582613969523 -0.197130 0.287671 -0.260396 
526582634541190 0.020338 0.136482 -0.106458 
526582655112128 0.183744 -0.019899 0.029154 
526582675685044 0.239028 0.069287 0.091767 
526582696253586 0.198100 -0.055635 0.088102 
526582716824575 0.181301 -0.235534 0.099403 
526582737395095 0.063099 -0.245919 0.143385 
526582757966971 -0.220343 -0.103282 0.037706 
526582778537232 -0.322968 0.153587 -0.084773 
526582799107492 -0.159256 0.269040 -0.095463 
526582819678430 0.053630 0.119684 -0.022159 
526582840250200 0.165418 -0.014707 0.033735 
526582860820461 0.174887 -0.140850 0.038622 
526582881391919 0.202376 -0.037309 0.032513 
526582901962804 0.216731 0.066233 0.046869 
526582922535773 0.202376 0.021945 0.051145 
526582943105304 0.283315 -0.045861 0.109482 
526582963674627 0.275069 -0.144821 0.112842 
526582984245201 0.104026 -0.198882 0.073136 
526583004816294 -0.064267 -0.158260 -0.010553 
526583025387700 -0.107333 -0.016845 -0.071639 
526583045957960 -0.121383 0.078145 -0.078053 
526583066529002 -0.112525 0.184435 -0.040485 
526583087099940 -0.081066 0.314855 -0.037431 
526583107672075 -0.048384 0.259877 -0.048732 
526583128242960 -0.028531 0.111742 -0.052702 
526583148814262 0.042024 0.084864 -0.048121 
526583169384679 0.068902 0.064095 -0.024603 
526583189954835 0.051492 0.064400 -0.007193 
526583210525772 0.018811 0.018891 0.005330 
526583231097179 0.026141 -0.077931 0.014187 
526583251667439 0.065237 -0.083429 0.020601 
526583272238742 0.057906 -0.044334 0.021212 
526583292809367 0.002317 0.002092 0.009606 
526583313379835 -0.045330 -0.017761 0.009606 
526583333950565 -0.012038 -0.022648 0.027932 
526583354523533 0.050576 0.022556 0.020601 
526583375093742 0.058212 0.053710 0.010828 
526583395664419 0.027363 0.049740 0.013576 
526583416235876 0.009953 -0.000351 0.024572 
526583436806034 -0.005624 0.014615 0.018769 
526583457377387 -0.012954 0.060430 0.012660 
526583477948429 0.016062 0.071425 -0.000473 
526583498517543 0.031334 0.010644 0.005330 
526583519088741 0.001707 -0.004322 0.014798 
526583539660044 -0.026088 0.039355 0.013271 
526583560230460 -0.016314 0.029276 0.008079 
526583580801450 0.025836 -0.002795 0.001665 
526583601373325 0.075010 -0.049220 -0.001390 
526583621942856 0.072872 -0.047999 0.011438 
526583642515720 0.041107 -0.006460 0.020907 
526583663084314 0.022781 0.038133 0.020296 
526583683654991 0.009037 0.018891 0.014493 
526583704225825 0.030417 0.002703 0.009911 
526583724796710 0.062488 -0.003406 -0.008415 
526583745367856 0.098223 -0.016234 -0.002306 
526583765938480 0.084173 -0.004322 0.013576 
526583786509679 0.013618 0.025000 0.023045 
526583807080304 -0.029142 0.081199 -0.003528 
526583827651189 -0.010816 0.075091 -0.016356 
526583848222075 0.004455 0.014004 -0.001695 
526583868792856 -0.012343 0.016753 0.010828 
526583889363899 0.000179 0.023778 0.009300 
526583909934991 0.024614 -0.009514 0.003803 
526583930505460 0.032861 -0.029978 0.016631 
526583951076763 0.023087 0.009117 0.023656 
526583971647491 0.011786 0.057681 0.000443 
526583992218950 -0.029753 0.013393 -0.013912 
526584012789210 -0.028531 -0.021121 -0.001084 
526584033363272 -0.015398 0.015531 0.002275 
526584053932804 0.027974 0.077229 0.006552 
526584074502700 0.072872 0.087308 0.012049 
526584095073221 0.062182 0.051267 0.020296 
526584115644210 0.048132 0.172829 0.020296 
526584136214418 0.128461 0.435501 0.015714 
526584156787804 -0.026088 0.096471 -0.031017 
526584177356710 -0.269212 -0.107253 -0.043845 
526584197929262 -0.057853 -0.128938 0.037095 
526584218499992 0.140373 -0.017455 0.050534 
526584239070147 -0.034640 -0.391610 0.008079 
526584259640096 -0.224008 -0.421237 0.000748 
526584280210981 -0.193770 -0.210183 -0.005360 
