# Created at Thu Nov 07 19:35:34 EST 2019 in Burnaby Canada 
526577903243327 -0.000485 -0.006368 0.008720 
526577923814316 -0.000485 -0.006368 0.008720 
526577944384889 -0.000485 -0.006368 0.008720 
526577964954994 -0.000485 -0.006368 0.008720 
526577985526869 -0.000485 -0.006368 0.008720 
526578006097701 -0.000485 -0.006368 0.008720 
526578026668796 -0.000485 -0.006368 0.008720 
526578047239056 -0.000485 -0.006368 0.008720 
526578067810253 -0.000485 -0.006368 0.008720 
526578088380931 -0.000485 -0.006368 0.008720 
526578108951609 -0.000485 -0.006368 0.008720 
526578129522389 -0.000485 -0.006368 0.008720 
526578150093432 -0.000485 -0.006368 0.008720 
526578170664004 -0.000485 -0.006368 0.008720 
526578191234993 -0.000485 -0.006368 0.008720 
526578211805775 -0.000485 -0.006368 0.008720 
526578232376816 -0.000485 -0.006368 0.008720 
526578252947233 -0.000485 -0.006368 0.008720 
526578273519317 -0.000485 -0.006368 0.008720 
526578294088952 -0.000485 -0.006368 0.008720 
526578314660046 -0.000485 -0.006368 0.008720 
526578335230828 -0.000485 -0.006368 0.008720 
526578355801765 -0.000485 -0.006368 0.008720 
526578376372702 -0.000485 -0.006368 0.008720 
526578396943484 -0.000485 -0.006368 0.008720 
526578417513900 -0.000485 -0.006368 0.008720 
526578438084889 -0.000485 -0.006368 0.008720 
526578458655462 -0.000485 -0.006368 0.008720 
526578479226556 -0.000485 -0.006368 0.008720 
526578499797181 -0.000485 -0.006368 0.008720 
526578520368170 -0.000485 -0.006368 0.008720 
526578540938848 -0.000485 -0.006368 0.008720 
526578561509837 -0.000485 -0.006368 0.008720 
526578582080618 -0.000485 -0.006368 0.008720 
526578602651713 -0.000485 -0.006368 0.008720 
526578623222181 -0.000485 -0.006368 0.008720 
526578643793691 -0.000485 -0.006368 0.008720 
526578664363900 -0.000485 -0.006368 0.008720 
526578684934629 -0.000485 -0.006368 0.008720 
526578705506086 -0.000485 -0.006368 0.008720 
526578726076660 -0.000485 -0.006368 0.008720 
526578746647545 -0.000485 -0.006368 0.008720 
526578767218274 -0.000485 -0.006368 0.008720 
526578787790202 -0.000485 -0.006368 0.008720 
526578808362181 -0.000485 -0.006368 0.008720 
526578828930565 -0.000485 -0.006368 0.008720 
526578849501295 -0.000485 -0.006368 0.008720 
526578870072910 -0.000485 -0.006368 0.008720 
526578890643482 -0.000485 -0.006368 0.008720 
526578911215723 -0.000485 -0.006368 0.008720 
526578931785410 -0.000485 -0.006368 0.008720 
526578952356087 -0.000485 -0.006368 0.008720 
526578972927598 -0.000485 -0.006368 0.008720 
526578993499994 -0.000485 -0.006368 0.008720 
526579014070879 -0.000485 -0.006368 0.008720 
526579034638796 -0.000485 -0.006368 0.008720 
526579055209577 -0.000485 -0.006368 0.008720 
526579075783274 -0.000485 -0.006368 0.008720 
526579096354472 -0.000485 -0.006368 0.008720 
526579116924108 -0.000485 -0.006368 0.008720 
526579137494628 -0.000485 -0.006368 0.008720 
526579158066035 -0.000485 -0.006368 0.008720 
526579178636139 -0.000485 -0.006368 0.008720 
526579199206555 -0.000485 -0.006368 0.008720 
526579219776973 -0.000485 -0.006368 0.008720 
526579240348326 -0.000485 -0.006368 0.008720 
526579260918066 -0.000485 -0.006368 0.008720 
526579281490462 -0.000485 -0.006368 0.008720 
526579302060514 -0.000485 -0.006368 0.008720 
526579322631868 -0.000485 -0.006368 0.008720 
526579343202077 -0.000485 -0.006368 0.008720 
526579363773951 -0.000485 -0.006368 0.008720 
526579384344628 -0.000485 -0.006368 0.008720 
526579404915566 -0.000485 -0.006368 0.008720 
526579425486555 -0.000485 -0.006368 0.008720 
526579446057388 -0.000485 -0.006368 0.008720 
526579466626712 -0.000485 -0.006368 0.008720 
526579487197649 -0.000485 -0.006368 0.008720 
526579507768691 -0.000485 -0.006368 0.008720 
526579528338900 -0.000485 -0.006368 0.008720 
526579548909837 -0.000485 -0.006368 0.008720 
526579569480513 -0.000485 -0.006368 0.008720 
526579590052337 -0.000485 -0.006368 0.008720 
526579610622180 -0.000485 -0.006368 0.008720 
526579631193118 -0.000485 -0.006368 0.008720 
526579651763899 -0.000485 -0.006368 0.008720 
526579672334993 -0.000485 -0.006368 0.008720 
526579692905879 -0.000485 -0.006368 0.008720 
526579713476816 -0.000485 -0.006368 0.008720 
526579734047388 -0.000485 -0.006368 0.008720 
526579754618639 -0.000485 -0.006368 0.008720 
526579775189107 -0.000485 -0.006368 0.008720 
526579795760200 -0.000485 -0.006368 0.008720 
526579816330774 -0.000485 -0.006368 0.008720 
526579836902181 -0.000485 -0.006368 0.008720 
526579857472441 -0.000485 -0.006368 0.008720 
526579878047649 -0.000485 -0.006368 0.008720 
526579898615826 -0.000485 -0.006368 0.008720 
526579919185306 -0.000485 -0.006368 0.008720 
526579939756087 -0.000485 -0.006368 0.008720 
526579960327910 -0.000485 -0.006368 0.008720 
526579980898952 -0.000485 -0.006368 0.008720 
526580001468795 -0.000485 -0.006368 0.008720 
526580022039263 -0.000485 -0.006368 0.008720 
526580042611607 -0.000485 -0.006368 0.008720 
526580063181659 -0.000485 -0.006368 0.008720 
526580083753274 -0.000485 -0.006368 0.008720 
526580104323534 -0.000485 -0.006368 0.008720 
526580124894472 -0.000485 -0.006368 0.008720 
526580145465149 -0.000485 -0.006368 0.008720 
526580166035618 -0.000485 -0.006368 0.008720 
526580186606295 -0.000485 -0.006368 0.008720 
526580207176973 -0.000485 -0.006368 0.008720 
526580227747858 -0.000485 -0.006368 0.008720 
526580248318742 -0.000485 -0.006368 0.008720 
526580268889940 -0.000485 -0.006368 0.008720 
526580289460305 -0.000485 -0.006368 0.008720 
526580310033170 -0.000485 -0.006368 0.008720 
526580330603691 -0.000485 -0.006368 0.008720 
526580351174159 -0.000485 -0.006368 0.008720 
526580371744576 -0.000485 -0.006368 0.008720 
526580392316503 -0.000485 -0.006368 0.008720 
526580412888065 -0.000485 -0.006368 0.008720 
526580433457649 -0.000485 -0.006368 0.008720 
526580454028117 -0.000485 -0.006368 0.008720 
526580474598638 -0.000485 -0.006368 0.008720 
526580495169107 -0.000485 -0.006368 0.008720 
526580515740253 -0.000485 -0.006368 0.008720 
526580536311034 -0.000485 -0.006368 0.008720 
526580556881920 -0.000485 -0.006368 0.008720 
526580577452493 -0.000485 -0.006368 0.008720 
526580598024524 -0.000485 -0.006368 0.008720 
526580618594888 -0.000485 -0.006368 0.008720 
526580639167232 -0.000485 -0.006368 0.008720 
526580659735357 -0.000485 -0.006368 0.008720 
526580680307858 -0.000485 -0.006368 0.008720 
526580700878691 -0.000485 -0.006368 0.008720 
526580721449263 -0.000485 -0.006368 0.008720 
526580742019940 -0.000485 -0.006368 0.008720 
526580762590825 -0.000485 -0.006368 0.008720 
526580783161816 -0.000485 -0.006368 0.008720 
526580803733430 -0.000485 -0.006368 0.008720 
526580824303377 -0.000485 -0.006368 0.008720 
526580844874680 -0.000485 -0.006368 0.008720 
526580865446971 -0.000485 -0.006368 0.008720 
526580886017231 -0.000485 -0.006368 0.008720 
526580906588066 -0.000485 -0.006368 0.008720 
526580927159211 -0.000485 -0.006368 0.008720 
526580947729680 -0.000485 -0.006368 0.008720 
526580968300149 -0.000485 -0.006368 0.008720 
526580988873326 -0.000485 -0.006368 0.008720 
526581009440930 -0.000485 -0.006368 0.008720 
526581030012075 -0.000485 -0.006368 0.008720 
526581050582961 -0.000485 -0.006368 0.008720 
526581071154159 -0.000485 -0.006368 0.008720 
526581091724471 -0.000485 -0.006368 0.008720 
526581112295565 -0.000485 -0.006368 0.008720 
526581132866138 -0.000485 -0.006368 0.008720 
526581153438222 -0.000485 -0.006368 0.008720 
526581174008638 -0.000485 -0.006368 0.008720 
526581194579524 -0.000485 -0.006368 0.008720 
526581215149941 -0.000485 -0.006368 0.008720 
526581235723117 -0.000485 -0.006368 0.008720 
526581256292284 -0.000485 -0.006368 0.008720 
526581276864419 -0.000485 -0.006368 0.008720 
526581297432649 -0.000485 -0.006368 0.008720 
526581318004992 -0.000485 -0.006368 0.008720 
526581338575253 -0.000485 -0.006368 0.008720 
526581359146294 -0.000485 -0.006368 0.008720 
526581379716659 -0.000485 -0.006368 0.008720 
526581400288482 -0.000485 -0.006368 0.008720 
526581420858898 -0.000485 -0.006368 0.008720 
526581441430929 -0.000485 -0.006368 0.008720 
526581462001867 -0.000485 -0.006368 0.008720 
526581482571868 -0.000485 -0.006368 0.008720 
526581503142701 -0.000485 -0.006368 0.008720 
526581523713951 -0.000485 -0.006368 0.008720 
526581544284367 -0.000485 -0.006368 0.008720 
526581564855357 -0.000485 -0.006368 0.008720 
526581585426242 -0.000485 -0.006368 0.008720 
526581605996919 -0.000485 -0.006368 0.008720 
526581626567961 -0.000485 -0.006368 0.008720 
526581647138742 -0.000485 -0.006368 0.008720 
526581667710618 -0.000485 -0.006368 0.008720 
526581688280669 -0.000485 -0.006368 0.008720 
526581708852024 -0.000485 -0.006368 0.008720 
526581729422232 -0.000485 -0.006368 0.008720 
526581749992856 -0.000485 -0.006368 0.008720 
526581770563950 -0.000485 -0.006368 0.008720 
526581791135512 -0.000485 -0.006368 0.008720 
526581811705982 -0.000485 -0.006368 0.008720 
526581832277492 -0.000485 -0.006368 0.008720 
526581852847441 -0.000485 -0.006368 0.008720 
526581873419836 -0.000485 -0.006368 0.008720 
526581893990512 -0.000485 -0.006368 0.008720 
526581914562961 -0.000485 -0.006368 0.008720 
526581935132909 -0.000485 -0.006368 0.008720 
526581955704419 -0.000485 -0.006368 0.008720 
526581976273846 -0.000485 -0.006368 0.008720 
526581996845148 -0.000485 -0.006368 0.008720 
526582017415930 -0.000485 -0.006368 0.008720 
526582037986190 -0.000485 -0.006368 0.008720 
526582058556242 -0.000485 -0.006368 0.008720 
526582079127648 -0.000485 -0.006368 0.008720 
526582099698794 -0.000485 -0.006368 0.008720 
526582120272805 -0.000485 -0.006368 0.008720 
526582140840460 -0.000485 -0.006368 0.008720 
526582161410826 -0.000485 -0.006368 0.008720 
526582181981346 -0.000485 -0.006368 0.008720 
526582202552700 -0.000485 -0.006368 0.008720 
526582223123430 -0.000485 -0.006368 0.008720 
526582243696398 -0.000485 -0.006368 0.008720 
526582264266972 -0.000485 -0.006368 0.008720 
526582284837283 -0.000485 -0.006368 0.008720 
526582305408690 -0.000485 -0.006368 0.008720 
526582325979107 -0.000485 -0.006368 0.008720 
526582346551919 -0.000485 -0.006368 0.008720 
526582367120669 -0.000485 -0.006368 0.008720 
526582387691815 -0.000485 -0.006368 0.008720 
526582408262597 -0.000485 -0.006368 0.008720 
526582428832596 -0.000485 -0.006368 0.008720 
526582449404574 -0.000485 -0.006368 0.008720 
526582469974054 -0.000485 -0.006368 0.008720 
526582490544262 -0.000485 -0.006368 0.008720 
526582511115357 -0.000485 -0.006368 0.008720 
526582531685929 -0.000485 -0.006368 0.008720 
526582552257231 -0.000485 -0.006368 0.008720 
526582572827804 -0.000485 -0.006368 0.008720 
526582593398950 -0.000485 -0.006368 0.008720 
526582613969523 -0.000485 -0.006368 0.008720 
526582634541190 -0.000485 -0.006368 0.008720 
526582655112128 -0.000485 -0.006368 0.008720 
526582675684940 -0.000485 -0.006368 0.008720 
526582696253586 -0.000485 -0.006368 0.008720 
526582716824575 -0.000485 -0.006368 0.008720 
526582737395095 -0.000485 -0.006368 0.008720 
526582757966971 -0.000485 -0.006368 0.008720 
526582778537232 -0.000485 -0.006368 0.008720 
526582799107492 -0.000485 -0.006368 0.008720 
526582819678430 -0.000485 -0.006368 0.008720 
526582840250200 -0.000485 -0.006368 0.008720 
526582860820461 -0.000485 -0.006368 0.008720 
526582881391814 -0.000485 -0.006368 0.008720 
526582901962804 -0.000485 -0.006368 0.008720 
526582922535773 -0.000485 -0.006368 0.008720 
526582943105304 -0.000485 -0.006368 0.008720 
526582963674576 -0.000485 -0.006368 0.008720 
526582984245201 -0.000485 -0.006368 0.008720 
526583004816294 -0.000485 -0.006368 0.008720 
526583025387700 -0.000485 -0.006368 0.008720 
526583045957960 -0.000485 -0.006368 0.008720 
526583066529211 -0.000485 -0.006368 0.008720 
526583087099940 -0.000485 -0.006368 0.008720 
526583107672075 -0.000485 -0.006368 0.008720 
526583128242960 -0.000485 -0.006368 0.008720 
526583148813168 -0.000485 -0.006368 0.008720 
526583169384679 -0.000485 -0.006368 0.008720 
526583189954679 -0.000485 -0.006368 0.008720 
526583210525772 -0.000485 -0.006368 0.008720 
526583231097179 -0.000485 -0.006368 0.008720 
526583251667439 -0.000485 -0.006368 0.008720 
526583272239367 -0.000485 -0.006368 0.008720 
526583292809367 -0.000485 -0.006368 0.008720 
526583313380043 -0.000485 -0.006368 0.008720 
526583333950565 -0.000485 -0.006368 0.008720 
526583354523533 -0.000485 -0.006368 0.008720 
526583375093742 -0.000485 -0.006368 0.008720 
526583395664522 -0.000485 -0.006368 0.008720 
526583416235876 -0.000485 -0.006368 0.008720 
526583436806658 -0.000485 -0.006368 0.008720 
526583457377387 -0.000485 -0.006368 0.008720 
526583477948429 -0.000485 -0.006368 0.008720 
526583498517543 -0.000485 -0.006368 0.008720 
526583519088845 -0.000485 -0.006368 0.008720 
526583539660044 -0.000485 -0.006368 0.008720 
526583560231502 -0.000485 -0.006368 0.008720 
526583580801450 -0.000485 -0.006368 0.008720 
526583601373325 -0.000485 -0.006368 0.008720 
526583621942856 -0.000485 -0.006368 0.008720 
526583642513533 -0.000485 -0.006368 0.008720 
526583663084314 -0.000485 -0.006368 0.008720 
526583683655460 -0.000485 -0.006368 0.008720 
526583704225825 -0.000485 -0.006368 0.008720 
526583724796710 -0.000485 -0.006368 0.008720 
526583745367856 -0.000485 -0.006368 0.008720 
526583765938480 -0.000485 -0.006368 0.008720 
526583786509679 -0.000485 -0.006368 0.008720 
526583807080304 -0.000485 -0.006368 0.008720 
526583827651345 -0.000485 -0.006368 0.008720 
526583848222075 -0.000485 -0.006368 0.008720 
526583868793272 -0.000485 -0.006368 0.008720 
526583889363899 -0.000485 -0.006368 0.008720 
526583909934575 -0.000485 -0.006368 0.008720 
526583930505460 -0.000485 -0.006368 0.008720 
526583951076763 -0.000485 -0.006368 0.008720 
526583971647491 -0.000485 -0.006368 0.008720 
526583992218950 -0.000485 -0.006368 0.008720 
526584012789210 -0.000485 -0.006368 0.008720 
526584033362335 -0.000485 -0.006368 0.008720 
526584053932804 -0.000485 -0.006368 0.008720 
526584074502700 -0.000485 -0.006368 0.008720 
526584095073221 -0.000485 -0.006368 0.008720 
526584115644210 -0.000485 -0.006368 0.008720 
526584136214418 -0.000485 -0.006368 0.008720 
526584156786919 -0.000485 -0.006368 0.008720 
526584177356710 -0.000485 -0.006368 0.008720 
526584197929262 -0.000485 -0.006368 0.008720 
526584218499992 -0.000485 -0.006368 0.008720 
526584239069210 -0.000485 -0.006368 0.008720 
526584259640096 -0.000485 -0.006368 0.008720 
526584280210981 -0.000485 -0.006368 0.008720 
