# Created at Thu Nov 07 19:35:34 EST 2019 in Burnaby Canada 
526577930916192 72.485916 183.850754 -60.237659 
526577951129056 70.403397 185.660522 -60.062553 
526577970921244 71.743118 184.548691 -60.230011 
526577990921035 70.079453 185.375397 -61.904732 
526578010921868 71.313850 185.247055 -58.841553 
526578030922441 70.834312 184.667191 -60.067383 
526578050922337 71.597565 184.685730 -59.767231 
526578070921921 71.748138 184.544418 -59.461258 
526578090922493 72.835716 186.021973 -61.777199 
526578110922493 69.466400 184.481964 -59.131710 
526578130918223 72.540604 186.299469 -61.466640 
526578150922650 70.876228 186.099319 -59.298031 
526578170922129 72.049614 184.555084 -59.925449 
526578190922077 70.682381 184.516068 -59.450970 
526578210922337 71.768944 185.554169 -60.229588 
526578230922129 70.432915 186.809647 -60.062073 
526578250921712 71.122719 184.248642 -60.839252 
526578270922129 71.127747 184.244370 -60.070503 
526578290921973 69.937561 184.775391 -58.059750 
526578310922025 70.698166 185.530090 -60.988049 
526578330915723 69.944969 185.943314 -61.441769 
526578350923015 71.159271 185.391785 -59.762524 
526578370922442 69.629738 185.357269 -60.824070 
526578390922650 71.938972 186.130234 -59.769573 
526578410921869 71.768944 185.554169 -60.229588 
526578430922025 71.584488 184.256516 -60.074913 
526578450922546 72.070427 185.564835 -60.693779 
526578470922546 71.293739 184.823822 -60.225479 
526578490922181 71.567055 183.977783 -61.612534 
526578510922025 70.241417 185.517944 -60.983639 
526578530916035 71.920525 185.412033 -59.769871 
526578550921973 72.089531 185.988907 -59.463600 
526578570922129 72.663666 185.007339 -60.853653 
526578590922858 71.285698 184.830658 -61.455479 
526578610922337 71.112984 183.669800 -60.070744 
526578630921921 70.217598 184.510757 -60.676559 
526578650922546 71.351097 186.976715 -59.917080 
526578670922025 71.957420 186.848434 -59.769272 
526578690921452 69.642143 185.640274 -60.055202 
526578710921921 71.012718 185.529648 -59.453491 
526578730915878 70.222618 184.506485 -59.907810 
526578750922858 70.366493 184.224121 -60.063152 
526578770922337 71.780014 185.985077 -60.229408 
526578790922181 69.955017 185.934769 -59.904270 
526578810924629 71.574753 183.677673 -59.306400 
526578830924629 70.404411 186.099991 -61.599873 
526578850921920 70.965424 183.808533 -59.915459 
526578870915670 71.140823 184.673584 -59.762821 
526578890916243 70.810486 183.659988 -59.760303 
526578910922389 71.602943 184.974716 -60.074612 
526578930916816 70.834312 184.667191 -60.067383 
526578951211504 69.316170 184.916534 -60.513813 
526578970923223 72.365204 185.434433 -61.619282 
526578990923431 71.004684 185.536484 -60.683491 
526579010925046 70.702850 185.232559 -59.143169 
526579030918640 71.299782 185.259018 -60.994049 
526579050916139 70.822899 183.943008 -58.991432 
526579070915827 71.136139 184.971115 -61.607700 
526579090918638 71.295403 184.528854 -58.841850 
526579110919159 72.353790 184.710251 -60.543331 
526579130917701 71.752159 184.541000 -58.846260 
526579150918847 71.295746 184.822113 -59.917980 
526579170930826 70.369164 183.928299 -58.525772 
526579190930826 70.935905 182.659409 -59.915939 
526579210916452 70.194122 183.796829 -61.445610 
526579230920410 70.696808 184.797363 -58.374599 
526579250916971 70.852760 185.385391 -60.067081 
526579270915983 70.398018 185.371536 -59.755173 
526579290916921 70.816200 184.242249 -61.143810 
526579310922597 71.180733 186.107422 -59.300972 
526579330916243 70.225632 184.503922 -59.446560 
526579350923014 70.723305 185.949036 -58.835373 
526579370924108 70.881256 186.095047 -58.529282 
526579390923795 72.096909 186.276199 -59.463478 
526579410917701 70.990906 184.520752 -58.838909 
526579430918066 70.719284 185.952454 -59.450371 
526579450920097 69.642143 185.640274 -60.055202 
526579470918430 71.038544 186.535126 -59.453068 
526579490916191 70.700836 185.234268 -59.450668 
526579510919212 71.339043 186.986969 -61.762081 
526579530929212 70.726006 186.533859 -60.680130 
526579550929212 69.330261 185.344894 -60.052383 
526579570915982 69.965416 186.219498 -59.442898 
526579590915357 70.876228 186.099319 -59.298031 
526579610915878 69.671661 186.789398 -60.054722 
526579630915930 70.952042 188.970398 -58.989334 
526579650921920 70.110298 186.376602 -61.135559 
526579670922128 68.498260 188.333603 -59.427299 
526579690922493 71.294762 185.263290 -61.762798 
526579710922233 68.781647 187.919327 -60.967918 
526579730916242 70.268272 186.962891 -62.520538 
526579750921763 70.175362 188.229401 -58.521030 
526579770915670 68.645164 188.488998 -60.812462 
526579790915670 70.488602 189.257507 -61.137302 
526579810915826 69.392990 187.786774 -60.051361 
526579830915670 69.300430 189.786835 -58.819050 
526579850922077 70.180740 188.958694 -60.519482 
526579870915358 69.718613 188.217255 -58.516621 
526579890919784 68.923836 187.491608 -60.815823 
526579910917076 69.994278 187.662735 -60.672298 
526579930916347 69.399033 188.221970 -60.819931 
526579951123274 68.046898 189.050766 -61.421341 
526579970916764 69.219948 187.213272 -60.972630 
526579990917233 68.008980 187.174896 -59.884621 
526580010916399 68.020050 187.605820 -59.884441 
526580030915826 68.020050 187.605820 -59.884441 
526580050922076 70.006676 187.945740 -59.903431 
526580070922597 69.214928 187.217545 -61.741379 
526580090923013 70.257515 185.944580 -60.214710 
526580110922961 70.416817 186.382996 -60.831001 
526580130917181 70.403397 185.660522 -60.062553 
526580150923170 70.695816 185.238541 -60.219418 
526580170916347 70.389961 184.938049 -59.294102 
526580190916295 71.758896 185.562714 -61.767090 
526580210915827 72.081497 185.995743 -60.693600 
526580230917598 73.865532 183.732422 -58.252201 
526580250915982 74.214661 185.757492 -59.330551 
526580270915982 74.641548 184.327240 -58.259312 
526580290915566 75.669067 183.067108 -59.038891 
526580310915097 73.944321 180.716629 -57.639931 
526580330917337 74.237740 180.293808 -57.643051 
526580350923587 74.965118 179.315430 -58.880821 
526580370922388 75.586868 179.467560 -57.502892 
526580390922388 76.924911 178.210388 -57.362911 
526580410924315 75.521469 177.321518 -59.041294 
526580430924993 75.925880 175.176514 -58.585350 
526580450923065 76.239426 175.176895 -57.204540 
526580470923378 75.314201 175.015823 -58.425781 
526580490916086 76.265915 175.888260 -55.974243 
526580510921867 77.003693 175.194595 -56.750641 
526580530919003 75.662971 176.747589 -58.428001 
526580550922284 76.412804 176.043640 -57.359402 
526580570916034 76.920547 177.920563 -56.901779 
526580590916191 77.243492 178.646866 -56.904419 
526580610916243 78.923927 178.393021 -54.921959 
526580630916243 79.342445 177.116669 -55.695660 
526580650917440 80.798180 174.278397 -54.635311 
526580670915826 81.098656 174.289917 -55.253254 
526580690916503 81.723106 175.467194 -57.411152 
526580710922337 82.501442 175.472916 -54.804752 
526580730916086 81.712006 174.155640 -54.029190 
526580750922336 81.868950 174.302475 -53.876850 
526580770922440 83.352539 172.908279 -54.199650 
526580790922336 82.577522 171.872269 -52.347721 
526580810923117 83.881340 168.882889 -50.670963 
526580830916190 86.125793 166.335037 -46.542839 
526580850916242 84.888367 166.025620 -48.376198 
526580870916503 84.090851 163.834534 -45.448502 
526580890917179 86.217667 163.748444 -45.622890 
526580910916659 82.227974 162.788986 -46.968781 
526580930917545 83.561661 161.241989 -46.367672 
526580951131138 81.354019 158.461258 -47.270729 
526580970916607 80.423767 158.304428 -49.260719 
526580990916607 80.702400 156.426407 -45.881943 
526581010915565 81.508949 158.609802 -47.425892 
526581030974888 80.566940 157.435516 -47.263802 
526581050915929 81.085396 159.450089 -45.729870 
526581070923065 81.866119 160.627991 -47.274239 
526581090922284 82.298698 159.339706 -45.895443 
526581110922128 83.211868 159.511063 -46.519199 
526581130915670 83.848053 160.825150 -47.447041 
526581150922336 82.163582 160.642075 -48.353428 
526581170922909 82.037155 161.203186 -46.660473 
526581190922596 82.800407 161.221725 -46.360321 
526581210922441 82.429153 158.775177 -46.973400 
526581230919055 82.886215 158.199936 -44.671799 
526581250922909 81.986160 159.338440 -47.122501 
526581270916502 81.157509 157.173843 -48.961052 
526581290915096 81.902313 156.474182 -48.661201 
526581310915565 79.739639 156.003647 -51.715801 
526581330916554 80.206444 156.007263 -50.182713 
526581350915982 77.894196 155.236847 -51.698463 
526581370919523 79.527351 153.702225 -51.869041 
526581390915930 77.180214 151.493713 -53.077892 
526581410916816 73.997055 152.277359 -54.276661 
526581430916346 73.955139 150.845230 -55.046013 
526581450916659 71.988960 151.221786 -54.719223 
526581470923533 71.461098 148.481339 -54.869701 
526581490923482 69.173340 148.864319 -57.153721 
526581510923065 68.415108 148.841507 -56.685123 
526581530917024 68.378212 147.405106 -56.685722 
526581550922597 67.513336 148.954010 -55.446243 
526581570916607 64.754379 148.162918 -55.420082 
526581590918378 64.152107 148.728104 -56.643963 
526581610917023 65.972733 148.488571 -56.507973 
526581630915825 64.731911 147.448135 -56.035381 
526581650916659 64.443192 148.454056 -57.569519 
526581670916451 65.179260 146.734406 -54.656342 
526581690930409 64.769455 148.150085 -53.113831 
526581710930409 65.372749 147.584030 -51.736198 
526581730916347 66.292953 147.749405 -51.283714 
526581750922128 66.424072 146.890762 -51.131790 
526581770916242 68.282249 147.793503 -49.765320 
526581790922596 70.103889 147.553116 -49.475578 
526581810922700 70.725616 147.705261 -48.097652 
526581830923013 71.819878 148.443268 -46.570141 
526581850923066 71.968414 147.863342 -44.880600 
526581870922961 74.121727 148.928940 -45.515762 
526581890924210 72.440598 148.596268 -45.345959 
526581910924106 71.680367 149.015488 -46.875931 
526581930921555 71.245422 150.012222 -47.486099 
526581950924888 71.548615 150.608566 -49.948799 
526581970917544 70.203514 151.431396 -49.473961 
526581990917075 70.041542 151.288834 -50.395050 
526582010918221 68.690071 151.823532 -49.766579 
526582030920305 70.389336 153.461792 -52.242092 
526582050919003 71.636177 154.497116 -51.792179 
526582070919106 70.260223 154.318710 -52.086514 
526582090916919 68.911118 155.144989 -52.226669 
526582110917128 69.305138 152.715240 -52.232101 
526582130924055 70.061356 152.739761 -53.008202 
526582150917023 72.661674 152.798355 -51.188190 
526582170920251 71.311523 153.185135 -49.791027 
526582190916138 71.922874 153.052567 -48.874470 
526582210923273 72.825630 152.498871 -48.268528 
526582230917024 72.817589 152.505722 -49.498531 
526582250918220 73.591904 152.514862 -47.507130 
526582270918482 76.557785 155.318420 -47.072674 
526582290918012 74.850830 153.980240 -46.903290 
526582310918221 73.270622 151.493591 -46.120861 
526582330919003 70.155212 149.711136 -50.089684 
526582350920253 69.541504 149.111832 -48.546543 
526582370917440 68.338242 149.213654 -46.843472 
526582390917440 68.248024 146.061279 -48.228539 
526582410917440 65.990105 147.005997 -48.206070 
526582430917440 65.509186 145.693405 -46.818451 
526582450919054 65.509186 145.693405 -46.818451 
526582470918168 65.495766 144.970932 -46.049999 
526582490915460 66.267403 145.275909 -45.595982 
526582510922179 66.241577 144.270416 -45.596401 
526582530915929 65.511185 145.251389 -44.819881 
526582550922127 67.010208 144.577957 -45.603630 
526582570922335 68.553825 145.040802 -44.080650 
526582590922439 70.368393 143.925766 -41.485020 
526582610922179 71.885521 143.677261 -41.192341 
526582630923533 71.493843 145.958221 -40.264469 
526582650923013 72.506599 144.123535 -41.044289 
526582670922961 74.192749 144.451950 -40.445343 
526582690916295 72.262466 146.265762 -40.271702 
526582710916243 71.623299 145.394577 -41.496181 
526582730916658 72.197731 143.825592 -40.580219 
526582750915512 71.766472 144.525635 -39.499260 
526582770915930 71.429100 143.518051 -40.572990 
526582790915930 70.220840 144.064499 -41.329739 
526582810916451 71.586395 143.958176 -41.496780 
526582830917388 72.691048 145.421204 -41.198971 
526582850916711 72.223564 144.831070 -40.579800 
526582870918377 72.349655 143.976715 -41.196632 
526582890918638 73.381165 142.272812 -39.670143 
526582910922700 72.937523 143.130203 -41.049118 
526582930923273 70.372406 143.922348 -40.870022 
526582951131398 72.608849 141.821640 -39.662971 
526582970916346 72.503899 143.538696 -39.199532 
526582990921763 71.436485 143.805344 -40.572868 
526583010915930 72.209793 143.815323 -38.735218 
526583030915774 71.118225 143.221832 -40.416420 
526583050918012 70.996819 143.778656 -37.954708 
526583070915616 71.572624 142.942413 -39.652203 
526583090922232 71.551506 142.520065 -41.189880 
526583110915721 71.764465 144.527344 -39.806759 
526583130937283 72.655800 143.249496 -38.124870 
526583150937283 71.538078 141.797592 -40.421432 
526583170917335 72.953613 143.556839 -40.280190 
526583190917543 71.427071 143.079437 -39.189423 
526583210916189 72.184311 143.103104 -39.811768 
526583230923116 73.126999 144.423599 -40.435051 
526583250923116 72.949577 143.119934 -39.204121 
526583270923220 74.007950 142.860992 -39.214531 
526583290922596 73.381165 142.272812 -39.670143 
526583310922596 71.887177 142.941956 -38.117641 
526583330916190 72.488815 143.111206 -39.814709 
526583350922388 74.155846 143.015549 -40.445942 
526583370918481 71.099434 142.210342 -39.340591 
526583390917596 72.968369 144.131409 -40.279949 
526583410917439 72.629974 142.244003 -38.125290 
526583430918116 72.178940 142.814102 -39.504391 
526583450954106 71.724197 142.800247 -39.192482 
526583470917700 71.720184 142.803665 -39.807480 
526583490927022 72.153450 142.101898 -40.580940 
526583510927022 72.483437 142.822205 -39.507328 
526583530916919 71.932465 145.105103 -39.654240 
526583550919002 73.105530 143.707962 -40.896603 
526583570917283 72.898262 141.402237 -40.281090 
526583590916762 72.634331 142.533859 -38.586422 
526583610915773 72.958641 143.552551 -39.511440 
526583630915825 73.242683 142.844162 -39.822178 
526583650922752 70.651413 142.777893 -40.258438 
526583670922179 71.585030 143.225433 -38.883331 
526583690922596 71.897583 143.666992 -39.347343 
526583710921919 72.945564 143.123352 -39.819118 
526583730915304 72.891228 141.408218 -41.357338 
526583750921867 73.362717 141.554611 -39.670441 
526583770915459 71.344231 140.214340 -40.574368 
526583790916136 73.386192 142.268539 -38.901390 
526583810916762 72.638367 142.970749 -39.662491 
526583830915408 71.823784 140.794189 -39.348541 
526583850916398 73.208138 141.699341 -40.591408 
526583870916398 72.458603 141.375549 -37.662930 
526583890919524 73.191696 140.979431 -40.284210 
526583910915409 72.267105 140.083893 -38.584503 
526583930915721 72.619919 142.252548 -39.662792 
526583951129419 73.703789 143.146179 -40.287720 
526583970922595 72.501892 143.540405 -39.507030 
526583990921970 70.792923 142.203949 -39.645153 
526584010921814 71.092400 142.216339 -40.416840 
526584030915929 72.453575 141.379822 -38.431683 
526584050923845 72.359703 143.968155 -39.659130 
526584070924106 72.627296 142.539841 -39.662670 
526584090916033 72.183968 142.809830 -38.735641 
526584110922596 70.743965 140.777817 -41.490749 
526584130915877 72.922081 142.409439 -40.588169 
526584150922283 71.101784 142.501923 -40.109222 
526584170916606 73.076675 142.264709 -39.667202 
526584190922648 72.324814 142.530045 -39.352234 
526584210917231 73.226585 142.417542 -40.591110 
526584230917231 70.944496 142.061798 -39.185432 
526584250923533 72.288574 140.799515 -38.122952 
526584270922387 74.730637 141.739838 -40.606110 
526584290923272 70.818405 142.916168 -38.568604 
