# Created at Thu Nov 07 19:35:34 EST 2019 in Burnaby Canada 
526577930916192 31.712448 -1.692871 -49.871983 
526577951129056 29.629929 0.116898 -49.696877 
526577970921244 30.969650 -0.994934 -49.864334 
526577990921035 29.305984 -0.168228 -51.539055 
526578010921868 30.540382 -0.296570 -48.475876 
526578030922441 30.060844 -0.876434 -49.701706 
526578050922337 30.824097 -0.857895 -49.401554 
526578070921921 30.974670 -0.999207 -49.095581 
526578090922493 32.062248 0.478348 -51.411522 
526578110922493 28.692932 -1.061661 -48.766033 
526578130918223 31.767136 0.755844 -51.100964 
526578150922650 30.102760 0.555695 -48.932354 
526578170922129 31.276146 -0.988541 -49.559772 
526578190922077 29.908913 -1.027557 -49.085293 
526578210922337 30.995476 0.010544 -49.863911 
526578230922129 29.659447 1.266022 -49.696396 
526578250921712 30.349251 -1.294983 -50.473576 
526578270922129 30.354279 -1.299255 -49.704826 
526578290921973 29.164093 -0.768234 -47.694073 
526578310922025 29.924698 -0.013535 -50.622372 
526578330915723 29.171501 0.399689 -51.076092 
526578350923015 30.385803 -0.151840 -49.396847 
526578370922442 28.856270 -0.186356 -50.458393 
526578390922650 31.165504 0.586609 -49.403896 
526578410921869 30.995476 0.010544 -49.863911 
526578430922025 30.811020 -1.287109 -49.709236 
526578450922546 31.296959 0.021210 -50.328102 
526578470922546 30.520271 -0.719803 -49.859802 
526578490922181 30.793587 -1.565842 -51.246857 
526578510922025 29.467949 -0.025681 -50.617962 
526578530916035 31.147057 -0.131592 -49.404194 
526578550921973 31.316063 0.445282 -49.097923 
526578570922129 31.890198 -0.536285 -50.487976 
526578590922858 30.512230 -0.712967 -51.089802 
526578610922337 30.339516 -1.873825 -49.705067 
526578630921921 29.444130 -1.032867 -50.310883 
526578650922546 30.577629 1.433090 -49.551403 
526578670922025 31.183952 1.304810 -49.403595 
526578690921452 28.868675 0.096649 -49.689526 
526578710921921 30.239250 -0.013977 -49.087814 
526578730915878 29.449150 -1.037140 -49.542133 
526578750922858 29.593025 -1.319504 -49.697475 
526578770922337 31.006546 0.441452 -49.863731 
526578790922181 29.181549 0.391144 -49.538593 
526578810924629 30.801285 -1.865952 -48.940723 
526578830924629 29.630943 0.556366 -51.234196 
526578850921920 30.191956 -1.735092 -49.549782 
526578870915670 30.367355 -0.870041 -49.397144 
526578890916243 30.037018 -1.883636 -49.394627 
526578910922389 30.829475 -0.568909 -49.708935 
526578930916816 30.060844 -0.876434 -49.701706 
526578951211504 28.542702 -0.627090 -50.148136 
526578970923223 31.591736 -0.109192 -51.253605 
526578990923431 30.231216 -0.007141 -50.317814 
526579010925046 29.929382 -0.311066 -48.777493 
526579030918640 30.526314 -0.284607 -50.628372 
526579050916139 30.049431 -1.600616 -48.625755 
526579070915827 30.362671 -0.572510 -51.242023 
526579090918638 30.521935 -1.014771 -48.476173 
526579110919159 31.580322 -0.833374 -50.177654 
526579130917701 30.978691 -1.002625 -48.480583 
526579150918847 30.522278 -0.721512 -49.552303 
526579170930826 29.595695 -1.615326 -48.160095 
526579190930826 30.162437 -2.884216 -49.550262 
526579210916452 29.420654 -1.746796 -51.079933 
526579230920410 29.923340 -0.746262 -48.008923 
526579250916971 30.079292 -0.158234 -49.701405 
526579270915983 29.624550 -0.172089 -49.389496 
526579290916921 30.042732 -1.301376 -50.778133 
526579310922597 30.407265 0.563797 -48.935295 
526579330916243 29.452164 -1.039703 -49.080883 
526579350923014 29.949837 0.405411 -48.469696 
526579370924108 30.107788 0.551422 -48.163605 
526579390923795 31.323441 0.732574 -49.097801 
526579410917701 30.217438 -1.022873 -48.473232 
526579430918066 29.945816 0.408829 -49.084694 
526579450920097 28.868675 0.096649 -49.689526 
526579470918430 30.265076 0.991501 -49.087391 
526579490916191 29.927368 -0.309357 -49.084991 
526579510919212 30.565575 1.443344 -51.396404 
526579530929212 29.952538 0.990234 -50.314453 
526579550929212 28.556793 -0.198730 -49.686707 
526579570915982 29.191948 0.675873 -49.077221 
526579590915357 30.102760 0.555695 -48.932354 
526579610915878 28.898193 1.245773 -49.689045 
526579630915930 30.178574 3.426773 -48.623657 
526579650921920 29.336830 0.832977 -50.769882 
526579670922128 27.724792 2.789978 -49.061623 
526579690922493 30.521294 -0.280334 -51.397121 
526579710922233 28.008179 2.375702 -50.602242 
526579730916242 29.494804 1.419266 -52.154861 
526579750921763 29.401894 2.685776 -48.155354 
526579770915670 27.871696 2.945374 -50.446785 
526579790915670 29.715134 3.713882 -50.771626 
526579810915826 28.619522 2.243149 -49.685684 
526579830915670 28.526962 4.243210 -48.453373 
526579850922077 29.407272 3.415070 -50.153805 
526579870915358 28.945145 2.673630 -48.150944 
526579890919784 28.150368 1.947983 -50.450146 
526579910917076 29.220810 2.119110 -50.306622 
526579930916347 28.625565 2.678345 -50.454254 
526579951123274 27.273430 3.507141 -51.055664 
526579970916764 28.446480 1.669647 -50.606953 
526579990917233 27.235512 1.631271 -49.518944 
526580010915930 27.246582 2.062195 -49.518764 
526580030915826 27.246582 2.062195 -49.518764 
526580050922076 29.233208 2.402115 -49.537754 
526580070922597 28.441460 1.673920 -51.375702 
526580090923013 29.484047 0.400955 -49.849033 
526580110922961 29.643349 0.839371 -50.465324 
526580130917181 29.629929 0.116898 -49.696877 
526580150923170 29.922348 -0.305084 -49.853741 
526580170916347 29.616493 -0.605576 -48.928425 
526580190916295 30.985428 0.019089 -51.401413 
526580210915827 31.308029 0.452118 -50.327923 
526580230917598 33.092064 -1.811203 -47.886524 
526580250915982 33.441193 0.213867 -48.964874 
526580270915982 33.868080 -1.216385 -47.893635 
526580290915566 34.895599 -2.476517 -48.673214 
526580310915097 33.170853 -4.826996 -47.274254 
526580330917337 33.464272 -5.249817 -47.277374 
526580350923587 34.191650 -6.228195 -48.515144 
526580370922388 34.813400 -6.076065 -47.137215 
526580390922388 36.151443 -7.333237 -46.997234 
526580410924315 34.748001 -8.222107 -48.675617 
526580430924993 35.152412 -10.367111 -48.219673 
526580450923065 35.465958 -10.366730 -46.838863 
526580470923378 34.540733 -10.527802 -48.060104 
526580490916086 35.492447 -9.655365 -45.608566 
526580510921867 36.230225 -10.349030 -46.384964 
526580530919003 34.889503 -8.796036 -48.062325 
526580550922284 35.639336 -9.499985 -46.993725 
526580570916034 36.147079 -7.623062 -46.536102 
526580590916191 36.470024 -6.896759 -46.538742 
526580610916243 38.150459 -7.150604 -44.556282 
526580630916243 38.568977 -8.426956 -45.329983 
526580650917440 40.024712 -11.265228 -44.269634 
526580670915826 40.325188 -11.253708 -44.887577 
526580690916503 40.949638 -10.076431 -47.045475 
526580710922337 41.727974 -10.070709 -44.439075 
526580730916086 40.938538 -11.387985 -43.663513 
526580750922336 41.095482 -11.241150 -43.511173 
526580770922440 42.579071 -12.635345 -43.833973 
526580790922336 41.804054 -13.671356 -41.982044 
526580810922805 43.107872 -16.660736 -40.305286 
526580830916190 45.352325 -19.208588 -36.177162 
526580850916242 44.114899 -19.518005 -38.010521 
526580870916503 43.317383 -21.709091 -35.082825 
526580890917179 45.444199 -21.795181 -35.257214 
526580910916659 41.454506 -22.754639 -36.603104 
526580930917545 42.788193 -24.301636 -36.001995 
526580951131138 40.580551 -27.082367 -36.905052 
526580970916607 39.650299 -27.239197 -38.895042 
526580990916607 39.928932 -29.117218 -35.516266 
526581010915565 40.735481 -26.933823 -37.060215 
526581030974888 39.793472 -28.108109 -36.898125 
526581050915929 40.311928 -26.093536 -35.364193 
526581070923065 41.092651 -24.915634 -36.908562 
526581090922284 41.525230 -26.203918 -35.529766 
526581110922128 42.438400 -26.032562 -36.153522 
526581130915670 43.074585 -24.718475 -37.081364 
526581150922336 41.390114 -24.901550 -37.987751 
526581170922909 41.263687 -24.340439 -36.294796 
526581190922596 42.026939 -24.321899 -35.994644 
526581210922441 41.655685 -26.768448 -36.607723 
526581230919055 42.112747 -27.343689 -34.306122 
526581250922909 41.212692 -26.205185 -36.756824 
526581270916502 40.384041 -28.369781 -38.595375 
526581290915096 41.128845 -29.069443 -38.295525 
526581310915565 38.966171 -29.539978 -41.350124 
526581330916554 39.432976 -29.536362 -39.817036 
526581350915982 37.120728 -30.306778 -41.332787 
526581370919107 38.753883 -31.841400 -41.503365 
526581390915930 36.406746 -34.049911 -42.712215 
526581410916816 33.223587 -33.266266 -43.910984 
526581430916346 33.181671 -34.698395 -44.680336 
526581450917388 31.215492 -34.321838 -44.353546 
526581470923533 30.687630 -37.062286 -44.504025 
526581490923482 28.399872 -36.679306 -46.788044 
526581510923065 27.641640 -36.702118 -46.319447 
526581530917024 27.604744 -38.138519 -46.320045 
526581550922597 26.739868 -36.589615 -45.080566 
526581570916607 23.980911 -37.380707 -45.054405 
526581590918378 23.378639 -36.815521 -46.278286 
526581610917023 25.199265 -37.055054 -46.142296 
526581630915825 23.958443 -38.095490 -45.669704 
526581650916659 23.669724 -37.089569 -47.203842 
526581670916451 24.405792 -38.809219 -44.290665 
526581690930409 23.995987 -37.393539 -42.748154 
526581710930409 24.599281 -37.959595 -41.370522 
526581730916347 25.519485 -37.794220 -40.918037 
526581750922128 25.650604 -38.652863 -40.766113 
526581770916242 27.508781 -37.750122 -39.399643 
526581790922596 29.330421 -37.990509 -39.109901 
526581810922700 29.952148 -37.838364 -37.731976 
526581830923013 31.046410 -37.100357 -36.204464 
526581850923066 31.194946 -37.680283 -34.514923 
526581870922961 33.348259 -36.614685 -35.150085 
526581890924210 31.667130 -36.947357 -34.980282 
526581910924106 30.906898 -36.528137 -36.510254 
526581930921555 30.471954 -35.531403 -37.120422 
526581950924888 30.775146 -34.935059 -39.583122 
526581970917544 29.430046 -34.112228 -39.108284 
526581990917075 29.268074 -34.254791 -40.029373 
526582010918221 27.916603 -33.720093 -39.400902 
526582030920305 29.615868 -32.081833 -41.876415 
526582050919003 30.862709 -31.046509 -41.426502 
526582070919106 29.486755 -31.224915 -41.720837 
526582090916919 28.137650 -30.398636 -41.860992 
526582110917128 28.531670 -32.828384 -41.866425 
526582130924055 29.287888 -32.803864 -42.642525 
526582150917023 31.888206 -32.745270 -40.822514 
526582170919627 30.538055 -32.358490 -39.425350 
526582190916138 31.149406 -32.491058 -38.508793 
526582210923273 32.052162 -33.044754 -37.902851 
526582230917024 32.044121 -33.037903 -39.132854 
526582250918220 32.818436 -33.028763 -37.141453 
526582270918482 35.784317 -30.225204 -36.706997 
526582290918012 34.077362 -31.563385 -36.537613 
526582310918221 32.497154 -34.050034 -35.755184 
526582330919003 29.381744 -35.832489 -39.724007 
526582350920253 28.768036 -36.431793 -38.180866 
526582370917440 27.564774 -36.329971 -36.477795 
526582390917440 27.474556 -39.482346 -37.862862 
526582410917440 25.216637 -38.537628 -37.840393 
526582430917440 24.735718 -39.850220 -36.452774 
526582450919054 24.735718 -39.850220 -36.452774 
526582470918168 24.722298 -40.572693 -35.684322 
526582490915460 25.493935 -40.267715 -35.230305 
526582510922179 25.468109 -41.273209 -35.230724 
526582530915929 24.737717 -40.292236 -34.454205 
526582550922127 26.236740 -40.965668 -35.237953 
526582570922335 27.780357 -40.502823 -33.714973 
526582590922439 29.594925 -41.617859 -31.119343 
526582610922179 31.112053 -41.866364 -30.826664 
526582630923533 30.720375 -39.585403 -29.898792 
526582650923013 31.733131 -41.420090 -30.678612 
526582670922961 33.419281 -41.091675 -30.079666 
526582690916295 31.488998 -39.277863 -29.906025 
526582710916243 30.849831 -40.149048 -31.130505 
526582730916658 31.424263 -41.718033 -30.214542 
526582750915512 30.993004 -41.017990 -29.133583 
526582770915930 30.655632 -42.025574 -30.207314 
526582790915930 29.447372 -41.479126 -30.964062 
526582810916294 30.812927 -41.585449 -31.131104 
526582830917388 31.917580 -40.122421 -30.833294 
526582850916711 31.450096 -40.712555 -30.214123 
526582870918377 31.576187 -41.566910 -30.830956 
526582890918638 32.607697 -43.270813 -29.304466 
526582910922700 32.164055 -42.413422 -30.683441 
526582930923273 29.598938 -41.621277 -30.504345 
526582951131398 31.835381 -43.721985 -29.297295 
526582970916346 31.730431 -42.004929 -28.833855 
526582990921763 30.663017 -41.738281 -30.207191 
526583010915930 31.436325 -41.728302 -28.369541 
526583030915774 30.344757 -42.321793 -30.050743 
526583050918012 30.223351 -41.764969 -27.589031 
526583070915616 30.799156 -42.601212 -29.286526 
526583090922232 30.778038 -43.023560 -30.824203 
526583110915721 30.990997 -41.016281 -29.441082 
526583130937283 31.882332 -42.294128 -27.759193 
526583150937283 30.764610 -43.746033 -30.055756 
526583170917335 32.180145 -41.986786 -29.914513 
526583190917543 30.653603 -42.464188 -28.823746 
526583210916189 31.410843 -42.440521 -29.446091 
526583230923116 32.353531 -41.120026 -30.069374 
526583250923116 32.176109 -42.423691 -28.838444 
526583270923220 33.234482 -42.682632 -28.848854 
526583290922596 32.607697 -43.270813 -29.304466 
526583310922596 31.113708 -42.601669 -27.751965 
526583330916190 31.715347 -42.432419 -29.449032 
526583350922388 33.382378 -42.528076 -30.080265 
526583370918481 30.325966 -43.333282 -28.974915 
526583390917596 32.194901 -41.412216 -29.914272 
526583410917439 31.856506 -43.299622 -27.759613 
526583430918116 31.405472 -42.729523 -29.138714 
526583450954106 30.950729 -42.743378 -28.826805 
526583470917700 30.946716 -42.739960 -29.441803 
526583490927022 31.379982 -43.441727 -30.215263 
526583510927022 31.709969 -42.721420 -29.141651 
526583530916919 31.158997 -40.438522 -29.288563 
526583550919002 32.332062 -41.835663 -30.530926 
526583570916501 32.124794 -44.141388 -29.915413 
526583590916762 31.860863 -43.009766 -28.220745 
526583610915773 32.185173 -41.991074 -29.145763 
526583630915825 32.469215 -42.699463 -29.456501 
526583650922752 29.877945 -42.765732 -29.892761 
526583670922179 30.811562 -42.318192 -28.517654 
526583690922596 31.124115 -41.876633 -28.981667 
526583710921919 32.172096 -42.420273 -29.453442 
526583730915304 32.117760 -44.135406 -30.991661 
526583750921867 32.589249 -43.989014 -29.304764 
526583770915459 30.570763 -45.329285 -30.208691 
526583790916136 32.612724 -43.275085 -28.535713 
526583810916762 31.864899 -42.572876 -29.296814 
526583830915408 31.050316 -44.749435 -28.982864 
526583850916398 32.434669 -43.844284 -30.225731 
526583870916398 31.685135 -44.168076 -27.297253 
526583890919524 32.418228 -44.564194 -29.918533 
526583910915409 31.493637 -45.459732 -28.218826 
526583930915721 31.846451 -43.291077 -29.297115 
526583951129419 32.930321 -42.397446 -29.922043 
526583970922595 31.728424 -42.003220 -29.141354 
526583990921970 30.019455 -43.339676 -29.279476 
526584010921814 30.318932 -43.327286 -30.051163 
526584030915929 31.680107 -44.163803 -28.066006 
526584050923845 31.586235 -41.575470 -29.293453 
526584070924106 31.853828 -43.003784 -29.296993 
526584090916033 31.410500 -42.733795 -28.369965 
526584110922596 29.970497 -44.765808 -31.125072 
526584130915877 32.148613 -43.134186 -30.222492 
526584150922283 30.328316 -43.041702 -29.743546 
526584170916606 32.303207 -43.278915 -29.301525 
526584190922648 31.551346 -43.013580 -28.986557 
526584210917231 32.453117 -43.126083 -30.225433 
526584230917231 30.171028 -43.481827 -28.819756 
526584250923533 31.515106 -44.744110 -27.757275 
526584270922387 33.957169 -43.803787 -30.240433 
526584290923272 30.044937 -42.627457 -28.202927 
