# Created at Thu Nov 07 19:35:34 EST 2019 in Burnaby Canada 
526577882672493 -0.113788 -0.089984 0.859057 0.490894 
526577903243275 -0.113835 -0.090032 0.859107 0.490787 
526577923813379 -0.113833 -0.090058 0.859114 0.490770 
526577944384160 -0.113800 -0.090070 0.859093 0.490812 
526577964956035 -0.113777 -0.090077 0.859078 0.490843 
526577985526868 -0.113741 -0.090071 0.859049 0.490902 
526578006097389 -0.113746 -0.090076 0.859054 0.490891 
526578026668223 -0.113789 -0.090092 0.859092 0.490812 
526578047239316 -0.113829 -0.090055 0.859110 0.490778 
526578067810149 -0.113871 -0.090066 0.859145 0.490704 
526578088380723 -0.113892 -0.090071 0.859162 0.490669 
526578108951556 -0.113907 -0.090057 0.859169 0.490657 
526578129522337 -0.113934 -0.090057 0.859189 0.490615 
526578150093171 -0.113882 -0.090022 0.859139 0.490721 
526578170664108 -0.113850 -0.090006 0.859110 0.490782 
526578191234941 -0.113845 -0.090036 0.859116 0.490768 
526578211805619 -0.113857 -0.090062 0.859133 0.490730 
526578232376452 -0.113882 -0.090050 0.859148 0.490700 
526578252947285 -0.113917 -0.090056 0.859176 0.490642 
526578273518119 -0.113950 -0.090090 0.859212 0.490565 
526578294089161 -0.113957 -0.090078 0.859213 0.490564 
526578314659994 -0.113968 -0.090074 0.859220 0.490549 
526578335231036 -0.113983 -0.090055 0.859225 0.490541 
526578355801869 -0.113970 -0.090056 0.859215 0.490561 
526578376372285 -0.113974 -0.090104 0.859234 0.490518 
526578396943119 -0.113988 -0.090109 0.859246 0.490494 
526578417513796 -0.113972 -0.090103 0.859232 0.490523 
526578438084629 -0.113973 -0.090073 0.859223 0.490543 
526578458655514 -0.113960 -0.090028 0.859199 0.490597 
526578479226348 -0.113946 -0.089976 0.859172 0.490657 
526578499797181 -0.114001 -0.090023 0.859228 0.490536 
526578520368014 -0.114021 -0.090042 0.859249 0.490493 
526578540939004 -0.113998 -0.090032 0.859229 0.490535 
526578561509837 -0.113978 -0.090023 0.859211 0.490573 
526578582080514 -0.113897 -0.089952 0.859127 0.490751 
526578602651348 -0.113751 -0.089927 0.859010 0.490994 
526578623222233 -0.113668 -0.089908 0.858942 0.491136 
526578643792962 -0.113523 -0.089843 0.858813 0.491408 
526578664363796 -0.113384 -0.090011 0.858763 0.491496 
526578684935045 -0.113218 -0.090166 0.858689 0.491635 
526578705505826 -0.112978 -0.090318 0.858559 0.491890 
526578726076608 -0.112762 -0.090541 0.858469 0.492055 
526578746647441 -0.112567 -0.090728 0.858384 0.492213 
526578767220514 -0.112441 -0.090867 0.858335 0.492302 
526578787791348 -0.112349 -0.090866 0.858266 0.492443 
526578808359628 -0.112264 -0.090850 0.858198 0.492585 
526578828930461 -0.112223 -0.090719 0.858125 0.492746 
526578849501816 -0.112282 -0.090427 0.858074 0.492873 
526578870072649 -0.112495 -0.090193 0.858158 0.492722 
526578890643795 -0.112602 -0.089923 0.858150 0.492762 
526578911214629 -0.112723 -0.089541 0.858117 0.492861 
526578931785879 -0.112752 -0.089388 0.858088 0.492932 
526578952356764 -0.112899 -0.089118 0.858110 0.492908 
526578972929265 -0.112917 -0.089245 0.858165 0.492786 
526578993500046 -0.112649 -0.089374 0.858007 0.493100 
526579014067910 -0.112698 -0.089508 0.858087 0.492924 
526579034638744 -0.112719 -0.089633 0.858143 0.492800 
526579055212805 -0.112571 -0.089789 0.858083 0.492908 
526579075783638 -0.112501 -0.089861 0.858055 0.492961 
526579096352962 -0.112475 -0.089873 0.858039 0.492992 
526579116923795 -0.112561 -0.090071 0.858167 0.492713 
526579137494472 -0.112500 -0.090213 0.858168 0.492700 
526579158065306 -0.112340 -0.090362 0.858096 0.492833 
526579178635254 -0.112377 -0.090683 0.858228 0.492538 
526579199206139 -0.112232 -0.090811 0.858161 0.492664 
526579219776400 -0.112060 -0.091048 0.858109 0.492750 
526579240347233 -0.112144 -0.091589 0.858345 0.492218 
526579260918847 -0.112423 -0.091591 0.857584 0.493480 
526579281489681 -0.112072 -0.091899 0.856257 0.495800 
526579302060410 -0.111166 -0.093244 0.855493 0.497070 
526579322631243 -0.111027 -0.095107 0.855380 0.496943 
526579343202962 -0.111138 -0.096705 0.855557 0.496305 
526579363773847 -0.110358 -0.097892 0.854923 0.497337 
526579384344680 -0.110763 -0.097071 0.854383 0.498335 
526579404915722 -0.111291 -0.098630 0.855045 0.496774 
526579425486555 -0.110147 -0.099609 0.853849 0.498886 
526579446055982 -0.110161 -0.100076 0.853095 0.500078 
526579466626816 -0.109859 -0.101364 0.852597 0.500734 
526579487197181 -0.109619 -0.101743 0.852292 0.501228 
526579507768014 -0.109232 -0.102024 0.851991 0.501767 
526579528338847 -0.108603 -0.102473 0.851066 0.503381 
526579548909680 -0.107680 -0.103230 0.849764 0.505619 
526579569480513 -0.107009 -0.103694 0.848171 0.508332 
526579590051347 -0.106291 -0.105078 0.846692 0.510660 
526579610622180 -0.105855 -0.105355 0.844449 0.514395 
526579631193066 -0.105159 -0.106281 0.841639 0.518931 
526579651764160 -0.104947 -0.107015 0.839991 0.521487 
526579672334993 -0.103945 -0.108518 0.838165 0.524308 
526579692905722 -0.104293 -0.111049 0.837213 0.525229 
526579713476555 -0.105019 -0.114562 0.837756 0.523461 
526579734047388 -0.104653 -0.116559 0.837398 0.523666 
526579754618222 -0.104406 -0.118280 0.836989 0.523983 
526579775189107 -0.103643 -0.120535 0.837272 0.523168 
526579795759940 -0.102695 -0.123629 0.837670 0.521995 
526579816330723 -0.101472 -0.124528 0.836806 0.523405 
526579836901608 -0.101734 -0.124802 0.837687 0.521876 
526579857474107 -0.101261 -0.126110 0.839203 0.519212 
526579878044941 -0.100774 -0.127038 0.841083 0.516028 
526579898614420 -0.100707 -0.127911 0.843342 0.512124 
526579919185254 -0.101308 -0.128412 0.845070 0.509022 
526579939757233 -0.102771 -0.127853 0.846713 0.506131 
526579960328118 -0.103314 -0.127561 0.848243 0.503525 
526579980897545 -0.103890 -0.127651 0.849541 0.501191 
526580001468430 -0.104925 -0.127176 0.850948 0.498703 
526580022039940 -0.105680 -0.126555 0.853084 0.495038 
526580042610774 -0.107052 -0.125313 0.855642 0.490625 
526580063181815 -0.110408 -0.122063 0.858369 0.485915 
526580083752753 -0.114117 -0.118253 0.861458 0.480504 
526580104323639 -0.118918 -0.114816 0.864414 0.474831 
526580124893899 -0.124146 -0.111831 0.867359 0.468796 
526580145464733 -0.127279 -0.110184 0.870398 0.462674 
526580166035254 -0.131740 -0.108750 0.871114 0.460410 
526580186606139 -0.135693 -0.106306 0.871740 0.458646 
526580207177024 -0.139189 -0.103503 0.871759 0.458204 
526580227747909 -0.145266 -0.098458 0.872862 0.455319 
526580248318586 -0.151715 -0.091953 0.877155 0.446236 
526580268889472 -0.156010 -0.086189 0.882658 0.434910 
526580289461972 -0.160535 -0.080430 0.888503 0.422282 
526580310032858 -0.164047 -0.075793 0.894560 0.408787 
526580330602857 -0.167033 -0.071982 0.900899 0.394080 
526580351173742 -0.169186 -0.068120 0.907082 0.379392 
526580371746347 -0.168284 -0.064780 0.912439 0.367341 
526580392317232 -0.167391 -0.060211 0.916947 0.357160 
526580412886346 -0.169425 -0.054921 0.919000 0.351737 
526580433457232 -0.172643 -0.051032 0.918372 0.352396 
526580454027388 -0.177014 -0.047913 0.916225 0.356233 
526580474598222 -0.179990 -0.048104 0.912844 0.363324 
526580495169315 -0.183985 -0.051008 0.909241 0.369903 
526580515740200 -0.187202 -0.054353 0.906141 0.375378 
526580536310722 -0.194803 -0.058726 0.900830 0.383547 
526580556881607 -0.202568 -0.061147 0.897073 0.387927 
526580577453170 -0.212015 -0.059730 0.896336 0.384792 
526580598024003 -0.215615 -0.057573 0.899433 0.375786 
526580618593638 -0.217144 -0.054064 0.902763 0.367349 
526580639164524 -0.220096 -0.049915 0.903627 0.364039 
526580659736920 -0.222681 -0.047603 0.902747 0.364959 
526580680307806 -0.227011 -0.042171 0.901209 0.366757 
526580700878221 -0.231324 -0.035058 0.900559 0.366406 
526580721449106 -0.233812 -0.026366 0.900668 0.365287 
526580742020045 -0.236884 -0.019239 0.900524 0.364106 
526580762590930 -0.251243 -0.003327 0.899093 0.358464 
526580783161659 -0.269402 0.023018 0.897655 0.348005 
526580803732961 -0.273543 0.043324 0.900340 0.335686 
526580824303794 -0.274529 0.056674 0.902741 0.326313 
526580844875513 -0.275531 0.063070 0.905128 0.317566 
526580865446398 -0.275164 0.068712 0.908889 0.305752 
526580886017440 -0.271640 0.075733 0.914444 0.290289 
526580906588326 -0.267774 0.083769 0.921139 0.269783 
526580927158430 -0.266112 0.090916 0.928412 0.242838 
526580947729316 -0.278648 0.094208 0.931477 0.214082 
526580968299159 -0.288046 0.090637 0.929572 0.211446 
526580988870044 -0.288071 0.088179 0.928035 0.219068 
526581009441190 -0.287918 0.084077 0.927842 0.221685 
526581030012075 -0.288764 0.078824 0.927529 0.223814 
526581050582753 -0.288085 0.074227 0.927235 0.227446 
526581071153638 -0.288731 0.070341 0.926188 0.232084 
526581091724367 -0.289206 0.064816 0.925729 0.234913 
526581112295253 -0.291398 0.059032 0.925410 0.234986 
526581132866867 -0.294471 0.055309 0.924912 0.234020 
526581153437753 -0.298474 0.055313 0.924316 0.231288 
526581174008222 -0.299839 0.057098 0.924593 0.227959 
526581194579108 -0.299273 0.059324 0.925135 0.225922 
526581215150513 -0.297493 0.059275 0.925850 0.225357 
526581235721398 -0.290654 0.057174 0.927776 0.226900 
526581256290878 -0.280454 0.051017 0.931293 0.226797 
526581276861763 -0.267722 0.047015 0.935046 0.227604 
526581297433535 -0.260619 0.043844 0.937684 0.225620 
526581318004420 -0.253787 0.040856 0.939879 0.224835 
526581338574888 -0.233451 0.045795 0.943879 0.229122 
526581359145774 -0.213851 0.051473 0.947999 0.230037 
526581379717127 -0.198550 0.053245 0.950873 0.231483 
526581400288013 -0.187555 0.054126 0.952122 0.235281 
526581420860096 -0.176280 0.057717 0.953042 0.239384 
526581441430981 -0.160370 0.063705 0.954508 0.243182 
526581462000930 -0.139799 0.068272 0.955906 0.249075 
526581482571815 -0.120601 0.072769 0.955909 0.257678 
526581503142649 -0.104681 0.078123 0.954563 0.267857 
526581523713586 -0.089329 0.083916 0.952910 0.277382 
526581544284471 -0.073840 0.090358 0.950897 0.286668 
526581564855148 -0.059616 0.098262 0.948115 0.296428 
526581585426033 -0.045071 0.107575 0.944624 0.306729 
526581605996972 -0.028878 0.118469 0.939588 0.319852 
526581626567857 -0.014433 0.131393 0.932620 0.335778 
526581647138898 -0.004580 0.146049 0.924807 0.351256 
526581667709784 0.003822 0.160792 0.916892 0.365295 
526581688280461 0.012187 0.174686 0.908736 0.378861 
526581708851347 0.021382 0.188167 0.900102 0.392367 
526581729422231 0.031114 0.202170 0.890963 0.405395 
526581749993064 0.039625 0.215584 0.881078 0.419113 
526581770564211 0.043262 0.228002 0.871533 0.431942 
526581791135096 0.044518 0.238416 0.863056 0.443070 
526581811705670 0.046926 0.246543 0.855883 0.452192 
526581832276555 0.051221 0.251700 0.849295 0.461217 
526581852848742 0.057908 0.253831 0.842043 0.472419 
526581873419627 0.069740 0.253789 0.832910 0.486814 
526581893991138 0.085187 0.252506 0.823436 0.500936 
526581914562024 0.099320 0.250407 0.815185 0.512743 
526581935132075 0.111515 0.245640 0.809348 0.521709 
526581955702961 0.124206 0.236291 0.805449 0.529142 
526581976274211 0.132988 0.225079 0.803239 0.535220 
526581996845096 0.133383 0.216464 0.800295 0.543028 
526582017414471 0.128679 0.212107 0.794574 0.554171 
526582037985356 0.125229 0.210365 0.787983 0.564932 
526582058557024 0.127066 0.209654 0.782419 0.572468 
526582079127909 0.136288 0.208953 0.778730 0.575625 
526582099698689 0.142528 0.214335 0.775850 0.576023 
526582120269575 0.145677 0.221574 0.769622 0.580831 
526582140839575 0.148384 0.229030 0.763116 0.585817 
526582161410461 0.152424 0.234466 0.756734 0.590886 
526582181981659 0.155063 0.237953 0.750833 0.596308 
526582202552545 0.154694 0.244501 0.744431 0.601758 
526582223125201 0.149877 0.255764 0.737620 0.606662 
526582243695512 0.145213 0.268443 0.730375 0.611067 
526582264266398 0.148054 0.277102 0.722945 0.615342 
526582284837388 0.165935 0.275375 0.715261 0.620512 
526582305408274 0.200653 0.263931 0.706278 0.625500 
526582325978898 0.233123 0.254802 0.697717 0.627631 
526582346549783 0.253470 0.252446 0.693259 0.625633 
526582367120826 0.268204 0.253775 0.691231 0.621180 
526582387691711 0.287466 0.254531 0.686470 0.617524 
526582408262804 0.305454 0.257233 0.679180 0.615828 
526582428833689 0.316996 0.262926 0.673108 0.614256 
526582449402491 0.324015 0.267280 0.668503 0.613742 
526582469973377 0.326771 0.269667 0.665193 0.614832 
526582490544210 0.323877 0.273029 0.665183 0.614890 
526582511115044 0.316056 0.278370 0.667669 0.613870 
526582531686033 0.303979 0.292789 0.671033 0.609579 
526582552256918 0.289895 0.315480 0.674300 0.601458 
526582572827752 0.281969 0.330815 0.674512 0.596732 
526582593398637 0.277103 0.335885 0.673227 0.597629 
526582613970357 0.273607 0.337046 0.672389 0.599527 
526582634541242 0.272570 0.338300 0.671761 0.599996 
526582655111816 0.273871 0.339320 0.671216 0.599438 
526582675682701 0.275221 0.341106 0.670986 0.598061 
526582696253376 0.277404 0.341756 0.670113 0.597661 
526582716824210 0.280761 0.341097 0.668837 0.597898 
526582737395461 0.283427 0.339529 0.668467 0.597947 
526582757966347 0.283198 0.337195 0.668724 0.599088 
526582778536659 0.280222 0.336020 0.669360 0.600436 
526582799107544 0.277229 0.336631 0.669915 0.600864 
526582819678742 0.276728 0.337634 0.669763 0.600702 
526582840249627 0.278098 0.338419 0.668996 0.600482 
526582860821034 0.280387 0.338532 0.667918 0.600554 
526582881391919 0.282129 0.339442 0.667035 0.600205 
526582901963533 0.283104 0.341111 0.666868 0.598985 
526582922534419 0.284593 0.342284 0.666259 0.598288 
526582943103482 0.287168 0.343502 0.665448 0.597260 
526582963674576 0.290248 0.344158 0.664596 0.596342 
526582984245409 0.292807 0.343313 0.663669 0.596610 
526583004816189 0.293966 0.341709 0.662717 0.598018 
526583025387075 0.293497 0.340947 0.662261 0.599187 
526583045958169 0.292151 0.340642 0.662183 0.600103 
526583066529055 0.290113 0.341073 0.662857 0.600104 
526583087101241 0.287412 0.342463 0.663740 0.599635 
526583107672126 0.285373 0.343680 0.664126 0.599486 
526583128242908 0.284660 0.344194 0.663677 0.600026 
526583148813793 0.284158 0.345214 0.663349 0.600041 
526583169384002 0.283840 0.346028 0.663339 0.599734 
526583189954887 0.283984 0.346687 0.662826 0.599852 
526583210525720 0.284285 0.346824 0.662538 0.599949 
526583231096554 0.285803 0.346236 0.661197 0.601045 
526583251667596 0.286956 0.346203 0.660419 0.601371 
526583272238482 0.287755 0.346079 0.660215 0.601284 
526583292808846 0.288221 0.345852 0.659994 0.601434 
526583313379731 0.288646 0.345344 0.659693 0.601852 
526583333951971 0.289200 0.344962 0.659338 0.602194 
526583354522856 0.289202 0.345125 0.659592 0.601821 
526583375094106 0.289134 0.345553 0.659988 0.601175 
526583395664991 0.289329 0.345746 0.659764 0.601215 
526583416235668 0.289680 0.345687 0.659769 0.601075 
526583436806502 0.289834 0.345502 0.659787 0.601087 
526583457375772 0.289617 0.345565 0.659975 0.600949 
526583477946658 0.289450 0.345859 0.660046 0.600783 
526583498518325 0.289705 0.345925 0.659892 0.600791 
526583519089158 0.290193 0.345800 0.659464 0.601097 
526583539659679 0.290301 0.345628 0.659142 0.601497 
526583560230564 0.290508 0.345476 0.658695 0.601974 
526583580801138 0.290984 0.345366 0.658219 0.602327 
526583601372023 0.291870 0.345220 0.657803 0.602437 
526583621942543 0.292647 0.345207 0.657476 0.602424 
526583642513429 0.292962 0.345404 0.657204 0.602455 
526583663084106 0.293156 0.345672 0.656947 0.602487 
526583683654992 0.293516 0.345666 0.656730 0.602553 
526583704225825 0.294158 0.345619 0.656340 0.602690 
526583724796709 0.294696 0.345771 0.655998 0.602714 
526583745367595 0.295487 0.346075 0.655547 0.602642 
526583765938585 0.296063 0.346515 0.655266 0.602412 
526583786509419 0.296432 0.346707 0.654923 0.602493 
526583807080304 0.296337 0.346938 0.654606 0.602751 
526583827651189 0.296126 0.347118 0.654451 0.602920 
526583848222180 0.295996 0.347176 0.654571 0.602820 
526583868793013 0.296041 0.347136 0.654286 0.603130 
526583889363690 0.295878 0.347318 0.654470 0.602905 
526583909934575 0.296305 0.347256 0.653951 0.603295 
526583930505772 0.296573 0.347441 0.654083 0.602914 
526583951076606 0.297686 0.346790 0.652547 0.604402 
526583971647439 0.299602 0.345175 0.649017 0.608169 
526583992218325 0.299894 0.344746 0.648555 0.608761 
526584012791085 0.300431 0.344108 0.647597 0.609876 
526584033361918 0.299829 0.344393 0.648400 0.609158 
526584053931450 0.300203 0.344177 0.647384 0.610176 
526584074502335 0.300098 0.344947 0.647668 0.609490 
526584095072700 0.300211 0.345586 0.647715 0.609023 
526584115643533 0.299706 0.346889 0.647751 0.608493 
526584136214991 0.297842 0.349757 0.649198 0.606219 
526584156785877 0.298146 0.349968 0.648363 0.606842 
526584177358221 0.299993 0.348262 0.644641 0.610864 
526584197929106 0.299734 0.347193 0.645053 0.611165 
526584218498377 0.299027 0.347433 0.647025 0.609287 
526584239069262 0.301335 0.344763 0.645959 0.610797 
526584259639835 0.304050 0.341253 0.643349 0.614167 
