# Created at Thu Nov 07 17:55:49 EST 2019 in Burnaby Canada 
520593906471577 0.000000 0.000000 0.000000 
520593927038869 0.000000 0.000000 0.000000 
520593947605587 0.000000 0.000000 0.000000 
520593968173087 0.000000 0.000000 0.000000 
520593988740848 0.000000 0.000000 0.000000 
520594009307723 0.000000 0.000000 0.000000 
520594029876212 0.000000 0.000000 0.000000 
520594050443920 0.000000 0.000000 0.000000 
520594071012202 0.000000 0.000000 0.000000 
520594091579702 0.000000 0.000000 0.000000 
520594112147462 0.000000 0.000000 0.000000 
520594132715275 0.000000 0.000000 0.000000 
520594153283348 0.000000 0.000000 0.000000 
520594173850274 0.000000 0.000000 0.000000 
520594194418348 0.000000 0.000000 0.000000 
520594214985795 0.000000 0.000000 0.000000 
520594235554077 0.000000 0.000000 0.000000 
520594256121316 0.000000 0.000000 0.000000 
520594276689441 0.000000 0.000000 0.000000 
520594297257150 0.000000 0.000000 0.000000 
520594317825118 0.000000 0.000000 0.000000 
520594338392359 0.000000 0.000000 0.000000 
520594358960431 0.000000 0.000000 0.000000 
520594379527931 0.000000 0.000000 0.000000 
520594400096212 0.000000 0.000000 0.000000 
520594420663452 0.000000 0.000000 0.000000 
520594441231784 0.000000 0.000000 0.000000 
520594461798816 0.000000 0.000000 0.000000 
520594482366524 0.000000 0.000000 0.000000 
520594502934546 0.000000 0.000000 0.000000 
520594523502098 0.000000 0.000000 0.000000 
520594544069858 0.000000 0.000000 0.000000 
520594564637463 0.000000 0.000000 0.000000 
520594585205327 0.000000 0.000000 0.000000 
520594605773140 0.000000 0.000000 0.000000 
520594626340952 0.000000 0.000000 0.000000 
520594646908712 0.000000 0.000000 0.000000 
520594667476369 0.000000 0.000000 0.000000 
520594688044129 0.000000 0.000000 0.000000 
520594708612254 0.000000 0.000000 0.000000 
520594729179702 0.000000 0.000000 0.000000 
520594749749858 0.000000 0.000000 0.000000 
520594770317774 0.000000 0.000000 0.000000 
520594790883973 0.000000 0.000000 0.000000 
520594811452306 0.000000 0.000000 0.000000 
520594832018660 0.000000 0.000000 0.000000 
520594852586159 0.000000 0.000000 0.000000 
520594873154494 0.000000 0.000000 0.000000 
520594893721785 0.000000 0.000000 0.000000 
520594914289910 0.000000 0.000000 0.000000 
520594934857149 0.000000 0.000000 0.000000 
520594955425014 0.000000 0.000000 0.000000 
520594975993451 0.000000 0.000000 0.000000 
520594996561577 0.000000 0.000000 0.000000 
520595017128972 0.000000 0.000000 0.000000 
520595037697410 0.000000 0.000000 0.000000 
520595058264702 0.000000 0.000000 0.000000 
520595078834077 0.000000 0.000000 0.000000 
520595099399910 0.000000 0.000000 0.000000 
520595119968712 0.000000 0.000000 0.000000 
520595140534806 0.000000 0.000000 0.000000 
520595161102827 0.000000 0.000000 0.000000 
520595181670223 0.000000 0.000000 0.000000 
520595202238139 0.000000 0.000000 0.000000 
520595222808452 0.000000 0.000000 0.000000 
520595243374961 0.000000 0.000000 0.000000 
520595263943608 0.000000 0.000000 0.000000 
520595284511108 0.000000 0.000000 0.000000 
520595305077411 0.000000 0.000000 0.000000 
520595325645014 0.000000 0.000000 0.000000 
520595346212670 0.000000 0.000000 0.000000 
520595366780118 0.000000 0.000000 0.000000 
520595387349024 0.000000 0.000000 0.000000 
520595407916681 0.000000 0.000000 0.000000 
520595428483400 0.000000 0.000000 0.000000 
520595449051056 0.000000 0.000000 0.000000 
520595469620847 0.000000 0.000000 0.000000 
520595490188659 0.000000 0.000000 0.000000 
520595510756420 0.000000 0.000000 0.000000 
520595531323816 0.000000 0.000000 0.000000 
520595551891993 0.000000 0.000000 0.000000 
520595572459128 0.000000 0.000000 0.000000 
520595593028504 0.000000 0.000000 0.000000 
520595613593816 0.000000 0.000000 0.000000 
520595634161628 0.000000 0.000000 0.000000 
520595654728816 0.000000 0.000000 0.000000 
520595675296888 0.000000 0.000000 0.000000 
520595695864389 0.000000 0.000000 0.000000 
520595716432670 0.000000 0.000000 0.000000 
520595737001108 0.000000 0.000000 0.000000 
520595757570014 0.000000 0.000000 0.000000 
520595778138087 0.000000 0.000000 0.000000 
520595798705013 0.000000 0.000000 0.000000 
520595819273086 0.000000 0.000000 0.000000 
520595839839285 0.000000 0.000000 0.000000 
520595860406837 0.000000 0.000000 0.000000 
520595880974493 0.000000 0.000000 0.000000 
520595901542461 0.000000 0.000000 0.000000 
520595922109910 0.000000 0.000000 0.000000 
520595942678035 0.000000 0.000000 0.000000 
520595963245483 0.000000 0.000000 0.000000 
520595983813294 0.000000 0.000000 0.000000 
520596004381107 0.000000 0.000000 0.000000 
520596024949441 0.000000 0.000000 0.000000 
520596045517566 0.000000 0.000000 0.000000 
520596066084806 0.000000 0.000000 0.000000 
520596086652617 0.000000 0.000000 0.000000 
520596107220951 0.000000 0.000000 0.000000 
520596127788503 0.000000 0.000000 0.000000 
520596148355951 0.000000 0.000000 0.000000 
520596168923555 0.000000 0.000000 0.000000 
520596189492410 0.000000 0.000000 0.000000 
520596210060482 0.000000 0.000000 0.000000 
520596230628138 0.000000 0.000000 0.000000 
520596251195483 0.000000 0.000000 0.000000 
520596271763086 0.000000 0.000000 0.000000 
520596292331212 0.000000 0.000000 0.000000 
520596312897877 0.000000 0.000000 0.000000 
520596333466211 0.000000 0.000000 0.000000 
520596354034336 0.000000 0.000000 0.000000 
520596374601316 0.000000 0.000000 0.000000 
520596395169389 0.000000 0.000000 0.000000 
520596415737983 0.000000 0.000000 0.000000 
520596436304910 0.000000 0.000000 0.000000 
520596456873035 0.000000 0.000000 0.000000 
520596477440847 0.000000 0.000000 0.000000 
520596498008815 0.000000 0.000000 0.000000 
520596518576471 0.000000 0.000000 0.000000 
520596539144544 0.000000 0.000000 0.000000 
520596559711941 0.000000 0.000000 0.000000 
520596580280273 0.000000 0.000000 0.000000 
520596600847669 0.000000 0.000000 0.000000 
520596621415170 0.000000 0.000000 0.000000 
520596641982670 0.000000 0.000000 0.000000 
520596662551107 0.000000 0.000000 0.000000 
520596683118503 0.000000 0.000000 0.000000 
520596703686836 0.000000 0.000000 0.000000 
520596724255535 0.000000 0.000000 0.000000 
520596744822982 0.000000 0.000000 0.000000 
520596765390743 0.000000 0.000000 0.000000 
520596785958659 0.000000 0.000000 0.000000 
520596806526525 0.000000 0.000000 0.000000 
520596827093347 0.000000 0.000000 0.000000 
520596847661159 0.000000 0.000000 0.000000 
520596868228660 0.000000 0.000000 0.000000 
520596888796419 0.000000 0.000000 0.000000 
520596909366316 0.000000 0.000000 0.000000 
520596929933190 0.000000 0.000000 0.000000 
520596950502097 0.000000 0.000000 0.000000 
520596971068399 0.000000 0.000000 0.000000 
520596991635743 0.000000 0.000000 0.000000 
520597012203451 0.000000 0.000000 0.000000 
520597032771993 0.000000 0.000000 0.000000 
520597053339441 0.000000 0.000000 0.000000 
520597073906992 0.000000 0.000000 0.000000 
520597094474597 0.000000 0.000000 0.000000 
520597115042670 0.000000 0.000000 0.000000 
520597135609909 0.000000 0.000000 0.000000 
520597156179024 0.000000 0.000000 0.000000 
520597176745898 0.000000 0.000000 0.000000 
520597197314649 0.000000 0.000000 0.000000 
520597217881471 0.000000 0.000000 0.000000 
520597238450951 0.000000 0.000000 0.000000 
520597259018711 0.000000 0.000000 0.000000 
520597279583920 0.000000 0.000000 0.000000 
520597300151732 0.000000 0.000000 0.000000 
520597320721940 0.000000 0.000000 0.000000 
520597341290065 0.000000 0.000000 0.000000 
520597361856159 0.000000 0.000000 0.000000 
520597382424701 0.000000 0.000000 0.000000 
520597402991835 0.000000 0.000000 0.000000 
520597423559440 0.000000 0.000000 0.000000 
520597444127200 0.000000 0.000000 0.000000 
520597464694961 0.000000 0.000000 0.000000 
520597485262825 0.000000 0.000000 0.000000 
520597505830846 0.000000 0.000000 0.000000 
520597526398033 0.000000 0.000000 0.000000 
520597546966055 0.000000 0.000000 0.000000 
520597567533711 0.000000 0.000000 0.000000 
520597588101940 0.000000 0.000000 0.000000 
520597608669544 0.000000 0.000000 0.000000 
520597629237201 0.000000 0.000000 0.000000 
520597649805065 0.000000 0.000000 0.000000 
520597670372982 0.000000 0.000000 0.000000 
520597690940585 0.000000 0.000000 0.000000 
520597711508607 0.000000 0.000000 0.000000 
520597732076054 0.000000 0.000000 0.000000 
520597752645690 0.000000 0.000000 0.000000 
520597773212721 0.000000 0.000000 0.000000 
520597793781211 0.000000 0.000000 0.000000 
520597814349127 0.000000 0.000000 0.000000 
520597834916836 0.000000 0.000000 0.000000 
520597855484909 0.000000 0.000000 0.000000 
520597876052618 0.000000 0.000000 0.000000 
520597896619492 0.000000 0.000000 0.000000 
520597917187304 0.000000 0.000000 0.000000 
520597937755534 0.000000 0.000000 0.000000 
520597958322826 0.000000 0.000000 0.000000 
520597978891159 0.000000 0.000000 0.000000 
520597999459752 0.000000 0.000000 0.000000 
520598020025533 0.000000 0.000000 0.000000 
520598040594544 0.000000 0.000000 0.000000 
520598061162044 0.000000 0.000000 0.000000 
520598081730013 0.000000 0.000000 0.000000 
520598102297825 0.000000 0.000000 0.000000 
520598122865169 0.000000 0.000000 0.000000 
520598143433086 0.000000 0.000000 0.000000 
520598164000482 0.000000 0.000000 0.000000 
520598184569179 0.000000 0.000000 0.000000 
520598205136941 0.000000 0.000000 0.000000 
520598225705481 0.000000 0.000000 0.000000 
520598246272773 0.000000 0.000000 0.000000 
520598266841158 0.000000 0.000000 0.000000 
520598287408711 0.000000 0.000000 0.000000 
520598307977929 0.000000 0.000000 0.000000 
520598328545430 0.000000 0.000000 0.000000 
520598349112096 0.000000 0.000000 0.000000 
520598369679701 0.000000 0.000000 0.000000 
520598390247460 0.000000 0.000000 0.000000 
520598410814231 0.000000 0.000000 0.000000 
520598431382356 0.000000 0.000000 0.000000 
520598451951055 0.000000 0.000000 0.000000 
520598472518346 0.000000 0.000000 0.000000 
520598493085481 0.000000 0.000000 0.000000 
520598513654388 0.000000 0.000000 0.000000 
520598534221627 0.000000 0.000000 0.000000 
520598554789075 0.000000 0.000000 0.000000 
520598575357981 0.000000 0.000000 0.000000 
520598595926158 0.000000 0.000000 0.000000 
520598616493659 0.000000 0.000000 0.000000 
520598637061523 0.000000 0.000000 0.000000 
520598657629284 0.000000 0.000000 0.000000 
520598678197564 0.000000 0.000000 0.000000 
520598698764648 0.000000 0.000000 0.000000 
520598719332356 0.000000 0.000000 0.000000 
520598739900430 0.000000 0.000000 0.000000 
520598760468814 0.000000 0.000000 0.000000 
520598781036732 0.000000 0.000000 0.000000 
520598801603919 0.000000 0.000000 0.000000 
520598822170690 0.000000 0.000000 0.000000 
520598842738086 0.000000 0.000000 0.000000 
520598863306523 0.000000 0.000000 0.000000 
520598883874283 0.000000 0.000000 0.000000 
520598904442253 0.000000 0.000000 0.000000 
520598925009700 0.000000 0.000000 0.000000 
520598945576628 0.000000 0.000000 0.000000 
520598966144648 0.000000 0.000000 0.000000 
520598986712773 0.000000 0.000000 0.000000 
520599007280221 0.000000 0.000000 0.000000 
520599027848190 0.000000 0.000000 0.000000 
520599048415846 0.000000 0.000000 0.000000 
520599068983606 0.000000 0.000000 0.000000 
520599089551418 0.000000 0.000000 0.000000 
520599110119648 0.000000 0.000000 0.000000 
520599130688138 0.000000 0.000000 0.000000 
520599151255012 0.000000 0.000000 0.000000 
520599171822825 0.000000 0.000000 0.000000 
520599192391419 0.000000 0.000000 0.000000 
520599212958241 0.000000 0.000000 0.000000 
520599233527564 0.000000 0.000000 0.000000 
520599254094700 0.000000 0.000000 0.000000 
520599274662564 0.000000 0.000000 0.000000 
520599295230221 0.000000 0.000000 0.000000 
520599315798501 0.000000 0.000000 0.000000 
520599336365690 0.000000 0.000000 0.000000 
520599356933397 0.000000 0.000000 0.000000 
520599377501210 0.000000 0.000000 0.000000 
