# Created at Thu Nov 07 17:55:49 EST 2019 in Burnaby Canada 
520593901329650 -0.427300 -0.715933 -0.089186 
520593921896889 -0.127671 -0.457843 0.204945 
520593942463608 0.372017 0.674089 0.413250 
520593963031160 0.543364 0.929125 -0.087659 
520593983598921 0.692415 1.280067 -0.450207 
520594004165796 0.652404 0.946535 -0.711352 
520594024734232 0.277333 -0.908050 -1.044884 
520594045301941 -0.160352 -0.801149 -1.522580 
520594065870275 0.083078 0.468533 -1.749516 
520594086437775 0.163101 -0.063224 -1.610240 
520594107005535 -0.011606 -0.163712 -1.258687 
520594127573295 -0.056505 0.077580 -0.636521 
520594148140847 -0.002443 0.021075 -0.047953 
520594168708347 0.016799 0.024740 0.068417 
520594189276264 0.018631 0.004581 0.020464 
520594209843816 0.013744 0.033903 0.025351 
520594230412097 0.008858 0.027183 0.027489 
520594250979337 -0.010690 -0.018021 0.031765 
520594271547514 -0.011301 -0.034208 0.029016 
520594292115223 0.006414 -0.034514 0.024740 
520594312683139 0.022297 -0.037568 0.010690 
520594333250379 0.031765 -0.047647 0.007941 
520594353818504 0.047342 -0.038790 0.001527 
520594374386004 0.061697 -0.004276 -0.019242 
520594394954285 0.045815 -0.006720 -0.020159 
520594415521473 0.029627 0.005498 -0.014355 
520594436089857 0.016799 0.030543 0.008247 
520594456657150 0.000000 0.058338 0.022907 
520594477224597 -0.003665 0.058643 0.018326 
520594497792567 -0.004276 0.026878 0.007941 
520594518360171 -0.013744 0.006414 0.004581 
520594538928191 -0.011606 -0.006109 0.002749 
520594559495536 -0.004276 -0.012523 -0.001527 
520594580063659 0.002443 -0.014661 -0.003971 
520594600631161 0.005803 -0.007025 -0.009468 
520594621199025 0.002443 0.003971 -0.009468 
520594641766785 -0.002138 0.008247 -0.004887 
520594662334650 -0.011912 0.003665 -0.001833 
520594682902150 -0.025045 -0.004276 0.006720 
520594703470275 -0.037874 -0.013134 0.007941 
520594724037775 -0.023824 -0.009774 0.007636 
520594744607931 -0.000305 0.001527 -0.003054 
520594765175847 0.009774 0.010690 -0.007941 
520594785741994 0.012217 0.011301 -0.008858 
520594806310327 -0.016188 0.127976 -0.021991 
520594826876733 -0.062003 0.117897 -0.004276 
520594847444232 -0.076053 0.174096 -0.000611 
520594868012827 -0.180816 0.541532 -0.101098 
520594888579858 0.028100 0.095600 -0.180511 
520594909147515 0.115148 -0.376904 -0.123700 
520594929715170 0.054062 -0.208916 -0.000611 
520594950283920 -0.083383 0.134085 0.000611 
520594970851472 -0.076358 -0.121257 0.048258 
520594991419650 -0.069028 0.015272 0.073304 
520595011987045 -0.146608 0.051618 0.058032 
520595032555483 0.006414 0.052840 0.014355 
520595053122774 0.108428 0.034819 -0.015272 
520595073692098 0.122784 -0.037568 -0.053451 
520595094257931 -0.274889 0.346666 -0.198531 
520595114826733 -0.168904 0.684474 -0.278249 
520595135392827 -0.251982 1.073900 -0.528703 
520595155960847 -0.356440 1.203098 -0.666148 
520595176528347 -0.179900 0.828943 -0.618501 
520595197096160 -0.047953 0.503353 -0.416610 
520595217666473 -0.220828 0.748615 -0.180511 
520595238232982 -0.140499 0.358272 -0.046426 
520595258801629 0.091019 -0.081856 -0.015577 
520595279369129 0.077885 -0.020769 -0.049175 
520595299935431 -0.010079 0.168904 -0.042455 
520595320503035 0.034514 0.109650 0.015272 
520595341070326 0.044899 0.222966 0.021686 
520595361638139 0.014355 0.297797 -0.006720 
520595382207097 -0.099571 0.376598 0.062614 
520595402774754 -0.277943 0.561385 0.565050 
520595423342150 0.019548 0.081245 1.035721 
520595443909129 0.193033 -0.111483 1.382998 
520595464478920 0.153938 -0.156076 1.153007 
520595485046680 -0.029627 -0.465479 0.527176 
520595505614493 -0.037263 -0.842688 0.125533 
520595526181837 0.127060 -0.864068 0.114843 
520595546750066 0.426689 -1.496619 0.344222 
520595567317201 0.670424 -1.621235 0.611476 
520595587886524 0.556498 -0.975245 0.856738 
520595608451837 0.509461 -0.326813 1.056491 
520595629019649 0.609948 -0.059865 1.059239 
520595649586889 0.910799 0.170737 0.992655 
520595670154909 1.336267 0.773660 1.016173 
520595690722410 1.656971 1.509447 0.899193 
520595711290743 2.416886 0.961501 0.952949 
520595731859128 3.369530 -0.292299 0.616362 
520595752428035 3.931831 -1.034805 0.295048 
520595772996107 4.441903 -0.642019 -0.038484 
520595793563034 4.955640 -0.053756 0.172264 
520595814131159 5.407374 0.390343 0.722042 
520595834697306 5.428144 0.554054 1.269377 
520595855264858 4.464810 1.840535 2.319759 
520595875832566 1.746768 4.475195 2.625497 
520595896400482 0.106596 5.414399 2.699411 
520595916967930 0.423024 3.931525 0.786183 
520595937536056 1.554040 1.649335 -0.558941 
520595958103503 2.111454 0.869871 -1.115439 
520595978671264 1.354898 -0.634078 -1.638950 
520595999239128 0.282830 -1.441335 -1.858556 
520596019807774 -0.817032 -1.262352 -2.276082 
520596040375587 -0.865290 0.551000 -3.352731 
520596060942827 0.353691 3.266904 -3.853029 
520596081510638 1.649945 4.532922 -4.130056 
520596102078817 2.707352 4.198168 -5.019170 
520596122646524 3.001484 3.278205 -6.067108 
520596143213971 2.629162 2.546390 -7.032886 
520596163781628 2.193921 1.995084 -7.113214 
520596184350430 1.571755 1.490815 -5.845365 
520596204918555 0.690888 1.079703 -4.375624 
520596225486159 0.025351 -0.169820 -4.267501 
520596246053556 -0.332921 -0.969748 -5.362476 
520596266621107 -0.311541 -1.589164 -6.234486 
520596287189285 -0.140193 -1.140484 -5.271457 
520596307756681 0.319177 0.914464 -2.709185 
520596328324232 0.707076 2.382678 -0.721431 
520596348892357 0.719599 1.883601 -0.631023 
520596369459389 0.687834 0.482583 -1.651473 
520596390028399 0.815810 -0.666453 -2.460258 
520596410596003 0.952644 0.072082 -2.168875 
520596431162983 1.092226 2.036928 -1.097113 
520596451731055 1.215926 2.912909 -0.450818 
520596472298920 1.116966 1.850004 -0.758389 
520596492866836 0.469755 0.306349 -1.470046 
520596513434492 0.012828 0.556498 -1.443473 
520596534002565 -0.640797 0.820697 -1.262963 
520596554569962 -0.992961 1.278845 -1.223257 
520596575138346 -0.915992 1.554345 -0.955698 
520596595705690 -0.668897 1.350317 -0.583681 
520596616273191 -0.496328 0.244651 -0.712879 
520596636840743 -0.346666 -0.422413 -1.642004 
520596657409128 -0.338419 -0.347887 -2.238514 
520596677976524 -0.139888 0.164017 -2.025322 
520596698544909 -0.061697 0.185092 -0.902247 
520596719113555 -0.461814 0.206167 -0.047037 
520596739681471 -1.044884 0.081245 -0.310625 
520596760248815 -1.322828 -0.019853 -0.791375 
520596780816785 -1.119715 0.879951 -0.934012 
520596801384545 -0.632550 1.090088 0.348498 
520596821951368 -0.642935 0.264810 2.545779 
520596842519180 -1.066875 -0.798706 3.289201 
520596863086681 -1.457829 -1.879325 2.481332 
520596883654440 -1.437976 -3.133125 1.397964 
520596904223399 -0.617584 -4.002691 0.425773 
520596924791211 0.295964 -3.682904 -0.433103 
520596945358920 0.121562 -1.722028 -1.051604 
520596965926420 -0.747088 0.926376 -0.844215 
520596986493607 -1.347568 2.504851 -0.149662 
520597007061472 -1.189659 2.303876 0.228158 
520597027630014 -0.270308 1.427285 0.120951 
520597048197462 0.643241 0.514348 -0.040928 
520597068764701 1.106581 -0.122784 -0.123089 
520597089332618 1.109330 -0.365908 0.014966 
520597109900691 0.730594 -0.061392 0.032070 
520597130467930 0.172569 0.620028 0.111788 
520597151037097 -0.255952 1.144760 0.300545 
520597171603919 -0.298102 1.152702 0.552527 
520597192172669 0.066890 0.496022 0.637132 
520597212739492 0.473726 -0.373238 0.593455 
520597233308971 0.664010 -0.829860 0.599869 
520597253876732 0.638965 -0.733954 0.614835 
520597274441992 0.497855 -0.288023 0.508239 
520597295009753 0.354912 0.239459 0.345444 
520597315579960 0.155160 0.458149 0.229685 
520597336148086 -0.088575 0.352774 0.272446 
520597356714179 -0.310319 0.109650 0.361326 
520597377281992 -0.405309 -0.111483 0.411417 
520597397849908 -0.329562 -0.033598 0.324369 
520597418417565 -0.164017 0.142942 0.141110 
520597438985221 -0.025045 0.130725 0.006109 
520597459553659 -0.048564 0.051313 0.008552 
520597480120846 -0.199142 -0.001833 0.080634 
520597500688867 -0.346971 0.057727 0.087354 
520597521256054 -0.421802 0.166766 0.009774 
520597541824076 -0.377514 0.155465 -0.056200 
520597562391732 -0.257785 0.080940 -0.091019 
520597582960221 -0.131947 0.126144 -0.138666 
520597603527565 0.016799 0.223271 -0.151189 
520597624095222 0.163406 0.145997 -0.084605 
520597644663086 0.250760 -0.055894 0.020769 
520597665231472 0.251371 -0.157603 0.086743 
520597685798606 0.206167 -0.076358 0.069028 
520597706366628 0.188146 0.045204 -0.012523 
520597726934075 0.154243 0.062614 -0.046426 
520597747503711 0.082772 -0.004887 0.002138 
520597768070742 0.027183 -0.026573 0.050396 
520597788639128 0.045509 0.051007 0.066584 
520597809207200 0.054062 0.050702 0.085826 
520597829774857 0.010690 -0.003665 0.103847 
520597850342930 -0.029627 -0.008247 0.098349 
520597870910639 0.010079 0.031765 0.055894 
520597891477513 0.084605 0.006720 0.046120 
520597912045325 0.117897 -0.025656 0.091935 
520597932613555 0.110261 -0.053145 0.108734 
520597953180847 0.119119 -0.071471 0.096211 
520597973749180 0.109650 -0.044288 0.053756 
520597994317773 0.053145 0.015882 0.020464 
520598014883554 0.012217 0.028711 -0.003971 
520598035452565 0.045204 -0.048564 -0.026267 
520598056020065 0.072082 -0.093462 -0.007330 
520598076588034 0.078496 -0.078802 0.010079 
520598097155846 0.082161 0.021075 -0.027183 
520598117723190 0.056810 0.063530 -0.059559 
520598138291107 0.036652 -0.003971 -0.047342 
520598158858503 0.007330 -0.050702 -0.027489 
520598179427096 -0.017715 -0.004276 -0.029627 
520598199994962 -0.037263 0.041539 -0.040317 
520598220563502 -0.060781 0.029322 -0.014355 
520598241130794 -0.045815 0.006720 -0.007941 
520598261700116 0.017410 -0.017410 -0.021380 
520598282266732 0.067806 -0.068417 -0.005498 
520598302835950 0.076664 -0.078191 0.023213 
520598323403451 0.026573 -0.009163 0.026573 
520598343970117 -0.003360 0.043371 0.040928 
520598364537722 0.039095 0.023824 0.046426 
520598385105742 0.087048 -0.055589 0.028711 
520598405672252 0.090103 -0.103542 0.017715 
520598426240377 0.076969 -0.085216 0.031154 
520598446809076 0.077580 -0.048258 0.063835 
520598467376367 0.056810 -0.001222 0.055894 
520598487943502 -0.004581 -0.004581 0.025656 
520598508511940 -0.064141 -0.005803 -0.020159 
520598529079647 -0.075136 0.043677 -0.062614 
520598549647096 -0.035125 0.052229 -0.040928 
520598570216001 0.028711 -0.020464 0.018326 
520598590784179 0.077580 -0.076664 0.011606 
520598611351679 0.054367 -0.048869 -0.074525 
520598631919544 -0.045204 -0.044593 -0.106596 
520598652487304 -0.106290 -0.102625 -0.043982 
520598673055585 -0.097433 -0.141721 -0.005498 
520598693622668 -0.065973 -0.062919 -0.004887 
520598714190377 -0.052840 0.051007 -0.069028 
520598734758450 -0.017410 -0.069944 -0.133779 
520598755326835 0.042455 -0.310625 -0.135001 
520598775894752 0.087048 -0.341779 -0.087354 
520598796461940 0.016799 -0.076358 -0.005498 
520598817029752 -0.155465 0.154549 0.028405 
520598837596107 -0.248317 0.205861 -0.023213 
520598858164543 -0.156687 0.019242 -0.040317 
520598878732304 -0.014966 -0.092851 0.007636 
520598899299856 0.021380 -0.047342 0.068722 
520598919867721 -0.020769 0.009468 0.103847 
520598940434699 -0.016188 -0.057727 0.042455 
520598961002669 0.007330 -0.120340 0.003360 
520598981570793 0.036346 -0.123089 -0.013744 
520599002138242 0.059865 -0.025656 -0.042150 
520599022706210 0.060781 0.056200 0.014355 
520599043273867 0.054978 0.029322 0.072387 
520599063841835 0.042150 -0.009774 0.077885 
520599084409439 0.010996 0.061086 0.024129 
520599104977669 -0.043982 0.098349 -0.006414 
520599125546159 -0.029932 0.048564 0.031154 
520599146112876 0.076969 -0.013439 0.031154 
520599166680846 0.144164 -0.024740 0.031460 
520599187248762 0.065973 0.058643 0.077885 
520599207816262 -0.004276 0.215024 0.087659 
520599228384752 0.091630 0.080940 0.034514 
520599248952721 0.170431 -0.086743 0.065363 
520599269520481 0.233961 -0.283747 0.005192 
520599290088242 0.359799 -0.520762 -0.011912 
520599310656522 0.370184 -0.413250 -0.087048 
520599331223763 0.068417 -0.286190 -0.127365 
520599351791418 -0.191812 0.083383 0.208305 
520599372359231 -0.360410 0.369879 0.490219 
