# Created at Thu Nov 07 17:55:49 EST 2019 in Burnaby Canada 
520593901329650 -0.430698 -0.716697 -0.095965 
520593921896889 -0.131069 -0.458607 0.198166 
520593942463608 0.368619 0.673326 0.406471 
520593963031160 0.539966 0.928362 -0.094438 
520593983598921 0.689017 1.279303 -0.456986 
520594004165796 0.649006 0.945771 -0.718131 
520594024734181 0.273935 -0.908814 -1.051663 
520594045301941 -0.163750 -0.801913 -1.529359 
520594065870275 0.079680 0.467770 -1.756295 
520594086437775 0.159703 -0.063988 -1.617018 
520594107005483 -0.015004 -0.164475 -1.265465 
520594127573295 -0.059903 0.076816 -0.643300 
520594148141369 -0.005841 0.020311 -0.054732 
520594168708347 0.013401 0.023976 0.061638 
520594189277306 0.015233 0.003818 0.013685 
520594209843816 0.010347 0.033139 0.018572 
520594230412097 0.005460 0.026420 0.020710 
520594250979337 -0.014088 -0.018784 0.024986 
520594271547514 -0.014699 -0.034972 0.022237 
520594292115223 0.003016 -0.035277 0.017961 
520594312683139 0.018899 -0.038332 0.003911 
520594333250379 0.028367 -0.048411 0.001163 
520594353818504 0.043944 -0.039553 -0.005252 
520594374386004 0.058299 -0.005040 -0.026021 
520594394954285 0.042417 -0.007483 -0.026937 
520594415521473 0.026229 0.004734 -0.021134 
520594436089857 0.013401 0.029780 0.001468 
520594456656941 -0.003398 0.057574 0.016129 
520594477224597 -0.007063 0.057879 0.011547 
520594497792567 -0.007674 0.026114 0.001163 
520594518360171 -0.017142 0.005650 -0.002197 
520594538927931 -0.015004 -0.006872 -0.004030 
520594559495536 -0.007674 -0.013286 -0.008306 
520594580063348 -0.000954 -0.015424 -0.010749 
520594600631161 0.002405 -0.007789 -0.016247 
520594621199025 -0.000954 0.003207 -0.016247 
520594641766785 -0.005536 0.007483 -0.011666 
520594662334442 -0.015310 0.002902 -0.008611 
520594682902150 -0.028443 -0.005040 -0.000059 
520594703470275 -0.041272 -0.013897 0.001163 
520594724037775 -0.027222 -0.010537 0.000857 
520594744607410 -0.003703 0.000764 -0.009833 
520594765175847 0.006376 0.009927 -0.014720 
520594785741994 0.008819 0.010537 -0.015636 
520594806310327 -0.019586 0.127213 -0.028770 
520594826876628 -0.065401 0.117133 -0.011055 
520594847444232 -0.079451 0.173333 -0.007390 
520594868012202 -0.184214 0.540768 -0.107877 
520594888579858 0.024702 0.094837 -0.187289 
520594909147931 0.111750 -0.377667 -0.130479 
520594929715170 0.050664 -0.209679 -0.007390 
520594950283556 -0.086781 0.133321 -0.006168 
520594970851472 -0.079756 -0.122020 0.041480 
520594991419650 -0.072426 0.014508 0.066525 
520595011987045 -0.150005 0.050854 0.051253 
520595032555483 0.003016 0.052076 0.007577 
520595053122774 0.105031 0.034056 -0.022050 
520595073692098 0.119386 -0.038332 -0.060229 
520595094257931 -0.278287 0.345902 -0.205310 
520595114826733 -0.172302 0.683710 -0.285028 
520595135392827 -0.255380 1.073137 -0.535482 
520595155960847 -0.359838 1.202335 -0.672927 
520595176528244 -0.183298 0.828180 -0.625279 
520595197096160 -0.051351 0.502589 -0.423388 
520595217666473 -0.224226 0.747851 -0.187289 
520595238232982 -0.143897 0.357509 -0.053204 
520595258801629 0.087621 -0.082619 -0.022356 
520595279369129 0.074487 -0.021533 -0.055953 
520595299935431 -0.013477 0.168141 -0.049234 
520595320503035 0.031116 0.108887 0.008493 
520595341070691 0.041501 0.222202 0.014907 
520595361638139 0.010957 0.297033 -0.013498 
520595382207097 -0.102969 0.375835 0.055835 
520595402774754 -0.281341 0.560621 0.558271 
520595423342150 0.016150 0.080481 1.028942 
520595443909129 0.189635 -0.112246 1.376219 
520595464478973 0.150540 -0.156840 1.146228 
520595485046680 -0.033025 -0.466242 0.520398 
520595505614441 -0.040661 -0.843451 0.118754 
520595526181837 0.123662 -0.864832 0.108064 
520595546750275 0.423291 -1.497382 0.337444 
520595567317201 0.667026 -1.621998 0.604697 
520595587886524 0.553100 -0.976009 0.849959 
520595608451837 0.506063 -0.327576 1.049712 
520595629019649 0.606550 -0.060628 1.052461 
520595649586889 0.907401 0.169973 0.985876 
520595670154909 1.332869 0.772897 1.009395 
520595690722410 1.653573 1.508683 0.892414 
520595711290743 2.413488 0.960737 0.946170 
520595731859128 3.366132 -0.293062 0.609584 
520595752428035 3.928433 -1.035568 0.288269 
520595772996107 4.438505 -0.642782 -0.045263 
520595793563034 4.952242 -0.054520 0.165485 
520595814131159 5.403976 0.389579 0.715263 
520595834697306 5.424746 0.553291 1.262598 
520595855264858 4.461412 1.839772 2.312980 
520595875832566 1.743370 4.474432 2.618718 
520595896400482 0.103198 5.413636 2.692633 
520595916967930 0.419626 3.930762 0.779404 
520595937536056 1.550642 1.648571 -0.565720 
520595958103503 2.108056 0.869108 -1.122218 
520595978671367 1.351500 -0.634841 -1.645729 
520595999239128 0.279432 -1.442099 -1.865335 
520596019807514 -0.820430 -1.263116 -2.282861 
520596040375587 -0.868688 0.550236 -3.359510 
520596060942827 0.350293 3.266141 -3.859808 
520596081510638 1.646548 4.532158 -4.136835 
520596102078972 2.703954 4.197404 -5.025949 
520596122646524 2.998086 3.277442 -6.073887 
520596143213971 2.625764 2.545626 -7.039664 
520596163781628 2.190523 1.994321 -7.119993 
520596184350951 1.568357 1.490052 -5.852143 
520596204918555 0.687490 1.078940 -4.382403 
520596225486159 0.021953 -0.170584 -4.274280 
520596246053556 -0.336319 -0.970511 -5.369255 
520596266621419 -0.314939 -1.589928 -6.241264 
520596287189285 -0.143591 -1.141248 -5.278236 
520596307755898 0.315779 0.913701 -2.715964 
520596328324232 0.703678 2.381914 -0.728210 
520596348892357 0.716201 1.882838 -0.637802 
520596369459389 0.684436 0.481820 -1.658252 
520596390028399 0.812412 -0.667217 -2.467036 
520596410596003 0.949246 0.071318 -2.175654 
520596431162983 1.088828 2.036165 -1.103892 
520596451731055 1.212528 2.912145 -0.457597 
520596472298920 1.113568 1.849240 -0.765167 
520596492866836 0.466357 0.305585 -1.476825 
520596513434492 0.009430 0.555734 -1.450252 
520596534002565 -0.644195 0.819933 -1.269742 
520596554569962 -0.996359 1.278082 -1.230035 
520596575138346 -0.919390 1.553582 -0.962477 
520596595705690 -0.672295 1.349553 -0.590460 
520596616273191 -0.499726 0.243888 -0.719658 
520596636840743 -0.350064 -0.423177 -1.648783 
520596657409128 -0.341817 -0.348651 -2.245293 
520596677976524 -0.143286 0.163254 -2.032101 
520596698544909 -0.065095 0.184328 -0.909026 
520596719113555 -0.465212 0.205403 -0.053815 
520596739681003 -1.048282 0.080481 -0.317403 
520596760248815 -1.326226 -0.020617 -0.798154 
520596780816680 -1.123113 0.879187 -0.940791 
520596801384545 -0.635948 1.089325 0.341720 
520596821951368 -0.646333 0.264046 2.539000 
520596842519180 -1.070273 -0.799469 3.282423 
520596863086681 -1.461227 -1.880089 2.474554 
520596883654440 -1.441374 -3.133889 1.391185 
520596904224337 -0.620982 -4.003455 0.418994 
520596924791211 0.292566 -3.683667 -0.439882 
520596945360118 0.118164 -1.722791 -1.058382 
520596965926420 -0.750485 0.925613 -0.850994 
520596986493764 -1.350965 2.504087 -0.156441 
520597007061472 -1.193057 2.303113 0.221379 
520597027629440 -0.273706 1.426522 0.114173 
520597048197462 0.639843 0.513584 -0.047707 
520597068765013 1.103184 -0.123547 -0.129868 
520597089332618 1.105932 -0.366672 0.008187 
520597109900691 0.727196 -0.062155 0.025292 
520597130467930 0.169171 0.619264 0.105010 
520597151037097 -0.259350 1.143997 0.293767 
520597171603919 -0.301500 1.151938 0.545748 
520597192172669 0.063492 0.495259 0.630353 
520597212739492 0.470328 -0.374002 0.586676 
520597233308971 0.660612 -0.830623 0.593090 
520597253876732 0.635567 -0.734718 0.608057 
520597274441992 0.494457 -0.288786 0.501461 
520597295009753 0.351514 0.238695 0.338665 
520597315579960 0.151762 0.457385 0.222906 
520597336148086 -0.091973 0.352011 0.265667 
520597356714179 -0.313717 0.108887 0.354548 
520597377281992 -0.408707 -0.112246 0.404639 
520597397849908 -0.332959 -0.034361 0.317591 
520597418417461 -0.167415 0.142179 0.134331 
520597438985221 -0.028443 0.129961 -0.000670 
520597459552982 -0.051962 0.050549 0.001773 
520597480120846 -0.202540 -0.002596 0.073855 
520597500688867 -0.350369 0.056963 0.080575 
520597521256054 -0.425200 0.166002 0.002995 
520597541824076 -0.380912 0.154701 -0.062978 
520597562391732 -0.261183 0.080176 -0.097798 
520597582959961 -0.135345 0.125380 -0.145445 
520597603527565 0.013401 0.222507 -0.157968 
520597624095222 0.160008 0.145233 -0.091383 
520597644663086 0.247362 -0.056658 0.013991 
520597665231003 0.247973 -0.158367 0.079964 
520597685798606 0.202769 -0.077122 0.062249 
520597706366628 0.184748 0.044440 -0.019301 
520597726934075 0.150845 0.061850 -0.053204 
520597747502982 0.079374 -0.005650 -0.004641 
520597768070742 0.023786 -0.027336 0.043618 
520597788639232 0.042111 0.050244 0.059806 
520597809207200 0.050664 0.049938 0.079048 
520597829774857 0.007292 -0.004429 0.097068 
520597850342930 -0.033025 -0.009010 0.091571 
520597870910639 0.006681 0.031001 0.049115 
520597891477513 0.081207 0.005956 0.039342 
520597912045325 0.114499 -0.026420 0.085156 
520597932613555 0.106863 -0.053909 0.101955 
520597953180847 0.115721 -0.072235 0.089433 
520597973749180 0.106252 -0.045051 0.046977 
520597994317773 0.049747 0.015119 0.013685 
520598014883554 0.008819 0.027947 -0.010749 
520598035452565 0.041806 -0.049327 -0.033046 
520598056020065 0.068684 -0.094226 -0.014109 
520598076588034 0.075098 -0.079565 0.003301 
520598097155846 0.078763 0.020311 -0.033962 
520598117723190 0.053412 0.062766 -0.066338 
520598138291107 0.033254 -0.004734 -0.054121 
520598158858503 0.003932 -0.051465 -0.034268 
520598179427200 -0.021113 -0.005040 -0.036406 
520598199994962 -0.040661 0.040775 -0.047096 
520598220563502 -0.064179 0.028558 -0.021134 
520598241130794 -0.049213 0.005956 -0.014720 
520598261699179 0.014012 -0.018173 -0.028159 
520598282266732 0.064408 -0.069180 -0.012276 
520598302835950 0.073266 -0.078954 0.016434 
520598323403451 0.023175 -0.009927 0.019794 
520598343970117 -0.006758 0.042608 0.034149 
520598364537722 0.035697 0.023060 0.039647 
520598385105481 0.083650 -0.056352 0.021932 
520598405672252 0.086705 -0.104305 0.010936 
520598426241106 0.073571 -0.085979 0.024375 
520598446809076 0.074182 -0.049022 0.057057 
520598467376159 0.053412 -0.001985 0.049115 
520598487943502 -0.007979 -0.005345 0.018878 
520598508512409 -0.067539 -0.006567 -0.026937 
520598529079647 -0.078534 0.042913 -0.069392 
520598549647096 -0.038523 0.051465 -0.047707 
520598570216001 0.025313 -0.021228 0.011547 
520598590783659 0.074182 -0.077427 0.004828 
520598611351679 0.050969 -0.049633 -0.081304 
520598631919544 -0.048602 -0.045357 -0.113375 
520598652487304 -0.109688 -0.103389 -0.050761 
520598673055585 -0.100831 -0.142484 -0.012276 
520598693622668 -0.069371 -0.063683 -0.011666 
520598714190377 -0.056238 0.050244 -0.075806 
520598734758450 -0.020808 -0.070708 -0.140558 
520598755326835 0.039057 -0.311388 -0.141780 
520598775894752 0.083650 -0.342542 -0.094132 
520598796461940 0.013401 -0.077122 -0.012276 
520598817029752 -0.158863 0.153785 0.021627 
520598837596107 -0.251714 0.205098 -0.029992 
520598858164543 -0.160085 0.018479 -0.047096 
520598878732304 -0.018364 -0.093615 0.000857 
520598899300273 0.017982 -0.048106 0.061944 
520598919867721 -0.024167 0.008705 0.097068 
520598940434648 -0.019586 -0.058490 0.035676 
520598961002669 0.003932 -0.121104 -0.003419 
520598981570793 0.032949 -0.123853 -0.020523 
520599002138242 0.056467 -0.026420 -0.048928 
520599022706210 0.057383 0.055436 0.007577 
520599043273867 0.051580 0.028558 0.065609 
520599063841626 0.038752 -0.010537 0.071107 
520599084409439 0.007598 0.060323 0.017350 
520599104977669 -0.047380 0.097586 -0.013193 
520599125546159 -0.033330 0.047800 0.024375 
520599146112876 0.073571 -0.014203 0.024375 
520599166680846 0.140766 -0.025504 0.024681 
520599187249440 0.062575 0.057879 0.071107 
520599207816262 -0.007674 0.214261 0.080880 
520599228385585 0.088232 0.080176 0.027735 
520599248952721 0.167033 -0.087506 0.058584 
520599269520585 0.230563 -0.284510 -0.001586 
520599290088242 0.356401 -0.521526 -0.018691 
520599310656522 0.366786 -0.414014 -0.093827 
520599331223763 0.065019 -0.286954 -0.134144 
520599351791418 -0.195209 0.082619 0.201526 
520599372359231 -0.363808 0.369115 0.483440 
