# Created at Thu Nov 07 17:55:49 EST 2019 in Burnaby Canada 
520593910918557 1.003890 165.296982 15.783959 
520593930918452 0.057840 163.685791 17.022120 
520593951124651 0.330465 162.253220 17.787329 
520593970917671 0.341880 162.977402 16.711380 
520593990919911 -2.266830 162.192062 16.428570 
520594010916265 -2.586751 161.903534 15.201390 
520594030917306 -3.016305 163.629593 12.592771 
520594050917305 -2.469060 160.322418 16.121759 
520594070917566 -1.580715 159.487427 15.651330 
520594090917150 -1.899300 159.050980 15.192841 
520594110918503 -1.953990 156.602249 16.421820 
520594130930066 -0.182340 154.496246 16.403280 
520594150920483 -0.337935 154.641846 15.328560 
520594171264806 0.761340 155.375565 17.624821 
520594190916994 -0.049215 153.635910 16.862700 
520594210916941 -0.206160 153.489044 16.710360 
520594230916004 0.675135 152.219757 16.854750 
520594250974597 -0.379545 152.622314 16.865219 
520594270917150 -0.990540 153.048157 14.872530 
520594290924129 -0.160861 155.652206 15.173760 
520594310916941 0.100695 153.788727 15.938790 
520594330918036 -0.778590 155.056335 16.101900 
520594350917150 1.304280 153.539810 14.850660 
520594370917358 2.424360 155.283295 16.378590 
520594390917618 -0.082080 152.636414 15.786030 
520594410918556 1.126860 152.236191 16.081591 
520594430919857 2.067540 153.558365 15.150810 
520594450917150 0.891465 154.958084 15.931920 
520594470916628 0.405525 153.649765 16.550791 
520594490916420 0.893820 155.249649 15.163290 
520594510917046 0.402855 153.945602 15.013410 
520594531186056 -0.345315 154.354568 15.328440 
520594550973192 0.730830 154.667633 15.779520 
520594570925588 1.150335 152.950104 16.850639 
520594590918764 1.200660 155.108978 16.082790 
520594610917202 0.416280 154.668076 14.244960 
520594630917409 0.553080 153.511002 16.395510 
520594650916942 -0.072690 152.921997 16.093651 
520594670917097 -0.657540 153.765900 16.407391 
520594690916525 0.924675 156.250854 15.932461 
520594710916942 0.114780 154.217056 16.400221 
520594730916785 -0.053895 153.933456 15.017819 
520594750921421 1.615815 153.541931 15.923970 
520594770919024 0.353205 151.932922 15.320070 
520594790916940 0.548055 153.515289 15.626760 
520594810918504 1.329765 154.252029 15.927211 
520594830916993 0.561480 154.237762 14.858311 
520594850916732 -0.356385 153.923645 15.328260 
520594870932931 1.163760 153.672592 16.082190 
520594891143712 -0.975105 153.768921 14.411580 
520594911000222 0.842505 153.531937 14.086320 
520594930917045 1.177185 154.395065 15.313740 
520594951123295 2.094030 154.269714 16.381111 
520594970917045 -1.131060 153.180923 16.104059 
520594990917671 0.546030 153.076675 17.010330 
520595010917930 1.448145 153.257462 14.695321 
520595030918296 -0.058920 153.937729 14.249070 
520595050917618 -0.089775 152.936523 13.479900 
520595070919389 0.552420 153.805145 15.165630 
520595090917254 0.393465 153.660034 14.705791 
520595110918243 1.311315 153.533829 15.926910 
520595130916473 0.062805 152.793488 14.093370 
520595150917097 1.884450 152.993439 12.692039 
520595170916316 -1.049550 151.630569 11.489430 
520595190921473 -0.342630 149.935684 9.943860 
520595210920067 -0.246060 147.932205 9.326550 
520595230918190 -0.503610 149.351959 10.867590 
520595251048086 -1.123320 149.638412 8.106090 
520595271048972 0.408570 149.964478 8.399011 
520595290957254 -0.959340 149.779266 9.334680 
520595310917045 -0.959340 149.779266 9.334680 
520595330916681 -0.213180 149.372025 8.712151 
520595350917514 -0.233625 149.095856 6.713280 
520595370916628 -1.110916 149.921417 8.874960 
520595390916732 -0.488820 150.807159 7.485690 
520595410917306 -0.525060 149.076630 8.714971 
520595430917462 0.943455 147.695282 6.085920 
520595450916786 -2.212545 148.896133 7.347330 
520595470928608 -2.955001 149.887360 6.278850 
520595490918972 -3.210870 151.452454 7.512450 
520595510919597 -3.132045 154.320984 8.282400 
520595530918191 -5.452350 153.117096 7.227720 
520595550920274 -2.701800 153.181442 8.738760 
520595570917774 -4.051605 153.421158 10.750860 
520595590918347 -2.823555 153.444992 12.276600 
520595610995899 -0.778245 155.349609 15.025770 
520595630995690 -3.067020 155.293121 14.279070 
520595650916785 -4.647181 158.690796 15.219180 
520595670916836 -5.389980 159.388733 15.226830 
520595690925326 -6.888661 160.355438 14.934450 
520595710917358 -9.564435 162.282379 16.960501 
520595730918139 -10.738800 164.708099 14.052031 
520595750918816 -13.094295 167.657196 14.538060 
520595770919493 -13.602989 171.665466 14.084371 
520595790917773 -12.603300 174.405243 16.536690 
520595810919024 -12.063704 177.282501 17.917229 
520595830916837 -14.107965 181.261414 15.479490 
520595850916733 -12.470385 186.341263 13.314391 
520595870916784 -14.985151 189.732620 11.034570 
520595890916784 -13.844235 193.366501 8.412030 
520595910916837 -15.472305 196.658157 2.587080 
520595930916472 -17.101067 199.363281 -1.085610 
520595951123451 -18.773417 200.931274 -6.911280 
520595970928035 -19.706684 200.776993 -9.362520 
520595990928086 -19.306604 199.222809 -11.827590 
520596010916785 -18.616140 196.367691 -11.374890 
520596030917305 -18.464563 196.225525 -10.915171 
520596050917462 -18.171827 195.216171 -8.766030 
520596070953347 -15.953160 192.543488 -8.020471 
520596090916732 -14.405161 189.173172 -13.880580 
520596110917722 -13.559070 182.489777 -20.966190 
520596130917097 -10.073431 177.152588 -25.308750 
520596150925222 -7.160220 173.382675 -30.259769 
520596170916784 -1.906966 165.502579 -33.544800 
520596190916888 0.525960 159.245300 -32.496181 
520596210918242 5.873446 154.073853 -32.090069 
520596230918451 8.356709 150.415741 -33.500370 
520596250917410 13.023450 148.237930 -32.624401 
520596270918867 17.111385 147.339218 -32.203259 
520596290917670 20.060101 143.392334 -31.158091 
520596310918347 23.477985 140.180908 -31.039532 
520596330917148 28.006575 138.867722 -31.391729 
520596350917201 28.140705 138.006500 -30.778561 
520596370916680 29.647110 137.620361 -31.562189 
520596390916837 32.710560 138.419556 -31.591290 
520596410918035 33.323910 138.285294 -30.367231 
520596430920587 35.704891 136.048416 -29.776711 
520596450917357 36.286713 134.766724 -28.860630 
520596470916993 41.011818 134.740936 -27.522511 
520596490917461 40.588604 135.874496 -26.902620 
520596510917877 41.366295 136.614655 -27.217171 
520596530917409 43.452511 134.948532 -27.392221 
520596550919441 45.583996 134.564896 -25.721731 
520596570918502 45.626625 137.023880 -28.795712 
520596590917356 47.926468 137.511276 -28.048832 
520596610916993 48.627689 135.674454 -29.901960 
520596630917461 50.446289 134.996307 -28.382401 
520596650917461 49.736382 137.574417 -30.680220 
520596670917409 52.899422 136.367554 -30.865379 
520596690948607 55.206646 137.142212 -30.118380 
520596710949180 55.358566 137.293350 -30.734791 
520596730919024 56.904888 138.341034 -31.056570 
520596750918607 56.899517 138.052032 -30.749191 
520596770918190 56.592350 138.339767 -32.283630 
520596790918555 58.586372 139.407303 -33.993568 
520596810918295 58.946239 142.010345 -35.686680 
520596830975639 58.317108 141.130585 -35.373661 
520596850917462 55.740257 141.345596 -34.733551 
520596870927930 54.247620 142.747498 -35.794498 
520596890916836 51.946789 142.701263 -38.386204 
520596910918451 49.501064 142.497955 -39.285240 
520596930918607 48.027523 143.883575 -37.424942 
520596951124753 45.132439 143.955414 -38.319450 
520596970917358 44.977501 143.806854 -38.164291 
520596990918815 46.435966 142.434052 -42.330841 
520597010927826 47.722050 144.757004 -40.957890 
520597030919492 49.546364 144.661102 -40.821838 
520597050917983 49.839149 144.972717 -43.745911 
520597070917982 51.368340 144.713974 -41.608231 
520597090917253 49.837440 143.946716 -40.056332 
520597110916783 50.310631 144.678787 -40.367939 
520597130916628 51.474602 141.968353 -37.920841 
520597150918242 49.652985 142.649078 -39.901653 
520597170916888 50.590633 143.533478 -39.602608 
520597190918034 50.575214 143.253052 -40.832729 
520597210917565 49.702953 144.074356 -37.902302 
520597230918451 48.874935 141.175323 -36.819901 
520597250919076 49.681141 143.065445 -37.287720 
520597270916420 48.308548 143.177765 -38.196930 
520597290916003 45.709545 142.090607 -35.866112 
520597310919023 47.519459 142.153732 -38.497501 
520597330918971 47.635471 140.427277 -37.269688 
520597350917409 47.664993 141.576385 -37.269211 
520597370917721 48.279343 141.441254 -35.891399 
520597390917096 47.525475 141.708298 -35.883930 
520597410917356 47.371906 142.292480 -38.342224 
520597431242148 46.153908 142.260071 -38.330463 
520597450916732 46.904087 141.849411 -38.337994 
520597470916993 47.526493 142.147751 -37.421249 
520597490917305 46.920181 142.276047 -37.569061 
520597510916888 47.503017 141.433823 -38.190300 
520597530916836 46.789066 143.134705 -37.720982 
520597550917305 47.650921 141.588348 -39.421711 
520597570917514 45.125057 143.668121 -38.319572 
520597590976733 46.191151 143.989746 -39.405991 
520597610917096 48.301861 143.477020 -40.349308 
520597630917306 47.401772 143.734863 -39.417870 
520597650916992 49.210320 143.065262 -39.435810 
520597670921628 48.117062 141.886093 -39.118504 
520597690916835 47.999027 143.173935 -38.962742 
520597710916680 48.415173 141.165741 -37.276741 
520597730915846 48.744495 142.180145 -37.433010 
520597750932460 48.123108 142.321289 -39.887074 
520597770918190 49.055386 142.916702 -39.280651 
520597791179024 49.196896 142.342789 -38.667362 
520597810966263 46.135799 141.835144 -39.406891 
520597830917878 47.237774 143.153687 -38.955391 
520597850918555 46.957081 143.712448 -37.568462 
520597870917149 46.041237 143.836914 -38.482079 
520597890917513 47.983589 142.453171 -38.501789 
520597910917773 46.429218 140.972000 -37.718941 
520597930918295 45.718288 143.110626 -38.479439 
520597951124076 46.022442 142.825455 -37.406250 
520597970918243 46.188797 143.698181 -38.637360 
520597990919335 46.735081 141.712845 -40.335331 
520598010916887 46.950047 143.718430 -38.644711 
520598030927877 46.950047 143.718430 -38.644711 
520598050917773 45.701851 142.390717 -38.172241 
520598070918502 45.847397 142.253677 -38.635021 
520598090917825 45.870209 143.261734 -39.095852 
520598110917617 46.925552 142.565048 -37.876442 
520598130930325 47.510399 141.721115 -38.190182 
520598151131003 46.009365 142.396255 -37.713928 
520598170964075 47.390358 143.010681 -38.341923 
520598190918034 47.699883 143.014496 -37.576111 
520598210918243 46.185780 143.700745 -39.098614 
520598230920169 46.482212 142.835037 -36.949409 
520598250918294 47.519459 142.153732 -38.497501 
520598270919232 45.833309 141.825333 -39.096451 
520598290919179 47.533875 142.435043 -37.421131 
520598310918711 46.899719 141.559555 -37.876862 
520598330920169 46.032181 143.404297 -38.174759 
520598350918555 45.712921 142.821625 -38.172062 
520598370918242 46.927216 142.270065 -36.492809 
520598390925482 47.521469 142.152023 -38.190002 
520598410917199 46.776657 142.851685 -38.489849 
520598430920690 47.526493 142.147751 -37.421249 
520598450924388 45.208858 140.648041 -36.938549 
520598470919180 46.124386 141.110962 -38.330944 
520598490927147 46.597233 141.549759 -37.566422 
520598511056680 46.945667 142.988266 -36.492508 
520598531056054 46.602600 141.838760 -37.873802 
520598550960586 47.235420 142.862122 -38.186760 
520598570918501 47.681778 142.589569 -38.652542 
520598590923346 46.911121 141.843430 -37.261738 
520598610918867 45.695461 141.662262 -36.327541 
520598630918034 47.478523 140.280441 -37.422031 
520598650918346 47.192131 140.697266 -36.342663 
520598670919283 48.751873 142.467438 -37.432892 
520598690918398 48.080822 140.155563 -37.889221 
520598710918658 47.203545 141.421448 -37.418610 
520598730919128 47.529510 142.145187 -36.959999 
520598750918814 45.657917 140.960297 -39.249088 
520598770919127 47.951370 140.719223 -36.657509 
520598790918346 48.258224 141.018890 -37.429081 
520598810918971 48.129124 141.875839 -37.273499 
520598830916836 46.899059 141.853683 -39.106743 
520598850916680 45.980518 141.393326 -38.175602 
520598871011887 48.024857 144.179413 -38.962322 
520598891011887 47.681431 142.296295 -37.576412 
520598910920065 47.662983 141.578094 -37.576714 
520598930917513 47.640873 141.596909 -40.959213 
520598951173450 46.458736 142.121109 -37.718460 
520598970916992 46.451042 142.421234 -40.024590 
520598990924231 46.141846 142.270340 -40.175461 
520599010924596 46.600605 142.280792 -39.872372 
520599030916627 46.788406 143.428818 -38.950859 
520599050916159 48.015465 143.893829 -39.269939 
520599070916991 46.628086 142.550980 -36.797253 
520599090917043 45.065025 141.811081 -40.165352 
520599110952981 46.945019 143.722702 -39.413460 
520599130917461 45.250122 142.374298 -37.399082 
520599150953242 47.335007 140.856079 -38.342823 
520599170916783 48.466499 143.323761 -37.890842 
520599190916888 46.190807 143.696472 -38.329861 
520599210925428 47.363853 141.859009 -37.881153 
520599230916210 46.913147 142.282028 -38.645313 
520599250916106 46.465771 142.115128 -36.642212 
520599270917460 46.634480 143.279434 -38.641953 
520599290917252 45.992924 141.676346 -37.406731 
520599310917616 46.765244 142.127502 -37.413902 
520599330916940 46.927563 142.563339 -37.568943 
520599350917095 47.349422 141.137390 -37.266449 
520599370917043 45.824913 141.098587 -37.559254 
520599390919335 46.627739 142.257706 -35.721119 
