# Created at Thu Nov 07 17:55:49 EST 2019 in Burnaby Canada 
520511760185484 1013.203857 
520511800185119 1012.690430 
520511840185379 1012.783203 
520511880185848 1012.977295 
520511920186837 1013.024414 
520511960185431 1013.111084 
520512000185327 1013.135010 
520512040185274 1013.158691 
520512080185223 1013.131348 
520512120185223 1013.122803 
520512160185171 1013.169189 
520512200185171 1013.144043 
520512240185170 1013.138916 
520512280185587 1013.198975 
520512320185223 1013.163330 
520512360185119 1013.225830 
520512400185223 1013.164795 
520512440185743 1013.168213 
520512480185118 1013.141113 
520512520185118 1013.184570 
520512560189077 1013.163086 
520512600185795 1013.204590 
520512640185222 1013.204590 
520512680185431 1013.207764 
520512720186733 1013.310303 
520512760185379 1013.216309 
520512800185796 1013.149902 
520512840186368 1013.359131 
520512880186108 1013.887207 
520512920186108 1013.180176 
520512960185274 1012.907715 
520513000185170 1013.279297 
520513040187670 1013.328369 
520513080187357 1013.545898 
520513120185535 1013.813965 
520513160185274 1013.480957 
520513200185222 1012.965332 
520513240185119 1013.025391 
520513280186889 1013.194336 
520513320186681 1013.152832 
520513360186576 1013.545898 
520513400185900 1013.270508 
520513440185274 1012.863525 
520513480185118 1012.681152 
520513520185222 1012.761719 
520513560187409 1012.812012 
520513600186784 1012.797852 
520513640185587 1013.215332 
520513680185222 1013.103760 
520513720185118 1012.887451 
520513760185222 1013.170898 
520513800185222 1013.080811 
520513840185274 1012.956299 
520513880185795 1013.308350 
520513920185899 1013.248291 
520513960185795 1013.094238 
520514000185326 1013.136719 
520514040185847 1013.083740 
520514080185899 1013.102539 
520514120186055 1013.102783 
520514160185482 1013.079102 
520514200185065 1013.133789 
520514240185274 1013.129150 
520514280185326 1013.103516 
520514320185743 1013.169678 
520514360185483 1013.100098 
520514400185430 1013.163818 
520514440185378 1013.116943 
520514480185691 1013.080322 
520514520186367 1013.099365 
520514560187306 1013.105957 
520514600186888 1013.136475 
520514640185638 1013.148682 
520514680186263 1013.104980 
520514720186419 1013.259766 
520514760186419 1013.233398 
520514800186784 1013.190430 
520514840187044 1013.200684 
520514880185482 1013.138672 
520514920185482 1013.080811 
520514960185847 1013.152344 
520515000185639 1013.124512 
520515040186836 1013.094971 
520515080187305 1013.112061 
520515120186992 1013.123535 
520515160185638 1013.119873 
520515200185586 1013.110596 
520515240186941 1013.173096 
520515280185377 1013.130615 
520515320185743 1013.134033 
520515360187149 1013.132080 
520515400185274 1013.133789 
520515440185378 1013.153076 
520515480186054 1013.122559 
520515520185378 1013.117432 
520515560186211 1013.135010 
520515600186367 1013.149414 
520515640186055 1013.160889 
520515680185378 1013.155273 
520515720185690 1013.165283 
520515760186993 1013.122803 
520515800186576 1013.116211 
520515840186627 1013.153076 
520515880186575 1013.128418 
520515920187408 1013.127686 
520515960185898 1013.111084 
520516000186888 1013.152100 
520516040186992 1013.141846 
520516080187305 1013.131836 
520516120186523 1013.123291 
520516160186576 1013.164307 
520516200186783 1013.135498 
520516240186211 1013.138672 
520516280185846 1013.137207 
520516320186419 1013.133789 
520516360186836 1013.125488 
520516400186836 1013.130859 
520516440187253 1013.120605 
520516480187096 1013.150391 
520516520186576 1013.125244 
520516560187669 1013.135010 
520516600186836 1013.154785 
520516640185638 1013.098877 
520516680186002 1013.139160 
520516720185429 1013.171387 
520516760186054 1013.123779 
520516800185325 1013.157471 
520516840185221 1013.119873 
520516880185117 1013.129639 
520516920185273 1013.127930 
520516960185169 1013.120117 
520517000185221 1013.114746 
520517040185534 1013.157959 
520517080185793 1013.184326 
520517120185585 1013.038818 
520517160186315 1013.083008 
520517200185689 1013.086182 
