# Created at Thu Nov 07 18:08:50 EST 2019 in Burnaby Canada 
521375191218258 5.313703 -0.010773 -8.400893 
521375211787425 5.319687 -0.011970 -8.391316 
521375232357633 5.320884 -0.046685 -8.398499 
521375252927633 5.319687 -0.033517 -8.393710 
521375273497842 5.323278 -0.035911 -8.414061 
521375294068258 5.316096 -0.037109 -8.408075 
521375314638414 5.300535 -0.023941 -8.403287 
521375335208465 5.292155 -0.027532 -8.405680 
521375355779195 5.299337 -0.039503 -8.408075 
521375376348935 5.295747 -0.033517 -8.410469 
521375396919663 5.282579 -0.035911 -8.417651 
521375417489351 5.282579 -0.033517 -8.412863 
521375438059508 5.290958 -0.043094 -8.420045 
521375458629872 5.307717 -0.033517 -8.410469 
521375479200185 5.301732 -0.043094 -8.398498 
521375499770081 5.294549 -0.037109 -8.418848 
521375520340549 5.305323 -0.034714 -8.406878 
521375540910341 5.293352 -0.037109 -8.416454 
521375561481591 5.288564 -0.033517 -8.402090 
521375582050809 5.302929 -0.026335 -8.421242 
521375602621331 5.307717 -0.034714 -8.410469 
521375623191435 5.310111 -0.043094 -8.418848 
521375643761695 5.288564 -0.049079 -8.404484 
521375664331695 5.282579 -0.015562 -8.403286 
521375684902372 5.284973 -0.019153 -8.398499 
521375705472059 5.292155 -0.046685 -8.432016 
521375726042164 5.301732 -0.038306 -8.420045 
521375746612372 5.298141 -0.043094 -8.417652 
521375767182632 5.314899 -0.009576 -8.408075 
521375787752841 5.311308 -0.021547 -8.399696 
521375808322946 5.288564 -0.038306 -8.402090 
521375828893154 5.281382 -0.055064 -8.421242 
521375849463518 5.282579 -0.045488 -8.420046 
521375870033726 5.299337 -0.051473 -8.403286 
521375890603882 5.277791 -0.051473 -8.399695 
521375911174091 5.281382 -0.043094 -8.406878 
521375931744195 5.288564 -0.061050 -8.408075 
521375952314403 5.295747 -0.039503 -8.397301 
521375972884821 5.296943 -0.025138 -8.384134 
521375993455029 5.302928 -0.037109 -8.397301 
521376014025549 5.308914 -0.028729 -8.414061 
521376034595758 5.290958 -0.019153 -8.406878 
521376055165705 5.310111 -0.001197 -8.404484 
521376075736122 5.298141 -0.014365 -8.398499 
521376096307529 5.296943 -0.033517 -8.410469 
521376116876174 5.294549 -0.044291 -8.406878 
521376137447736 5.290958 -0.041897 -8.424833 
521376158016696 5.300534 -0.033517 -8.408075 
521376178588727 5.294549 -0.063444 -8.460745 
521376199159039 5.270608 -0.171178 -8.555312 
521376219729508 5.001272 -0.375874 -8.689382 
521376240299455 4.748694 -0.150828 -8.445183 
521376260869820 4.893538 0.226242 -7.914890 
521376281441123 5.250259 0.405800 -7.685057 
521376302010133 5.647679 0.312430 -8.338646 
521376322580809 5.869133 0.276518 -8.454760 
521376343150081 6.106149 0.272927 -8.824648 
521376363719924 5.924197 -0.009576 -8.811481 
521376384290341 5.445378 0.032320 -8.533765 
521376404860653 4.727148 -0.221454 -8.686987 
521376425431070 3.961036 -0.038306 -8.275202 
521376446000028 4.055603 0.241804 -8.110010 
521376466570237 4.912690 0.186740 -8.187818 
521376487139924 5.240683 0.087385 -8.414061 
521376507710184 5.233500 -0.002394 -8.630726 
521376528282998 5.334052 0.128084 -8.206970 
521376548853258 5.563886 0.329189 -8.192606 
521376569422788 5.927789 0.369888 -8.177044 
521376589992997 5.793719 0.380662 -8.358995 
521376610563206 5.751822 0.576978 -8.442789 
521376631133414 5.794916 0.216666 -8.368572 
521376651703986 3.416379 -0.463258 -8.963506 
521376672274246 3.113525 1.015098 -8.573268 
521376692843309 9.099970 -3.203304 -6.168396 
521376713413518 6.321618 -0.730200 -8.343434 
521376733984195 4.640961 2.108004 -8.403286 
521376754554403 5.397496 0.361509 -7.847856 
521376775124872 4.402747 -0.903772 -8.204576 
521376795695184 4.548788 -0.401012 -7.519864 
521376816265288 3.818588 1.742904 -6.480825 
521376836835028 4.121441 -0.294474 -6.786073 
521376857405393 5.970882 0.503958 -6.122908 
521376877976070 6.815999 -3.050082 -8.466730 
521376898547060 5.845192 -1.156350 -7.153567 
521376919117215 4.552379 -0.598525 -6.975207 
521376939687320 3.971810 -1.040236 -6.975207 
521376960257112 4.904311 -3.649804 -7.667101 
521376980827528 6.657989 -2.481483 -6.576590 
521377001397424 4.945011 -3.680927 -8.191409 
521377021967475 7.386992 -4.961770 -6.825576 
521377042538413 7.261301 -2.540139 -5.414254 
521377063108622 6.301268 -11.977676 -7.342700 
521377083680236 6.296480 -6.929719 -4.202840 
521377104249038 7.015906 -8.189015 -9.435143 
521377124820705 9.323817 -2.522183 -13.640377 
521377145389091 9.265162 -5.899059 -8.353010 
521377165959038 5.624935 -3.040505 -1.685446 
521377186529298 5.221529 -3.425955 -5.531565 
521377207099611 4.749892 -3.957445 -8.124374 
521377227669872 5.624935 -3.139861 -6.707067 
521377248238413 6.331194 -3.150634 -5.166465 
521377268808674 6.731009 -3.762326 -5.138933 
521377289378621 7.003936 -3.989765 -6.940493 
521377309948881 7.249331 -4.211220 -6.235430 
521377330519299 6.948872 -4.636172 -5.360387 
521377351089507 6.805226 -5.007257 -5.985247 
521377371659611 6.070237 -4.837276 -6.757344 
521377392229871 7.310380 -3.728809 -7.090123 
521377412800184 5.296944 -2.657450 -5.703940 
521377433370445 6.746570 -3.964628 -5.290958 
521377453940705 6.252189 -4.204038 -5.923000 
521377474510966 6.532298 -5.612965 -6.115726 
521377495081069 8.637908 -7.319957 -6.948872 
521377515651329 5.990035 -4.734330 -6.268948 
521377536221695 4.719965 -3.558828 -5.070701 
521377556791850 5.117386 -3.842529 -5.470516 
521377577362267 5.283776 -3.203304 -3.801829 
521377597932685 7.123641 -6.205504 -4.875582 
521377618503048 8.926397 -7.228981 -4.061588 
521377639072892 7.993896 -6.324012 -3.937095 
521377659643205 7.024286 -5.994823 -4.116653 
521377680213778 9.687721 -7.230178 -2.250453 
521377700783048 9.541681 -7.123641 -2.347414 
521377721354142 7.367839 -1.708189 -2.702938 
521377741924247 8.396105 -7.176311 -2.664632 
521377762494559 9.456690 -6.679536 -1.874579 
521377783064820 5.298141 -7.828702 -7.427691 
521377803635132 6.234233 -2.562882 -2.274394 
521377824205392 7.111670 0.365100 -3.194925 
521377844775601 6.584969 -4.271072 -7.823915 
521377865346173 6.465263 -3.549252 -5.678802 
521377885916226 6.994359 -3.916746 -4.304589 
521377906486486 6.689112 -3.616286 -4.638566 
521377927056539 6.279721 -3.907169 -5.678802 
521377947626799 5.933774 -3.724020 -5.313702 
521377968197683 6.631654 -3.340965 -5.027608 
521377988767944 7.211026 -3.715641 -5.644088 
521378009338465 7.799973 -0.593737 -4.512876 
521378029908726 7.602461 -3.160210 -4.770242 
521378050478361 8.294355 -5.126963 -5.190406 
521378071048621 7.959181 -4.310575 -5.755413 
521378091619611 7.864614 -3.418773 -5.154495 
521378112189871 9.311847 -2.074487 -5.439392 
521378132760236 7.857432 -6.042706 -5.991232 
521378153330496 3.485808 4.851641 -8.163877 
521378173900444 9.839746 -4.469782 0.794841 
521378194470704 12.213495 -3.048885 -2.707726 
521378215039871 11.643700 -11.178047 -4.384792 
521378235610184 4.007721 0.701471 -12.541487 
521378256180600 9.430355 -0.811599 -8.721702 
521378276750861 9.909174 -3.922731 -6.377879 
521378297321434 6.442520 -1.472371 -2.966288 
521378317892163 8.601997 8.536159 14.015054 
521378338462475 9.905583 -7.136808 -8.434410 
521378359032423 5.331658 -8.641500 -8.007063 
521378379602476 8.317099 -6.213883 -8.195000 
521378400172579 12.343973 -2.354596 -9.207704 
521378420742841 20.456377 -0.921728 -10.124644 
521378441313412 10.994898 -6.811211 -8.931186 
521378461883518 -1.581302 -8.585238 -2.541336 
521378482454090 -0.397420 -6.016370 -6.459279 
521378503024715 3.228442 -2.692164 -5.354402 
521378523594611 3.897593 -2.340232 -6.010385 
521378544164559 4.459009 -2.778352 -8.387725 
521378564735340 4.949799 -3.471443 -7.021892 
521378585305183 6.561028 -3.408000 -4.657719 
521378605876017 7.363050 -4.224387 -7.882570 
521378626446277 7.163144 -3.615089 -7.892147 
521378647016538 6.193533 0.094567 -5.229909 
521378667586850 6.337179 -2.646676 -3.155422 
521378688157215 7.826309 -4.697222 -4.114259 
521378708727527 7.940028 -2.268409 -7.770048 
521378729299455 10.839283 -4.918676 -8.105222 
521378749869767 9.054482 -3.605513 -7.309184 
521378770439194 10.672893 2.002664 -3.697685 
521378791009507 10.729155 -3.360118 -6.249795 
521378811578985 8.816269 -3.224851 -8.550524 
521378832149246 10.413132 -3.622272 -7.572535 
521378852718933 6.567013 -1.422095 -0.301656 
521378873289194 6.581378 -3.469049 -5.154494 
521378893860235 5.865541 -6.499978 -4.998878 
521378914430548 7.239755 -4.642158 -6.674747 
521378935000548 8.391316 0.533884 -6.148046 
521378955570861 9.754755 0.372282 -6.033129 
521378976143673 10.500517 -1.496312 -6.170790 
521378996713100 7.205040 -2.160674 -5.504033 
521379017281850 4.868400 -2.698149 -5.494457 
521379037852215 5.978065 -2.750820 -5.369964 
521379058422579 6.821984 -1.979920 -5.902650 
521379078993830 1.690234 -11.379150 -4.286633 
521379099563257 8.506233 -5.413057 -6.812408 
521379120133413 16.922688 -3.797040 -8.762402 
521379140703830 8.184227 -7.121247 -5.848783 
521379161274871 8.361390 -9.182566 -4.742710 
521379181844454 3.776691 -10.384403 -11.872335 
521379202416798 2.641888 -10.463408 -8.627134 
521379222984976 12.636053 -2.846583 -9.175384 
521379243555756 14.315514 -1.413715 -7.868206 
521379264125548 13.163952 -1.509479 -20.547354 
521379284696068 14.947556 1.927249 -15.816613 
521379305266433 13.414135 3.138663 -13.300416 
521379325835964 9.491405 1.425686 -8.645090 
521379346407163 10.816538 3.008185 -5.126963 
521379366977058 13.416530 3.382862 -2.154689 
521379387547319 9.395641 -0.660771 -1.322740 
521379408118568 7.524652 -1.793180 -1.152759 
521379428688881 6.288100 -2.740046 -4.437462 
521379449258308 4.176505 -4.476964 -3.537281 
521379469828621 1.602849 -6.754950 -6.278524 
521379490399923 0.223848 -3.018959 -4.183688 
521379510970184 4.031662 1.939220 -1.467583 
521379531538777 3.635439 1.717766 -3.418773 
521379552109090 3.958642 2.561686 -2.268409 
521379572679454 4.423098 3.836543 3.085994 
521379593249767 3.789858 4.457812 4.757074 
521379613823985 2.817854 4.713981 4.646946 
521379634394298 2.649070 4.117850 5.244273 
521379654961381 3.285901 7.381006 10.893149 
521379675531694 -0.187937 5.380737 15.495804 
521379696102110 -5.088657 1.915279 9.357335 
521379716671538 -4.980923 1.241340 7.960379 
521379737242058 -3.932307 3.255974 8.376951 
521379757812215 -4.206431 3.127890 6.333589 
521379778382684 -2.953121 3.478625 5.847586 
521379798953725 2.568868 5.069504 6.492796 
521379819523412 3.360117 4.931844 10.700424 
521379840093517 3.078811 7.524652 11.435413 
521379860664037 2.863342 9.565621 8.214153 
521379881234611 7.653934 9.637444 11.395910 
521379901804558 8.274006 6.663974 14.677023 
521379922374923 2.743637 6.643624 8.823451 
521379942944975 2.124763 7.011118 4.527241 
521379963516433 1.435262 7.560564 3.785070 
521379984085704 1.542997 6.334785 4.869596 
521380004656903 2.693361 5.936168 7.211025 
521380025226433 2.548518 6.854305 7.381006 
521380045796642 2.702938 8.180635 6.227051 
521380066366954 1.955979 7.849053 6.418579 
521380086939923 0.786461 7.122444 6.880640 
521380107510235 0.344750 7.276863 6.057070 
521380128080235 -0.014365 6.936901 6.156425 
521380148650547 0.853496 7.437268 6.590954 
521380169219767 0.721821 6.646018 7.323548 
521380189790079 -0.883422 6.474840 8.236897 
521380210359923 0.416573 6.957251 7.741318 
521380230930235 0.192725 6.646018 7.973546 
521380251499975 0.695486 6.910566 7.819126 
521380272070287 0.483608 6.754950 7.401356 
521380292640756 0.507549 6.789664 6.610106 
521380313211068 0.347144 6.764526 6.516737 
521380333781850 0.365100 7.070971 6.406608 
521380354352162 0.159208 6.914157 6.842334 
521380374922058 0.132872 6.877048 7.400159 
521380395492370 0.238213 6.862684 7.596476 
521380416062996 0.379465 6.878245 7.431283 
521380436633568 0.521914 6.892611 7.128429 
521380457204089 0.343553 6.747767 6.934507 
521380477774505 0.283701 6.855502 7.085335 
521380498344350 0.305248 6.877048 7.297213 
521380518914922 0.146040 6.766920 7.373824 
521380539486121 0.166390 6.738191 7.372627 
521380560056693 0.378268 6.824378 7.327139 
521380580628829 0.469243 6.806423 7.225390 
521380601197475 0.466849 6.815999 7.369036 
521380621767110 0.392632 6.747767 7.428888 
521380642337944 0.341159 6.781285 7.531835 
521380662908464 0.301656 6.727417 7.675481 
521380683478829 0.399814 6.788467 7.589293 
521380704048464 0.541066 6.847122 7.483953 
521380724619350 0.523111 6.849517 7.236164 
521380745191641 0.506352 6.886625 6.991965 
521380765759610 0.445302 6.875852 6.974010 
521380786329922 0.319612 6.805226 7.157158 
521380806900339 0.459667 6.796846 7.334321 
521380827470651 0.457273 6.815999 7.394174 
521380848040600 0.469243 6.883034 7.383400 
521380868610912 0.530293 6.893807 7.367839 
521380889181225 0.675136 6.916552 7.406145 
521380909751589 0.615283 6.891413 7.256514 
521380930320652 0.590145 6.878246 7.060197 
521380950890807 0.525505 6.897398 7.021892 
521380971462162 0.562613 6.896202 6.939295 
521380992032475 0.661968 6.908172 6.997951 
521381012602474 0.645210 6.906975 7.024286 
521381033172839 0.582963 6.881837 7.050621 
521381053742527 0.658377 6.841137 7.122444 
521381074312892 0.579372 6.793255 7.357066 
521381094883308 0.800826 6.721432 7.858629 
521381115453673 0.225045 7.054212 6.899793 
521381136023881 0.494381 6.958448 6.933310 
521381156594089 0.466849 6.964433 7.261301 
521381177164610 0.436923 6.851911 7.183494 
521381197736328 0.611692 6.860290 7.324745 
521381218305911 0.499170 6.944084 6.850714 
521381238876224 0.235819 6.844728 6.584969 
521381259446693 0.405800 6.776496 6.893807 
