# Created at Thu Nov 07 18:08:51 EST 2019 in Burnaby Canada 
521375196360237 5.247466 -0.042433 -8.284485 
521375216929977 5.247675 -0.040369 -8.284362 
521375237499976 5.247156 -0.039387 -8.284697 
521375258070185 5.247099 -0.038427 -8.284737 
521375278641019 5.246605 -0.037170 -8.285056 
521375299210810 5.246160 -0.036812 -8.285338 
521375319780810 5.245427 -0.036068 -8.285806 
521375340351018 5.244353 -0.034786 -8.286491 
521375360921747 5.243144 -0.034206 -8.287259 
521375381491487 5.241994 -0.033660 -8.287989 
521375402062216 5.240380 -0.033279 -8.289011 
521375422631903 5.238930 -0.032724 -8.289929 
521375443202060 5.237382 -0.032692 -8.290908 
521375463772425 5.236479 -0.031977 -8.291481 
521375484342737 5.236103 -0.031072 -8.291721 
521375504912685 5.236014 -0.030742 -8.291780 
521375525483101 5.235950 -0.030327 -8.291821 
521375546052893 5.235634 -0.029677 -8.292023 
521375566624143 5.235339 -0.029040 -8.292211 
521375587193361 5.235002 -0.028313 -8.292427 
521375607763883 5.234720 -0.027882 -8.292605 
521375628333987 5.234080 -0.028111 -8.293009 
521375648904247 5.233936 -0.027866 -8.293102 
521375669474247 5.233754 -0.027593 -8.293217 
521375690044924 5.233481 -0.026451 -8.293392 
521375710614611 5.232879 -0.026130 -8.293774 
521375731184716 5.232887 -0.026012 -8.293769 
521375751754873 5.232594 -0.025933 -8.293954 
521375772325184 5.232524 -0.025239 -8.294000 
521375792895445 5.232612 -0.024104 -8.293948 
521375813465498 5.232480 -0.023706 -8.294032 
521375834035862 5.231297 -0.023821 -8.294778 
521375854606070 5.229582 -0.023638 -8.295860 
521375875176331 5.229161 -0.023102 -8.296127 
521375895746382 5.229503 -0.022757 -8.295914 
521375916317008 5.229449 -0.022840 -8.295946 
521375936886747 5.228814 -0.022724 -8.296348 
521375957457424 5.228552 -0.022569 -8.296513 
521375978027373 5.228589 -0.021644 -8.296491 
521375998598466 5.229027 -0.020510 -8.296220 
521376019168101 5.229029 -0.020391 -8.296218 
521376039738310 5.228498 -0.019537 -8.296555 
521376060308257 5.228130 -0.018423 -8.296788 
521376080878674 5.227901 -0.017503 -8.296935 
521376101450081 5.227558 -0.017270 -8.297152 
521376122018726 5.227127 -0.017548 -8.297422 
521376142590288 5.227163 -0.017501 -8.297400 
521376163159404 5.225348 -0.016243 -8.298546 
521376183731279 5.219593 -0.012220 -8.302174 
521376204301591 5.209343 -0.002068 -8.308618 
521376224872060 5.188173 0.009705 -8.321848 
521376245442164 5.154432 0.025338 -8.342756 
521376266012372 5.132174 0.049308 -8.356359 
521376286583675 5.132189 0.069841 -8.356204 
521376307152685 5.125146 0.084834 -8.360387 
521376327723361 5.095049 0.086256 -8.378748 
521376348292633 5.071114 0.098858 -8.393118 
521376368862476 5.055977 0.117128 -8.402010 
521376389432893 5.057481 0.135735 -8.400825 
521376410003205 5.058863 0.151370 -8.399725 
521376430573622 5.040952 0.145304 -8.410592 
521376451142580 5.017736 0.138428 -8.424581 
521376471712268 5.020656 0.126670 -8.423025 
521376492282476 5.033752 0.102409 -8.415535 
521376512855393 5.053390 0.078574 -8.404015 
521376533425602 5.098711 0.061503 -8.376739 
521376553995132 5.163772 0.047560 -8.336881 
521376574565340 5.214936 0.034869 -8.305036 
521376595135705 5.227459 0.016283 -8.297216 
521376615705758 5.236384 -0.003405 -8.291601 
521376636276329 5.252313 -0.028817 -8.281470 
521376656846538 5.237278 -0.072466 -8.290721 
521376677415653 5.165559 -0.076467 -8.335559 
521376697985861 5.250778 -0.114733 -8.281699 
521376718556279 5.242567 -0.175111 -8.285845 
521376739126747 5.214462 -0.251095 -8.301609 
521376759697996 5.246449 -0.372491 -8.276860 
521376780267424 5.255144 -0.503203 -8.264420 
521376800837320 5.293189 -0.663453 -8.228753 
521376821407841 5.412106 -0.874982 -8.131045 
521376841977685 5.512068 -1.111655 -8.034408 
521376862547945 5.724337 -1.480271 -7.823755 
521376883118622 5.923328 -1.717148 -7.624695 
521376903689612 6.092659 -1.987780 -7.422845 
521376924259767 6.232195 -2.287122 -7.217978 
521376944829872 6.308240 -2.595353 -7.045612 
521376965399820 6.293282 -2.863792 -6.954401 
521376985970080 6.295898 -3.107560 -6.846541 
521377006539767 6.263628 -3.344151 -6.764170 
521377027110027 6.310382 -3.613374 -6.579742 
521377047680966 6.436525 -3.990631 -6.230281 
521377068251174 6.464274 -4.230029 -6.040729 
521377088822788 6.532442 -4.376145 -5.860627 
521377109391590 6.344804 -4.302967 -6.115417 
521377129961383 6.030309 -4.266854 -6.449784 
521377150531643 6.083202 -4.152618 -6.474627 
521377171101590 6.271183 -4.078590 -6.340958 
521377191671850 6.361294 -4.027596 -6.283532 
521377212242164 6.350670 -4.025151 -6.295834 
521377232811121 6.311451 -4.018790 -6.339188 
521377253380965 6.282924 -4.028649 -6.361229 
521377273951174 6.285753 -4.062691 -6.336738 
521377294521173 6.283539 -4.082344 -6.326293 
521377315091642 6.271307 -4.100229 -6.326864 
521377335661851 6.282600 -4.139700 -6.289849 
521377356232111 6.305507 -4.181848 -6.238841 
521377376802163 6.274472 -4.231350 -6.236752 
521377397372528 6.238668 -4.266833 -6.248483 
521377417942736 6.267197 -4.328533 -6.177089 
521377438513413 6.387409 -4.422061 -5.984712 
521377459083257 6.539630 -4.531087 -5.733487 
521377479653361 6.706977 -4.656367 -5.431859 
521377500223621 6.830576 -4.735569 -5.204612 
521377520794454 6.942457 -4.790809 -5.002083 
521377541364247 7.052166 -4.874009 -4.762497 
521377561934402 7.149891 -4.959803 -4.522147 
521377582504820 7.323777 -5.062774 -4.111081 
521377603075237 7.468915 -5.147912 -3.726218 
521377623645600 7.570074 -5.206933 -3.428153 
521377644215444 7.643902 -5.217598 -3.243117 
521377664785757 7.660784 -5.228435 -3.185318 
521377685356330 7.666367 -5.248233 -3.138988 
521377705925600 7.685354 -5.264080 -3.065157 
521377726496694 7.639740 -5.267976 -3.170676 
521377747066799 7.571421 -5.248008 -3.361902 
521377767637111 7.537083 -4.977918 -3.818782 
521377788207372 7.038896 -4.401905 -5.219921 
521377808777684 6.784290 -4.088109 -5.781969 
521377829347945 6.961306 -4.198755 -5.484620 
521377849918153 7.058865 -4.233633 -5.330964 
521377870488725 7.029946 -4.184754 -5.407223 
521377891058778 7.023583 -4.132065 -5.455795 
521377911629975 7.055096 -4.120077 -5.424111 
521377932199091 7.056221 -4.059583 -5.468082 
521377952770497 7.058981 -3.963612 -5.534523 
521377973340235 7.151824 -3.886551 -5.469598 
521377993910757 7.341787 -3.726210 -5.327655 
521378014481017 7.606643 -3.495774 -5.107733 
521378035050653 7.805203 -3.337455 -4.910252 
521378055620913 7.961464 -3.242230 -4.719472 
521378076191903 8.062387 -3.183057 -4.586551 
521378096762163 8.167879 -3.127106 -4.435915 
521378117332996 8.250914 -3.036581 -4.344191 
521378137902788 8.340200 -2.840369 -4.306243 
521378158472840 8.167205 -2.665971 -4.728608 
521378179042996 8.148875 -2.628794 -4.780759 
521378199613257 8.200410 -2.711239 -4.644660 
521378220182423 8.232903 -2.855878 -4.498184 
521378240753048 7.915493 -3.004168 -4.948772 
521378261323152 7.509529 -3.006441 -5.544248 
521378281893413 7.169303 -2.910837 -6.024824 
521378302463986 6.932028 -3.066416 -6.222095 
521378323034715 6.879652 -3.463955 -6.069744 
521378343605027 6.853684 -3.551185 -6.048676 
521378364174976 6.838775 -3.544228 -6.069596 
521378384745028 6.874153 -3.412402 -6.105074 
521378405315131 6.926830 -3.053075 -6.234432 
521378425885393 6.960832 -2.318187 -6.507167 
521378446455964 6.916577 -1.623954 -6.759743 
521378467026070 6.910340 -1.358384 -6.824396 
521378487596642 6.886596 -1.280302 -6.863382 
521378508167267 6.885569 -1.241084 -6.871611 
521378528737163 6.877703 -1.258303 -6.876356 
521378549307112 6.818971 -1.340062 -6.919268 
521378569877892 6.785593 -1.518999 -6.915111 
521378590448569 6.853992 -1.770987 -6.786516 
521378611018569 6.860003 -2.014373 -6.712156 
521378631588881 6.823917 -2.248346 -6.674539 
521378652159090 6.941556 -2.424136 -6.489127 
521378672729819 7.215070 -2.594456 -6.114078 
521378693299767 7.473228 -2.811124 -5.693754 
521378713871590 7.574430 -2.992807 -5.462736 
521378734442007 7.502941 -3.212711 -5.436430 
521378755011486 7.504696 -3.275294 -5.396514 
521378775581747 7.551858 -3.247312 -5.347409 
521378796151225 7.606429 -3.116758 -5.347750 
521378816721538 7.613811 -2.879028 -5.469136 
521378837292059 7.591263 -2.565617 -5.653381 
521378857861485 7.667392 -2.433490 -5.608888 
521378878432475 7.752285 -2.404073 -5.503898 
521378899002787 7.835372 -2.412090 -5.381370 
521378919573100 7.847899 -2.405124 -5.366213 
521378940143100 7.846220 -2.370635 -5.383986 
521378960715913 7.805302 -2.344016 -5.454653 
521378981286225 7.750641 -2.304760 -5.548516 
521379001855652 7.667748 -2.284741 -5.670623 
521379022424402 7.596874 -2.325108 -5.749066 
521379042994767 7.569435 -2.424473 -5.744212 
521379063565131 7.542594 -2.547705 -5.726156 
521379084136382 7.524556 -2.838000 -5.612237 
521379104705809 7.385348 -3.197582 -5.603792 
521379125275965 7.072502 -3.493072 -5.826539 
521379145846382 6.651399 -3.831674 -6.103077 
521379166417423 6.183883 -4.122516 -6.398034 
521379186987006 5.663602 -4.537231 -6.596025 
521379207559350 5.085385 -4.992028 -6.737130 
521379228127528 4.864923 -5.257655 -6.697759 
521379248698309 4.850080 -5.257334 -6.708768 
521379269268100 5.024998 -4.907126 -6.843968 
521379289838620 5.352211 -4.293211 -7.006608 
521379310408361 5.820286 -3.414437 -7.115918 
521379330979402 6.358006 -2.398941 -7.070447 
521379351549558 6.863247 -1.279534 -6.886873 
521379372119610 7.495680 -0.012486 -6.323371 
521379392690131 8.187104 1.304478 -5.238324 
521379413261120 8.731173 2.640082 -3.600967 
521379433830548 8.833283 3.914171 -1.680110 
521379454400860 8.447103 4.972434 0.302902 
521379474970808 7.743051 5.703566 1.919607 
521379495542475 6.903335 6.133035 3.301549 
521379516111173 5.849599 6.393916 4.590252 
521379536681329 4.741025 6.446034 5.669366 
521379557251746 3.639916 6.342436 6.534135 
521379577822006 2.379141 6.108376 7.293684 
521379598394663 1.073948 5.755678 7.866969 
521379618966537 -0.042746 5.302392 8.249436 
521379639533934 -0.752982 4.789872 8.524116 
521379660103933 -1.066567 4.505046 8.645079 
521379680674507 -1.068866 4.630275 8.578373 
521379701244662 -0.700510 4.908151 8.461072 
521379721814090 -0.084964 5.298460 8.251636 
521379742384610 0.491701 5.666507 7.988700 
521379762954767 0.877027 5.898718 7.785008 
521379783525236 1.147668 5.995136 7.675389 
521379804096277 1.419686 5.991681 7.632473 
521379824665964 1.547548 5.980868 7.616081 
521379845236069 1.479964 5.965200 7.641759 
521379865806589 1.494873 5.949671 7.650959 
521379886377163 1.208977 6.141707 7.549053 
521379906947110 0.957803 6.514307 7.267517 
521379927517475 0.920431 6.874847 6.932508 
521379948087527 1.026783 7.079558 6.707903 
521379968658985 1.167144 7.159218 6.599526 
521379989228256 1.308983 7.146194 6.587022 
521380009799455 1.376863 7.111771 6.610397 
521380030368985 1.329917 7.072539 6.661899 
521380050939194 1.245954 7.023179 6.730004 
521380071512266 1.136642 6.967689 6.806595 
521380092082475 1.009518 6.919062 6.875888 
521380112651901 0.885916 6.878823 6.933061 
521380133222787 0.784514 6.840424 6.983088 
521380153793100 0.706565 6.797474 7.033170 
521380174362319 0.562621 6.744224 7.097133 
521380194931797 0.459463 6.706281 7.140384 
521380215502475 0.365922 6.708508 7.143697 
521380236072423 0.311312 6.729492 7.126529 
521380256642527 0.292002 6.781113 7.078249 
521380277212943 0.293060 6.835424 7.025773 
521380297783308 0.277564 6.864227 6.998267 
521380318354506 0.246249 6.870403 6.993376 
521380338924402 0.227350 6.856348 7.007796 
521380359494453 0.219660 6.833719 7.030109 
521380380064610 0.227016 6.823505 7.039788 
521380400635183 0.242784 6.825657 7.037177 
521380421205548 0.261440 6.834310 7.028104 
521380441776120 0.276725 6.843531 7.018540 
521380462346641 0.286879 6.844633 7.017058 
521380482917058 0.295239 6.836902 7.024243 
521380503486902 0.304650 6.828102 7.032396 
521380524058205 0.319048 6.823375 7.036345 
521380544628673 0.340981 6.819106 7.039454 
521380565199245 0.362143 6.812569 7.044724 
521380585771381 0.372378 6.797816 7.058429 
521380606339662 0.375996 6.785830 7.069760 
521380626909662 0.381470 6.776507 7.078404 
521380647480652 0.385512 6.767817 7.086496 
521380668051016 0.389414 6.763789 7.090127 
521380688621381 0.394265 6.766477 7.087295 
521380709191016 0.397173 6.765310 7.088245 
521380729761902 0.395874 6.764293 7.089288 
521380750331953 0.398509 6.767453 7.086123 
521380770902162 0.407783 6.769679 7.083470 
521380791472526 0.412524 6.765976 7.086732 
521380812042891 0.412858 6.760560 7.091880 
521380832613047 0.417924 6.760607 7.091539 
521380853183152 0.426291 6.763548 7.088236 
521380873753464 0.434886 6.766486 7.084908 
521380894323777 0.444317 6.773944 7.077192 
521380914893308 0.460937 6.788509 7.062159 
521380935463204 0.475792 6.801157 7.048991 
521380956034037 0.487927 6.812975 7.036739 
521380976604714 0.493260 6.818153 7.031350 
521380997174402 0.498773 6.819896 7.029270 
521381017745078 0.498929 6.817176 7.031896 
521381038315027 0.495149 6.809832 7.039277 
521381058885131 0.484556 6.791369 7.057826 
521381079455392 0.461226 6.761733 7.087780 
521381100025860 0.386247 6.780466 7.074354 
521381120596068 0.391169 6.824294 7.031813 
521381141166433 0.405700 6.849910 7.006034 
521381161736693 0.416335 6.846163 7.009073 
521381182307162 0.433869 6.825881 7.027767 
521381202878932 0.440763 6.796184 7.056061 
521381223448464 0.441881 6.788484 7.063399 
521381244018828 0.465575 6.779239 7.070753 
521381264589245 0.492940 6.752977 7.093991 
