# Created at Thu Nov 07 18:08:51 EST 2019 in Burnaby Canada 
521375186075706 0.003797 -0.003950 0.006214 
521375206644872 0.003797 -0.003950 0.006214 
521375227215081 0.003797 -0.003950 0.006214 
521375247785081 0.003797 -0.003950 0.006214 
521375268355289 0.003797 -0.003950 0.006214 
521375288925706 0.003797 -0.003950 0.006214 
521375309495810 0.003797 -0.003950 0.006214 
521375330065913 0.003797 -0.003950 0.006214 
521375350636122 0.003797 -0.003950 0.006214 
521375371206383 0.003797 -0.003950 0.006214 
521375391777111 0.003797 -0.003950 0.006214 
521375412346799 0.003797 -0.003950 0.006214 
521375432916956 0.003797 -0.003950 0.006214 
521375453487320 0.003797 -0.003950 0.006214 
521375474057633 0.003797 -0.003950 0.006214 
521375494627477 0.003797 -0.003950 0.006214 
521375515197945 0.003797 -0.003950 0.006214 
521375535767789 0.003797 -0.003950 0.006214 
521375556338623 0.003797 -0.003950 0.006214 
521375576908257 0.003797 -0.003950 0.006214 
521375597478779 0.003797 -0.003950 0.006214 
521375618048883 0.003797 -0.003950 0.006214 
521375638619143 0.003797 -0.003950 0.006214 
521375659189143 0.003797 -0.003950 0.006214 
521375679759820 0.003797 -0.003950 0.006214 
521375700329455 0.003797 -0.003950 0.006214 
521375720899612 0.003797 -0.003950 0.006214 
521375741469820 0.003797 -0.003950 0.006214 
521375762040080 0.003797 -0.003950 0.006214 
521375782610289 0.003797 -0.003950 0.006214 
521375803180394 0.003797 -0.003950 0.006214 
521375823750602 0.003797 -0.003950 0.006214 
521375844320966 0.003797 -0.003950 0.006214 
521375864891174 0.003797 -0.003950 0.006214 
521375885461382 0.003797 -0.003950 0.006214 
521375906031538 0.003797 -0.003950 0.006214 
521375926601643 0.003797 -0.003950 0.006214 
521375947171851 0.003797 -0.003950 0.006214 
521375967742268 0.003797 -0.003950 0.006214 
521375988312477 0.003797 -0.003950 0.006214 
521376008882997 0.003797 -0.003950 0.006214 
521376029453205 0.003797 -0.003950 0.006214 
521376050023153 0.003797 -0.003950 0.006214 
521376070593570 0.003797 -0.003950 0.006214 
521376091164976 0.003797 -0.003950 0.006214 
521376111735185 0.003797 -0.003950 0.006214 
521376132305184 0.003797 -0.003950 0.006214 
521376152874143 0.003797 -0.003950 0.006214 
521376173446175 0.003797 -0.003950 0.006214 
521376194016330 0.003797 -0.003950 0.006214 
521376214586955 0.003797 -0.003950 0.006214 
521376235156903 0.003797 -0.003950 0.006214 
521376255727268 0.003797 -0.003950 0.006214 
521376276298570 0.003797 -0.003950 0.006214 
521376296867581 0.003797 -0.003950 0.006214 
521376317438257 0.003797 -0.003950 0.006214 
521376338007528 0.003797 -0.003950 0.006214 
521376358577372 0.003797 -0.003950 0.006214 
521376379147789 0.003797 -0.003950 0.006214 
521376399718100 0.003797 -0.003950 0.006214 
521376420288518 0.003797 -0.003950 0.006214 
521376440857476 0.003797 -0.003950 0.006214 
521376461427684 0.003797 -0.003950 0.006214 
521376481997372 0.003797 -0.003950 0.006214 
521376502567580 0.003797 -0.003950 0.006214 
521376523140393 0.003797 -0.003950 0.006214 
521376543710706 0.003797 -0.003950 0.006214 
521376564280236 0.003797 -0.003950 0.006214 
521376584850445 0.003797 -0.003950 0.006214 
521376605420654 0.003797 -0.003950 0.006214 
521376625990862 0.003797 -0.003950 0.006214 
521376646561434 0.003797 -0.003950 0.006214 
521376667131642 0.003797 -0.003950 0.006214 
521376687700757 0.003797 -0.003950 0.006214 
521376708270966 0.003797 -0.003950 0.006214 
521376728841643 0.003797 -0.003950 0.006214 
521376749411851 0.003797 -0.003950 0.006214 
521376769982320 0.003797 -0.003950 0.006214 
521376790552216 0.003797 -0.003950 0.006214 
521376811122736 0.003797 -0.003950 0.006214 
521376831692945 0.003797 -0.003950 0.006214 
521376852262841 0.003797 -0.003950 0.006214 
521376872833517 0.003797 -0.003950 0.006214 
521376893404508 0.003797 -0.003950 0.006214 
521376913974663 0.003797 -0.003950 0.006214 
521376934544768 0.003797 -0.003950 0.006214 
521376955114716 0.003797 -0.003950 0.006214 
521376975684976 0.003797 -0.003950 0.006214 
521376996254872 0.003797 -0.003950 0.006214 
521377016824871 0.003797 -0.003950 0.006214 
521377037395861 0.003797 -0.003950 0.006214 
521377057966018 0.003797 -0.003950 0.006214 
521377078537684 0.003797 -0.003950 0.006214 
521377099106433 0.003797 -0.003950 0.006214 
521377119678153 0.003797 -0.003950 0.006214 
521377140246487 0.003797 -0.003950 0.006214 
521377160816486 0.003797 -0.003950 0.006214 
521377181386694 0.003797 -0.003950 0.006214 
521377201957059 0.003797 -0.003950 0.006214 
521377222527268 0.003797 -0.003950 0.006214 
521377243095861 0.003797 -0.003950 0.006214 
521377263666122 0.003797 -0.003950 0.006214 
521377284236069 0.003797 -0.003950 0.006214 
521377304806329 0.003797 -0.003950 0.006214 
521377325376695 0.003797 -0.003950 0.006214 
521377345946955 0.003797 -0.003950 0.006214 
521377366517058 0.003797 -0.003950 0.006214 
521377387087267 0.003797 -0.003950 0.006214 
521377407657632 0.003797 -0.003950 0.006214 
521377428227893 0.003797 -0.003950 0.006214 
521377448798101 0.003797 -0.003950 0.006214 
521377469368361 0.003797 -0.003950 0.006214 
521377489938517 0.003797 -0.003950 0.006214 
521377510508777 0.003797 -0.003950 0.006214 
521377531079091 0.003797 -0.003950 0.006214 
521377551649455 0.003797 -0.003950 0.006214 
521377572219715 0.003797 -0.003950 0.006214 
521377592790133 0.003797 -0.003950 0.006214 
521377613360496 0.003797 -0.003950 0.006214 
521377633930340 0.003797 -0.003950 0.006214 
521377654500653 0.003797 -0.003950 0.006214 
521377675071121 0.003797 -0.003950 0.006214 
521377695640496 0.003797 -0.003950 0.006214 
521377716211590 0.003797 -0.003950 0.006214 
521377736781643 0.003797 -0.003950 0.006214 
521377757351903 0.003797 -0.003950 0.006214 
521377777922215 0.003797 -0.003950 0.006214 
521377798492528 0.003797 -0.003950 0.006214 
521377819062788 0.003797 -0.003950 0.006214 
521377839632997 0.003797 -0.003950 0.006214 
521377860203569 0.003797 -0.003950 0.006214 
521377880773622 0.003797 -0.003950 0.006214 
521377901343882 0.003797 -0.003950 0.006214 
521377921913934 0.003797 -0.003950 0.006214 
521377942484195 0.003797 -0.003950 0.006214 
521377963055079 0.003797 -0.003950 0.006214 
521377983625340 0.003797 -0.003950 0.006214 
521378004195861 0.003797 -0.003950 0.006214 
521378024766121 0.003797 -0.003950 0.006214 
521378045335757 0.003797 -0.003950 0.006214 
521378065906017 0.003797 -0.003950 0.006214 
521378086477007 0.003797 -0.003950 0.006214 
521378107047267 0.003797 -0.003950 0.006214 
521378127617632 0.003797 -0.003950 0.006214 
521378148187944 0.003797 -0.003950 0.006214 
521378168757891 0.003797 -0.003950 0.006214 
521378189328152 0.003797 -0.003950 0.006214 
521378209897319 0.003797 -0.003950 0.006214 
521378230467580 0.003797 -0.003950 0.006214 
521378251037996 0.003797 -0.003950 0.006214 
521378271608257 0.003797 -0.003950 0.006214 
521378292178830 0.003797 -0.003950 0.006214 
521378312749610 0.003797 -0.003950 0.006214 
521378333319923 0.003797 -0.003950 0.006214 
521378353889819 0.003797 -0.003950 0.006214 
521378374459872 0.003797 -0.003950 0.006214 
521378395029975 0.003797 -0.003950 0.006214 
521378415600237 0.003797 -0.003950 0.006214 
521378436170808 0.003797 -0.003950 0.006214 
521378456740966 0.003797 -0.003950 0.006214 
521378477311329 0.003797 -0.003950 0.006214 
521378497882110 0.003797 -0.003950 0.006214 
521378518451903 0.003797 -0.003950 0.006214 
521378539021955 0.003797 -0.003950 0.006214 
521378559592371 0.003797 -0.003950 0.006214 
521378580162579 0.003797 -0.003950 0.006214 
521378600733413 0.003797 -0.003950 0.006214 
521378621303673 0.003797 -0.003950 0.006214 
521378641873986 0.003797 -0.003950 0.006214 
521378662444246 0.003797 -0.003950 0.006214 
521378683014663 0.003797 -0.003950 0.006214 
521378703584923 0.003797 -0.003950 0.006214 
521378724156902 0.003797 -0.003950 0.006214 
521378744727163 0.003797 -0.003950 0.006214 
521378765296642 0.003797 -0.003950 0.006214 
521378785866903 0.003797 -0.003950 0.006214 
521378806436381 0.003797 -0.003950 0.006214 
521378827006642 0.003797 -0.003950 0.006214 
521378847576329 0.003797 -0.003950 0.006214 
521378868146590 0.003797 -0.003950 0.006214 
521378888717631 0.003797 -0.003950 0.006214 
521378909287944 0.003797 -0.003950 0.006214 
521378929857944 0.003797 -0.003950 0.006214 
521378950428257 0.003797 -0.003950 0.006214 
521378971001069 0.003797 -0.003950 0.006214 
521378991570495 0.003797 -0.003950 0.006214 
521379012139246 0.003797 -0.003950 0.006214 
521379032709402 0.003797 -0.003950 0.006214 
521379053279975 0.003797 -0.003950 0.006214 
521379073850755 0.003797 -0.003950 0.006214 
521379094420705 0.003797 -0.003950 0.006214 
521379114990808 0.003797 -0.003950 0.006214 
521379135561226 0.003797 -0.003950 0.006214 
521379156132266 0.003797 -0.003950 0.006214 
521379176701850 0.003797 -0.003950 0.006214 
521379197274193 0.003797 -0.003950 0.006214 
521379217842372 0.003797 -0.003950 0.006214 
521379238413152 0.003797 -0.003950 0.006214 
521379258982944 0.003797 -0.003950 0.006214 
521379279554038 0.003797 -0.003950 0.006214 
521379300123829 0.003797 -0.003950 0.006214 
521379320693360 0.003797 -0.003950 0.006214 
521379341264559 0.003797 -0.003950 0.006214 
521379361834454 0.003797 -0.003950 0.006214 
521379382404715 0.003797 -0.003950 0.006214 
521379402975964 0.003797 -0.003950 0.006214 
521379423546277 0.003797 -0.003950 0.006214 
521379444115704 0.003797 -0.003950 0.006214 
521379464686017 0.003797 -0.003950 0.006214 
521379485257319 0.003797 -0.003950 0.006214 
521379505827632 0.003797 -0.003950 0.006214 
521379526396173 0.003797 -0.003950 0.006214 
521379546966486 0.003797 -0.003950 0.006214 
521379567536850 0.003797 -0.003950 0.006214 
521379588107163 0.003797 -0.003950 0.006214 
521379608681381 0.003797 -0.003950 0.006214 
521379629251694 0.003797 -0.003950 0.006214 
521379649818777 0.003797 -0.003950 0.006214 
521379670389090 0.003797 -0.003950 0.006214 
521379690959506 0.003797 -0.003950 0.006214 
521379711529819 0.003797 -0.003950 0.006214 
521379732099454 0.003797 -0.003950 0.006214 
521379752669610 0.003797 -0.003950 0.006214 
521379773240132 0.003797 -0.003950 0.006214 
521379793811120 0.003797 -0.003950 0.006214 
521379814380808 0.003797 -0.003950 0.006214 
521379834950807 0.003797 -0.003950 0.006214 
521379855521433 0.003797 -0.003950 0.006214 
521379876092006 0.003797 -0.003950 0.006214 
521379896661954 0.003797 -0.003950 0.006214 
521379917232318 0.003797 -0.003950 0.006214 
521379937802371 0.003797 -0.003950 0.006214 
521379958373828 0.003797 -0.003950 0.006214 
521379978943100 0.003797 -0.003950 0.006214 
521379999514298 0.003797 -0.003950 0.006214 
521380020083829 0.003797 -0.003950 0.006214 
521380040654038 0.003797 -0.003950 0.006214 
521380061224350 0.003797 -0.003950 0.006214 
521380081797319 0.003797 -0.003950 0.006214 
521380102367631 0.003797 -0.003950 0.006214 
521380122937631 0.003797 -0.003950 0.006214 
521380143507943 0.003797 -0.003950 0.006214 
521380164077163 0.003797 -0.003950 0.006214 
521380184647475 0.003797 -0.003950 0.006214 
521380205217319 0.003797 -0.003950 0.006214 
521380225787631 0.003797 -0.003950 0.006214 
521380246357371 0.003797 -0.003950 0.006214 
521380266927683 0.003797 -0.003950 0.006214 
521380287498152 0.003797 -0.003950 0.006214 
521380308068464 0.003797 -0.003950 0.006214 
521380328639246 0.003797 -0.003950 0.006214 
521380349209558 0.003797 -0.003950 0.006214 
521380369779454 0.003797 -0.003950 0.006214 
521380390349766 0.003797 -0.003950 0.006214 
521380410920392 0.003797 -0.003950 0.006214 
521380431490704 0.003797 -0.003950 0.006214 
521380452061485 0.003797 -0.003950 0.006214 
521380472631484 0.003797 -0.003950 0.006214 
521380493201746 0.003797 -0.003950 0.006214 
521380513772318 0.003797 -0.003950 0.006214 
521380534343517 0.003797 -0.003950 0.006214 
521380554914088 0.003797 -0.003950 0.006214 
521380575486225 0.003797 -0.003950 0.006214 
521380596054505 0.003797 -0.003950 0.006214 
521380616624506 0.003797 -0.003950 0.006214 
521380637196380 0.003797 -0.003950 0.006214 
521380657765860 0.003797 -0.003950 0.006214 
521380678336224 0.003797 -0.003950 0.006214 
521380698905860 0.003797 -0.003950 0.006214 
521380719476746 0.003797 -0.003950 0.006214 
521380740049037 0.003797 -0.003950 0.006214 
521380760617006 0.003797 -0.003950 0.006214 
521380781187318 0.003797 -0.003950 0.006214 
521380801757735 0.003797 -0.003950 0.006214 
521380822328047 0.003797 -0.003950 0.006214 
521380842897996 0.003797 -0.003950 0.006214 
521380863468308 0.003797 -0.003950 0.006214 
521380884038621 0.003797 -0.003950 0.006214 
521380904608985 0.003797 -0.003950 0.006214 
521380925178048 0.003797 -0.003950 0.006214 
521380945748203 0.003797 -0.003950 0.006214 
521380966319558 0.003797 -0.003950 0.006214 
521380986889870 0.003797 -0.003950 0.006214 
521381007459870 0.003797 -0.003950 0.006214 
521381028030234 0.003797 -0.003950 0.006214 
521381048599923 0.003797 -0.003950 0.006214 
521381069170288 0.003797 -0.003950 0.006214 
521381089740704 0.003797 -0.003950 0.006214 
521381110311069 0.003797 -0.003950 0.006214 
521381130881277 0.003797 -0.003950 0.006214 
521381151451590 0.003797 -0.003950 0.006214 
521381172022006 0.003797 -0.003950 0.006214 
521381192593255 0.003797 -0.003950 0.006214 
521381213163307 0.003797 -0.003950 0.006214 
521381233733673 0.003797 -0.003950 0.006214 
521381254304088 0.003797 -0.003950 0.006214 
