# Created at Thu Nov 07 18:08:50 EST 2019 in Burnaby Canada 
521375186075706 -0.002443 -0.003054 0.004276 
521375206644872 0.000000 -0.003360 0.003054 
521375227215081 0.000000 -0.004581 0.003360 
521375247785081 0.001527 -0.007025 0.003054 
521375268355289 0.000305 -0.006414 0.002138 
521375288925706 0.001527 -0.006109 0.002138 
521375309495810 0.002749 -0.005192 0.004276 
521375330065913 0.001527 -0.006414 0.004887 
521375350636122 -0.000305 -0.006720 0.004276 
521375371206383 0.001222 -0.009163 0.005498 
521375391777111 0.002443 -0.008247 0.004276 
521375412346799 -0.000611 -0.007941 0.007636 
521375432916956 -0.000611 -0.009468 0.007941 
521375453487320 -0.000611 -0.005803 0.007941 
521375474057633 -0.002749 -0.006109 0.006414 
521375494627477 -0.000611 -0.004887 0.007025 
521375515197945 0.001833 -0.003360 0.004581 
521375535767789 -0.001527 -0.001527 0.005803 
521375556338623 -0.000305 -0.004581 0.003054 
521375576908257 0.001527 -0.004276 0.004276 
521375597478779 0.001527 -0.003360 0.004887 
521375618048883 0.001833 -0.006720 0.006414 
521375638619143 0.001833 -0.006414 0.004581 
521375659189143 0.000000 -0.003054 0.002749 
521375679759820 0.001222 -0.001222 0.005498 
521375700329455 0.001833 -0.002749 0.005803 
521375720899612 -0.000611 -0.004581 0.005803 
521375741469820 -0.000611 -0.002749 0.007636 
521375762040080 0.002138 -0.002443 0.002749 
521375782610289 0.001833 -0.005803 0.004276 
521375803180394 0.002749 -0.003971 0.001833 
521375823750602 0.001222 -0.007330 0.003971 
521375844320966 -0.000305 -0.009468 0.001833 
521375864891174 -0.001527 -0.007941 0.004276 
521375885461382 -0.000305 -0.002443 0.001527 
521375906031538 0.000916 0.000305 0.000916 
521375926601643 0.001527 -0.005192 0.002443 
521375947171851 -0.002138 -0.004887 0.003054 
521375967742268 -0.002443 -0.004276 0.003971 
521375988312477 -0.001527 -0.004887 0.003665 
521376008882997 -0.000916 -0.003665 0.004887 
521376029453205 0.000611 -0.007025 0.002749 
521376050023153 -0.000916 -0.006720 0.005192 
521376070593570 0.000000 -0.006720 0.004887 
521376091164976 0.002749 -0.006720 0.005498 
521376111735185 0.002749 -0.004887 0.003665 
521376132305184 0.001833 -0.005803 0.002138 
521376152874143 0.000000 -0.004276 0.002443 
521376173446175 -0.006109 -0.028100 -0.006414 
521376194016330 -0.013744 -0.047037 -0.045509 
521376214586955 -0.027794 -0.072387 -0.118813 
521376235156903 -0.028711 -0.122478 -0.172264 
521376255727268 -0.028405 -0.119119 -0.203418 
521376276298570 0.044899 -0.067195 -0.223576 
521376296867581 0.112705 -0.066584 -0.241597 
521376317438257 0.176234 -0.204640 -0.269697 
521376338007528 0.217162 -0.279471 -0.317344 
521376358577372 0.141721 -0.222355 -0.375987 
521376379147789 0.143859 -0.130420 -0.413555 
521376399718100 0.109039 -0.020464 -0.406225 
521376420288518 0.077274 0.036346 -0.283747 
521376440857476 0.096822 -0.004581 -0.119119 
521376461427684 0.097433 0.036041 -0.033292 
521376481997372 0.133474 0.074525 -0.021075 
521376502567580 0.186619 0.068417 -0.047647 
521376523140393 0.175624 0.181427 -0.083994 
521376543710706 0.160963 0.327118 -0.116675 
521376564280236 0.201891 0.352469 -0.173791 
521376584850445 0.275805 0.164017 -0.270308 
521376605420654 0.346360 0.019242 -0.328645 
521376625990862 0.372017 0.072998 -0.360105 
521376646561434 0.426078 -0.103847 -0.350025 
521376667131642 0.335365 -0.434630 -0.272140 
521376687700757 0.506101 0.449902 -0.647211 
521376708270966 0.499687 0.044593 -0.395535 
521376728841643 0.623998 -0.223271 -0.300240 
521376749411851 0.680198 0.151800 -0.221744 
521376769982320 0.880561 0.095600 -0.181427 
521376790552216 1.027474 0.063530 -0.115759 
521376811122736 1.133459 0.330478 -0.096822 
521376831692945 1.328631 0.819170 0.068722 
521376852262841 2.024406 0.911105 0.112399 
521376872833517 1.700342 1.369559 0.043371 
521376893404508 1.653000 1.123686 0.021991 
521376913974663 1.602909 1.111163 0.304211 
521376934544768 1.584278 0.996015 0.698524 
521376955114716 1.208596 0.557719 0.911105 
521376975684976 0.499687 0.624609 1.431256 
521376996254872 0.545197 0.318871 1.295033 
521377016824871 0.490219 0.695775 1.275180 
521377037395861 1.066570 1.440419 1.411098 
521377057966018 1.700953 1.527773 0.945619 
521377078537684 0.724486 0.543364 0.645379 
521377099106433 0.690888 -0.392481 -0.661872 
521377119678153 -0.241902 -2.901608 -0.209527 
521377140246487 -0.690888 -0.784961 0.216246 
521377160816486 -0.540921 1.039386 -0.123700 
521377181386694 -0.364381 0.998458 -0.194560 
521377201957059 -0.254731 0.305432 0.106596 
521377222527268 -0.300545 0.012217 0.314290 
521377243095861 -0.185092 -0.165544 0.159130 
521377263666122 -0.000611 -0.027183 0.240375 
521377284236069 0.031460 0.162795 0.222966 
521377304806329 0.042761 -0.033292 0.089186 
521377325376695 0.214414 -0.047953 0.018021 
521377345946955 0.336892 0.151494 0.004887 
521377366517058 0.376293 -0.003360 -0.098044 
521377387087267 0.367435 -0.374766 0.080329 
521377407657632 0.291688 -0.053145 0.013134 
521377428227893 0.474336 0.708603 0.205251 
521377448798101 0.632550 1.352760 0.245568 
521377469368361 0.750753 1.473406 0.195477 
521377489938517 0.860708 1.583667 0.157603 
521377510508777 0.648433 0.828333 -0.165239 
521377531079091 1.028696 1.021366 -0.219911 
521377551649455 1.145371 0.704632 -0.194866 
521377572219715 1.433394 1.344208 -0.215635 
521377592790133 1.808465 1.611156 -0.346666 
521377613360496 1.617570 1.171944 -0.335059 
521377633930340 1.078482 0.714101 -0.280081 
521377654500653 0.527176 0.399506 -0.234267 
521377675071121 0.191201 0.124006 0.035430 
521377695640496 0.113315 0.392175 0.039095 
521377716211590 -0.397062 0.121868 0.301156 
521377736781643 -0.878729 -0.264199 0.325591 
521377757351903 -2.130391 -0.499687 0.243430 
521377777922215 -4.105622 -3.794081 -0.741895 
521377798492528 -4.725344 -5.048186 -0.605672 
521377819062788 0.436768 0.000916 -0.248011 
521377839632997 1.222035 1.211956 -0.292604 
521377860203569 0.257479 0.004887 -0.237016 
521377880773622 -0.438906 -0.344222 -0.096517 
521377901343882 -0.087965 0.068722 -0.107512 
521377921913934 0.130725 -0.031765 -0.258396 
521377942484195 -0.217162 -0.411112 -0.448986 
521377963055079 -0.182343 0.050396 -0.405614 
521377983625340 -0.215024 0.870788 -0.579100 
521378004195861 -0.500298 1.490205 -1.026253 
521378024766121 -0.333227 1.577864 -1.016784 
521378045335757 -0.170126 1.206763 -0.562606 
521378065906017 -0.185092 1.127656 -0.437074 
521378086477007 -0.135612 0.885448 -0.236405 
521378107047267 -0.120951 0.838717 -0.368657 
521378127617632 -0.058948 0.602007 -0.662788 
521378148187944 -0.838106 -1.203098 -0.923017 
521378168757891 -0.867733 -0.984714 0.022297 
521378189328152 -0.079412 0.226631 0.152105 
521378209897319 0.663094 1.054658 0.353385 
521378230467580 0.394008 -1.227227 0.663094 
521378251037996 -0.936456 -3.092503 1.134987 
521378271608257 -1.854585 -2.661538 1.044884 
521378292178830 -1.738521 -2.216523 1.288314 
521378312749610 0.526260 0.441961 2.236070 
521378333319923 0.854905 -0.317344 0.998153 
521378353889819 0.483194 -0.371711 -0.277333 
521378374459872 0.515570 -0.322231 -1.012203 
521378395029975 0.170737 -0.670730 -1.818850 
521378415600237 -0.110567 -1.330158 -3.662134 
521378436170808 -0.718071 -2.101069 -4.767188 
521378456740966 -0.736397 -0.926682 -2.808756 
521378477311329 -0.518624 -0.087659 -0.693637 
521378497882110 -0.367130 -0.051618 -0.246178 
521378518451903 0.049480 0.014050 -0.165544 
521378539021955 0.109650 -0.131947 0.156687 
521378559592371 0.113010 -0.275500 0.768162 
521378580162579 0.387899 0.479834 1.131016 
521378600733413 0.280081 0.776104 1.499978 
521378621303673 0.240681 0.124006 1.370170 
521378641873986 0.412028 0.580016 1.138957 
521378662444246 0.200974 1.940106 0.925460 
521378683014663 0.508239 2.611752 0.994182 
521378703584923 0.465479 1.996000 0.784045 
521378724156902 0.821002 0.430660 0.862541 
521378744727163 0.583376 -0.005803 0.425162 
521378765296642 0.419359 0.061086 -0.039706 
521378785866903 0.576045 -0.000305 -0.803593 
521378806436381 -0.054672 -0.419664 -1.070846 
521378827006642 -0.728762 -0.789543 -1.396742 
521378847576329 -0.459370 -0.383012 -1.185383 
521378868146590 0.010996 0.458149 -0.381180 
521378888717631 0.335976 0.720515 -0.296880 
521378909287944 0.361937 0.317955 -0.337808 
521378929857944 0.343001 -0.043066 -0.408058 
521378950428257 0.368962 -0.449596 -0.364992 
521378971001069 0.229380 -0.595899 -0.255952 
521378991570495 0.277333 -0.809396 -0.379347 
521379012139246 0.379042 -0.780074 -0.241292 
521379032709402 0.572075 -0.380874 0.065057 
521379053279975 0.611476 -0.154243 0.145997 
521379073850755 0.841772 0.009774 0.758999 
521379094420705 0.074525 0.594982 2.055865 
521379114990808 0.920879 -1.095586 0.867122 
521379135561226 2.831969 -3.461159 0.307265 
521379156132266 1.886961 -2.998430 0.320399 
521379176701850 2.123671 -3.497811 0.534812 
521379197274193 1.798691 -3.117548 1.492648 
521379217842372 1.926056 -2.168264 1.159116 
521379238413152 1.368948 -0.528703 0.092851 
521379258982944 -0.905607 -0.546113 -0.745255 
521379279554038 -1.820071 0.636216 -1.580002 
521379300123829 -2.868926 0.895222 -2.752556 
521379320693360 -3.440390 1.839008 -3.475209 
521379341264559 -3.407098 2.082132 -4.153574 
521379361834454 -2.967886 2.809672 -5.387522 
521379382404715 -2.547611 5.175857 -6.192030 
521379402975964 -2.217439 7.709723 -6.525257 
521379423546277 -1.887267 9.581413 -6.730202 
521379444115704 -1.583972 10.351103 -6.323061 
521379464686017 -1.113301 10.041088 -5.393935 
521379485257319 -1.333823 8.298597 -3.959930 
521379505827632 -1.510363 8.221323 -3.151146 
521379526396173 -1.847255 8.044783 -2.758054 
521379546966486 -2.311512 6.885972 -2.329227 
521379567536850 -2.530202 6.578097 -2.249509 
521379588107163 -2.674060 7.263793 -1.986532 
521379608681381 -2.685972 6.753415 -1.352454 
521379629251694 -2.994459 5.200292 -0.598037 
521379649818777 -2.538754 2.572657 -0.657901 
521379670389090 -0.253203 0.346055 -1.170111 
521379690959506 1.495397 -1.387885 -0.864984 
521379711529819 1.974315 -3.205513 -0.027489 
521379732099454 2.526536 -3.515526 0.449596 
521379752669610 1.884823 -2.643212 0.740673 
521379773240132 1.191797 -1.388801 0.924238 
521379793811120 0.318566 -1.340848 0.605672 
521379814380808 -0.108123 -1.452942 -0.055589 
521379834950807 -0.075442 -0.373544 -0.524427 
521379855521433 -0.203723 -0.016799 -0.233045 
521379876092006 0.279165 0.237932 -0.436768 
521379896661954 1.853974 1.476765 -1.157589 
521379917232318 2.625497 0.403171 -0.806036 
521379937802371 2.031736 -0.424856 -0.170126 
521379958373828 0.955698 -0.943786 0.027183 
521379978943100 0.181121 -0.809396 0.121257 
521379999514298 -0.259312 -0.988990 -0.041844 
521380020083829 -0.252287 -0.111788 -0.113315 
521380040654038 -0.322842 0.451429 -0.101404 
521380061224350 -0.441961 0.506712 -0.223271 
521380081797319 -0.444099 0.613308 -0.228769 
521380102367631 -0.338724 0.795346 -0.149967 
521380122937631 -0.278860 0.669813 -0.041233 
521380143507943 -0.332005 0.615446 -0.028711 
521380164077163 -0.313984 0.484721 -0.223882 
521380184647475 -0.371100 0.843910 -0.033903 
521380205217319 -0.107512 0.514043 -0.121562 
521380225787631 0.093157 0.465479 -0.033598 
521380246357371 0.274889 0.184787 -0.052534 
521380266927683 0.396146 -0.056810 -0.098655 
521380287498152 0.314595 -0.043371 -0.068111 
521380308068464 0.113315 0.179289 -0.017104 
521380328639246 -0.033598 0.199142 0.031765 
521380349209558 -0.154854 0.137445 0.052229 
521380369779454 -0.128282 0.050702 0.057727 
521380390349766 -0.004276 -0.050091 0.053451 
521380410920392 0.047953 -0.106596 0.031460 
521380431490704 0.084299 -0.123089 -0.002749 
521380452061485 0.042761 -0.116675 -0.018326 
521380472631484 -0.021686 -0.052229 0.011301 
521380493201746 -0.061086 -0.049785 0.021991 
521380513772318 -0.039095 -0.069944 0.021380 
521380534343517 -0.014050 -0.100487 0.036957 
521380554914088 -0.019242 -0.140193 0.045815 
521380575486225 -0.067195 -0.080634 0.040928 
521380596054505 -0.089492 0.000611 0.040012 
521380616624506 -0.063530 -0.025656 0.022297 
521380637196380 -0.049175 -0.015272 0.023518 
521380657765860 -0.036652 0.003971 0.042761 
521380678336224 0.015272 0.001222 0.053451 
521380698905860 0.043066 0.010079 0.045815 
521380719476746 0.036346 0.056505 0.041233 
521380740049037 0.015577 0.056810 0.031765 
521380760617006 0.008858 -0.010996 0.023213 
521380781187318 -0.026267 -0.036957 0.030543 
521380801757735 -0.030849 0.013744 0.043371 
521380822328047 0.010996 0.017410 0.048564 
521380842897996 0.047647 -0.000305 0.051313 
521380863468308 0.048564 -0.012523 0.054672 
521380884038621 0.055894 0.011606 0.060476 
521380904608985 0.109650 -0.022602 0.037263 
521380925178048 0.115148 -0.050091 0.029627 
521380945748203 0.087965 -0.059559 0.036041 
521380966319558 0.052840 -0.021686 0.041844 
521380986889870 0.008552 0.019548 0.045509 
521381007459870 -0.008552 0.058948 0.046731 
521381028030234 -0.032987 0.085826 0.061697 
521381048599923 -0.084910 0.160963 0.100182 
521381069170288 -0.147524 0.280387 0.144469 
521381089740704 -0.082467 0.529314 0.181732 
521381110311069 0.370489 0.394008 0.024435 
521381130881277 0.273362 -0.091324 0.041844 
521381151451590 0.036957 -0.072082 0.018021 
521381172022006 -0.071166 -0.105374 0.003054 
521381192593255 -0.163406 -0.098655 0.011912 
521381213163307 -0.122478 0.035125 -0.010690 
521381233733673 -0.071166 -0.127976 -0.006109 
521381254304088 -0.185397 -0.203418 0.019242 
