# Created at Thu Nov 07 18:08:50 EST 2019 in Burnaby Canada 
521375196359612 -0.023210 0.021523 0.008996 
521375216929977 -0.007597 0.030199 0.012044 
521375237499976 0.000263 0.013640 0.009751 
521375258070185 -0.001906 -0.004095 0.009528 
521375278641019 -0.010691 0.006598 0.011788 
521375299210810 0.001698 0.000249 -0.001040 
521375319780966 -0.015357 0.001887 0.000382 
521375340351018 -0.033101 0.018541 -0.000621 
521375360921747 -0.026753 -0.003598 0.004420 
521375381491487 -0.007481 0.000636 0.004923 
521375402062216 -0.037909 -0.002147 -0.007610 
521375422631903 -0.030191 0.000880 -0.002303 
521375443202060 -0.030830 -0.014715 -0.007587 
521375463772425 -0.011879 -0.008259 -0.002345 
521375484342737 -0.004180 -0.000798 0.006066 
521375504912685 -0.015762 -0.007120 0.009243 
521375525483101 -0.013379 -0.003950 -0.013338 
521375546052893 -0.009305 -0.011792 0.004566 
521375566624143 -0.018353 -0.005258 0.003195 
521375587193361 -0.010746 -0.000010 -0.001504 
521375607763883 -0.005602 0.001946 0.000960 
521375628333987 -0.002586 -0.010988 -0.003374 
521375648904247 -0.003707 -0.023208 -0.006762 
521375669474247 -0.024716 -0.007924 0.007159 
521375690044455 -0.033401 0.020840 0.018334 
521375710614507 -0.018349 -0.014200 -0.006541 
521375731184716 -0.003047 -0.010727 -0.018114 
521375751754925 -0.005257 -0.020383 -0.010565 
521375772325184 -0.005079 0.004050 0.003675 
521375792895445 0.005607 0.013673 0.003620 
521375813465498 -0.003528 -0.008279 0.017583 
521375834035861 -0.017788 -0.026119 -0.004567 
521375854606070 -0.024322 -0.026305 -0.008426 
521375875176800 -0.009419 -0.028046 0.001245 
521375895746382 -0.017868 -0.016427 0.006576 
521375916317008 -0.019739 -0.030709 0.017833 
521375936886747 -0.018875 -0.029630 0.002330 
521375957457424 -0.006467 -0.035773 0.007013 
521375978027373 -0.008512 -0.005590 0.019546 
521375998598466 -0.003802 -0.001953 0.021084 
521376019168101 0.011728 -0.023620 0.005568 
521376039738310 0.002645 0.001850 -0.001203 
521376060308257 -0.001660 0.005508 0.006042 
521376080879872 0.004644 0.009363 0.008449 
521376101450081 -0.005616 0.003141 0.007205 
521376122020080 -0.002754 -0.030095 0.000251 
521376142590288 -0.004073 -0.021763 -0.008016 
521376163159404 -0.004615 -0.017052 -0.002088 
521376183731279 0.015297 -0.028312 -0.008728 
521376204301591 0.006423 -0.098456 -0.080311 
521376224872060 -0.089179 -0.304319 -0.195122 
521376245442164 -0.398124 -0.352489 -0.145343 
521376266012372 -0.404075 0.001542 0.232294 
521376286582477 -0.136999 0.277798 0.783842 
521376307152685 0.285862 0.314194 0.435656 
521376327723361 0.630245 0.166624 0.018103 
521376348292633 0.848817 0.208777 -0.082777 
521376368862476 0.974683 -0.012394 -0.487136 
521376389432893 0.555486 -0.092464 0.024605 
521376410003205 -0.025189 -0.265200 -0.092005 
521376430573622 -0.810262 -0.358184 -0.024608 
521376451142580 -1.248135 0.023953 0.402122 
521376471712268 -0.554583 0.100755 0.369603 
521376492282476 0.072956 0.024703 0.197477 
521376512855393 0.142529 -0.009897 -0.086444 
521376533425602 0.119538 -0.062091 0.081106 
521376553995132 0.181993 0.172243 0.137741 
521376574565340 0.526409 0.367005 0.263847 
521376595135133 0.650905 0.304368 0.180171 
521376615705758 0.401573 0.509791 -0.148455 
521376636276329 0.548801 0.523486 0.047082 
521376656846538 0.327388 -0.099175 -0.136263 
521376677415653 0.564322 0.145343 4.289082 
521376697985861 -2.259250 -1.327865 -2.990970 
521376718556643 2.377153 -1.913194 -0.425224 
521376739126747 -0.608572 1.871886 0.646175 
521376759697268 0.098828 1.284503 0.493748 
521376780267424 -0.485828 0.482738 -0.382919 
521376800837320 -0.756935 -0.163921 0.893002 
521376821407841 -1.104484 1.064995 1.163363 
521376841977580 -1.769327 2.901149 1.880134 
521376862547945 -1.022081 0.581512 0.521740 
521376883118622 0.796480 1.061776 0.077045 
521376903689612 0.343350 -0.306240 0.746741 
521376924259663 -1.120537 1.235151 -0.173586 
521376944829872 -2.293315 2.346420 0.245834 
521376965399820 -1.920545 0.317283 -0.372650 
521376985970080 -0.021592 0.875234 -0.122508 
521377006539767 -1.434441 -0.401399 -1.309620 
521377027110027 0.341146 -1.093123 -0.451355 
521377047680914 1.032882 0.354419 0.081529 
521377068251174 0.221868 -0.986276 0.792795 
521377088822788 0.219244 -6.893748 -2.997723 
521377109391590 -0.045633 -3.817521 3.154467 
521377129963257 1.193952 -0.487917 -6.792840 
521377150531069 4.407473 -0.503279 -5.343342 
521377171101590 0.600558 -0.227308 2.352571 
521377191671955 -1.058387 1.448514 3.353554 
521377212242164 -1.482353 -0.121543 -0.928845 
521377232811121 -1.505353 0.485595 -1.417353 
521377253380965 0.078783 1.161750 0.655077 
521377273951174 -0.055571 0.650229 1.338789 
521377294521173 0.512841 0.039236 0.471189 
521377315091642 0.903566 0.296990 -0.397386 
521377335661851 0.740693 -0.382164 0.679144 
521377356232111 0.567349 -0.803675 0.826930 
521377376802163 0.060239 -0.410676 -0.136640 
521377397372528 0.080763 -0.192399 -0.999757 
521377417942736 0.171287 1.140625 -0.210840 
521377438513413 -0.366946 1.471355 0.806745 
521377459083257 -0.158047 0.708403 0.408717 
521377479653414 -0.428857 -0.334927 -0.969497 
521377500223621 0.573087 -1.704244 -0.771957 
521377520794454 1.051908 -1.948993 -2.337372 
521377541364247 -2.337700 1.537318 -0.205741 
521377561934402 -2.301334 0.947222 -1.229178 
521377582504820 -2.298123 1.772087 0.072740 
521377603075237 -1.571289 0.900218 -0.741713 
521377623645600 0.912643 -1.987828 -0.977293 
521377644215444 0.700881 -1.588165 -1.056891 
521377664785757 0.157139 -0.374572 0.055969 
521377685356330 -0.109083 -1.205873 -0.811864 
521377705925600 2.321770 -2.508594 1.106285 
521377726496694 0.583943 -0.877158 0.685072 
521377747066799 0.365692 2.042926 1.161390 
521377767637111 1.742351 -0.619576 1.882593 
521377788207372 -0.261667 -2.316362 0.220972 
521377808777684 -1.371412 -3.025876 0.908877 
521377829347945 -0.040679 5.529314 4.304092 
521377849918153 -0.121836 0.918191 -2.427738 
521377870488725 -1.046601 0.382065 -1.015790 
521377891058778 -0.198379 0.526001 0.677130 
521377911629975 -0.219608 0.294053 1.189588 
521377932199091 -0.664251 0.428810 0.308708 
521377952771121 -1.069118 -0.038086 -0.101490 
521377973340235 -1.028712 0.651359 0.503381 
521377993910445 -0.578673 -0.424044 -0.009048 
521378014481017 0.079625 1.902113 -0.111152 
521378035050861 -0.116178 1.809124 0.664141 
521378055620913 -0.290195 -1.141210 -0.304076 
521378076191642 0.368688 -1.683833 -0.478460 
521378096762163 -0.577375 0.269915 -1.611401 
521378117332996 0.422864 -1.669913 -0.931234 
521378137902788 0.255752 1.005805 -1.073947 
521378158472840 -1.897141 0.982499 -2.769347 
521378179042996 -3.989373 4.371314 1.223415 
521378199614559 4.975200 -3.606039 4.349908 
521378220182423 2.213725 -2.387512 1.498993 
521378240753048 0.611280 -3.905215 -4.795014 
521378261323152 -1.201312 4.617789 -5.657583 
521378281893413 2.955757 0.090437 0.071528 
521378302463986 0.831588 -0.518983 0.653988 
521378323034715 -0.063687 10.361464 18.521973 
521378343605027 3.479966 2.056175 3.027187 
521378364174976 -0.360613 -5.126359 -3.423484 
521378384745028 0.421921 -4.072345 -0.834707 
521378405315131 2.721401 -1.959743 -3.305223 
521378425885393 9.433640 2.141103 -1.822670 
521378446455964 12.293678 -1.325784 -4.365036 
521378467026070 -4.463984 -7.421340 2.057876 
521378487596642 -9.212616 -6.575750 3.042247 
521378508167267 -4.916088 -2.697177 0.102997 
521378528737163 -3.632799 -1.179958 2.101608 
521378549307112 -2.298211 -1.093415 -0.423228 
521378569877892 -2.552847 -1.713996 -1.573200 
521378590447735 -0.746769 -1.498259 1.811159 
521378611018569 -0.352502 -1.716675 0.864273 
521378631588881 0.900305 -1.797804 -1.896143 
521378652159090 -0.396073 0.157471 0.625655 
521378672729142 -1.091364 3.019769 0.867907 
521378693299767 -0.648172 -2.336684 3.269212 
521378713871746 0.887269 0.473324 -1.358863 
521378734442007 0.530361 -0.531640 -0.816282 
521378755011486 3.926896 -2.906555 -3.578919 
521378775581747 0.665330 3.875260 -0.197248 
521378796151225 4.517492 3.114175 1.282814 
521378816721538 1.328290 -0.871373 -2.633912 
521378837292059 1.374911 -0.803671 -2.130009 
521378857861485 2.371830 -0.478556 2.543919 
521378878432475 -2.476862 0.586260 2.378644 
521378899002787 -1.249065 -2.106892 0.196411 
521378919573100 -2.429100 -5.025465 -0.875393 
521378940143100 0.643433 1.998865 -0.305017 
521378960715913 0.717103 2.501754 -1.161860 
521378981286225 3.037107 2.061137 -0.420272 
521379001855652 1.444358 -0.099337 0.010895 
521379022424402 -2.343564 0.119959 0.295201 
521379042994819 -2.664641 -0.332890 0.605431 
521379063565131 -0.680012 0.716249 -0.026572 
521379084136382 -2.614741 -1.628884 0.844716 
521379104705809 -6.106680 -9.025092 0.005367 
521379125275965 8.202739 1.131480 -1.305906 
521379145846382 6.943230 -2.679800 -0.106181 
521379166417423 0.254503 -3.824734 -0.481987 
521379186987006 2.561599 -5.254249 -1.402606 
521379207559350 -5.038768 -6.070641 -4.517968 
521379228127528 3.036066 -0.868833 -0.280886 
521379248698309 9.889878 4.128345 -2.522986 
521379269268100 7.829409 2.261250 -9.582314 
521379289838620 8.847319 5.151301 -8.154213 
521379310408985 8.868447 6.678586 -8.181306 
521379330978516 4.590280 4.727771 -3.311400 
521379351549558 2.076610 2.990060 0.221184 
521379372119610 5.127400 4.080585 2.978305 
521379392690131 3.240287 -0.047767 4.223655 
521379413261120 -1.405547 -4.439945 2.565744 
521379433830704 -1.649650 -5.839839 -0.957737 
521379454400860 -4.202913 -9.379640 -5.145797 
521379474972163 -4.176719 -11.316303 -5.737051 
521379495542475 -7.057594 -12.016057 -9.852819 
521379516111173 -3.846634 -6.374631 -6.667403 
521379536681329 -0.380084 -4.218087 -7.897211 
521379557251850 -0.398703 -4.697004 -10.325787 
521379577822006 2.099263 -2.795486 -6.906845 
521379598394663 3.137773 -1.467223 -3.381133 
521379618966537 3.389698 -0.775314 -3.499797 
521379639533934 3.059394 -0.571514 -3.942801 
521379660103933 4.513738 1.259485 -1.343731 
521379680674350 3.042084 2.454173 5.763206 
521379701244662 -2.059476 -1.416839 4.824731 
521379721814090 -5.827207 -4.370674 -1.018557 
521379742384610 -4.526950 -3.260393 0.991627 
521379762954767 -4.933787 -2.491969 -0.998721 
521379783525236 -5.402016 -2.955206 -1.082197 
521379804096277 -1.571338 -1.443587 -2.035596 
521379824665964 2.227295 -0.896893 0.903145 
521379845236069 1.223368 -0.779079 4.200880 
521379865806589 1.639878 3.814556 1.984985 
521379886377163 1.969391 2.503115 1.222694 
521379906947110 9.781994 2.076988 8.234069 
521379927517475 4.193106 0.058517 3.944743 
521379948087527 1.312809 -0.597722 -0.514552 
521379968658985 0.499596 0.459387 -2.559262 
521379989228256 0.076958 -0.306736 -2.623809 
521380009799455 0.812774 -1.019766 -0.753313 
521380030368777 1.368627 -1.089490 0.961637 
521380050939194 1.308845 0.721975 0.038499 
521380071512162 1.323773 1.189959 -0.655620 
521380092082475 0.396864 0.359857 -0.287456 
521380112651901 -0.496438 0.385804 -0.269619 
521380133222787 -0.649203 0.170895 -1.164675 
521380153793100 -0.380471 0.279634 -0.614274 
521380174362319 0.811507 0.781839 -0.737354 
521380194931797 -1.189402 -0.855113 1.515848 
521380215502475 -0.312633 0.283225 0.312772 
521380236072423 -0.255468 -0.051334 0.953709 
521380256642527 0.308520 0.003852 0.723782 
521380277212943 0.293032 -0.012639 0.552470 
521380297783308 0.215258 -0.192137 0.062111 
521380318354506 0.161820 -0.129591 -0.564456 
521380338924402 0.119822 0.017754 -0.633644 
521380359494401 0.076103 0.187321 -0.496059 
521380380064610 -0.118034 -0.001270 0.062662 
521380400635495 -0.074074 0.001267 0.514051 
521380421205548 0.040001 -0.001373 0.447797 
521380441776120 0.204160 0.018528 0.274688 
521380462346641 0.180799 -0.061178 -0.110051 
521380482917058 -0.039465 -0.099679 -0.065380 
521380503486902 0.010905 0.034431 0.136663 
521380524058205 -0.074223 -0.033209 0.262584 
521380544628673 -0.241144 -0.129934 0.323617 
521380565201069 -0.090076 -0.066398 0.266332 
521380585771381 0.071986 -0.008830 0.149227 
521380606339662 0.091069 -0.030699 0.186487 
521380626909662 0.056801 -0.019522 0.252587 
521380647480652 -0.021528 -0.059465 0.378871 
521380668051016 -0.081775 -0.040905 0.463893 
521380688621381 -0.077147 -0.067500 0.526592 
521380709191016 0.096671 0.015107 0.396047 
521380729763881 0.147983 0.021046 0.242873 
521380750331901 0.117799 0.052655 -0.061495 
521380770902162 0.059486 0.063085 -0.174142 
521380791472526 -0.032610 0.036814 -0.098447 
521380812042891 -0.050994 -0.034664 0.124602 
521380832612838 0.047815 -0.003691 0.215639 
521380853183152 0.035512 0.016514 0.235944 
521380873753464 0.050485 0.059221 0.208148 
521380894323777 0.151917 0.056811 0.265096 
521380914893308 0.216204 0.064956 0.195229 
521380935463204 0.105390 -0.014073 0.029769 
521380956034037 0.052531 0.005486 -0.101048 
521380976604714 0.026928 0.002162 -0.115174 
521380997174402 0.152000 0.017044 -0.159803 
521381017745078 0.149477 0.022563 -0.054334 
521381038315027 0.079188 0.009952 -0.103318 
521381058885131 0.155747 0.010935 -0.037962 
521381079455339 0.146948 -0.055573 0.083093 
521381100025860 0.212927 -0.051480 0.230855 
521381120596016 0.337890 -0.036996 0.566968 
521381141166433 -0.197200 0.025314 -0.340858 
521381161736693 0.088659 0.121885 0.118639 
521381182307162 -0.027235 -0.055009 0.049547 
521381202878932 0.084011 0.030498 0.221049 
521381223448464 0.126079 -0.033117 -0.069604 
521381244018828 -0.135539 0.056512 -0.536285 
521381264589245 -0.137585 0.023848 -0.398404 
