# Created at Thu Nov 07 18:08:51 EST 2019 in Burnaby Canada 
521375210924925 12.238755 152.240265 16.742910 
521375230924664 12.431955 154.557938 13.974900 
521375250917998 11.945355 153.543747 13.363890 
521375270925029 11.983906 154.244843 16.439190 
521375290925237 13.486965 154.008331 14.579370 
521375310924664 11.931585 152.528015 15.208470 
521375330924300 12.692835 152.548264 15.201120 
521375350924611 12.963105 150.824112 16.734961 
521375370925028 13.456755 152.272659 16.731150 
521375390923987 13.879635 151.286179 15.496320 
521375410924455 12.861856 153.125137 15.507390 
521375430924559 12.986926 151.831314 16.427881 
521375450924664 12.848431 152.402649 16.275841 
521375470924716 14.525520 152.298447 17.182110 
521375490924299 12.414495 153.398575 15.819421 
521375510924456 12.414495 153.398575 15.819421 
521375530924508 12.431955 154.557938 13.974900 
521375550924091 14.491995 151.593079 14.875560 
521375570925654 13.435635 151.850311 15.193470 
521375590924039 13.141860 151.979843 16.272720 
521375610924560 13.729726 151.133362 16.420231 
521375630923935 12.845761 152.698502 14.738461 
521375650923987 12.852450 152.399231 16.890841 
521375670924299 12.681436 152.264389 14.586000 
521375690924299 11.897355 150.795761 16.745251 
521375710924299 12.839370 151.970032 16.583160 
521375730923674 12.670365 151.833481 14.585820 
521375750924039 11.945671 152.956360 15.669900 
521375770924143 13.470180 152.995148 15.962700 
521375790923882 12.994980 152.264801 15.966810 
521375810924144 12.840736 152.702774 13.969710 
521375830924196 12.691845 152.989426 13.356300 
521375850923986 13.443675 151.843460 16.423471 
521375870924403 11.469451 151.786545 17.211330 
521375890924403 11.608965 151.654648 15.826051 
521375910923726 12.388664 152.393082 15.819000 
521375930924091 13.008406 152.987274 15.198360 
521375951131643 14.538946 153.020920 16.413660 
521375970925654 11.905755 151.522522 15.208050 
521375990935237 12.224686 152.252243 14.590410 
521376010935549 12.432944 154.116776 15.819720 
521376030924455 13.863194 150.566269 15.803520 
521376050924768 12.094561 152.669693 16.283310 
521376070924455 11.454030 151.506104 15.981210 
521376090924560 12.246135 152.527557 16.743031 
521376110926070 13.013431 152.983002 15.967110 
521376130924143 12.870900 153.117432 16.891140 
521376150925757 14.368260 152.739014 14.723761 
521376170924404 12.399060 152.677795 16.280371 
521376190926123 11.445975 151.072617 16.442282 
521376210926070 13.764271 152.278198 17.189461 
521376230926330 13.021471 152.976151 17.197111 
521376250925653 14.336386 151.298340 15.491910 
521376270926070 12.408105 152.670105 17.664120 
521376290927373 13.611691 152.421204 16.575991 
521376310925914 12.976530 151.546600 15.966510 
521376330923518 12.991951 151.827042 17.196630 
521376350926174 12.834345 151.974319 15.814410 
521376370925809 13.761600 152.574051 15.652080 
521376390925758 14.355480 151.282089 18.413160 
521376410925653 15.273345 151.596222 17.943211 
521376430926122 13.445684 151.841751 16.730970 
521376450925132 16.073851 153.344437 17.167831 
521376470924976 14.503035 151.143356 18.257879 
521376490924195 14.978234 151.873703 18.253771 
521376510924038 14.188485 151.143799 16.723320 
521376530926695 15.758955 153.051605 16.709400 
521376550927060 15.406816 151.029144 17.326500 
521376570926070 14.207595 151.567871 17.953501 
521376590926226 16.810261 151.918030 19.004879 
521376610926227 14.216985 151.853455 18.261120 
521376630926071 15.090900 150.296860 18.405390 
521376650926017 15.868590 151.037018 18.090841 
521376670926381 15.460799 152.451004 19.940849 
521376690919039 15.287415 151.584259 20.095711 
521376710925393 16.681156 152.774963 19.160460 
521376730925966 14.690490 151.998123 20.255520 
521376750925810 16.090935 153.329910 19.781580 
521376770926643 16.061069 151.887512 20.857231 
521376790926018 16.109385 154.048111 19.781879 
521376810925497 15.030210 153.297287 20.560619 
521376830925653 15.510105 154.170425 20.710320 
521376850925601 17.677832 155.517288 21.151531 
521376870925393 15.309915 157.743057 22.559761 
521376890926017 12.433275 158.533081 21.665550 
521376910926747 12.331680 160.540817 21.514109 
521376930927215 12.680460 162.272614 21.511890 
521376951134090 12.250891 163.558365 20.594339 
521376970926487 11.063085 164.821289 20.145391 
521376990926383 9.404100 165.350449 20.315550 
521377010926278 10.843454 168.116898 20.149712 
521377030925913 8.607000 169.777267 20.633730 
521377050938257 6.897030 168.441681 20.341860 
521377070926747 6.387345 172.891129 18.043350 
521377090928153 6.571140 174.482895 16.658791 
521377110926694 7.048350 175.211548 16.962179 
521377130927632 5.072115 175.156326 17.442541 
521377150926383 9.464520 173.385086 21.242880 
521377170925809 9.013140 173.661926 20.939911 
521377190925756 7.900440 172.205734 19.412102 
521377210925861 6.968820 171.316193 20.035559 
521377230925966 6.206580 171.737106 18.198090 
521377250924507 6.229740 173.038406 16.661131 
521377270924559 7.290780 172.483658 18.188101 
521377290923829 6.714315 173.614014 18.655710 
521377310923517 5.473170 172.720642 18.513359 
521377330924247 7.423230 171.477097 19.108709 
521377350924247 7.754910 172.783096 18.183811 
521377370924611 6.734790 174.770813 17.272440 
521377390924038 7.445055 172.926315 16.803061 
521377410917632 7.186515 174.787231 16.499281 
521377430924611 8.714684 174.089035 20.174280 
521377450924611 5.982585 174.742874 18.663542 
521377470924038 5.510415 174.450287 17.437830 
521377490924090 5.101980 176.598709 16.366890 
521377510923986 2.936610 175.543396 15.157050 
521377530924247 2.018760 175.669571 13.935930 
521377550923466 -0.099990 176.189148 13.649250 
521377570923829 0.966435 176.363693 13.177771 
521377590924247 1.872570 176.541031 11.477760 
521377610924560 0.996660 178.539673 9.334920 
521377630924455 -1.409805 180.064301 7.667850 
521377650924038 -0.214950 179.235733 7.501980 
521377670924247 -0.841725 178.647537 7.046371 
521377690924194 -2.191516 179.327560 7.367400 
521377710923048 -1.753545 178.768585 6.747750 
521377730924194 0.205245 178.104752 6.420840 
521377750923830 -1.144215 178.637711 7.356810 
521377770924038 -3.256935 179.152161 7.992630 
521377790949611 -0.260250 177.072586 9.038581 
521377811323517 3.609645 172.409531 14.072130 
521377830923934 6.489960 171.322830 16.657471 
521377850924559 4.669350 172.002701 14.830410 
521377870924559 3.945690 174.005371 12.686100 
521377890924559 2.516385 171.230377 14.389441 
521377910924351 4.830330 172.586441 13.906681 
521377930924351 3.925875 172.554443 15.299250 
521377951131434 1.779270 171.629898 16.395720 
521377970925079 4.771965 170.434402 13.444530 
521377990924923 4.771965 170.434402 13.444530 
521378010925184 4.784025 170.424149 15.289530 
521378030925028 4.194839 171.858871 12.682260 
521378050924194 4.752525 170.157379 11.599410 
521378070924663 3.335325 168.693069 10.074540 
521378090925080 3.443310 167.413773 8.381280 
521378110924923 3.456735 168.136246 7.612830 
521378130918361 2.215935 167.536133 6.394350 
521378150925913 3.399375 165.983353 7.304430 
521378171304402 2.483535 166.107834 6.390810 
521378190924402 3.976170 164.705933 7.451760 
521378210924871 4.449345 164.997665 8.831220 
521378230923726 4.304145 165.427963 8.217870 
521378250924247 4.177065 166.723541 6.989881 
521378270923673 3.995280 165.130020 8.681940 
521378290923986 5.767950 168.026840 12.356970 
521378310924090 5.765280 168.322693 10.819590 
521378330924402 9.242850 166.675049 13.860061 
521378350924610 6.879300 169.190659 14.807160 
521378370923726 6.448035 169.890717 15.888121 
521378390924559 7.675095 170.355759 15.569040 
521378410924142 5.812875 169.016098 15.278640 
521378430924403 7.630155 168.926193 14.338441 
521378450924037 8.672071 167.507019 16.326300 
521378470924247 12.212340 162.857254 17.519039 
521378490924090 15.348526 160.205460 18.870781 
521378510949402 13.638226 159.016907 17.963970 
521378531282892 15.175486 159.631958 17.949511 
521378550924195 13.214685 160.297516 17.968922 
521378570923777 12.442020 159.553085 19.052219 
521378590923777 14.399475 159.037155 17.956621 
521378610924975 13.820656 159.875961 19.192860 
521378630924246 11.088555 160.529800 17.682119 
521378650924142 9.954075 163.508728 18.617641 
521378670925079 11.476575 163.549225 18.602942 
521378690924454 10.134840 164.662750 18.462900 
521378710924558 6.324930 165.298508 15.117451 
521378730926069 5.576115 166.441895 12.511530 
521378750926434 4.978200 167.296967 10.826520 
521378770925601 4.394325 167.259384 14.676150 
521378790925757 2.541180 166.792679 12.387360 
521378810925079 4.058310 166.544189 12.680040 
521378830925340 4.233345 166.675659 15.599880 
521378850924298 4.313145 164.099304 14.674830 
521378870937579 5.933205 161.695145 15.887640 
521378891264142 5.464050 161.399979 15.123180 
521378910924662 3.920760 160.790039 14.215139 
521378930924767 3.743010 159.633453 14.831130 
521378951131746 3.302040 160.635330 13.298460 
521378970924818 3.574995 159.055710 14.678611 
521378990927215 2.211450 159.160339 15.153151 
521379010926068 2.395905 160.458008 14.998470 
521379030924715 2.783880 157.593079 15.761610 
521379050924350 3.720180 158.185074 16.983030 
521379070924558 4.042110 158.471924 18.517710 
521379090925809 2.855295 159.293655 19.913580 
521379110925028 2.514585 158.435684 17.763660 
521379130924923 1.850610 162.002167 18.541260 
521379150924924 0.675855 162.813644 21.782131 
521379170925808 2.434770 165.135071 25.610670 
521379190925131 4.924395 165.888138 30.968700 
521379210927579 7.737330 168.101120 33.556889 
521379230937841 10.158256 172.742096 36.458012 
521379251244454 12.692505 175.512100 40.740627 
521379270924350 12.077130 175.207764 40.900139 
521379290925028 12.821955 174.948441 39.508923 
521379310924818 10.131061 171.003876 39.071041 
521379330923985 10.451670 167.315582 32.915073 
521379350924715 8.807430 163.415619 29.545650 
521379370924767 8.662215 158.842224 25.392481 
521379390924715 8.194395 153.835800 20.165821 
521379410925756 10.289341 148.186005 13.837621 
521379430925808 9.650850 143.337952 5.229990 
521379450924402 13.740855 139.635483 -6.036540 
521379470924298 16.776482 135.307892 -13.295520 
521379490925965 24.421890 133.267502 -22.596451 
521379510925548 29.082962 131.828400 -25.410179 
521379530924090 33.490887 133.419876 -32.217209 
521379550923777 39.101704 133.735596 -36.269043 
521379570924246 43.953587 133.441971 -37.700008 
521379590924350 49.446693 134.898483 -40.981140 
521379611238829 56.004528 135.943878 -42.735241 
521379630975912 59.716560 138.340179 -42.923309 
521379650925444 64.029556 140.759506 -44.347260 
521379670925027 65.633904 143.665970 -43.130764 
521379690926173 68.226837 143.877609 -43.001942 
521379710924402 67.467606 143.855652 -42.687092 
521379730923569 65.901169 142.384735 -43.749241 
521379750924089 62.804504 140.292770 -43.720680 
521379770923881 60.490891 138.789627 -42.622982 
521379790924038 61.546230 138.092941 -41.403572 
521379810924975 60.005280 137.334244 -41.389172 
521379830924298 59.890594 138.472488 -40.157219 
521379850924090 59.275246 139.048798 -43.379852 
521379870924350 57.455940 138.700089 -41.056080 
521379890924559 57.285259 138.418152 -42.745979 
521379910924089 59.881203 138.186905 -40.464840 
521379930924037 62.764877 137.390900 -38.494381 
521379951131538 62.304752 136.647720 -36.184021 
521379971209714 62.719231 134.934494 -35.881649 
521379990971121 62.626007 136.788345 -34.188152 
521380010924611 61.552547 136.619766 -34.792919 
521380030924350 61.422092 137.184311 -33.714962 
521380050924142 62.889603 135.803802 -36.497761 
521380070924454 60.499203 136.874435 -34.013760 
521380090926537 62.784977 137.373810 -35.419384 
521380110926850 63.847706 137.404709 -35.890919 
521380130926433 62.133377 135.779282 -35.721661 
521380150926224 63.078407 136.950989 -35.422501 
521380170925079 63.398670 137.532791 -35.271450 
521380190924663 63.879585 138.845383 -36.659069 
521380210924766 64.029846 139.291473 -38.659111 
521380230924819 65.884666 139.903534 -36.677761 
521380250924089 64.328278 138.424072 -36.202412 
521380270924246 64.046928 139.276947 -36.045361 
521380290917891 64.016068 138.275726 -36.814529 
521380310948256 64.341362 138.853271 -35.894730 
521380331181589 65.128441 139.879013 -35.901661 
521380350971954 66.149910 138.183670 -35.912670 
521380370925548 65.377243 137.439224 -34.829369 
521380390924558 64.607597 136.692230 -33.284821 
521380410924923 65.096214 138.145050 -34.057381 
521380430924506 65.244125 138.299576 -35.288792 
521380450925339 65.244125 138.299576 -35.288792 
521380470925391 65.097588 138.877792 -36.670830 
521380490924974 66.157295 138.470963 -35.912548 
521380510924506 65.227684 137.579666 -34.981590 
521380530925705 64.819244 139.728104 -36.052532 
521380550926225 64.337990 138.122238 -33.588779 
521380570926015 65.068062 137.728683 -36.671310 
521380590928152 65.288063 139.729980 -34.211941 
521380610925651 65.984566 137.310074 -34.527809 
521380630925235 66.149910 138.183670 -35.912670 
521380650920391 63.731010 138.544647 -34.966473 
521380670936693 64.306816 137.708435 -36.663960 
521380691177943 64.630424 138.140610 -35.436722 
521380710973568 63.700157 137.543457 -35.735641 
521380730925808 65.354774 136.724457 -35.444672 
521380750928308 64.782990 137.557266 -33.132179 
521380770926068 65.547966 138.601807 -36.521610 
521380790925287 64.611313 137.716537 -36.666901 
521380810925599 63.513691 136.247513 -35.888458 
521380830925599 63.882603 138.842819 -36.197823 
521380850925027 64.354782 139.575745 -36.663177 
521380870925392 63.130737 139.108154 -35.882851 
521380890925912 63.716599 138.263351 -36.042839 
521380910925704 64.325928 138.132507 -35.433781 
521380930924298 64.021439 138.564728 -37.121910 
521380951131745 65.832329 137.746368 -36.217411 
521380970925235 64.021095 138.271454 -36.045780 
521380990925027 64.034515 138.993927 -36.814232 
521381010924662 64.611977 137.422409 -35.437023 
521381030937630 63.585136 138.828735 -35.118629 
521381051145392 63.697803 137.251892 -34.967010 
521381070971694 62.807789 138.381866 -35.880211 
521381090923984 64.446991 137.282410 -36.819363 
521381110924298 64.780975 137.558975 -33.439682 
521381130924245 62.324188 136.924744 -34.338898 
521381150924298 64.584114 135.978302 -34.053871 
521381170923880 64.602913 136.989777 -35.129700 
521381190924090 65.241104 138.302139 -35.750042 
521381210925286 64.750130 136.557770 -34.208851 
521381230924089 65.238754 138.010590 -34.981411 
521381250924661 62.159206 136.784760 -35.721241 
521381270924609 65.832329 137.746368 -36.217411 
