# Created at Thu Nov 07 18:08:51 EST 2019 in Burnaby Canada 
521375175789560 0.936812 -0.211565 0.272273 0.059078 
521375196359768 0.936813 -0.211596 0.272226 0.059178 
521375216929769 0.936810 -0.211595 0.272213 0.059287 
521375237499977 0.936812 -0.211626 0.272171 0.059340 
521375258070393 0.936811 -0.211634 0.272156 0.059391 
521375278640602 0.936813 -0.211665 0.272111 0.059458 
521375299210653 0.936815 -0.211689 0.272080 0.059478 
521375319780809 0.936819 -0.211729 0.272028 0.059518 
521375340351071 0.936824 -0.211790 0.271948 0.059587 
521375360921279 0.936830 -0.211853 0.271869 0.059619 
521375381491486 0.936836 -0.211914 0.271795 0.059648 
521375402061695 0.936845 -0.211997 0.271694 0.059670 
521375422632008 0.936853 -0.212072 0.271601 0.059700 
521375443202216 0.936862 -0.212150 0.271509 0.059703 
521375463772269 0.936867 -0.212199 0.271446 0.059742 
521375484342477 0.936868 -0.212222 0.271413 0.059790 
521375504912528 0.936868 -0.212228 0.271404 0.059808 
521375525482684 0.936868 -0.212234 0.271395 0.059830 
521375546052945 0.936869 -0.212253 0.271368 0.059865 
521375566623153 0.936870 -0.212271 0.271343 0.059899 
521375587193570 0.936872 -0.212291 0.271314 0.059938 
521375607763779 0.936873 -0.212308 0.271292 0.059961 
521375628333830 0.936877 -0.212338 0.271257 0.059949 
521375648904038 0.936877 -0.212347 0.271245 0.059962 
521375669474247 0.936878 -0.212357 0.271231 0.059977 
521375690044351 0.936879 -0.212377 0.271201 0.060038 
521375710614507 0.936882 -0.212409 0.271162 0.060055 
521375731184768 0.936882 -0.212409 0.271161 0.060062 
521375751754976 0.936883 -0.212424 0.271142 0.060066 
521375772325081 0.936883 -0.212431 0.271130 0.060103 
521375792895290 0.936881 -0.212432 0.271121 0.060163 
521375813465653 0.936881 -0.212441 0.271109 0.060185 
521375834035861 0.936888 -0.212500 0.271040 0.060179 
521375854606070 0.936898 -0.212586 0.270935 0.060190 
521375875176278 0.936900 -0.212610 0.270904 0.060219 
521375895746278 0.936898 -0.212595 0.270920 0.060237 
521375916316539 0.936898 -0.212597 0.270918 0.060233 
521375936886956 0.936902 -0.212630 0.270879 0.060239 
521375957457164 0.936903 -0.212644 0.270861 0.060248 
521375978027685 0.936902 -0.212646 0.270852 0.060297 
521375998597893 0.936898 -0.212630 0.270865 0.060357 
521376019167840 0.936898 -0.212631 0.270863 0.060363 
521376039738049 0.936900 -0.212661 0.270821 0.060409 
521376060309664 0.936901 -0.212686 0.270786 0.060468 
521376080879872 0.936901 -0.212702 0.270761 0.060518 
521376101449872 0.936903 -0.212720 0.270738 0.060530 
521376122020080 0.936906 -0.212740 0.270716 0.060516 
521376142590862 0.936906 -0.212739 0.270717 0.060518 
521376163161071 0.936915 -0.212836 0.270594 0.060586 
521376183731643 0.936943 -0.213145 0.270203 0.060804 
521376204301851 0.937282 -0.212426 0.269555 0.060979 
521376224871956 0.938041 -0.210652 0.268344 0.060788 
521376245442164 0.938977 -0.209008 0.266378 0.060669 
521376266012268 0.939857 -0.206697 0.265007 0.060956 
521376286582477 0.940558 -0.203467 0.264986 0.061109 
521376307152216 0.941494 -0.199627 0.264675 0.060714 
521376327722424 0.942892 -0.195323 0.263246 0.059196 
521376348292477 0.944313 -0.190271 0.262086 0.058146 
521376368862685 0.945559 -0.185209 0.261361 0.057509 
521376389433205 0.946532 -0.179997 0.261576 0.057054 
521376410002164 0.947264 -0.175950 0.261746 0.056765 
521376430572372 0.947841 -0.174411 0.260889 0.055822 
521376451142580 0.948191 -0.174549 0.259643 0.055240 
521376471712268 0.948222 -0.174153 0.259941 0.054552 
521376492285133 0.948224 -0.173045 0.260968 0.053132 
521376512855393 0.948160 -0.171694 0.262370 0.051736 
521376533424924 0.947751 -0.169891 0.265179 0.050844 
521376553995132 0.947114 -0.167445 0.269116 0.050139 
521376574565341 0.946828 -0.164182 0.272306 0.049096 
521376595135550 0.947409 -0.159552 0.273419 0.046923 
521376615706121 0.948024 -0.154934 0.274322 0.044649 
521376636276329 0.948575 -0.149811 0.275680 0.041990 
521376656845393 0.949520 -0.145332 0.275368 0.038256 
521376677415653 0.951653 -0.139111 0.271547 0.035597 
521376697986330 0.951056 -0.133196 0.276922 0.032632 
521376718556539 0.951988 -0.127197 0.277084 0.027643 
521376739126955 0.952929 -0.123250 0.276115 0.022278 
521376759697163 0.952830 -0.118820 0.278886 0.014846 
521376780267424 0.952997 -0.114739 0.280331 0.006830 
521376800837632 -0.952497 0.110900 -0.283627 0.002491 
521376821407477 -0.950257 0.107605 -0.291958 0.013886 
521376841977685 -0.948041 0.104203 -0.299394 0.026878 
521376862549195 -0.942982 0.098411 -0.314435 0.047221 
521376883119404 -0.938054 0.093838 -0.328003 0.060520 
521376903689403 -0.932904 0.090281 -0.340307 0.075705 
521376924259663 -0.927235 0.090830 -0.351635 0.091316 
521376944829612 -0.922103 0.094617 -0.359739 0.106592 
521376965399820 -0.918396 0.105475 -0.362852 0.117314 
521376985969558 -0.914155 0.115746 -0.367204 0.126826 
521377006539767 -0.910287 0.127495 -0.369810 0.135512 
521377027110705 -0.903411 0.139004 -0.378554 0.145681 
521377047680914 -0.892151 0.147386 -0.394746 0.162849 
521377068251121 -0.886046 0.151375 -0.401831 0.174759 
521377088821329 -0.880982 0.150600 -0.409389 0.183281 
521377109391175 -0.890175 0.139242 -0.392357 0.185084 
521377129961121 -0.899599 0.139886 -0.370422 0.184229 
521377150531381 -0.899645 0.144059 -0.372879 0.175634 
521377171101590 -0.895623 0.145458 -0.384570 0.169727 
521377191671955 -0.893711 0.147148 -0.390164 0.165533 
521377212240497 -0.893389 0.151174 -0.390134 0.163700 
521377232810757 -0.893928 0.155247 -0.388081 0.161817 
521377253380704 -0.894214 0.157208 -0.386669 0.161725 
521377273950965 -0.893127 0.159397 -0.387871 0.162703 
521377294521330 -0.892500 0.161231 -0.388414 0.163045 
521377315091590 -0.892495 0.161346 -0.387930 0.164105 
521377335661694 -0.891594 0.160478 -0.389268 0.166664 
521377356231902 -0.890387 0.159073 -0.391360 0.169545 
521377376802268 -0.890632 0.157352 -0.389821 0.173359 
521377397372528 -0.891088 0.156675 -0.387895 0.175936 
521377417942736 -0.888927 0.157330 -0.391153 0.179040 
521377438512997 -0.883056 0.159208 -0.401768 0.182885 
521377459083152 -0.875414 0.161174 -0.415387 0.187422 
521377479653413 -0.866246 0.162991 -0.431068 0.192958 
521377500223726 -0.859705 0.162074 -0.442321 0.197461 
521377520793986 -0.854209 0.159255 -0.451981 0.201687 
521377541364351 -0.847871 0.154707 -0.462167 0.208764 
521377561934611 -0.841363 0.150576 -0.471951 0.216096 
521377582505080 -0.829940 0.144243 -0.489201 0.225999 
521377603075340 -0.819335 0.136652 -0.504181 0.236256 
521377623645236 -0.811244 0.129116 -0.514815 0.245313 
521377644215497 -0.805823 0.126503 -0.522589 0.248087 
521377664785079 -0.804340 0.124271 -0.524294 0.250418 
521377685355340 -0.802664 0.125594 -0.526252 0.251028 
521377705926278 -0.800074 0.127124 -0.529688 0.251298 
521377726496538 -0.802309 0.134015 -0.526720 0.246792 
521377747066851 -0.806491 0.144849 -0.521428 0.238125 
521377767637111 -0.819262 0.153339 -0.509207 0.214488 
521377788207424 -0.860278 0.161443 -0.450273 0.176386 
521377808777684 -0.876167 0.164710 -0.424510 0.158091 
521377829348205 -0.868696 0.158129 -0.438891 0.166543 
521377849918257 -0.865050 0.153274 -0.446251 0.170460 
521377870488517 -0.867373 0.152828 -0.442828 0.167963 
521377891058570 -0.868610 0.153900 -0.441389 0.164339 
521377911628830 -0.867986 0.152163 -0.443225 0.164315 
521377932199715 -0.869888 0.148626 -0.441349 0.162533 
521377952769975 -0.872303 0.145842 -0.439056 0.158265 
521377973340496 -0.870735 0.143849 -0.444247 0.154185 
521377993910757 -0.867023 0.141090 -0.455338 0.145025 
521378014480392 -0.861428 0.135512 -0.471109 0.132795 
521378035050653 -0.856155 0.131725 -0.483940 0.124295 
521378055621642 -0.850687 0.130220 -0.495309 0.118503 
521378076191903 -0.846811 0.129458 -0.502973 0.114756 
521378096762267 -0.842215 0.129777 -0.511491 0.110492 
521378117332527 -0.839820 0.127259 -0.516981 0.106013 
521378137902475 -0.839455 0.121955 -0.520632 0.096878 
521378158472735 -0.852033 0.123008 -0.501310 0.087158 
521378179041903 -0.853021 0.126907 -0.499388 0.082830 
521378199612163 -0.848819 0.127744 -0.505629 0.086760 
521378220182579 -0.844559 0.126746 -0.511375 0.095665 
521378240752892 -0.856696 0.135603 -0.487180 0.101677 
521378261323465 -0.871737 0.150838 -0.455988 0.096939 
521378281893726 -0.882895 0.166362 -0.430408 0.086995 
521378302464506 -0.885030 0.184283 -0.418008 0.089615 
521378323034767 -0.878258 0.195280 -0.423178 0.107001 
521378343604455 -0.878182 0.192857 -0.422801 0.113325 
521378364174768 -0.880473 0.185015 -0.420571 0.116861 
521378384744820 -0.884394 0.170645 -0.418670 0.115944 
521378405315080 -0.892564 0.145592 -0.413136 0.107011 
521378425885549 -0.906296 0.101985 -0.401193 0.085269 
521378446455809 -0.916719 0.065398 -0.389147 0.062559 
521378467026694 -0.919252 0.054068 -0.386373 0.052617 
521378487597006 -0.920275 0.055029 -0.384404 0.047946 
521378508166539 -0.920541 0.054402 -0.384091 0.046041 
521378528736851 -0.920695 0.054008 -0.383638 0.047177 
521378549307163 -0.921607 0.058523 -0.380418 0.049979 
521378569877996 -0.920861 0.067728 -0.379833 0.056167 
521378590448256 -0.916336 0.079649 -0.387004 0.064900 
521378611018569 -0.913018 0.092862 -0.390486 0.072773 
521378631588829 -0.910800 0.103684 -0.391255 0.081321 
521378652159194 -0.904484 0.112970 -0.402091 0.086428 
521378672729506 -0.892600 0.122459 -0.424471 0.089962 
521378693301486 -0.879403 0.130198 -0.447600 0.096714 
521378713871746 -0.871765 0.136190 -0.459135 0.103309 
521378734441174 -0.870518 0.139211 -0.457827 0.114952 
521378755011486 -0.869303 0.139494 -0.459163 0.118420 
521378775580913 -0.868978 0.132362 -0.461409 0.120249 
521378796151225 -0.870652 0.120928 -0.461876 0.118367 
521378816720913 -0.875389 0.111993 -0.457422 0.109165 
521378837291173 -0.881955 0.101970 -0.449984 0.096292 
521378857862214 -0.881418 0.095271 -0.453440 0.091754 
521378878432475 -0.878650 0.092711 -0.459450 0.091023 
521378899002527 -0.875442 0.089298 -0.465815 0.092965 
521378919572840 -0.875420 0.085092 -0.466284 0.094755 
521378940145600 -0.876447 0.079673 -0.465133 0.095625 
521378960715913 -0.878895 0.075195 -0.461055 0.096533 
521378981283829 -0.881976 0.070806 -0.455812 0.096642 
521379001854090 -0.885936 0.065106 -0.448521 0.098526 
521379022424506 -0.888364 0.062690 -0.443217 0.102168 
521379042994819 -0.888236 0.062533 -0.442101 0.108043 
521379063565236 -0.887690 0.062928 -0.441376 0.115042 
521379084135549 -0.883159 0.078583 -0.445453 0.124205 
521379104705757 -0.881634 0.091843 -0.441574 0.138919 
521379125276070 -0.889072 0.081370 -0.420400 0.161842 
521379145846381 -0.897942 0.069788 -0.392211 0.187083 
521379166416694 -0.907163 0.057135 -0.360718 0.208981 
521379186986955 -0.912909 0.053857 -0.330112 0.233929 
521379207557268 -0.916634 0.057274 -0.299046 0.258986 
521379228127475 -0.915643 0.055579 -0.287605 0.275305 
521379248697788 -0.916478 0.046048 -0.283800 0.278218 
521379269268412 -0.920516 0.039937 -0.289573 0.259234 
521379289838672 -0.925484 0.026781 -0.301450 0.227794 
521379310409090 -0.928840 0.008244 -0.321125 0.184575 
521379330978985 -0.927543 -0.012533 -0.347646 0.136564 
521379351549298 -0.921542 -0.043510 -0.375541 0.088523 
521379372120547 -0.902775 -0.086018 -0.419456 0.040672 
521379392690808 0.865781 0.132303 0.482608 0.003072 
521379413260235 0.806953 0.180071 0.560953 0.041632 
521379433830548 0.731223 0.225775 0.639242 0.075548 
521379454401850 0.643228 0.266108 0.710943 0.100020 
521379474972163 0.561769 0.294182 0.764252 0.117435 
521379495540756 0.485492 0.309782 0.807278 0.128978 
521379516111017 0.404327 0.320128 0.845799 0.136611 
521379536681381 0.328250 0.321239 0.876653 0.143308 
521379557251694 0.259487 0.315465 0.900020 0.152027 
521379577825912 0.184348 0.306825 0.920343 0.157616 
521379598396225 0.107907 0.295385 0.936250 0.156649 
521379618963308 0.042284 0.278582 0.947425 0.151625 
521379639533621 -0.000882 0.255715 0.955535 0.146837 
521379660104037 -0.017663 0.242717 0.957575 0.154360 
521379680674350 -0.013088 0.249907 0.953471 0.168133 
521379701243985 0.011699 0.261665 0.948362 0.178895 
521379721814298 0.049984 0.277102 0.941448 0.185453 
521379742384663 0.085478 0.292204 0.933912 0.187402 
521379762954924 0.107912 0.302374 0.929076 0.183689 
521379783525339 0.122095 0.306198 0.927066 0.178562 
521379804095652 0.137808 0.303086 0.925241 0.181870 
521379824665964 0.146976 0.300144 0.923308 0.189245 
521379845236277 0.144965 0.298938 0.922803 0.195082 
521379865806485 0.146370 0.297465 0.922499 0.197701 
521379886376798 0.135639 0.310978 0.918641 0.202468 
521379906946902 0.130574 0.335276 0.909427 0.208525 
521379927517215 0.135871 0.357882 0.899553 0.210389 
521379948087631 0.146640 0.369444 0.892640 0.212605 
521379968657944 0.157490 0.372444 0.888716 0.216022 
521379989228308 0.166920 0.369179 0.887282 0.220397 
521380009798517 0.172050 0.365188 0.886670 0.225504 
521380030368881 0.169018 0.363002 0.887869 0.226608 
521380050941850 0.164360 0.360348 0.889142 0.229261 
521380071512162 0.157997 0.357767 0.890782 0.231402 
521380092082162 0.150300 0.356142 0.892567 0.232159 
521380112652474 0.142632 0.355202 0.894258 0.231926 
521380133221694 0.136221 0.354126 0.895762 0.231621 
521380153792006 0.131757 0.352205 0.896779 0.233194 
521380174361850 0.123411 0.350595 0.898286 0.234381 
521380194932162 0.117158 0.349594 0.899499 0.234436 
521380215501850 0.112481 0.350886 0.899407 0.235147 
521380236072162 0.110268 0.352830 0.898726 0.235888 
521380256642683 0.110958 0.356087 0.896887 0.237664 
521380277212995 0.113044 0.359175 0.894768 0.240011 
521380297783777 0.113423 0.361003 0.893570 0.241548 
521380318354089 0.112183 0.361735 0.893225 0.242304 
521380338923933 0.111288 0.360994 0.893366 0.243299 
521380359494245 0.110878 0.359542 0.893688 0.244453 
521380380064923 0.111520 0.358656 0.893650 0.245597 
521380400635235 0.112849 0.358426 0.893270 0.246708 
521380421206016 0.114704 0.358482 0.892541 0.248405 
521380441776328 0.116605 0.358549 0.891646 0.250626 
521380462346225 0.117959 0.358211 0.891049 0.252591 
521380482916590 0.118959 0.357368 0.890744 0.254385 
521380503488048 0.120017 0.356432 0.890443 0.256250 
521380524058361 0.121317 0.355709 0.890096 0.257842 
521380544630704 0.123055 0.354887 0.889700 0.259511 
521380565201069 0.124589 0.353973 0.889446 0.260898 
521380585769037 0.125390 0.352701 0.889407 0.262366 
521380606339350 0.125882 0.351705 0.889309 0.263793 
521380626910339 0.126548 0.350838 0.889118 0.265268 
521380647480652 0.127152 0.350031 0.888907 0.266749 
521380668050391 0.127566 0.349616 0.888784 0.267505 
521380688620704 0.128218 0.349584 0.888446 0.268355 
521380709193516 0.128613 0.349369 0.888268 0.269035 
521380729761537 0.128776 0.349233 0.888101 0.269683 
521380750331849 0.129490 0.349200 0.887621 0.270962 
521380770902214 0.130572 0.348991 0.887124 0.272336 
521380791472578 0.131867 0.348265 0.886332 0.275206 
521380812042475 0.131940 0.347860 0.886337 0.275667 
521380832612787 0.132486 0.347678 0.886108 0.276372 
521380853182631 0.133339 0.347593 0.885739 0.277246 
521380873753464 0.134096 0.347546 0.885456 0.277844 
521380894322943 0.135052 0.347742 0.885008 0.278562 
521380914892735 0.136729 0.348189 0.884209 0.279720 
521380935464037 0.138337 0.348517 0.883409 0.281046 
521380956034402 0.139834 0.348816 0.882592 0.282496 
521380976604401 0.140649 0.348882 0.882106 0.283528 
521380997174714 0.141481 0.348698 0.881640 0.284787 
521381017744454 0.141774 0.348387 0.881429 0.285675 
521381038314767 0.141543 0.347940 0.881521 0.286048 
521381058885235 0.140392 0.347046 0.882176 0.285682 
521381079455548 0.137946 0.345825 0.883455 0.284401 
521381100025756 0.133601 0.348510 0.883748 0.282278 
521381120596121 0.134880 0.351119 0.882539 0.282220 
521381141166485 0.136615 0.352318 0.881510 0.283104 
521381161736850 0.137637 0.351700 0.881155 0.284482 
521381182307786 0.138755 0.349901 0.881140 0.286198 
521381202878151 0.139075 0.347705 0.881400 0.287911 
521381223448568 0.139570 0.346968 0.881095 0.289492 
521381244018932 0.141566 0.345617 0.880489 0.291970 
