# Created at Thu Nov 07 18:39:54 EST 2019 in Burnaby Canada 
523238662884473 0.000000 0.000000 0.000000 
523238683452910 0.000000 0.000000 0.000000 
523238704021557 0.000000 0.000000 0.000000 
523238724587859 0.000000 0.000000 0.000000 
523238745156661 0.000000 0.000000 0.000000 
523238765723847 0.000000 0.000000 0.000000 
523238786292649 0.000000 0.000000 0.000000 
523238806859993 0.000000 0.000000 0.000000 
523238827428223 0.000000 0.000000 0.000000 
523238847995983 0.000000 0.000000 0.000000 
523238868564004 0.000000 0.000000 0.000000 
523238889131973 0.000000 0.000000 0.000000 
523238909699941 0.000000 0.000000 0.000000 
523238930268066 0.000000 0.000000 0.000000 
523238950836140 0.000000 0.000000 0.000000 
523238971404316 0.000000 0.000000 0.000000 
523238991972233 0.000000 0.000000 0.000000 
523239012540254 0.000000 0.000000 0.000000 
523239033108327 0.000000 0.000000 0.000000 
523239053676347 0.000000 0.000000 0.000000 
523239074244473 0.000000 0.000000 0.000000 
523239094812493 0.000000 0.000000 0.000000 
523239115380462 0.000000 0.000000 0.000000 
523239135948484 0.000000 0.000000 0.000000 
523239156516608 0.000000 0.000000 0.000000 
523239177084733 0.000000 0.000000 0.000000 
523239197652597 0.000000 0.000000 0.000000 
523239218220879 0.000000 0.000000 0.000000 
523239238788639 0.000000 0.000000 0.000000 
523239259357077 0.000000 0.000000 0.000000 
523239279924681 0.000000 0.000000 0.000000 
523239300493118 0.000000 0.000000 0.000000 
523239321060671 0.000000 0.000000 0.000000 
523239341629160 0.000000 0.000000 0.000000 
523239362196764 0.000000 0.000000 0.000000 
523239382765149 0.000000 0.000000 0.000000 
523239403332910 0.000000 0.000000 0.000000 
523239423901035 0.000000 0.000000 0.000000 
523239444469004 0.000000 0.000000 0.000000 
523239465037025 0.000000 0.000000 0.000000 
523239485605202 0.000000 0.000000 0.000000 
523239506173743 0.000000 0.000000 0.000000 
523239526741243 0.000000 0.000000 0.000000 
523239547309733 0.000000 0.000000 0.000000 
523239567879368 0.000000 0.000000 0.000000 
523239588447494 0.000000 0.000000 0.000000 
523239609013900 0.000000 0.000000 0.000000 
523239629581816 0.000000 0.000000 0.000000 
523239650149837 0.000000 0.000000 0.000000 
523239670717233 0.000000 0.000000 0.000000 
523239691285775 0.000000 0.000000 0.000000 
523239711853744 0.000000 0.000000 0.000000 
523239732422128 0.000000 0.000000 0.000000 
523239752989681 0.000000 0.000000 0.000000 
523239773558170 0.000000 0.000000 0.000000 
523239794125931 0.000000 0.000000 0.000000 
523239814694941 0.000000 0.000000 0.000000 
523239835262962 0.000000 0.000000 0.000000 
523239855832389 0.000000 0.000000 0.000000 
523239876400202 0.000000 0.000000 0.000000 
523239896967077 0.000000 0.000000 0.000000 
523239917535983 0.000000 0.000000 0.000000 
523239938105670 0.000000 0.000000 0.000000 
523239958672858 0.000000 0.000000 0.000000 
523239979239316 0.000000 0.000000 0.000000 
523239999807181 0.000000 0.000000 0.000000 
523240020374889 0.000000 0.000000 0.000000 
523240040942753 0.000000 0.000000 0.000000 
523240061513378 0.000000 0.000000 0.000000 
523240082080358 0.000000 0.000000 0.000000 
523240102648430 0.000000 0.000000 0.000000 
523240123218014 0.000000 0.000000 0.000000 
523240143784263 0.000000 0.000000 0.000000 
523240164352285 0.000000 0.000000 0.000000 
523240184920306 0.000000 0.000000 0.000000 
523240205488796 0.000000 0.000000 0.000000 
523240226057598 0.000000 0.000000 0.000000 
523240246624941 0.000000 0.000000 0.000000 
523240267192494 0.000000 0.000000 0.000000 
523240287760409 0.000000 0.000000 0.000000 
523240308328534 0.000000 0.000000 0.000000 
523240328897441 0.000000 0.000000 0.000000 
523240349464837 0.000000 0.000000 0.000000 
523240370033118 0.000000 0.000000 0.000000 
523240390600931 0.000000 0.000000 0.000000 
523240411169421 0.000000 0.000000 0.000000 
523240431737077 0.000000 0.000000 0.000000 
523240452305514 0.000000 0.000000 0.000000 
523240472873430 0.000000 0.000000 0.000000 
523240493441398 0.000000 0.000000 0.000000 
523240514008795 0.000000 0.000000 0.000000 
523240534577701 0.000000 0.000000 0.000000 
523240555145566 0.000000 0.000000 0.000000 
523240575715722 0.000000 0.000000 0.000000 
523240596281399 0.000000 0.000000 0.000000 
523240616850775 0.000000 0.000000 0.000000 
523240637417910 0.000000 0.000000 0.000000 
523240657985462 0.000000 0.000000 0.000000 
523240678553743 0.000000 0.000000 0.000000 
523240699121764 0.000000 0.000000 0.000000 
523240719688378 0.000000 0.000000 0.000000 
523240740259940 0.000000 0.000000 0.000000 
523240760826712 0.000000 0.000000 0.000000 
523240781393065 0.000000 0.000000 0.000000 
523240801960409 0.000000 0.000000 0.000000 
523240822530722 0.000000 0.000000 0.000000 
523240843097545 0.000000 0.000000 0.000000 
523240863668482 0.000000 0.000000 0.000000 
523240884232910 0.000000 0.000000 0.000000 
523240904802754 0.000000 0.000000 0.000000 
523240925370566 0.000000 0.000000 0.000000 
523240945938430 0.000000 0.000000 0.000000 
523240966507701 0.000000 0.000000 0.000000 
523240987076607 0.000000 0.000000 0.000000 
523241007642753 0.000000 0.000000 0.000000 
523241028210097 0.000000 0.000000 0.000000 
523241048778847 0.000000 0.000000 0.000000 
523241069346295 0.000000 0.000000 0.000000 
523241089914940 0.000000 0.000000 0.000000 
523241110482910 0.000000 0.000000 0.000000 
523241131050931 0.000000 0.000000 0.000000 
523241151619107 0.000000 0.000000 0.000000 
523241172186659 0.000000 0.000000 0.000000 
523241192753952 0.000000 0.000000 0.000000 
523241213322909 0.000000 0.000000 0.000000 
523241233890409 0.000000 0.000000 0.000000 
523241254458638 0.000000 0.000000 0.000000 
523241275026294 0.000000 0.000000 0.000000 
523241295595774 0.000000 0.000000 0.000000 
523241316163482 0.000000 0.000000 0.000000 
523241336731503 0.000000 0.000000 0.000000 
523241357299107 0.000000 0.000000 0.000000 
523241377867961 0.000000 0.000000 0.000000 
523241398435722 0.000000 0.000000 0.000000 
523241419006139 0.000000 0.000000 0.000000 
523241439573066 0.000000 0.000000 0.000000 
523241460142596 0.000000 0.000000 0.000000 
523241480709576 0.000000 0.000000 0.000000 
523241501277493 0.000000 0.000000 0.000000 
523241521845827 0.000000 0.000000 0.000000 
523241542413170 0.000000 0.000000 0.000000 
523241562980513 0.000000 0.000000 0.000000 
523241583549784 0.000000 0.000000 0.000000 
523241604116556 0.000000 0.000000 0.000000 
523241624684784 0.000000 0.000000 0.000000 
523241645252805 0.000000 0.000000 0.000000 
523241665820461 0.000000 0.000000 0.000000 
523241686388794 0.000000 0.000000 0.000000 
523241706957857 0.000000 0.000000 0.000000 
523241727525044 0.000000 0.000000 0.000000 
523241748093273 0.000000 0.000000 0.000000 
523241768662024 0.000000 0.000000 0.000000 
523241789229472 0.000000 0.000000 0.000000 
523241809798326 0.000000 0.000000 0.000000 
523241830365930 0.000000 0.000000 0.000000 
523241850936243 0.000000 0.000000 0.000000 
523241871503221 0.000000 0.000000 0.000000 
523241892071711 0.000000 0.000000 0.000000 
523241912637857 0.000000 0.000000 0.000000 
523241933208899 0.000000 0.000000 0.000000 
523241953775565 0.000000 0.000000 0.000000 
523241974342857 0.000000 0.000000 0.000000 
523241994910097 0.000000 0.000000 0.000000 
523242015480253 0.000000 0.000000 0.000000 
523242036048065 0.000000 0.000000 0.000000 
523242056615201 0.000000 0.000000 0.000000 
523242077182909 0.000000 0.000000 0.000000 
523242097752284 0.000000 0.000000 0.000000 
523242118319107 0.000000 0.000000 0.000000 
523242138887388 0.000000 0.000000 0.000000 
523242159455357 0.000000 0.000000 0.000000 
523242180023690 0.000000 0.000000 0.000000 
523242200590930 0.000000 0.000000 0.000000 
523242221160201 0.000000 0.000000 0.000000 
523242241726555 0.000000 0.000000 0.000000 
523242262297285 0.000000 0.000000 0.000000 
523242282863898 0.000000 0.000000 0.000000 
523242303433430 0.000000 0.000000 0.000000 
523242324000461 0.000000 0.000000 0.000000 
523242344568534 0.000000 0.000000 0.000000 
523242365136295 0.000000 0.000000 0.000000 
523242385705513 0.000000 0.000000 0.000000 
523242406272909 0.000000 0.000000 0.000000 
523242426841347 0.000000 0.000000 0.000000 
523242447409471 0.000000 0.000000 0.000000 
523242467980357 0.000000 0.000000 0.000000 
523242488545097 0.000000 0.000000 0.000000 
523242509113586 0.000000 0.000000 0.000000 
523242529681503 0.000000 0.000000 0.000000 
523242550249419 0.000000 0.000000 0.000000 
523242570817597 0.000000 0.000000 0.000000 
523242591385722 0.000000 0.000000 0.000000 
523242611955357 0.000000 0.000000 0.000000 
523242632522336 0.000000 0.000000 0.000000 
523242653090878 0.000000 0.000000 0.000000 
523242673658534 0.000000 0.000000 0.000000 
523242694227388 0.000000 0.000000 0.000000 
523242714795253 0.000000 0.000000 0.000000 
523242735362909 0.000000 0.000000 0.000000 
523242755930877 0.000000 0.000000 0.000000 
523242776499576 0.000000 0.000000 0.000000 
523242797066920 0.000000 0.000000 0.000000 
523242817635929 0.000000 0.000000 0.000000 
523242838203377 0.000000 0.000000 0.000000 
523242858772492 0.000000 0.000000 0.000000 
523242879339628 0.000000 0.000000 0.000000 
523242899907909 0.000000 0.000000 0.000000 
523242920475982 0.000000 0.000000 0.000000 
523242941044575 0.000000 0.000000 0.000000 
523242961612075 0.000000 0.000000 0.000000 
523242982180461 0.000000 0.000000 0.000000 
523243002748742 0.000000 0.000000 0.000000 
523243023316710 0.000000 0.000000 0.000000 
523243043884159 0.000000 0.000000 0.000000 
523243064452492 0.000000 0.000000 0.000000 
523243085020617 0.000000 0.000000 0.000000 
523243105588898 0.000000 0.000000 0.000000 
523243126157075 0.000000 0.000000 0.000000 
523243146724940 0.000000 0.000000 0.000000 
523243167292960 0.000000 0.000000 0.000000 
523243187861762 0.000000 0.000000 0.000000 
523243208430044 0.000000 0.000000 0.000000 
523243228999211 0.000000 0.000000 0.000000 
523243249566034 0.000000 0.000000 0.000000 
523243270133742 0.000000 0.000000 0.000000 
523243290703430 0.000000 0.000000 0.000000 
523243311270512 0.000000 0.000000 0.000000 
523243331839210 0.000000 0.000000 0.000000 
523243352407283 0.000000 0.000000 0.000000 
523243372975147 0.000000 0.000000 0.000000 
523243393542700 0.000000 0.000000 0.000000 
523243414112283 0.000000 0.000000 0.000000 
523243434678794 0.000000 0.000000 0.000000 
523243455249940 0.000000 0.000000 0.000000 
523243475817492 0.000000 0.000000 0.000000 
523243496385096 0.000000 0.000000 0.000000 
523243516953221 0.000000 0.000000 0.000000 
523243537521294 0.000000 0.000000 0.000000 
523243558089524 0.000000 0.000000 0.000000 
523243578656451 0.000000 0.000000 0.000000 
523243599224471 0.000000 0.000000 0.000000 
523243619792544 0.000000 0.000000 0.000000 
523243640360460 0.000000 0.000000 0.000000 
523243660929054 0.000000 0.000000 0.000000 
523243681497023 0.000000 0.000000 0.000000 
523243702066606 0.000000 0.000000 0.000000 
523243722633689 0.000000 0.000000 0.000000 
523243743201710 0.000000 0.000000 0.000000 
523243763769679 0.000000 0.000000 0.000000 
523243784339366 0.000000 0.000000 0.000000 
523243804905981 0.000000 0.000000 0.000000 
523243825474574 0.000000 0.000000 0.000000 
523243846042491 0.000000 0.000000 0.000000 
523243866612908 0.000000 0.000000 0.000000 
523243887179887 0.000000 0.000000 0.000000 
523243907748013 0.000000 0.000000 0.000000 
523243928315304 0.000000 0.000000 0.000000 
523243948883482 0.000000 0.000000 0.000000 
523243969451919 0.000000 0.000000 0.000000 
523243990019783 0.000000 0.000000 0.000000 
523244010588012 0.000000 0.000000 0.000000 
523244031155877 0.000000 0.000000 0.000000 
523244051724992 0.000000 0.000000 0.000000 
523244072292127 0.000000 0.000000 0.000000 
