# Created at Thu Nov 07 18:39:54 EST 2019 in Burnaby Canada 
523238662884473 -4.448236 -3.656986 7.969954 
523238683452910 -4.464994 -3.664168 7.955590 
523238704021557 -4.480556 -3.666562 7.974743 
523238724587859 -4.490132 -3.658183 7.962772 
523238745156661 -4.564349 -3.647409 7.955590 
523238765723847 -4.502103 -3.634242 7.928058 
523238786292649 -4.447039 -3.616286 7.932846 
523238806859993 -4.466191 -3.684518 7.977137 
523238827428223 -4.456615 -3.645015 8.017837 
523238847995983 -4.456615 -3.643818 7.987911 
523238868564004 -4.469782 -3.648606 7.932846 
523238889131973 -4.500906 -3.659380 7.910102 
523238909699941 -4.506891 -3.671350 7.935240 
523238930268066 -4.497314 -3.653395 7.981925 
523238950836140 -4.449432 -3.634242 7.968758 
523238971404316 -4.436265 -3.581572 7.949605 
523238991972233 -4.431477 -3.637833 7.940029 
523239012540254 -4.470980 -3.679730 8.001078 
523239033108327 -4.463797 -3.672548 8.005866 
523239053676347 -4.467388 -3.653395 7.995092 
523239074244473 -4.425491 -3.628257 7.956787 
523239094812493 -4.433871 -3.653395 7.934043 
523239115380462 -4.496118 -3.690503 7.943620 
523239135948484 -4.488935 -3.661774 7.946013 
523239156516608 -4.473373 -3.646213 7.987911 
523239177084733 -4.435068 -3.623468 7.997487 
523239197652597 -4.475768 -3.652198 7.983122 
523239218220879 -4.455418 -3.635439 7.944817 
523239238788639 -4.455418 -3.642621 7.960378 
523239259357077 -4.484147 -3.631848 7.972349 
523239279924681 -4.491329 -3.625863 7.951999 
523239300493118 -4.496118 -3.639030 7.948408 
523239321060671 -4.474570 -3.643818 7.974743 
523239341629160 -4.467388 -3.629454 7.966363 
523239362196764 -4.442250 -3.645015 7.949605 
523239382765149 -4.473373 -3.649804 7.973546 
523239403332910 -4.474571 -3.665365 7.972349 
523239423901035 -4.478162 -3.652198 7.966363 
523239444469004 -4.451827 -3.653395 7.946014 
523239465037025 -4.490132 -3.641424 7.955590 
523239485605202 -4.615823 -3.617483 7.960378 
523239506173743 -4.642158 -3.603118 7.906511 
523239526741243 -4.650537 -3.580375 7.932846 
523239547309733 -4.626596 -3.544463 7.900526 
523239567879368 -4.419506 -3.613892 7.947211 
523239588447494 -4.351274 -3.672547 8.045369 
523239609013900 -4.372821 -3.654592 8.089660 
523239629581816 -4.374019 -3.679730 8.031004 
523239650149837 -4.298604 -3.616286 7.995093 
523239670717233 -4.200446 -3.623468 8.053749 
523239691285775 -4.201643 -3.609104 8.071704 
523239711853744 -4.230372 -3.625863 8.023823 
523239732422128 -4.299801 -3.684518 8.013048 
523239752989681 -4.457812 -3.758735 8.009458 
523239773558170 -4.475768 -3.777888 7.998684 
523239794125931 -4.391974 -3.756341 7.923270 
523239814694941 -4.461403 -3.753947 7.907708 
523239835262962 -4.631384 -3.822179 7.956787 
523239855832389 -4.856429 -3.391241 7.960379 
523239876400202 -4.463797 -3.410394 7.956787 
523239896967077 -4.480556 -3.482217 8.042974 
523239917535983 -4.747498 -2.962697 8.153103 
523239938105670 -4.930646 -3.330191 8.027413 
523239958672858 -4.210022 -3.239216 7.741318 
523239979239316 -4.740315 -3.637833 8.031004 
523239999807181 -3.855696 -3.812602 7.887359 
523240020374889 -4.156156 -4.214811 8.010654 
523240040942753 -4.781015 -3.651000 8.026217 
523240061513378 -4.670886 -3.743174 8.137542 
523240082080358 -4.378806 -3.665365 8.034595 
523240102648430 -4.418309 -3.708459 7.924467 
523240123218014 -4.263890 -3.807814 7.966363 
523240143784263 -4.180097 -3.836543 8.044172 
523240164352285 -4.030465 -3.758735 8.082478 
523240184920306 -4.050815 -3.694094 8.019033 
523240205488796 -4.388383 -3.709656 8.168665 
523240226057598 -4.459009 -3.719233 8.077689 
523240246624941 -4.168126 -3.715641 7.980728 
523240267192494 -3.944278 -3.955051 8.108812 
523240287760409 -4.079544 -3.841331 8.232108 
523240308328534 -4.549985 -3.295477 8.036989 
523240328897441 -4.357260 -3.962234 8.132753 
523240349464837 -4.302196 -4.110668 7.984320 
523240370033118 -4.060391 -4.857626 8.003472 
523240390600931 -3.980189 -5.001272 8.148315 
523240411169421 -4.125032 -4.208826 8.119586 
523240431737077 -4.016101 -3.510946 7.864614 
523240452305514 -4.131018 -4.172915 8.051353 
523240472873430 -3.864075 -4.812139 8.179439 
523240493441398 -4.008918 -4.369230 8.131556 
523240514008795 -4.706798 -2.724484 7.734136 
523240534577701 -4.165731 -3.665365 8.044172 
523240555145566 -4.346486 -4.728345 8.175847 
523240575715722 -4.427886 -4.162141 7.981925 
523240596281399 -4.131017 -3.496581 8.087266 
523240616850775 -3.934701 -4.128623 8.098039 
523240637417910 -4.530832 -3.915549 7.975940 
523240657985462 -3.780282 -4.029268 8.168665 
523240678553743 -4.505693 -3.643818 7.974743 
523240699121764 -4.842065 -2.086457 7.869403 
523240719688378 -4.518861 -3.624665 8.343434 
523240740259940 -4.998878 -3.855696 7.238558 
523240760826712 -4.518862 -3.343359 7.586899 
523240781393065 -3.403211 -3.367300 8.514612 
523240801960409 -6.522722 -2.775958 7.697027 
523240822530722 -7.855038 -5.845192 8.691775 
523240843097545 -6.333588 -4.171717 6.974010 
523240863668482 -5.786537 0.600919 7.507894 
523240884232910 -5.310111 3.077614 7.051818 
523240904802754 -5.369964 3.430743 7.245740 
523240925370566 -5.958912 0.459667 7.717377 
523240945938430 -6.544269 -2.555700 7.310380 
523240966507701 -6.000809 -5.450166 7.225390 
523240987076607 -6.403017 -3.139861 6.710659 
523241007642753 -6.946477 -1.182685 7.431283 
523241028210097 -6.314435 -1.456809 7.160749 
523241048778847 -6.484416 -1.885353 6.948872 
523241069346295 -6.363515 -2.146310 6.963236 
523241089914940 -6.784876 -1.730933 7.024286 
523241110482910 -7.116458 -1.362242 7.367839 
523241131050931 -7.205040 -0.712244 7.082941 
523241151619107 -6.678339 -0.805614 6.977601 
523241172186659 -5.750625 -1.362242 7.635978 
523241192753952 -6.636441 -3.166196 8.082478 
523241213322909 -8.016640 -1.413715 7.698224 
523241233890409 -7.327139 -1.084527 4.255510 
523241254458638 -6.273736 -3.398423 7.270878 
523241275026294 -6.794452 -1.948796 7.929255 
523241295595774 -6.702279 -2.972274 6.388652 
523241316163482 -6.819591 -3.892805 6.571801 
523241336731503 -6.912960 -4.160944 6.245007 
523241357299107 -6.952463 -4.032859 6.374288 
523241377867961 -6.465263 -3.318221 6.325209 
523241398435722 -5.786537 -3.385256 6.696294 
523241419006139 -6.503569 -3.229639 6.781284 
523241439573066 -7.124838 -2.736455 5.255047 
523241460142596 -7.003936 -3.228442 7.580914 
523241480709576 -6.555042 -2.765184 9.067649 
523241501277493 -6.624472 -2.480286 8.885697 
523241521845827 -5.774567 -1.101285 8.135147 
523241542413170 -4.648142 0.348341 7.498317 
523241562980513 -4.947405 0.912152 7.974743 
523241583549784 -5.030001 0.359115 8.386528 
523241604116556 -4.728345 0.678727 9.491405 
523241624684784 -4.393171 0.440514 8.792328 
523241645252805 -4.818124 0.988763 8.093250 
523241665820461 -5.630920 1.569332 8.591223 
523241686388794 -5.834418 1.175503 8.799510 
523241706957857 -5.425028 0.718230 8.856968 
523241727525044 -4.752286 1.286828 9.192142 
523241748093273 -4.151367 1.437656 9.672159 
523241768662024 -4.269876 1.114453 9.320227 
523241789229472 -4.764256 1.418504 9.654203 
523241809798326 -4.150170 1.483144 10.192875 
523241830365930 -3.002200 0.960034 10.098309 
523241850936243 -2.874115 1.030659 10.103096 
523241871503221 -3.755144 0.655983 13.199863 
523241892071711 -3.327797 0.494381 12.312850 
523241912637857 -2.599991 0.203498 8.822254 
523241933208899 -2.252847 -0.098158 7.448041 
523241953775565 -3.445108 1.256902 8.230911 
523241974342857 -3.451093 1.408927 8.831831 
523241994910097 -2.916012 0.910955 9.782288 
523242015480253 -2.755608 0.955245 10.124643 
523242036048065 -2.707726 1.264084 11.101437 
523242056615201 -2.477892 0.713441 11.567088 
523242077182909 -3.121905 -0.855890 11.790936 
523242097752284 -4.830094 -0.901378 9.837352 
523242118319107 -4.482950 0.350735 8.432016 
523242138887388 -2.520986 2.000269 9.594351 
523242159455357 -1.490327 3.030929 11.461748 
523242180023690 -1.782407 1.851835 11.873533 
523242200590930 -2.310306 1.204232 10.684862 
523242221160201 -2.283970 2.158280 8.685790 
523242241726555 -1.836274 3.227245 7.493529 
523242262297285 -1.182685 4.321348 8.410469 
523242282863898 -0.770900 4.758271 10.414330 
523242303433430 -0.782870 3.394832 10.793795 
523242324000461 -2.827431 3.148240 9.216084 
523242344568534 -2.774760 4.863612 8.216547 
523242365136295 -1.373016 5.623738 7.609643 
523242385705513 -1.413715 5.641694 6.291691 
523242406272909 -1.958373 5.591417 6.680733 
523242426841347 -2.491060 5.299337 8.764795 
523242447409471 -2.998609 5.229909 9.177778 
523242467980357 -2.574853 5.796113 7.211025 
523242488545097 -2.446769 6.472445 6.137272 
523242509113586 -2.412055 6.690309 6.856699 
523242529681503 -3.090782 5.662044 7.006330 
523242550249419 -3.449896 5.824842 6.635244 
523242570817597 -2.905239 5.854769 6.205504 
523242591385722 -2.803490 6.229445 5.749428 
523242611955357 -2.499439 7.001542 6.064252 
523242632522336 -1.581302 6.671156 6.228248 
523242653090878 -0.441711 6.492796 5.706334 
523242673658534 0.041897 6.678339 5.330461 
523242694227388 0.073020 6.429352 5.131751 
523242714795253 -0.069429 6.416184 4.350078 
523242735362909 -0.598525 6.158819 3.835346 
523242755930877 -1.489129 6.394638 4.545197 
523242776499576 -1.370621 7.082941 5.456151 
523242797066920 -0.220257 8.057339 5.228712 
523242817635929 -0.296868 7.882570 4.017298 
523242838203377 -1.248523 7.984320 3.211684 
523242858772492 -0.732594 8.697761 4.447039 
523242879339628 0.331583 9.376488 5.568674 
523242899907909 0.970807 9.680538 5.921803 
523242920475982 0.185543 8.828239 4.873188 
523242941044575 -0.767309 9.192142 3.358921 
523242961612075 -0.475229 9.339379 3.871258 
523242982180461 -0.345947 9.184959 4.858823 
523243002748742 -0.280110 8.958717 5.176042 
523243023316710 0.073020 9.340576 4.976134 
523243043884159 0.396223 9.351349 4.779819 
523243064452492 -0.056261 8.949141 4.339304 
523243085020617 -0.535081 8.823451 4.046027 
523243105588898 -0.239410 8.883303 4.498512 
523243126157075 0.034714 8.696564 4.875583 
523243146724940 0.278912 9.065254 4.388383 
523243167292960 0.256169 9.189748 4.040042 
523243187861762 -0.095764 8.994629 4.224387 
523243208430044 -0.428544 8.811481 4.615822 
523243228999211 -0.506352 8.761204 5.003666 
523243249566034 -0.248986 8.758810 5.158086 
523243270133742 -0.440514 8.666637 5.003666 
523243290703430 -0.276518 8.853376 4.670887 
523243311270512 0.179557 9.025752 4.339304 
523243331839210 -0.155616 8.807890 4.333319 
523243352407283 -0.778082 8.341040 4.618217 
523243372975147 -0.653589 8.482292 4.803760 
523243393542700 -0.204695 8.827043 4.697222 
523243414112283 -0.124493 9.004206 4.625399 
523243434678794 -0.314824 8.701351 4.667295 
523243455249940 -0.574584 8.512218 4.806153 
523243475817492 -0.543460 8.513414 5.331657 
523243496385096 -0.424953 8.512218 5.562689 
523243516953221 -0.489593 8.546932 5.143721 
523243537521294 -0.475229 8.663046 4.922267 
523243558089524 -0.505155 8.612770 5.079081 
523243578656451 -0.480017 8.484686 5.489668 
523243599224471 -0.508746 8.483489 5.587827 
523243619792544 -0.426150 8.624741 5.283776 
523243640360460 -0.286095 8.795918 4.779818 
523243660929054 -0.254972 8.782751 4.771439 
523243681497023 -0.409391 8.546932 5.182026 
523243702066606 -0.635633 8.330267 5.306520 
523243722633689 -0.624860 8.409272 5.104218 
523243743201710 -0.320809 8.627134 4.916282 
523243763769679 -0.169981 8.731278 4.755877 
523243784339366 -0.322006 8.649879 4.863612 
523243804905981 -0.129281 8.692972 5.105416 
523243825474574 -0.056261 8.657061 5.441787 
523243846042491 -0.366297 8.411666 5.469318 
523243866612908 -0.294474 8.501444 5.101825 
523243887179887 0.003591 8.728884 5.009652 
523243907748013 -0.032320 8.422440 5.313703 
523243928315304 -0.361509 8.240488 4.882765 
523243948883482 -0.487199 8.502642 4.347683 
523243969451919 -0.155616 8.447577 4.840868 
523243990019783 0.256169 8.870135 5.672817 
523244010588012 0.506352 8.824648 6.431746 
523244031155877 -0.136464 8.522992 5.894271 
523244051724992 -0.825964 8.453562 4.830094 
523244072292127 -0.465652 8.950338 4.408733 
