# Created at Thu Nov 07 18:39:54 EST 2019 in Burnaby Canada 
523238657742442 0.001403 0.026863 -0.008134 
523238678310879 -0.000430 0.029612 -0.005385 
523238698879526 -0.001040 0.026557 -0.006301 
523238719445827 0.000792 0.021365 -0.004469 
523238740014629 0.002319 0.024114 -0.003247 
523238760581816 0.001709 0.020449 -0.004163 
523238781150618 0.001403 0.018311 -0.005691 
523238801717962 0.002930 0.011897 -0.004469 
523238822286192 0.001403 0.017089 -0.002331 
523238842853900 0.001709 0.028695 -0.004163 
523238863421972 0.001403 0.027474 -0.005691 
523238883989941 0.002014 0.021670 -0.004469 
523238904557910 -0.000430 0.010369 -0.000804 
523238925126035 0.000487 0.010064 -0.005996 
523238945694109 0.002930 0.016478 -0.009050 
523238966262285 0.000792 0.018005 -0.009967 
523238986830202 -0.003484 0.016784 -0.008439 
523239007398222 -0.003484 0.013729 -0.006301 
523239027966295 -0.000430 0.018311 -0.003553 
523239048534316 0.004152 0.025641 -0.004774 
523239069102442 0.003847 0.026252 -0.007523 
523239089670462 0.002625 0.027779 -0.007523 
523239110238431 -0.001957 0.017700 -0.004163 
523239130806453 -0.000430 0.014951 -0.006607 
523239151374576 -0.002568 0.016173 -0.005691 
523239171942701 0.002014 0.021976 -0.004163 
523239192510566 0.003541 0.021365 -0.006301 
523239213078848 0.002014 0.025946 -0.003858 
523239233646608 -0.001957 0.026863 -0.004774 
523239254215046 -0.001040 0.018616 -0.006912 
523239274782650 0.004152 0.022587 -0.007829 
523239295351086 0.006901 0.021670 -0.009356 
523239315918639 0.003541 0.021060 -0.008134 
523239336487129 -0.000735 0.019838 -0.006607 
523239357054733 0.000181 0.021365 -0.005080 
523239377623118 -0.001040 0.019227 -0.005080 
523239398190879 0.001709 0.022892 -0.005691 
523239418759004 0.003541 0.020754 -0.003858 
523239439326972 0.005985 0.021060 -0.002331 
523239459894993 0.003541 0.014951 -0.001415 
523239480463171 0.004457 0.016173 -0.003247 
523239501031712 0.004152 0.011286 -0.007218 
523239521599212 0.004457 -0.000932 -0.020962 
523239542167181 0.005679 -0.010400 -0.024627 
523239562737337 0.002625 -0.018952 -0.022184 
523239583305462 -0.002568 -0.013149 -0.021268 
523239603871868 0.006595 -0.010705 -0.028903 
523239624439785 0.016980 -0.008873 -0.027071 
523239645007284 0.020034 0.009453 -0.021573 
523239665575202 0.017896 0.016784 -0.014854 
523239686143744 0.013620 0.024725 -0.007523 
523239706711713 0.012093 0.039691 -0.000498 
523239727280096 0.015148 0.042745 0.003778 
523239747847649 0.019118 0.042440 0.001945 
523239768416139 0.015148 0.060766 -0.000193 
523239788983900 0.016369 0.054657 -0.005691 
523239809552389 0.024616 0.035109 -0.005080 
523239830120931 0.027059 0.009759 -0.002636 
523239850690358 0.047523 0.033277 -0.019740 
523239871258171 0.044164 0.017700 -0.018213 
523239891826035 0.035001 0.028390 -0.009050 
523239912393951 -0.021810 -0.006735 -0.027376 
523239932963639 0.010871 0.135291 -0.067693 
523239953530827 0.016675 0.018311 -0.057614 
523239974097285 -0.116494 -0.058047 -0.098237 
523239994665150 -0.128406 -0.158840 0.016301 
523240015232858 -0.074344 -0.189994 0.050509 
523240035800722 0.045080 -0.024144 0.050204 
523240056371346 0.042331 0.031139 -0.011799 
523240076938326 -0.005011 -0.011622 -0.032874 
523240097506399 -0.064265 -0.065989 -0.047840 
523240118075983 -0.067319 -0.087369 -0.044175 
523240138642545 -0.016007 -0.015898 -0.015159 
523240159210254 0.035001 0.047632 0.019660 
523240179778275 0.075012 0.072067 0.043789 
523240200346765 0.018202 0.037553 0.013246 
523240220915567 -0.032500 0.018005 -0.028293 
523240241482909 -0.051131 -0.011622 -0.027376 
523240262050462 -0.035554 -0.061407 0.019355 
523240282618378 -0.009898 0.033888 0.154051 
523240303186503 0.000487 0.075732 0.112206 
523240323755410 -0.066403 -0.065072 0.022104 
523240344322806 -0.060294 -0.081566 -0.055171 
523240364891087 -0.056018 -0.102335 -0.159018 
523240385458900 -0.042579 -0.132573 -0.222242 
523240406026816 0.001403 -0.062018 -0.206665 
523240426595045 0.014231 -0.095310 -0.149855 
523240447163482 0.022783 -0.075152 -0.089990 
523240467731399 0.018813 0.037553 -0.116563 
523240488299367 0.074707 0.108719 -0.104651 
523240508866764 0.114718 0.123074 0.138473 
523240529435670 0.050883 0.041524 0.304934 
523240550003535 0.058214 0.093752 0.472311 
523240570573691 0.083564 0.035415 0.718795 
523240591139368 0.085702 0.014951 0.903887 
523240611708744 0.065238 0.244025 0.917937 
523240632275878 0.002014 0.218674 0.910301 
523240652843899 0.008428 0.031750 0.844328 
523240673411712 0.137931 0.081535 0.739870 
523240693979733 0.246360 0.060460 0.800040 
523240714546347 0.222231 0.333517 0.748422 
523240735117909 0.075012 0.551596 0.632968 
523240755684681 -0.202931 0.578474 0.483001 
523240776251034 -0.245692 0.702785 0.083801 
523240796818378 -0.508058 0.915671 0.110679 
523240817388691 -1.097848 1.803868 0.607923 
523240837955514 -0.589303 0.654221 0.743230 
523240858526450 0.023089 0.131321 0.814090 
523240879090878 0.309584 0.097723 0.729180 
523240899660722 0.295534 0.025336 0.510185 
523240920228535 0.142818 0.285564 0.186121 
523240940795670 0.144956 0.761428 0.300658 
523240961365670 0.300421 0.707671 0.551418 
523240981934576 0.587528 0.374139 0.829361 
523241002500722 0.552709 0.153312 0.676645 
523241023068066 0.385942 0.494785 0.538895 
523241043636816 0.118689 0.100167 0.548669 
523241064204264 -0.169944 0.058017 0.697109 
523241084773014 -0.193463 -0.103557 0.972915 
523241105340879 -0.251190 -0.115774 1.309501 
523241125908899 -0.408182 -0.039111 1.447251 
523241146477075 -0.715752 -0.412960 1.278042 
523241167044627 -1.103651 -0.322857 0.889837 
523241187611920 -1.392590 0.595883 0.288135 
523241208180878 -1.103346 0.809380 -0.050284 
523241228748378 0.142513 0.263267 -0.654734 
523241249316607 0.135182 -0.231838 -0.705742 
523241269884263 0.038971 0.201876 -0.840743 
523241290453743 0.052410 0.308471 -0.845324 
523241311021451 0.071958 0.276706 -0.608309 
523241331589472 0.192604 0.026557 -0.301349 
523241352157076 0.234143 -0.071486 -0.047535 
523241372725878 0.163588 -0.015287 0.238961 
523241393293691 0.048745 0.018005 0.344335 
523241413864108 -0.051742 -0.032086 0.415195 
523241434431035 -0.255160 -0.378141 0.426496 
523241455000565 -0.333351 -0.926392 0.454901 
523241475567545 -0.195906 -0.927613 0.519653 
523241496136346 0.168780 -1.099266 0.523318 
523241516703795 0.491011 -1.220218 0.537368 
523241537271138 0.439699 -0.945634 0.276223 
523241557838481 0.531328 -1.016189 -0.127864 
523241578407752 0.787586 -1.346361 -0.385954 
523241598974524 0.989171 -1.175930 -0.661759 
523241619542753 1.119591 -0.899514 -0.982463 
523241640110774 1.276889 -1.192423 -1.319050 
523241660678430 1.363021 -1.297797 -1.486427 
523241681246763 1.257646 -0.838122 -1.349593 
523241701815305 1.227103 -0.692736 -1.123268 
523241722383013 1.384401 -1.159437 -1.144037 
523241742951242 1.551167 -1.280388 -1.374638 
523241763519993 1.276583 -0.864694 -1.514832 
523241784087441 0.893266 -0.434340 -1.605240 
523241804656295 1.016966 -0.506422 -1.724664 
523241825223899 1.318427 -0.827737 -2.007800 
523241845794212 1.692277 -1.510378 -2.405473 
523241866361190 2.118049 -1.175014 -2.336445 
523241886929680 2.692568 0.045494 -1.863941 
523241907495826 2.861472 0.018005 -1.576529 
523241928066868 2.341321 -0.795972 -1.808658 
523241948633534 1.495578 -0.806051 -2.031318 
523241969200670 0.563093 -0.559567 -2.012076 
523241989768066 0.002319 -0.119745 -1.883794 
523242010338222 0.100974 -0.063545 -1.779336 
523242030906034 0.708784 -0.419374 -1.763454 
523242051473170 1.531619 -0.880577 -1.840117 
523242072040878 1.502298 -0.415098 -1.557287 
523242092610253 1.170904 -0.069348 -0.856014 
523242113177076 0.566758 0.021976 -0.198418 
523242133745826 0.411904 -0.326217 0.062726 
523242154313325 0.951298 -0.603855 -0.058225 
523242174881607 1.733510 -0.574228 -0.264697 
523242195448898 1.997709 -0.243750 -0.094877 
523242216018169 1.596676 0.262962 0.263090 
523242236584523 1.098516 0.390327 0.378238 
523242257154523 0.866082 0.146592 0.262479 
523242277721866 0.997113 0.441945 0.134197 
523242298291398 1.424412 0.927888 0.027296 
523242318858429 2.001680 0.395520 0.210556 
523242339426502 2.326660 -0.304531 0.386485 
523242359994263 2.092393 -0.102335 0.188259 
523242380563481 1.451596 0.155144 -0.002025 
523242401130877 0.808355 -0.006735 -0.047535 
523242421699315 0.523998 0.305112 -0.003858 
523242442267439 0.628150 0.734855 0.184594 
523242462838325 0.999861 0.653915 0.313181 
523242483403065 1.242069 0.017700 0.232241 
523242503971554 1.244207 -0.417847 0.095102 
523242524539471 1.294298 -0.439227 0.179707 
523242545107387 1.359050 -0.524748 0.427412 
523242565675565 1.362715 -0.614545 0.624416 
523242586243690 1.375849 -0.784671 0.777133 
523242606813325 1.415860 -0.875384 0.923740 
523242627380304 1.488248 -0.890045 0.984216 
523242647948846 1.503519 -0.953575 0.916410 
523242668516502 1.232601 -0.805440 0.637550 
523242689085356 0.825765 -0.314000 0.419166 
523242709653221 0.450999 0.110246 0.180012 
523242730220877 0.169085 0.080008 0.102738 
523242750788845 0.128463 -0.138682 0.200476 
523242771357544 0.345320 -0.243139 0.368769 
523242791924888 0.566148 -0.086453 0.254843 
523242812494783 0.622347 0.050687 0.120453 
523242833061346 0.406406 -0.196103 0.230409 
523242853629837 0.222842 -0.437394 0.425274 
523242874197597 0.164199 -0.164338 0.374267 
523242894765930 0.174278 0.282204 0.069751 
523242915333951 0.169085 0.731801 -0.172457 
523242935902544 0.001709 0.615431 -0.056087 
523242956470044 -0.168723 0.291062 0.097546 
523242977038430 -0.103971 0.063209 0.150080 
523242997606711 0.153203 -0.143263 0.186121 
523243018174679 0.334630 -0.257800 0.193146 
523243038742128 0.371282 -0.244361 0.088077 
523243059310461 0.370060 -0.251081 0.009581 
523243079878534 0.346236 -0.441365 0.021798 
523243100446867 0.264686 -0.487180 0.069446 
523243121015044 0.166642 -0.186024 0.095102 
523243141582857 0.047829 0.115133 0.059367 
523243162150929 -0.132376 0.183550 -0.041121 
523243182719731 -0.272875 0.166140 -0.099458 
523243203288013 -0.355342 0.186298 -0.059141 
523243223857180 -0.355342 0.221118 0.001945 
523243244424003 -0.239278 0.296254 0.016606 
523243264991711 -0.103360 0.284953 0.031267 
523243285561399 -0.034943 0.219896 0.090521 
523243306128481 -0.006538 0.130404 -0.003858 
523243326697440 -0.000430 0.029001 -0.140997 
523243347265252 -0.055713 0.035720 -0.084187 
523243367833116 -0.125962 0.123685 0.066391 
523243388400669 -0.157116 0.194545 0.089604 
523243408970252 -0.171777 0.156366 0.021798 
523243429536762 -0.157116 0.083368 -0.031041 
523243450107127 -0.144899 -0.024755 -0.019130 
523243470675408 -0.172388 0.032971 0.039819 
523243491243168 -0.169028 0.216231 0.046538 
523243511811189 -0.113439 0.267543 0.037070 
523243532380095 -0.087478 0.148425 0.037986 
523243552947492 -0.064265 0.025030 0.044400 
523243573514420 -0.014785 0.027474 0.066391 
523243594082440 0.031030 0.144760 0.105792 
523243614650461 0.027059 0.274263 0.138168 
523243635218429 -0.001346 0.229975 0.112817 
523243655787023 -0.009287 0.076343 0.060894 
523243676354992 -0.014785 0.022892 0.032183 
523243696924575 -0.022115 0.119714 0.070057 
523243717491658 -0.045634 0.181106 0.147636 
523243738060044 -0.067014 0.166140 0.184594 
523243758627596 -0.065487 0.103526 0.140306 
523243779197335 -0.063654 -0.011011 0.108847 
523243799763898 -0.068235 -0.031169 0.108236 
523243820332543 -0.087783 0.061682 0.088383 
523243840900460 -0.075871 0.201876 0.102432 
523243861470877 -0.065181 0.240971 0.167184 
523243882037856 -0.084118 0.168278 0.160465 
523243902605929 -0.083202 0.152701 0.149774 
523243923173272 0.088757 0.252577 0.171766 
523243943741450 0.160533 -0.110887 0.086245 
523243964309835 -0.041968 -0.093478 0.154967 
523243984877751 -0.231336 0.081230 0.100294 
523244005445981 -0.230726 0.400407 -0.007218 
523244026013794 0.034084 0.497229 -0.107400 
523244046582961 0.232005 0.236695 -0.020351 
523244067150096 0.205737 -0.212291 0.110985 
