# Created at Thu Nov 07 18:39:54 EST 2019 in Burnaby Canada 
523238657742494 0.003665 0.005192 0.002749 
523238678310879 0.001833 0.007941 0.005498 
523238698879526 0.001222 0.004887 0.004581 
523238719445827 0.003054 -0.000305 0.006414 
523238740014629 0.004581 0.002443 0.007636 
523238760581816 0.003971 -0.001222 0.006720 
523238781149838 0.003665 -0.003360 0.005192 
523238801717962 0.005192 -0.009774 0.006414 
523238822286192 0.003665 -0.004581 0.008552 
523238842853900 0.003971 0.007025 0.006720 
523238863421972 0.003665 0.005803 0.005192 
523238883989941 0.004276 0.000000 0.006414 
523238904557910 0.001833 -0.011301 0.010079 
523238925126087 0.002749 -0.011606 0.004887 
523238945694109 0.005192 -0.005192 0.001833 
523238966262338 0.003054 -0.003665 0.000916 
523238986830202 -0.001222 -0.004887 0.002443 
523239007398222 -0.001222 -0.007941 0.004581 
523239027966295 0.001833 -0.003360 0.007330 
523239048534368 0.006414 0.003971 0.006109 
523239069102442 0.006109 0.004581 0.003360 
523239089670462 0.004887 0.006109 0.003360 
523239110238431 0.000305 -0.003971 0.006720 
523239130806453 0.001833 -0.006720 0.004276 
523239151374576 -0.000305 -0.005498 0.005192 
523239171942701 0.004276 0.000305 0.006720 
523239192510566 0.005803 -0.000305 0.004581 
523239213078848 0.004276 0.004276 0.007025 
523239233646608 0.000305 0.005192 0.006109 
523239254215046 0.001222 -0.003054 0.003971 
523239274782650 0.006414 0.000916 0.003054 
523239295351086 0.009163 0.000000 0.001527 
523239315918639 0.005803 -0.000611 0.002749 
523239336487129 0.001527 -0.001833 0.004276 
523239357054733 0.002443 -0.000305 0.005803 
523239377623118 0.001222 -0.002443 0.005803 
523239398190879 0.003971 0.001222 0.005192 
523239418759004 0.005803 -0.000916 0.007025 
523239439326972 0.008247 -0.000611 0.008552 
523239459894993 0.005803 -0.006720 0.009468 
523239480463171 0.006720 -0.005498 0.007636 
523239501031712 0.006414 -0.010385 0.003665 
523239521599212 0.006720 -0.022602 -0.010079 
523239542167702 0.007941 -0.032070 -0.013744 
523239562737494 0.004887 -0.040623 -0.011301 
523239583305462 -0.000305 -0.034819 -0.010385 
523239603871868 0.008858 -0.032376 -0.018021 
523239624439785 0.019242 -0.030543 -0.016188 
523239645007806 0.022297 -0.012217 -0.010690 
523239665575202 0.020159 -0.004887 -0.003971 
523239686143744 0.015882 0.003054 0.003360 
523239706711713 0.014355 0.018021 0.010385 
523239727280096 0.017410 0.021075 0.014661 
523239747847649 0.021380 0.020769 0.012828 
523239768416139 0.017410 0.039095 0.010690 
523239788983900 0.018631 0.032987 0.005192 
523239809552285 0.026878 0.013439 0.005803 
523239830120931 0.029322 -0.011912 0.008247 
523239850690358 0.049785 0.011606 -0.008858 
523239871258171 0.046426 -0.003971 -0.007330 
523239891825045 0.037263 0.006720 0.001833 
523239912393951 -0.019548 -0.028405 -0.016493 
523239932963639 0.013134 0.113621 -0.056810 
523239953530827 0.018937 -0.003360 -0.046731 
523239974097545 -0.114232 -0.079718 -0.087354 
523239994665150 -0.126144 -0.180511 0.027183 
523240015233170 -0.072082 -0.211665 0.061392 
523240035800722 0.047342 -0.045815 0.061086 
523240056371346 0.044593 0.009468 -0.000916 
523240076938326 -0.002749 -0.033292 -0.021991 
523240097506399 -0.062003 -0.087659 -0.036957 
523240118075983 -0.065057 -0.109039 -0.033292 
523240138642232 -0.013744 -0.037568 -0.004276 
523240159210254 0.037263 0.025962 0.030543 
523240179778431 0.077274 0.050396 0.054672 
523240200346765 0.020464 0.015882 0.024129 
523240220914681 -0.030238 -0.003665 -0.017410 
523240241482909 -0.048869 -0.033292 -0.016493 
523240262050462 -0.033292 -0.083078 0.030238 
523240282618378 -0.007636 0.012217 0.164933 
523240303186503 0.002749 0.054062 0.123089 
523240323755410 -0.064141 -0.086743 0.032987 
523240344322806 -0.058032 -0.103236 -0.044288 
523240364890723 -0.053756 -0.124006 -0.148135 
523240385458900 -0.040317 -0.154243 -0.211359 
523240406027390 0.003665 -0.083688 -0.195782 
523240426595045 0.016493 -0.116981 -0.138972 
523240447163482 0.025045 -0.096822 -0.079107 
523240467731399 0.021075 0.015882 -0.105680 
523240488299367 0.076969 0.087048 -0.093768 
523240508866764 0.116981 0.101404 0.149356 
523240529435670 0.053145 0.019853 0.315817 
523240550003535 0.060476 0.072082 0.483194 
523240570573691 0.085826 0.013744 0.729678 
523240591139368 0.087965 -0.006720 0.914770 
523240611708744 0.067501 0.222355 0.928820 
523240632275878 0.004276 0.197004 0.921184 
523240652843430 0.010690 0.010079 0.855211 
523240673411712 0.140193 0.059865 0.750753 
523240693979733 0.248622 0.038790 0.810923 
523240714546347 0.224493 0.311846 0.759305 
523240735117909 0.077274 0.529925 0.643851 
523240755684681 -0.200669 0.556803 0.493884 
523240776251034 -0.243430 0.681114 0.094684 
523240796818378 -0.505796 0.894001 0.121562 
523240817388430 -1.095586 1.782198 0.618806 
523240837955514 -0.587041 0.632550 0.754112 
523240858526450 0.025351 0.109650 0.824973 
523240879090878 0.311846 0.076053 0.740063 
523240899660201 0.297797 0.003665 0.521068 
523240920228535 0.145080 0.263894 0.197004 
523240940796659 0.147218 0.739757 0.311541 
523240961365670 0.302683 0.686001 0.562301 
523240981932336 0.589790 0.352469 0.840244 
523241002500722 0.554971 0.131641 0.687528 
523241023068066 0.388205 0.473115 0.549778 
523241043636347 0.120951 0.078496 0.559552 
523241064204264 -0.167682 0.036346 0.707992 
523241084772909 -0.191201 -0.125227 0.983798 
523241105340879 -0.248927 -0.137445 1.320384 
523241125908221 -0.405920 -0.060781 1.458134 
523241146477075 -0.713490 -0.434630 1.288925 
523241167044627 -1.101389 -0.344528 0.900720 
523241187611920 -1.390328 0.574213 0.299018 
523241208180878 -1.101084 0.787710 -0.039401 
523241228748378 0.144775 0.241597 -0.643851 
523241249316242 0.137445 -0.253509 -0.694859 
523241269884263 0.041233 0.180205 -0.829860 
523241290453743 0.054672 0.286801 -0.834441 
523241311021451 0.074220 0.255036 -0.597426 
523241331589472 0.194866 0.004887 -0.290466 
523241352157076 0.236405 -0.093157 -0.036652 
523241372725878 0.165850 -0.036957 0.249844 
523241393293691 0.051007 -0.003665 0.355218 
523241413864108 -0.049480 -0.053756 0.426078 
523241434431035 -0.252898 -0.399811 0.437379 
523241454999160 -0.331089 -0.948062 0.465784 
523241475567545 -0.193644 -0.949284 0.530536 
523241496136346 0.171042 -1.120937 0.534201 
523241516703795 0.493273 -1.241888 0.548251 
523241537271138 0.441961 -0.967304 0.287106 
523241557838481 0.533590 -1.037859 -0.116981 
523241578407752 0.789848 -1.368032 -0.375071 
523241598974524 0.991433 -1.197600 -0.650876 
523241619542753 1.121853 -0.921184 -0.971580 
523241640110774 1.279151 -1.214094 -1.308167 
523241660678690 1.365283 -1.319468 -1.475544 
523241681246763 1.259908 -0.859792 -1.338710 
523241701814940 1.229365 -0.714406 -1.112385 
523241722383013 1.386663 -1.181107 -1.133154 
523241742951242 1.553429 -1.302058 -1.363755 
523241763519993 1.278845 -0.886365 -1.503949 
523241784087441 0.895528 -0.456011 -1.594357 
523241804656295 1.019228 -0.528093 -1.713781 
523241825223899 1.320690 -0.849407 -1.996917 
523241845794212 1.694539 -1.532049 -2.394590 
523241866361190 2.120311 -1.196684 -2.325562 
523241886929680 2.694830 0.023824 -1.853058 
523241907495826 2.863734 -0.003665 -1.565646 
523241928066868 2.343583 -0.817642 -1.797775 
523241948633534 1.497840 -0.827722 -2.020435 
523241969200826 0.565355 -0.581238 -2.001193 
523241989768066 0.004581 -0.141415 -1.872911 
523242010338222 0.103236 -0.085216 -1.768453 
523242030906034 0.711047 -0.441044 -1.752571 
523242051473066 1.533881 -0.902247 -1.829234 
523242072040878 1.504560 -0.436768 -1.546404 
523242092610253 1.173166 -0.091019 -0.845131 
523242113177076 0.569021 0.000305 -0.187535 
523242133745565 0.414166 -0.347887 0.073609 
523242154313325 0.953560 -0.625525 -0.047342 
523242174881607 1.735772 -0.595899 -0.253814 
523242195448898 1.999971 -0.265421 -0.083994 
523242216018169 1.598938 0.241292 0.273973 
523242236584523 1.100778 0.368657 0.389121 
523242257155253 0.868344 0.124922 0.273362 
523242277721866 0.999375 0.420275 0.145080 
523242298291398 1.426675 0.906218 0.038179 
523242318858429 2.003942 0.373849 0.221438 
523242339426814 2.328922 -0.326202 0.397367 
523242359994263 2.094655 -0.124006 0.199142 
523242380562700 1.453858 0.133474 0.008858 
523242401130877 0.810617 -0.028405 -0.036652 
523242421699315 0.526260 0.283441 0.007025 
523242442267439 0.630412 0.713185 0.195477 
523242462838325 1.002124 0.632245 0.324064 
523242483403065 1.244331 -0.003971 0.243124 
523242503971554 1.246469 -0.439517 0.105985 
523242524539471 1.296560 -0.460897 0.190590 
523242545107387 1.361312 -0.546418 0.438295 
523242565675565 1.364977 -0.636216 0.635299 
523242586243690 1.378111 -0.806341 0.788015 
523242606813325 1.418123 -0.897055 0.934623 
523242627380304 1.490510 -0.911716 0.995099 
523242647948794 1.505782 -0.975245 0.927293 
523242668516502 1.234863 -0.827111 0.648433 
523242689085356 0.828027 -0.335670 0.430049 
523242709653221 0.453262 0.088575 0.190895 
523242730220877 0.171348 0.058338 0.113621 
523242750788845 0.130725 -0.160352 0.211359 
523242771357544 0.347582 -0.264810 0.379652 
523242791924888 0.568410 -0.108123 0.265726 
523242812494211 0.624609 0.029016 0.131336 
523242833061346 0.408669 -0.217773 0.241292 
523242853629315 0.225104 -0.459065 0.436157 
523242874197597 0.166461 -0.186008 0.385150 
523242894765930 0.176540 0.260534 0.080634 
523242915333951 0.171348 0.710130 -0.161574 
523242935902544 0.003971 0.593760 -0.045204 
523242956470044 -0.166461 0.269391 0.108428 
523242977038846 -0.101709 0.041539 0.160963 
523242997606711 0.155465 -0.164933 0.197004 
523243018174211 0.336892 -0.279471 0.204029 
523243038742128 0.373544 -0.266032 0.098960 
523243059310461 0.372322 -0.272751 0.020464 
523243079878534 0.348498 -0.463035 0.032681 
523243100446971 0.266948 -0.508850 0.080329 
523243121015044 0.168904 -0.207694 0.105985 
523243141582961 0.050091 0.093462 0.070249 
523243162150929 -0.130114 0.161879 -0.030238 
523243182719731 -0.270613 0.144469 -0.088575 
523243203288013 -0.353080 0.164628 -0.048258 
523243223857180 -0.353080 0.199447 0.012828 
523243244424003 -0.237016 0.274584 0.027489 
523243264991711 -0.101098 0.263283 0.042150 
523243285560356 -0.032681 0.198226 0.101404 
523243306128481 -0.004276 0.108734 0.007025 
523243326696815 0.001833 0.007330 -0.130114 
523243347265252 -0.053451 0.014050 -0.073304 
523243367833116 -0.123700 0.102014 0.077274 
523243388400669 -0.154854 0.172875 0.100487 
523243408970252 -0.169515 0.134696 0.032681 
523243429536762 -0.154854 0.061697 -0.020159 
523243450107908 -0.142637 -0.046426 -0.008247 
523243470675408 -0.170126 0.011301 0.050702 
523243491243064 -0.166766 0.194560 0.057421 
523243511811189 -0.111177 0.245873 0.047953 
523243532380095 -0.085216 0.126754 0.048869 
523243552947492 -0.062003 0.003360 0.055283 
523243573514420 -0.012523 0.005803 0.077274 
523243594082440 0.033292 0.123089 0.116675 
523243614650408 0.029322 0.252593 0.149051 
523243635218429 0.000916 0.208305 0.123700 
523243655787023 -0.007025 0.054672 0.071777 
523243676354992 -0.012523 0.001222 0.043066 
523243696924575 -0.019853 0.098044 0.080940 
523243717491658 -0.043371 0.159436 0.158519 
523243738060044 -0.064752 0.144469 0.195477 
523243758627596 -0.063225 0.081856 0.151189 
523243779197180 -0.061392 -0.032681 0.119729 
523243799763898 -0.065973 -0.052840 0.119119 
523243820332439 -0.085521 0.040012 0.099266 
523243840900460 -0.073609 0.180205 0.113315 
523243861470877 -0.062919 0.219300 0.178067 
523243882037856 -0.081856 0.146608 0.171348 
523243902605929 -0.080940 0.131030 0.160657 
523243923173272 0.091019 0.230907 0.182649 
523243943741450 0.162795 -0.132558 0.097127 
523243964309627 -0.039706 -0.115148 0.165850 
523243984877751 -0.229074 0.059559 0.111177 
523244005445617 -0.228463 0.378736 0.003665 
523244026013794 0.036346 0.475558 -0.096517 
523244046582284 0.234267 0.215024 -0.009468 
523244067150096 0.207999 -0.233961 0.121868 
