# Created at Thu Nov 07 18:39:54 EST 2019 in Burnaby Canada 
523238657743171 0.130578 0.018640 0.092770 
523238678310879 0.120064 0.011632 0.078513 
523238698879526 0.103568 0.005037 0.064500 
523238719445827 0.088099 0.002836 0.082748 
523238740013795 0.079451 0.010773 0.070440 
523238760581816 0.007964 0.020939 0.062883 
523238781149108 0.070328 0.033267 0.035735 
523238801717962 0.122753 0.049462 0.040041 
523238822286192 0.102659 -0.018153 0.082972 
523238842853952 0.112693 0.020748 0.122033 
523238863421972 0.112834 0.021510 0.091432 
523238883989941 0.099421 0.016255 0.036978 
523238904557910 0.067590 0.005439 0.014733 
523238925126191 0.060694 -0.005845 0.039421 
523238945694109 0.069855 0.012069 0.084518 
523238966262234 0.115913 0.030962 0.070550 
523238986830202 0.126798 0.082158 0.051462 
523239007398222 0.128897 0.026152 0.041990 
523239027966295 0.089031 -0.014830 0.101296 
523239048534056 0.096685 -0.007612 0.104572 
523239069102442 0.093566 0.011235 0.092772 
523239089670462 0.134763 0.035430 0.054981 
523239110238431 0.124648 0.010634 0.032910 
523239130806453 0.062188 -0.024925 0.042458 
523239151374576 0.069184 0.004596 0.045010 
523239171942701 0.085069 0.019547 0.085855 
523239192510566 0.122159 0.040896 0.093930 
523239213078848 0.082539 0.011795 0.079118 
523239233646608 0.103332 0.028342 0.042031 
523239254215046 0.102309 0.021245 0.057436 
523239274782650 0.074106 0.031008 0.068838 
523239295351086 0.067417 0.035524 0.048334 
523239315918639 0.063257 0.021793 0.044904 
523239336487129 0.084614 0.017152 0.070716 
523239357054733 0.091723 0.030898 0.062183 
523239377623118 0.115617 0.015450 0.045730 
523239398190879 0.084860 0.010554 0.069300 
523239418759004 0.083855 -0.005048 0.067456 
523239439326972 0.080728 0.007120 0.060896 
523239459894993 0.105741 0.005297 0.040293 
523239480463171 0.067493 0.016286 0.049348 
523239501031087 -0.055008 0.038888 0.053052 
523239521599212 -0.080302 0.052677 -0.001196 
523239542167702 -0.089151 0.074247 0.022945 
523239562737493 -0.067630 0.108084 -0.010972 
523239583305462 0.131198 0.039698 0.033518 
523239603871868 0.188997 -0.016749 0.125840 
523239624439785 0.158504 0.000935 0.162424 
523239645007806 0.151985 -0.024611 0.099705 
523239665575202 0.221387 0.036053 0.061878 
523239686143692 0.312247 0.026436 0.117750 
523239706711713 0.306908 0.037578 0.133868 
523239727280096 0.275924 0.017395 0.085857 
523239747847649 0.206450 -0.043076 0.075001 
523239768416139 0.056398 -0.115756 0.073384 
523239788983900 0.045371 -0.132483 0.064249 
523239809551764 0.130029 -0.110664 -0.009418 
523239830120931 0.059928 -0.108692 -0.025230 
523239850690358 -0.102565 -0.176747 0.022605 
523239871258171 -0.315217 0.240391 0.023719 
523239891824472 0.078662 0.209157 0.019495 
523239912393951 0.056806 0.138670 0.103124 
523239932963639 -0.186667 0.640652 0.217587 
523239953530827 -0.358729 0.266648 0.089300 
523239974097337 0.333622 0.373000 -0.187137 
523239994665150 -0.213984 -0.005981 0.094071 
523240015233483 0.621930 -0.167517 -0.059593 
523240035800722 0.310574 -0.562330 0.056170 
523240056371346 -0.299740 -0.004215 0.069037 
523240076938326 -0.187514 -0.089454 0.173679 
523240097506399 0.087149 0.003177 0.067181 
523240118075983 0.028987 -0.024005 -0.044338 
523240138642545 0.173662 -0.115373 -0.002592 
523240159210254 0.257862 -0.146580 0.074349 
523240179778587 0.408535 -0.082236 0.109777 
523240200346765 0.382165 -0.021064 0.046776 
523240220915567 0.043896 -0.027760 0.193824 
523240241482909 -0.029688 -0.025575 0.102145 
523240262050462 0.244172 -0.017315 0.002221 
523240282618327 0.469104 -0.260135 0.129669 
523240303186503 0.342951 -0.151479 0.251159 
523240323755410 -0.131945 0.389822 0.053331 
523240344322806 0.041754 -0.253296 0.141401 
523240364891087 0.065561 -0.365576 -0.011578 
523240385458900 0.259423 -1.049464 -0.000957 
523240406027390 0.302744 -1.135871 0.133670 
523240426595045 0.125907 -0.321524 0.092258 
523240447163482 0.208051 0.367761 -0.165388 
523240467731399 0.087028 -0.277622 0.022338 
523240488299367 0.351420 -0.889423 0.148751 
523240508866764 0.230091 -0.461603 0.098941 
523240529435670 -0.421987 1.109774 -0.288961 
523240550003535 0.165826 0.113497 0.024000 
523240570573691 0.044663 -0.993516 0.147337 
523240591139368 0.033127 -0.506315 -0.050003 
523240611708744 0.423768 0.061175 0.070744 
523240632275878 0.697821 -0.635528 0.098672 
523240652843899 0.161300 -0.488070 -0.020297 
523240673411712 0.944175 -0.673151 0.165093 
523240693979733 0.281577 -0.404528 -0.039411 
523240714546347 0.048890 1.036590 -0.125453 
523240735117909 0.500140 -0.575509 0.398057 
523240755684681 0.143680 -0.819887 -0.630521 
523240776251034 0.738311 -0.275514 -0.190599 
523240796818378 1.996235 -0.229884 0.865628 
523240817388691 -0.800653 0.459127 0.324670 
523240837955514 -1.975013 -2.597323 1.429429 
523240858526450 -0.378423 -1.021326 -0.272450 
523240879090878 0.228341 3.597297 0.252616 
523240899660722 0.735745 5.936708 -0.217104 
523240920228535 0.725732 6.214071 0.004149 
523240940796399 0.265204 3.167520 0.561242 
523240961365670 -0.185555 0.036605 0.228275 
523240981934576 0.452611 -3.037394 0.161613 
523241002500722 0.104561 -0.893142 -0.357342 
523241023068066 -0.341306 0.930795 0.410620 
523241043636816 0.326844 0.561916 0.147893 
523241064204264 0.192649 0.062044 -0.048903 
523241084772806 0.334874 -0.303417 -0.041042 
523241105340879 -0.055204 -0.032506 0.013105 
523241125908899 -0.342302 0.193109 0.363032 
523241146477075 -0.448494 0.764661 0.042659 
523241167044627 0.058286 0.704256 -0.073362 
523241187611920 1.075368 0.306435 0.709962 
523241208180878 0.300135 -1.328111 1.304125 
523241228748378 -1.063552 0.495767 0.947063 
523241249316607 -0.432477 0.902186 -2.521389 
523241269884263 0.610626 -1.291565 0.518346 
523241290453743 0.094535 0.269175 1.211988 
523241311021451 0.195618 -0.674581 -0.291265 
523241331588951 0.067300 -1.570941 -0.112936 
523241352157076 -0.037997 -1.855263 -0.458676 
523241372725305 -0.068088 -1.774644 -0.337538 
523241393293691 0.435197 -1.109978 -0.384379 
523241413864108 1.122482 -1.222720 -0.015463 
523241434431035 0.370065 -1.086804 0.027037 
523241455000565 -0.359228 -0.607741 -1.606447 
523241475567545 -0.346096 -1.137866 0.596891 
523241496135513 -0.034645 -0.766308 1.917950 
523241516703795 -0.263116 -0.622682 1.547154 
523241537271138 0.450728 0.650230 0.654559 
523241557838481 1.407719 2.023171 -0.128807 
523241578407752 0.877219 2.496425 0.155770 
523241598974524 0.579585 1.850904 0.395854 
523241619542753 0.699309 2.085768 1.358274 
523241640110774 0.791809 1.766927 0.490543 
523241660679003 0.103110 2.223336 -0.377602 
523241681246763 -0.885328 2.703583 0.006201 
523241701815826 -1.230651 2.188781 0.120032 
523241722383534 -1.046837 1.580338 0.043394 
523241742951242 -0.626932 1.975723 0.240518 
523241763519993 -0.204549 2.005709 0.629020 
523241784087441 -0.419847 1.636135 0.231098 
523241804656295 -1.021585 1.874716 0.512638 
523241825223899 -0.577793 1.832374 0.973089 
523241845794212 0.266937 1.150187 0.758871 
523241866361190 0.164109 0.958513 0.681173 
523241886929680 -0.694878 0.177213 3.776821 
523241907495826 -0.240308 -0.436033 2.917714 
523241928066868 0.373299 -1.060611 -0.566585 
523241948633534 0.618608 -1.521398 -1.937868 
523241969200826 -0.619314 -0.156646 -1.165269 
523241989768066 -0.592465 0.104225 -0.568282 
523242010338222 -0.023430 -0.306515 0.379117 
523242030906034 0.099721 -0.293428 0.710957 
523242051473170 0.027267 -0.174393 1.670890 
523242072040878 0.224736 -0.924611 2.150125 
523242092610253 -0.400456 -2.659317 2.399616 
523242113177076 -2.086448 -2.789021 0.466494 
523242133745148 -1.795677 -1.611666 -0.936000 
523242154313325 0.052195 -0.141528 0.232668 
523242174880929 0.980196 0.567041 2.141577 
523242195448898 0.643381 -0.983415 2.636781 
523242216018169 0.147889 -1.936113 1.551750 
523242236584523 0.220623 -1.200682 -0.352157 
523242257154107 0.673512 -0.304122 -1.468080 
523242277721866 1.391138 0.597164 -0.451360 
523242298291398 1.958511 0.771467 1.707537 
523242318858429 1.988652 -0.953567 2.269726 
523242339426502 -0.144057 -1.616819 0.888772 
523242359994263 -0.127180 -0.264444 0.096119 
523242380563481 1.293923 0.254478 -0.343846 
523242401130877 1.251198 0.142848 -1.563959 
523242421699315 0.752204 0.008460 -1.092827 
523242442269991 0.313104 -0.391855 1.100244 
523242462838325 -0.128922 -0.632393 1.661890 
523242483403065 0.267914 -0.268504 -0.150644 
523242503971554 0.319803 0.214595 -1.085350 
523242524539471 0.265058 0.230881 -0.220159 
523242545107387 -0.544291 -1.010888 0.084451 
523242565675565 -1.071695 -1.066097 -0.126948 
523242586243690 -0.743098 -1.255204 -0.393125 
523242606813325 -0.891418 -1.103291 -0.672084 
523242627380304 -0.849681 -0.557999 -0.161025 
523242647948221 -0.195161 -1.100815 0.209371 
523242668516502 0.739492 -1.439179 -0.133949 
523242689085096 1.111281 -1.354646 -0.379599 
523242709653221 1.119733 -1.651858 -0.498648 
523242730220877 0.964570 -1.678326 -1.244211 
523242750788845 0.384202 -1.944840 -1.731699 
523242771357544 -0.592775 -1.746712 -0.963973 
523242791924888 -0.524207 -1.120942 0.040427 
523242812493481 0.608272 -0.216179 -0.080270 
523242833061346 0.468726 -0.436641 -1.219409 
523242853629523 -0.599767 -0.363169 -1.983204 
523242874197597 -0.164883 0.326468 -0.718093 
523242894765774 0.912556 0.981004 0.434714 
523242915333951 1.650265 1.263186 0.822455 
523242935902544 0.934476 0.409462 -0.215691 
523242956470044 -0.004717 0.785587 -1.745826 
523242977038690 0.266731 0.936720 -1.244214 
523242997606711 0.347034 0.759645 -0.231086 
523243018174679 0.350722 0.493443 0.140039 
523243038742128 0.660011 0.831789 0.001858 
523243059310461 0.951231 0.800795 -0.131842 
523243079878534 0.448341 0.361753 -0.513578 
523243100446919 -0.090714 0.208041 -0.760965 
523243121015044 0.168889 0.249383 -0.279162 
523243141582805 0.441542 0.057165 0.106829 
523243162150929 0.707522 0.437030 -0.400285 
523243182719731 0.715241 0.586497 -0.791478 
523243203288013 0.390421 0.425350 -0.664721 
523243223857180 0.079281 0.276743 -0.331853 
523243244424003 0.028701 0.249480 0.017139 
523243264991711 0.308328 0.256064 0.155899 
523243285560201 0.122991 0.165608 -0.002079 
523243306128481 0.299583 0.351303 -0.332802 
523243326697440 0.779380 0.522810 -0.660793 
523243347265252 0.460289 0.310179 -0.672689 
523243367833116 -0.160203 -0.143797 -0.406178 
523243388400669 -0.031021 0.012527 -0.244322 
523243408970252 0.428202 0.373008 -0.376841 
523243429536762 0.519903 0.564185 -0.472488 
523243450107908 0.328632 0.275432 -0.453771 
523243470675408 0.063283 0.100517 -0.332845 
523243491243168 0.105644 0.115042 0.160769 
523243511811189 0.238049 0.121246 0.363322 
523243532380095 0.176656 0.159311 -0.066406 
523243552947492 0.179845 0.272322 -0.288646 
523243573514420 0.136694 0.215317 -0.129549 
523243594082440 0.153752 0.079768 0.278695 
523243614650461 0.126151 0.071404 0.372283 
523243635218429 0.206758 0.204277 0.068648 
523243655787023 0.332973 0.363137 -0.421395 
523243676354992 0.348932 0.339437 -0.417645 
523243696924575 0.188623 0.101605 -0.009097 
523243717491658 -0.042449 -0.108259 0.106032 
523243738060044 -0.044388 -0.023496 -0.102362 
523243758627596 0.238216 0.193072 -0.290416 
523243779197335 0.356686 0.292716 -0.446580 
523243799763898 0.176457 0.210230 -0.339314 
523243820332543 0.348444 0.253106 -0.108379 
523243840900460 0.411187 0.216854 0.209588 
523243861470877 0.094825 -0.022353 0.220516 
523243882037856 0.151777 0.072509 -0.154648 
523243902605929 0.425737 0.297342 -0.251191 
523243923173272 0.374407 -0.019502 0.068098 
523243943741450 0.017703 -0.212118 -0.324626 
523243964309835 -0.140111 0.051606 -0.838777 
523243984877751 0.176671 0.019925 -0.372341 
523244005445981 0.611715 0.451793 0.408494 
523244026013794 0.903176 0.390043 1.138076 
523244046582961 0.279940 0.061286 0.621487 
523244067150096 -0.436767 -0.030246 -0.394935 
