# Created at Thu Nov 07 18:39:54 EST 2019 in Burnaby Canada 
523238670948640 40.573460 1.977219 -39.560101 
523238691138170 39.809544 2.252792 -41.090134 
523238710971192 39.486240 1.233231 -40.011364 
523238730922546 40.559376 1.548859 -40.021534 
523238750923431 40.116383 2.112137 -40.170635 
523238770922597 42.029537 -0.567810 -39.575882 
523238790922962 40.869579 1.698898 -39.716915 
523238810922597 40.856152 0.976425 -38.948463 
523238830922545 41.764614 0.564667 -38.034962 
523238850922754 42.516796 0.152283 -37.734993 
523238870922858 41.157291 0.693832 -38.336521 
523238890922233 42.666363 0.011841 -37.582771 
523238910922493 41.304844 0.555084 -38.491802 
523238930922806 41.116367 -0.739151 -38.952126 
523238951129630 41.872601 -0.714630 -39.728226 
523238970922651 42.034565 -0.572083 -38.807133 
523238990923118 43.565121 -0.098099 -39.282902 
523239010922389 43.237141 -0.820129 -40.049015 
523239030922649 42.359859 0.005463 -37.887333 
523239051079577 41.733089 -0.142426 -40.034012 
523239071079630 41.575481 -0.435455 -39.725163 
523239090969005 41.614040 0.705978 -38.340931 
523239110922441 41.024166 1.554169 -38.795944 
523239130923014 42.454411 -1.996338 -38.812141 
523239150922701 43.237484 -0.526871 -41.125141 
523239170922806 43.107021 -0.402649 -38.356113 
523239190922285 41.307865 0.552521 -38.030552 
523239210922597 41.745502 0.140579 -39.265144 
523239230922702 42.483273 -0.553101 -40.041542 
523239250922702 41.162663 0.982819 -38.643906 
523239270922650 41.719669 -0.864899 -39.265564 
523239290922493 41.861179 -1.438812 -38.652275 
523239310922962 42.509762 0.158264 -38.811241 
523239330922285 41.286739 0.130142 -39.568233 
523239350922962 40.089535 0.667191 -38.633736 
523239370922650 41.916874 1.009048 -39.727505 
523239390922806 42.824673 0.891403 -40.043884 
523239411020045 40.821270 -0.461685 -38.641563 
523239431020045 42.650265 -0.414795 -38.351700 
523239450922702 42.491314 -0.559937 -38.811543 
523239470922858 42.509762 0.158264 -38.811241 
523239490922859 41.918880 1.007339 -39.420006 
523239510923170 41.913158 -0.015244 -36.345425 
523239530922545 41.577145 -0.730423 -38.341530 
523239550922754 41.577488 -0.437164 -39.417664 
523239570922598 42.336384 -0.708466 -38.656384 
523239590925254 42.324322 -0.698212 -40.501385 
523239610924785 42.488300 -0.557373 -39.272793 
523239630923014 41.722019 -0.573349 -40.034195 
523239650923119 41.161671 1.423996 -40.488724 
523239670921973 42.483936 -0.847214 -38.811661 
523239690922389 43.282085 0.609436 -38.818413 
523239710922702 42.486286 -0.555664 -39.580292 
523239730922702 40.806507 -1.036255 -38.641804 
523239750942858 42.068455 0.866882 -39.267784 
523239770961139 41.007717 0.834259 -38.488743 
523239790961296 40.057659 -0.773483 -37.865585 
523239810922702 41.577145 -0.730423 -38.341530 
523239830923587 42.349812 0.014008 -39.424835 
523239850923587 41.877621 -0.718903 -38.959473 
523239870925150 38.990932 0.079651 -41.391182 
523239890924941 42.329350 -0.702484 -39.732635 
523239910924160 40.365528 -0.034378 -40.174477 
523239930924680 41.005367 0.542709 -37.720112 
523239951132129 39.775311 0.520569 -39.553352 
523239970925046 41.300167 0.852615 -40.336681 
523239990923483 40.520123 -0.179092 -39.253502 
523240010923744 41.929951 1.438263 -39.419827 
523240030923169 39.641178 1.381775 -40.166523 
523240050922805 42.084888 1.586792 -39.574982 
523240070924212 42.084888 1.586792 -39.574982 
523240090924628 40.838726 0.697693 -40.486084 
523240110937337 41.125759 -0.453583 -38.644505 
523240130933744 41.587536 -0.445709 -37.880165 
523240150932285 41.153629 1.430832 -41.718723 
523240170924108 42.054035 0.585587 -40.344151 
523240190924681 40.383976 0.683823 -40.174175 
523240210924265 40.525486 0.109894 -39.560883 
523240230925202 41.898083 -0.002411 -38.651676 
523240250924836 42.061420 0.872864 -40.344032 
523240270924264 39.470806 0.512466 -39.550411 
523240290924211 41.601978 0.716232 -40.185936 
523240310924628 41.725033 -0.575912 -39.572941 
523240330924420 39.632786 0.655029 -38.629326 
523240350924525 41.288754 0.128433 -39.260735 
523240370924368 42.077854 1.592773 -40.651230 
523240390923639 39.798122 1.528610 -40.014183 
523240410923743 40.827305 -0.026489 -39.410133 
523240430924160 41.309223 1.285248 -40.644001 
523240450924212 39.493618 1.520508 -40.011242 
523240470918274 38.740414 1.493423 -38.773891 
523240490937701 41.906475 0.724335 -40.188873 
523240510936972 41.004719 1.277145 -40.641060 
523240530923795 40.525486 0.109894 -39.560883 
523240550924524 40.367886 0.257172 -40.943104 
523240570924368 40.365528 -0.034378 -40.174477 
523240590924055 41.276691 0.138687 -41.105732 
523240610924263 41.080486 -1.736084 -40.490044 
523240630924941 41.195507 -3.021393 -41.107052 
523240650924160 41.070438 -1.727539 -42.027542 
523240670924629 42.702572 -3.701660 -40.660801 
523240690924525 41.638836 -3.731720 -40.343014 
523240710922597 40.954006 -7.059326 -38.954765 
523240730923170 40.951336 -6.763489 -40.492146 
523240750925723 42.320911 -6.873260 -40.044182 
523240770924941 43.362171 -7.998306 -39.286201 
523240790922492 43.352779 -8.283875 -39.593822 
523240810922909 46.405804 -8.650040 -36.702152 
523240830918014 44.758236 -7.396698 -37.607941 
523240850923691 45.789761 -9.100571 -36.081451 
523240870926555 47.614071 -9.196472 -35.945404 
523240890922545 47.083523 -12.081406 -35.942196 
523240910924681 47.865574 -11.051422 -36.717873 
523240930924056 46.152248 -12.677719 -36.394863 
523240951131764 47.204227 -13.665100 -34.560574 
523240970925774 48.589222 -13.494415 -32.882496 
523240990925201 47.830326 -13.223114 -33.643776 
523241010924524 48.268627 -13.929169 -33.648483 
523241030923743 47.901066 -16.232086 -34.261501 
523241050923899 46.411106 -15.126022 -33.785072 
523241070923430 47.426197 -17.109482 -33.642452 
523241090924160 48.176693 -18.107544 -31.343975 
523241110924264 47.679012 -19.992996 -30.264095 
523241130924316 47.564999 -18.268265 -31.184402 
523241150924263 48.089825 -20.969223 -33.343925 
523241170924367 46.593151 -20.004242 -33.328804 
523241190916660 46.111233 -21.316010 -32.094933 
523241210934368 45.473751 -21.601532 -35.317921 
523241231292805 46.119984 -20.295975 -34.708263 
523241250922962 46.592159 -19.563065 -35.173626 
523241270922857 47.035824 -20.420456 -33.794643 
523241290922440 45.864437 -18.877945 -32.859726 
523241310924211 46.045879 -17.577728 -33.475651 
523241330923951 47.878254 -17.240128 -33.800671 
523241350923222 48.644184 -17.517441 -31.963142 
523241370923430 47.594204 -16.531738 -33.489933 
523241390923587 49.368534 -18.933578 -31.971092 
523241410923795 47.411404 -18.564697 -30.260555 
523241430925462 47.700832 -18.543777 -32.569744 
523241450925097 46.669926 -23.018372 -33.024033 
523241470924992 48.248791 -20.383774 -34.575153 
523241490924888 46.534801 -21.715958 -35.482025 
523241510925098 45.728611 -23.165771 -36.705273 
523241530925827 44.282887 -26.220383 -36.385803 
523241550924106 45.633366 -26.313873 -38.859093 
523241570934575 44.860699 -27.058304 -37.775795 
523241591237804 43.486095 -26.944290 -38.992504 
523241610923431 41.013889 -27.858963 -41.121841 
523241630923951 40.871357 -27.724503 -40.197815 
523241650923535 40.248272 -28.169067 -40.653362 
523241670923118 40.066853 -29.028961 -41.728504 
523241690922857 38.099361 -28.064148 -43.861473 
523241710925409 38.212025 -29.641006 -43.709854 
523241730923378 37.944424 -28.212708 -43.706314 
523241750924002 38.085941 -28.786621 -43.093021 
523241770923377 37.326694 -28.808578 -42.778175 
523241790923743 37.007786 -29.097992 -43.851604 
523241810923170 35.867947 -25.967743 -44.299774 
523241830923743 36.346165 -25.239960 -43.842632 
523241850923586 36.203632 -25.105484 -42.918602 
523241870924575 34.824009 -24.987198 -44.904064 
523241890924731 35.453793 -24.401550 -43.987206 
523241910922701 36.519543 -24.373199 -43.997494 
523241930916815 35.726421 -25.834122 -43.221996 
523241951179315 34.233768 -24.872574 -42.591873 
523241970972232 34.867596 -23.850037 -42.751083 
523241990923274 33.188496 -23.744110 -43.964855 
523242010923430 33.710316 -21.438843 -43.045803 
523242030924940 34.383358 -19.569016 -40.590900 
523242050924888 34.227444 -19.276382 -42.280563 
523242070923325 34.219402 -19.269547 -43.510563 
523242090923065 33.449108 -19.282104 -44.886963 
523242110923430 34.080235 -18.844376 -43.201416 
523242130923221 34.782772 -21.269409 -42.594784 
523242150923117 34.980648 -19.249298 -43.517914 
523242170923846 33.465534 -19.002502 -43.503094 
523242190922961 34.162045 -21.422424 -43.818962 
523242210922544 32.510441 -20.605988 -43.648685 
523242230921919 32.901096 -23.326416 -43.039234 
523242250922232 33.516468 -23.022095 -43.198746 
523242270923585 33.226040 -23.042175 -41.043301 
523242290923429 33.318249 -25.335495 -41.199486 
523242311118690 34.070438 -25.747879 -40.899513 
523242330970356 34.230396 -25.603607 -40.285923 
523242350970877 34.306820 -28.910950 -38.905025 
523242370923118 34.753178 -29.183533 -39.370804 
523242390924055 34.108944 -30.931107 -37.981892 
523242410923429 33.478802 -31.809982 -37.822624 
523242430923690 33.752789 -32.950180 -37.979794 
523242450924158 36.329617 -33.605515 -36.928833 
523242470926659 33.737995 -34.405396 -34.597893 
523242490927023 35.464390 -32.790207 -32.922153 
523242510923117 33.880856 -34.686890 -34.906982 
523242530923169 34.936863 -35.237381 -34.148762 
523242550923064 32.457584 -37.026718 -33.972214 
523242570923481 34.125286 -37.416504 -33.373562 
523242590923117 31.424381 -35.908524 -33.500195 
523242610923274 32.998150 -40.034653 -32.595604 
523242630923690 30.437412 -38.952682 -32.877632 
523242650937336 28.833729 -42.153275 -32.864250 
523242671061450 28.811245 -43.308365 -31.788483 
523242691061450 27.743145 -43.187958 -32.700634 
523242710957649 27.743145 -43.187958 -32.700634 
523242730924367 27.256863 -44.789536 -31.005634 
523242750923168 28.765942 -45.471512 -30.251884 
523242770923377 28.202229 -43.764877 -30.091534 
523242790923326 27.576801 -44.060669 -31.469524 
523242810923118 26.479176 -45.529694 -30.691082 
523242830923325 26.643177 -44.948502 -31.153564 
523242850923533 27.240429 -45.509445 -30.698433 
523242870923794 26.894978 -47.831177 -27.928951 
523242890923430 26.123028 -47.108429 -32.380054 
523242910923742 26.481846 -45.825531 -29.153702 
523242930923117 26.723965 -47.966034 -30.233791 
523242951130096 24.400303 -49.460617 -30.673592 
523242970922856 26.765545 -46.827179 -28.388313 
523242990924002 25.221577 -47.583313 -28.835163 
523243010923429 25.825207 -47.856094 -28.533665 
523243031003012 25.190052 -48.730713 -29.143143 
523243051002336 25.358402 -47.859695 -30.066753 
523243070919471 26.583447 -47.833267 -29.002262 
523243090922909 25.646793 -48.718567 -29.147552 
523243110923482 25.971752 -47.993973 -28.842693 
523243130923273 26.594517 -47.402359 -29.002083 
523243150922856 24.305737 -47.458847 -29.748783 
523243170923116 25.173603 -49.450623 -28.835945 
523243190923273 24.906002 -48.022324 -28.832405 
523243210923377 25.988201 -47.274063 -29.149895 
523243230924263 25.662891 -48.291931 -28.378624 
523243250924524 23.995190 -47.902130 -28.977272 
523243270922596 24.794353 -46.006027 -30.521343 
523243290922544 24.773899 -46.722519 -30.829144 
523243310923325 24.778927 -46.726791 -30.060394 
523243330923325 25.194088 -48.293823 -30.219212 
523243350923898 26.135746 -47.412811 -29.305176 
523243370917440 25.827213 -47.857819 -28.226162 
523243390946138 26.555599 -48.837051 -29.310184 
523243410946138 25.826229 -47.416641 -30.070984 
523243430922491 27.492252 -47.951767 -29.164894 
523243450922596 25.988201 -47.274063 -29.149895 
523243470925096 28.275982 -46.776428 -30.248013 
523243490924992 25.192059 -48.732422 -28.835644 
523243510924523 26.163593 -46.409027 -28.997253 
523243530924210 25.831249 -47.420914 -29.302235 
523243550924784 27.332630 -47.802765 -30.854614 
523243570924940 26.901363 -47.102707 -29.773651 
523243590923325 26.725971 -47.967743 -29.926292 
523243610923481 26.569027 -48.114578 -30.078636 
523243630922856 24.501575 -46.317642 -27.597275 
523243650922543 25.094845 -45.994507 -31.139286 
523243670923065 24.481800 -46.887924 -28.366264 
523243690923377 25.821201 -47.412369 -30.839733 
523243710923897 25.203472 -48.008240 -29.911594 
523243730917387 26.430531 -47.543228 -30.230671 
523243750923690 25.810131 -47.843277 -30.839916 
523243770923117 26.899357 -47.100998 -30.081154 
523243790924628 25.807781 -48.134842 -30.071285 
523243810923377 26.121662 -47.841156 -29.766602 
523243830924836 24.928486 -46.867233 -29.908173 
523243850923221 24.915066 -47.589706 -29.139725 
523243870925044 25.793690 -48.563187 -30.532711 
523243890924419 24.754429 -47.880173 -29.292126 
523243910923898 23.528393 -47.905731 -30.510361 
523243930924210 25.221920 -47.290039 -29.911293 
523243951130513 24.436855 -48.317490 -29.596863 
523243970922961 24.425785 -48.748398 -29.597046 
523243990923220 23.685009 -47.611847 -30.972961 
523244010923324 25.976139 -47.263809 -30.994892 
523244030923169 22.785587 -47.207779 -30.502712 
523244050923585 24.749409 -47.875900 -30.060875 
523244070923429 25.092815 -46.433105 -29.755711 
