# Created at Thu Nov 07 18:39:54 EST 2019 in Burnaby Canada 
523154320185098 1013.354980 
523154360184160 1013.374023 
523154400184524 1013.378906 
523154440184109 1013.377197 
523154480184160 1013.357422 
523154520184108 1013.389160 
523154560184264 1013.366699 
523154600184681 1013.360596 
523154640184160 1013.384521 
523154680184317 1013.369385 
523154720184264 1013.356201 
523154760184160 1013.350830 
523154800184265 1013.397461 
523154840184213 1013.370850 
523154880184265 1013.415527 
523154920184004 1013.368408 
523154960184212 1013.390869 
523155000184108 1013.324219 
523155040184108 1013.404297 
523155080184160 1013.337646 
523155120184472 1013.413574 
523155160184160 1013.313721 
523155200186504 1013.412354 
523155240184681 1013.307129 
523155280184108 1013.403809 
523155320184160 1013.311768 
523155360184368 1013.413086 
523155400184368 1013.322998 
523155440185045 1013.397949 
523155480186087 1013.294189 
523155520186452 1013.331055 
523155560185150 1013.281006 
523155600186243 1013.333252 
523155640185670 1013.147705 
523155680185618 1013.286621 
523155720185878 1013.318604 
523155760186087 1013.255371 
523155800186139 1013.335938 
523155840186451 1013.367676 
523155880185879 1013.291992 
523155920185930 1013.305908 
523155960185982 1013.328613 
523156000186087 1013.316895 
523156040185827 1013.315186 
523156080185722 1013.333496 
523156120185931 1013.329590 
523156160185618 1013.334961 
523156200186034 1013.359863 
523156240186972 1013.359863 
523156280185879 1013.336182 
523156320184576 1013.338135 
523156360186138 1013.366699 
523156400184263 1013.375488 
523156440185410 1013.484619 
523156480186087 1013.225830 
523156520185879 1013.177979 
523156560185930 1013.209717 
523156600185879 1013.238770 
523156640184785 1013.292236 
523156680186868 1013.383545 
523156720185774 1013.405518 
523156760185201 1013.362305 
523156800184212 1013.392822 
523156840184472 1013.498047 
523156880184420 1013.398926 
523156920184993 1013.638672 
523156960184733 1013.749512 
523157000185096 1013.591797 
523157040186347 1013.368408 
523157080186451 1013.209229 
523157120187441 1013.011475 
523157160184889 1013.114502 
523157200184680 1013.184326 
523157240184888 1013.251953 
523157280185097 1013.288818 
523157320185149 1013.308838 
523157360185930 1013.322998 
523157400185200 1013.340820 
523157440184628 1013.395508 
523157480186555 1013.363037 
523157520185045 1013.451904 
523157560186138 1013.364746 
523157600184888 1013.265625 
523157640186503 1013.268311 
523157680184784 1013.269531 
523157720184628 1013.333496 
523157760186399 1013.288086 
523157800184367 1013.343994 
523157840184368 1013.369141 
523157880184680 1013.326660 
523157920185097 1013.323975 
523157960185565 1013.342773 
523158000184472 1013.283447 
523158040184888 1013.262451 
523158080186919 1013.313721 
523158120184679 1013.302734 
523158160184523 1013.279785 
523158200184576 1013.302002 
523158240184836 1013.265869 
523158280185045 1013.283936 
523158320184628 1013.250000 
523158360184836 1013.251709 
523158400184575 1013.229492 
523158440184992 1013.295654 
523158480184471 1013.221191 
523158520184367 1013.308838 
523158560184784 1013.284424 
523158600186085 1013.268066 
523158640184523 1013.307861 
523158680184158 1013.285889 
523158720184159 1013.266357 
523158760184680 1013.305908 
523158800185304 1013.286621 
523158840184315 1013.291016 
523158880184576 1013.293213 
523158920184315 1013.289063 
523158960184940 1013.293701 
523159000184315 1013.288574 
523159040184940 1013.276367 
523159080187648 1013.291748 
523159120186034 1013.319580 
523159160186085 1013.254150 
523159200184211 1013.290527 
523159240184107 1013.263184 
523159280184523 1013.271973 
523159320184627 1013.279053 
523159360184939 1013.307617 
523159400184732 1013.236084 
523159440184783 1013.275879 
523159480188794 1013.335938 
523159520185982 1013.255615 
523159560184888 1013.298096 
523159600184575 1013.357666 
523159640184836 1013.248535 
523159680184783 1013.234375 
