# Created at Thu Nov 07 18:39:54 EST 2019 in Burnaby Canada 
523238637174785 -0.302227 -0.085029 0.873640 0.371729 
523238657742858 -0.302184 -0.085005 0.873616 0.371826 
523238678309734 -0.302196 -0.085017 0.873623 0.371795 
523238698877755 -0.302217 -0.085062 0.873639 0.371732 
523238719445774 -0.302201 -0.085049 0.873630 0.371769 
523238740013795 -0.302220 -0.085010 0.873635 0.371751 
523238760581868 -0.302296 -0.084952 0.873665 0.371631 
523238781149941 -0.302302 -0.084910 0.873663 0.371640 
523238801717858 -0.302191 -0.084799 0.873596 0.371913 
523238822285879 -0.302135 -0.084805 0.873569 0.372021 
523238842853900 -0.302108 -0.084723 0.873547 0.372114 
523238863421868 -0.302094 -0.084678 0.873535 0.372164 
523238883989889 -0.302096 -0.084666 0.873535 0.372166 
523238904558015 -0.302084 -0.084679 0.873530 0.372183 
523238925126088 -0.302049 -0.084713 0.873517 0.372234 
523238945694160 -0.302000 -0.084671 0.873488 0.372352 
523238966262181 -0.301920 -0.084641 0.873445 0.372523 
523238986830202 -0.301836 -0.084561 0.873394 0.372729 
523239007398274 -0.301753 -0.084591 0.873357 0.372878 
523239027966348 -0.301709 -0.084603 0.873336 0.372958 
523239048534369 -0.301691 -0.084563 0.873323 0.373013 
523239069102389 -0.301680 -0.084516 0.873312 0.373057 
523239089670410 -0.301662 -0.084474 0.873298 0.373114 
523239110238483 -0.301623 -0.084520 0.873285 0.373168 
523239130806504 -0.301628 -0.084615 0.873298 0.373111 
523239151374524 -0.301632 -0.084669 0.873306 0.373077 
523239171942545 -0.301614 -0.084602 0.873289 0.373145 
523239192510514 -0.301529 -0.084482 0.873234 0.373371 
523239213078587 -0.301551 -0.084443 0.873240 0.373346 
523239233646608 -0.301591 -0.084460 0.873262 0.373259 
523239254214629 -0.301555 -0.084466 0.873245 0.373327 
523239274782546 -0.301551 -0.084386 0.873234 0.373374 
523239295350618 -0.301552 -0.084290 0.873223 0.373420 
523239315918639 -0.301572 -0.084257 0.873229 0.373398 
523239336486660 -0.301555 -0.084253 0.873220 0.373433 
523239357054837 -0.301544 -0.084211 0.873210 0.373475 
523239377622858 -0.301511 -0.084231 0.873196 0.373529 
523239398190879 -0.301514 -0.084213 0.873196 0.373533 
523239418758900 -0.301506 -0.084193 0.873189 0.373559 
523239439327129 -0.301500 -0.084114 0.873177 0.373610 
523239459895150 -0.301446 -0.084075 0.873146 0.373735 
523239480463118 -0.301428 -0.084000 0.873129 0.373806 
523239501031191 -0.301497 -0.083876 0.873148 0.373733 
523239521599056 -0.301518 -0.083827 0.873153 0.373717 
523239542169369 -0.301443 -0.083699 0.873101 0.373926 
523239562737442 -0.301312 -0.083539 0.873018 0.374263 
523239583303691 -0.301001 -0.083581 0.872869 0.374850 
523239603871712 -0.300547 -0.083611 0.872648 0.375722 
523239624439160 -0.300079 -0.083435 0.872395 0.376720 
523239645007181 -0.299810 -0.083329 0.872250 0.377294 
523239665575619 -0.299547 -0.083136 0.872096 0.377899 
523239686143692 -0.299225 -0.082949 0.871914 0.378615 
523239706711556 -0.299020 -0.082723 0.871786 0.379122 
523239727279576 -0.298914 -0.082520 0.871709 0.379427 
523239747847806 -0.298896 -0.082406 0.871686 0.379519 
523239768415827 -0.299294 -0.082224 0.871491 0.379692 
523239788984889 -0.299649 -0.082125 0.871325 0.379815 
523239809552910 -0.299728 -0.082151 0.871327 0.379741 
523239830122077 -0.299675 -0.082201 0.871408 0.379587 
523239850690150 -0.299911 -0.082083 0.871432 0.379370 
523239871257858 -0.300056 -0.081434 0.871838 0.378461 
523239891825930 -0.299977 -0.080675 0.871719 0.378961 
523239912394733 -0.299751 -0.080762 0.871677 0.379218 
523239932962806 -0.300716 -0.078747 0.870720 0.381072 
523239953529056 -0.300987 -0.078136 0.870663 0.381113 
523239974097129 -0.300476 -0.079230 0.870242 0.382250 
523239994664628 -0.299708 -0.080979 0.870930 0.380918 
523240015232701 -0.297731 -0.082738 0.871398 0.381021 
523240035802233 -0.297119 -0.083585 0.871881 0.380207 
523240056370305 -0.297520 -0.082982 0.871863 0.380067 
523240076939837 -0.297521 -0.083145 0.871776 0.380230 
523240097507910 -0.296959 -0.084180 0.871787 0.380415 
523240118074160 -0.296391 -0.085417 0.871918 0.380284 
523240138642181 -0.296135 -0.085950 0.871851 0.380517 
523240159210671 -0.296105 -0.085786 0.871833 0.380619 
523240179778692 -0.295958 -0.084897 0.871669 0.381307 
523240200346816 -0.295742 -0.084723 0.871534 0.381820 
523240220914889 -0.295788 -0.085026 0.871360 0.382116 
523240241482284 -0.295821 -0.085580 0.871230 0.382262 
523240262050409 -0.295143 -0.086200 0.871383 0.382298 
523240282618430 -0.295031 -0.086330 0.871819 0.381361 
523240303186660 -0.295256 -0.085901 0.871845 0.381224 
523240323754733 -0.294926 -0.085872 0.872064 0.380986 
523240344322806 -0.294282 -0.087373 0.872124 0.381002 
523240364890827 -0.293467 -0.089585 0.871923 0.381580 
523240385458952 -0.292239 -0.093392 0.871668 0.382189 
523240406027025 -0.291326 -0.096604 0.871327 0.382866 
523240426595253 -0.290119 -0.097982 0.871140 0.383857 
523240447163326 -0.289035 -0.097827 0.870920 0.385210 
523240467730670 -0.289114 -0.098503 0.870513 0.385897 
523240488298743 -0.289402 -0.099547 0.869997 0.386578 
523240508867389 -0.289969 -0.098567 0.870344 0.385622 
523240529435462 -0.290807 -0.094987 0.871526 0.383210 
523240550003222 -0.291613 -0.092542 0.873120 0.379550 
523240570571295 -0.292355 -0.091545 0.876275 0.371874 
523240591139785 -0.293094 -0.089226 0.880067 0.362791 
523240611707858 -0.295305 -0.084925 0.882643 0.355701 
523240632275566 -0.297318 -0.082786 0.885251 0.347964 
523240652843639 -0.298211 -0.081160 0.888335 0.339623 
523240673410201 -0.298035 -0.078688 0.890485 0.334693 
523240693978274 -0.298338 -0.073945 0.893271 0.328015 
523240714548535 -0.301149 -0.068309 0.895011 0.321866 
523240735116608 -0.306266 -0.064124 0.895559 0.316328 
523240755682232 -0.312628 -0.063009 0.895284 0.311064 
523240776250305 -0.319823 -0.062952 0.893174 0.309823 
523240796819368 -0.329441 -0.064465 0.890183 0.308036 
523240817387441 -0.349820 -0.066528 0.885045 0.299824 
523240837954733 -0.358239 -0.067884 0.884654 0.290592 
523240858522805 -0.360033 -0.064716 0.886687 0.282798 
523240879092389 -0.360315 -0.057832 0.888616 0.277832 
523240899660462 -0.359712 -0.051497 0.890158 0.274909 
523240920229524 -0.361690 -0.046868 0.889678 0.274694 
523240940797597 -0.368113 -0.041503 0.887891 0.272798 
523240961364576 -0.373923 -0.034847 0.886989 0.268735 
523240981931868 -0.376002 -0.026195 0.888040 0.263290 
523241002499941 -0.376144 -0.018536 0.889476 0.258852 
523241023068118 -0.379678 -0.011367 0.889087 0.255419 
523241043636191 -0.380231 -0.007923 0.890293 0.250481 
523241064204733 -0.381214 -0.006815 0.891970 0.242936 
523241084772806 -0.380758 -0.005322 0.894874 0.232798 
523241105340878 -0.380338 -0.002787 0.898360 0.219737 
523241125908950 -0.380881 -0.000841 0.901630 0.204919 
523241146475774 -0.378557 -0.002989 0.905755 0.190509 
523241167043847 -0.377668 -0.010177 0.908598 0.178083 
523241187612180 -0.385472 -0.020643 0.906534 0.170826 
523241208180253 -0.394677 -0.029836 0.902904 0.167642 
523241228748117 -0.396641 -0.030653 0.900797 0.174070 
523241249316190 -0.394454 -0.032948 0.900524 0.179937 
523241269885253 -0.395797 -0.035973 0.898167 0.188009 
523241290453326 -0.397996 -0.038152 0.895312 0.196367 
523241311020878 -0.400162 -0.039851 0.893052 0.201844 
523241331588951 -0.399905 -0.039897 0.892456 0.204954 
523241352157545 -0.398852 -0.038716 0.892731 0.206034 
523241372725618 -0.398548 -0.036975 0.893415 0.203964 
523241393294837 -0.398762 -0.035431 0.894063 0.200958 
523241413862962 -0.398589 -0.034528 0.895000 0.197258 
523241434431347 -0.395724 -0.036259 0.897335 0.192037 
523241454999472 -0.388269 -0.039961 0.901909 0.184960 
523241475567598 -0.380209 -0.041763 0.906473 0.178895 
523241496135670 -0.369571 -0.040226 0.911793 0.174451 
523241516702283 -0.357250 -0.035883 0.917563 0.170771 
523241537270356 -0.347439 -0.032207 0.921700 0.169466 
523241557838326 -0.336533 -0.028829 0.925280 0.172546 
523241578406399 -0.321913 -0.024287 0.929377 0.178997 
523241598974576 -0.308416 -0.018624 0.932185 0.188582 
523241619542649 -0.296985 -0.012107 0.933247 0.201753 
523241640110565 -0.282355 -0.005857 0.934095 0.218423 
523241660678638 -0.266565 0.000543 0.934369 0.236426 
523241681246815 -0.255431 0.007562 0.933250 0.252473 
523241701815044 -0.245762 0.014889 0.932229 0.265197 
523241722383169 -0.231131 0.022215 0.931987 0.278362 
523241742951243 -0.214658 0.030471 0.930726 0.294521 
523241763519368 -0.202790 0.037114 0.927619 0.311482 
523241784087649 -0.196337 0.041158 0.923159 0.327925 
523241804655774 -0.188851 0.045898 0.918151 0.345293 
523241825224992 -0.177154 0.051780 0.912047 0.366203 
523241845793065 -0.157612 0.057635 0.904635 0.391756 
523241866359628 -0.139244 0.068943 0.895440 0.417188 
523241886927753 -0.129239 0.091113 0.885268 0.437374 
523241907497284 -0.117934 0.114768 0.875312 0.454697 
523241928065409 -0.102120 0.129543 0.864982 0.473915 
523241948631868 -0.090659 0.136397 0.854127 0.493603 
523241969199941 -0.086020 0.136666 0.843803 0.511780 
523241989769784 -0.087830 0.134459 0.834155 0.527629 
523242010337909 -0.089341 0.133179 0.824808 0.542193 
523242030904680 -0.084326 0.134995 0.814708 0.557599 
523242051472753 -0.070818 0.140867 0.803256 0.574388 
523242072040826 -0.060919 0.149231 0.792588 0.588068 
523242092608951 -0.055276 0.157061 0.786660 0.594511 
523242113177128 -0.053434 0.161284 0.785554 0.595010 
523242133745200 -0.049039 0.162589 0.786236 0.594132 
523242154312648 -0.038516 0.166483 0.784801 0.595724 
523242174880773 -0.023419 0.176605 0.780417 0.599342 
523242195448273 -0.009499 0.190548 0.776734 0.600238 
523242216016398 -0.001692 0.204394 0.775784 0.596975 
523242236585668 0.002467 0.215336 0.776124 0.592668 
523242257153741 0.007282 0.223139 0.775695 0.590299 
523242277722179 0.010602 0.233715 0.773951 0.588443 
523242298290304 0.012451 0.250297 0.770664 0.585895 
523242318858013 0.022044 0.267773 0.767056 0.582613 
523242339426138 0.039016 0.283801 0.763014 0.579434 
523242359994627 0.052765 0.299431 0.757805 0.577311 
523242380562752 0.060695 0.311513 0.752950 0.576491 
523242401131189 0.065969 0.317785 0.749562 0.576903 
523242421702075 0.067095 0.323656 0.747670 0.575965 
523242442270200 0.065723 0.332444 0.747276 0.571612 
523242462835304 0.067375 0.343431 0.746334 0.566128 
523242483403429 0.075399 0.352817 0.743104 0.563588 
523242503971137 0.086713 0.359855 0.738006 0.564209 
523242524539262 0.098529 0.366903 0.733447 0.563675 
523242545107440 0.111765 0.373550 0.730124 0.561149 
523242565675565 0.126285 0.379490 0.727656 0.557275 
523242586244054 0.143121 0.384102 0.725088 0.553380 
523242606812179 0.161642 0.388104 0.722464 0.548902 
523242627380200 0.180822 0.392267 0.719732 0.543521 
523242647948325 0.200384 0.395853 0.716089 0.538854 
523242668516971 0.216345 0.398556 0.712129 0.535929 
523242689085096 0.225714 0.401321 0.709524 0.533451 
523242709652595 0.229053 0.404111 0.707942 0.532021 
523242730220720 0.230487 0.405164 0.707362 0.531372 
523242750788638 0.233516 0.404667 0.707021 0.530883 
523242771356763 0.239158 0.404653 0.706143 0.529549 
523242791925043 0.244432 0.407193 0.704055 0.527971 
523242812493168 0.248835 0.411103 0.701257 0.526607 
523242833061347 0.254681 0.411805 0.698841 0.526475 
523242853629472 0.262040 0.409542 0.697366 0.526584 
523242874197649 0.266468 0.408512 0.697242 0.525325 
523242894765774 0.266950 0.410294 0.696344 0.524882 
523242915333794 0.263137 0.415091 0.695649 0.523956 
523242935901919 0.259289 0.418167 0.696324 0.522531 
523242956470461 0.257694 0.418154 0.697233 0.522118 
523242977038586 0.258655 0.416930 0.697170 0.522706 
523242997605826 0.262285 0.416295 0.696053 0.522892 
523243018174003 0.267585 0.416277 0.694038 0.522899 
523243038742284 0.272727 0.416799 0.691194 0.523592 
523243059310409 0.277839 0.417313 0.687653 0.525156 
523243079878742 0.284099 0.416670 0.683699 0.527476 
523243100446919 0.290308 0.415147 0.680182 0.529836 
523243121014627 0.293938 0.414391 0.678210 0.530954 
523243141583429 0.294655 0.414439 0.677522 0.531396 
523243162151606 0.293762 0.413879 0.677024 0.532959 
523243182720878 0.291931 0.412566 0.676818 0.535241 
523243203289003 0.289554 0.410708 0.677261 0.537397 
523243223855461 0.287036 0.408873 0.678193 0.538969 
523243244423586 0.284402 0.408343 0.679270 0.539411 
523243264992179 0.282690 0.408605 0.679856 0.539373 
523243285560356 0.282298 0.408678 0.679927 0.539435 
523243306128950 0.282451 0.408717 0.678968 0.540531 
523243326697075 0.282937 0.408614 0.676882 0.542966 
523243347264367 0.283125 0.408101 0.675486 0.544989 
523243367832492 0.282608 0.407269 0.675681 0.545638 
523243388400460 0.281388 0.406623 0.676553 0.545669 
523243408968585 0.280326 0.405754 0.676818 0.546533 
523243429539158 0.279821 0.404649 0.676298 0.548253 
523243450107283 0.279987 0.403078 0.675661 0.550107 
523243470674887 0.280438 0.401532 0.674985 0.551834 
523243491243064 0.279371 0.400464 0.675128 0.552977 
523243511811190 0.277434 0.400330 0.676422 0.552468 
523243532379367 0.277226 0.399895 0.676309 0.553024 
523243552946137 0.278768 0.398849 0.674929 0.554689 
523243573514315 0.280129 0.398160 0.674017 0.555605 
523243594082127 0.280095 0.398270 0.674658 0.554765 
523243614650252 0.279044 0.399003 0.676079 0.553036 
523243635218690 0.278782 0.399437 0.676687 0.552110 
523243655786867 0.281052 0.398798 0.674789 0.553742 
523243676355356 0.283220 0.398085 0.673062 0.555250 
523243696923533 0.283672 0.397713 0.672810 0.555590 
523243717491294 0.282889 0.397640 0.673994 0.554607 
523243738059471 0.282844 0.397204 0.674718 0.554061 
523243758627596 0.284181 0.396239 0.674256 0.554630 
523243779195773 0.286809 0.394606 0.672789 0.556221 
523243799764106 0.288851 0.393074 0.671748 0.557506 
523243820332283 0.289895 0.391771 0.671453 0.558236 
523243840901554 0.289533 0.391176 0.672357 0.557753 
523243861469627 0.288298 0.391130 0.674188 0.556213 
523243882037804 0.288473 0.390475 0.674723 0.555933 
523243902605096 0.289523 0.389534 0.674766 0.555996 
523243923173273 0.289895 0.390244 0.675613 0.554272 
523243943741449 0.292891 0.390059 0.673881 0.554936 
523243964309574 0.295943 0.388649 0.671935 0.556662 
523243984877491 0.295946 0.386690 0.672157 0.557756 
523244005445669 0.293105 0.386208 0.673754 0.557663 
523244026013742 0.289675 0.387949 0.675719 0.555866 
523244046581919 0.289078 0.390172 0.675976 0.554306 
