# Created at Thu Nov 07 19:54:56 EST 2019 in Burnaby Canada 
527741050916476 -16.763340 145.636658 -17.269501 
527741070915799 -16.810291 144.208801 -18.807600 
527741090916008 -17.698996 144.310196 -15.569970 
527741110920851 -13.917930 142.671524 -12.686190 
527741130915591 -16.796955 142.289337 -9.429630 
527741150915122 -15.463620 140.449051 -7.752390 
527741170915486 -14.058167 141.336227 -5.766510 
527741190916164 -12.409935 139.788773 -3.630840 
527741210915591 -12.241920 140.366516 -3.478320 
527741230915643 -10.335106 138.279099 -6.112080 
527741250915539 -11.086966 138.544434 -5.797110 
527741270918039 -11.820705 139.674988 -6.096780 
527741290920174 -11.820705 139.674988 -6.096780 
527741310920435 -13.379761 138.491379 -7.158810 
527741330915279 -13.383767 138.935104 -9.464881 
527741350915955 -9.615061 138.334412 -12.423180 
527741370915279 -11.119771 139.306244 -13.638061 
527741390916372 -11.715016 139.865448 -13.785690 
527741410915226 -12.179820 139.419830 -13.320210 
527741430915330 -9.552675 140.483017 -11.346029 
527741445622986 -10.639215 139.885254 -12.258480 
527741450921840 -10.639215 139.885254 -12.258480 
527741470915122 -7.740405 140.837723 -14.746050 
527741490915538 -8.822596 140.089462 -14.428560 
527741510921529 -9.234751 141.213608 -12.117419 
527741530915383 -5.929185 139.872284 -13.226610 
527741550915800 -8.376930 139.230362 -12.742080 
527741570918143 -5.191410 139.178604 -14.003010 
527741590914966 -5.910735 140.590485 -13.226310 
527741610915383 -6.417795 138.859802 -14.145121 
527741630915226 -6.344340 141.439331 -13.067790 
527741650915486 -6.228660 139.859909 -12.454920 
527741670915590 -7.935615 138.521744 -12.285541 
527741690918559 -6.430920 137.109619 -9.379590 
527741710916112 -8.230741 138.358887 -10.283911 
527741730915330 -7.900080 139.225403 -9.671490 
527741750915487 -8.382316 138.501038 -10.743630 
527741770915174 -7.609665 138.805161 -10.135859 
527741790916163 -9.570136 139.323654 -9.501511 
527741810916737 -9.100650 139.471756 -8.122110 
527741830915903 -9.110700 139.480301 -9.659610 
527741850917466 -9.846466 140.172272 -8.575710 
527741870918456 -11.501415 141.138306 -9.481621 
527741890915695 -12.286140 140.404129 -10.243320 
527741910916788 -13.141259 142.972229 -11.463420 
527741930916580 -12.309271 139.983490 -12.088500 
527741945358663 -12.602701 140.406296 -12.085380 
527741951123819 -12.602701 140.406296 -12.085380 
527741970915486 -12.589275 141.128769 -12.853830 
527741990917205 -13.674826 140.089828 -11.921460 
527742010916840 -13.977960 140.814468 -14.531970 
527742031295383 -14.581605 140.646927 -13.142400 
527742050916371 -13.340792 141.687363 -13.614990 
527742070917778 -13.781446 142.101852 -12.841651 
527742090917570 -13.352536 141.110229 -13.153980 
527742110917153 -15.443460 142.193268 -11.441670 
527742130916788 -13.936380 141.953323 -12.686490 
527742150915643 -13.357561 141.114502 -13.922729 
527742170915799 -14.579596 140.645218 -12.834901 
527742190925486 -14.411236 141.516235 -13.758511 
527742210922517 -14.378700 142.662781 -13.296781 
527742230917466 -14.830756 142.793411 -13.138560 
527742250917153 -13.947450 141.522415 -12.686670 
527742270916737 -15.013201 141.494064 -12.676380 
527742290916216 -15.783496 141.481506 -14.052780 
527742310925747 -14.343825 143.660583 -11.912610 
527742330920174 -16.745264 145.180954 -12.810930 
527742350929965 -15.552751 144.501129 -13.899240 
527742370930278 -16.137299 144.317352 -9.588420 
527742391247205 -16.428030 145.324982 -11.430060 
527742411023663 -16.709730 145.884613 -10.196880 
527742430917362 -15.371685 144.627426 -10.056900 
527742445433768 -15.971955 145.190933 -10.973281 
527742450922414 -15.971955 145.190933 -10.973281 
527742470917205 -16.434422 144.596512 -9.585361 
527742490918298 -16.246935 146.331940 -10.969860 
527742510917465 -15.987390 144.470169 -10.512330 
527742530918351 -14.487346 144.236206 -12.833401 
527742550916423 -16.313356 143.746429 -10.970941 
527742570917101 -15.388455 144.054581 -10.364640 
527742590918508 -15.674161 145.057968 -11.437531 
527742610917621 -16.436069 145.331818 -12.660060 
527742630918142 -17.083652 143.733887 -12.347340 
527742650917517 -16.147348 144.325897 -11.125920 
527742670917257 -17.503500 145.158142 -12.342330 
527742690917673 -14.629875 144.370697 -11.909370 
527742710917310 -16.896839 145.323090 -13.270651 
527742730927935 -15.223110 144.928177 -11.749500 
527742751208559 -17.058167 144.446091 -11.270790 
527742770966267 -16.922026 143.583176 -10.350121 
527742790916840 -17.220137 144.303543 -12.191880 
527742810916840 -15.711061 143.621582 -11.438130 
527742830916996 -13.270366 143.829132 -11.307839 
527742850917621 -14.017172 144.970825 -13.606260 
527742870916840 -16.002810 144.189728 -11.742451 
527742890922777 -16.147005 144.619156 -12.202050 
527742910918715 -16.289507 145.634262 -14.660160 
527742930917205 -15.529276 145.215057 -13.130190 
527742951124861 -16.915289 144.604889 -13.270950 
527742970916632 -14.569500 146.520996 -11.139720 
527742990916580 -16.887135 145.021271 -10.657021 
527743010919549 -16.894829 145.321381 -12.963150 
527743030927256 -16.753664 144.454193 -11.273729 
527743050919808 -16.018246 143.468948 -11.281500 
527743070917569 -17.965607 145.297302 -13.721610 
527743090918090 -17.914259 147.895660 -16.026781 
527743111151736 -20.008846 149.715683 -17.696671 
527743130963923 -22.087337 151.962341 -18.597630 
527743150918247 -23.171535 151.215805 -18.587641 
527743170916737 -23.752695 152.203369 -18.273842 
527743190915486 -22.221151 152.236176 -16.904791 
527743210915850 -22.833511 151.929276 -16.284031 
527743230915329 -22.313011 154.822784 -17.824739 
527743250915173 -23.263081 153.215027 -17.201580 
527743270916163 -21.223787 155.565063 -17.065981 
527743290916371 -22.799988 152.634644 -13.977481 
527743310917204 -21.444483 152.536865 -15.682020 
527743330918038 -22.798622 153.367386 -16.590929 
527743350917517 -23.097076 153.794479 -17.356560 
527743370917673 -20.401184 152.290756 -17.998680 
527743390917100 -21.640997 151.249466 -17.372339 
527743410917204 -19.962885 151.584702 -18.003389 
527743430917412 -21.015585 151.104919 -14.303281 
527743450952205 -20.769436 149.401306 -16.459440 
527743471101111 -20.570219 151.273544 -16.613880 
527743490968454 -20.399534 151.555450 -14.923980 
527743510963143 -19.848885 149.859955 -17.083080 
527743530915745 -20.153387 149.851852 -17.080141 
527743550915174 -19.251963 149.446075 -17.242889 
527743570920330 -19.833809 149.847122 -14.776831 
527743590927152 -18.621180 149.590530 -14.481211 
527743610915590 -18.621180 149.590530 -14.481211 
527743630916632 -20.877737 151.268005 -17.072191 
527743650915955 -21.793921 151.099213 -16.909681 
527743670916788 -22.061192 152.380432 -16.291201 
527743690917674 -21.282511 152.679428 -14.760930 
527743710960954 -21.728521 153.245255 -15.371280 
527743730918090 -21.415621 153.980118 -16.911421 
527743750917153 -21.723150 153.534241 -15.678660 
527743770917934 -21.726164 153.536819 -16.139912 
527743790917465 -22.059181 152.378723 -15.983700 
527743810928037 -21.435436 152.529175 -14.298270 
527743831056006 -20.533665 152.416656 -15.537150 
527743851055902 -21.410595 153.975845 -16.142672 
527743870961059 -23.108147 153.363571 -17.356739 
527743890916892 -21.438751 153.559448 -18.756599 
527743910916683 -21.702314 155.424637 -19.829130 
527743930916892 -22.913282 155.386261 -18.741119 
527743945523194 -21.683865 156.142838 -19.828831 
527743951124444 -21.683865 156.142838 -19.828831 
527743970917517 -24.420992 156.800980 -22.108320 
527743990917569 -24.410597 157.085709 -21.646950 
527744010917621 -23.189564 157.555847 -22.888531 
527744030916996 -22.244537 158.727570 -22.589371 
527744050917413 -23.707666 160.838242 -21.958769 
527744070916891 -23.433678 160.138397 -23.807011 
527744090917308 -23.073494 162.154037 -23.194111 
527744110917049 -22.190552 160.149429 -19.975021 
527744130917100 -22.290134 162.155472 -19.818960 
527744150916163 -25.149347 163.224228 -19.175550 
527744170930798 -24.979322 163.800278 -18.715530 
527744191018923 -24.485325 165.542084 -19.795471 
527744211018870 -24.374971 169.558014 -18.717541 
527744230916475 -26.658375 169.790543 -19.771622 
527744250915330 -25.775011 174.844177 -20.853121 
527744270915538 -28.616117 176.337860 -19.133280 
527744290923403 -27.647253 178.957092 -20.832270 
527744310916162 -27.888000 181.830338 -22.365631 
527744330929027 -27.668325 184.419052 -22.212271 
527744350915589 -28.208881 187.426987 -23.588881 
527744370916527 -27.696781 189.593735 -23.592390 
527744390916215 -27.591465 193.173630 -21.592140 
527744410922985 -27.542162 194.893021 -20.822670 
527744430915850 -27.311417 197.912674 -20.669130 
527744445404912 -26.652420 200.234787 -22.057800 
527744450915433 -26.652420 200.234787 -22.057800 
527744470915381 -25.078936 202.140060 -21.610470 
527744490914652 -24.135256 203.019348 -20.388929 
527744510915641 -24.739561 203.145935 -20.229240 
527744530915433 -23.966896 203.890381 -21.312542 
527744550983194 -24.713732 204.151413 -20.228821 
527744570983194 -23.087957 202.329498 -20.399519 
527744590915433 -23.037287 204.781647 -22.243500 
527744610916684 -22.622459 203.361664 -23.017262 
527744630916214 -22.610399 203.351410 -21.172260 
527744650917308 -23.094992 202.335495 -21.475771 
527744670916058 -22.006094 203.224823 -21.331951 
527744690916163 -20.991016 200.801025 -19.498260 
527744710917048 -22.355911 200.613251 -18.101339 
527744730916163 -20.446096 198.082947 -18.582781 
527744750916944 -19.589626 195.807281 -18.285061 
527744770916059 -19.761000 194.938843 -17.822701 
527744790916526 -19.056467 192.071747 -15.217500 
527744810916787 -19.834141 191.771927 -16.594019 
527744830916423 -19.012575 187.617828 -14.298330 
527744850915850 -18.214426 189.074478 -14.305080 
527744870924288 -17.359320 186.066101 -11.393910 
527744890916528 -21.215897 183.805954 -10.589311 
527744910916007 -19.995571 183.249268 -7.987560 
527744930916474 -21.383955 181.907242 -5.668620 
527744945386162 -20.533531 179.196396 -4.602330 
527744951123871 -20.533531 179.196396 -4.602330 
527744970917985 -20.706915 178.329651 -4.447470 
527744990916110 -22.077181 177.852875 -2.743170 
527745010916631 -22.380692 177.403595 -0.895410 
527745030915121 -23.907572 176.632919 1.271490 
527745050915433 -24.528316 176.039612 1.738380 
527745070915902 -27.143761 174.232529 4.376400 
527745090915485 -28.808132 174.032394 6.545010 
527745110916475 -27.713236 174.035950 10.993470 
527745130922777 -28.741802 173.975952 16.692511 
527745150916578 -29.339417 173.803268 19.004581 
527745170915953 -30.703323 173.174316 22.246321 
527745190915537 -28.431692 171.484024 27.143549 
527745210915120 -31.435427 173.129272 26.712421 
527745230916423 -31.897245 171.800415 31.021290 
527745250916371 -32.915073 172.318420 36.105572 
527745270916787 -32.897987 172.303894 38.719322 
527745290916579 -31.162531 174.351685 40.087738 
527745310918297 -27.561134 174.200089 33.133591 
527745330915953 -27.767326 174.095154 25.447500 
527745350919444 -25.637131 170.617065 16.045200 
527745370915902 -23.081686 171.447708 8.179260 
527745390917099 -18.824026 167.589417 -0.167550 
527745410916266 -16.532852 164.695053 -10.493580 
527745430916839 -11.060534 161.018768 -19.928341 
527745445640173 -7.846485 157.993973 -28.264502 
527745450916371 -7.846485 157.993973 -28.264502 
527745470919027 -0.652845 154.616196 -31.719061 
527745490917777 1.709400 153.129150 -36.816990 
527745510915849 6.509295 150.971619 -38.863739 
527745530915797 11.743501 148.992126 -44.912342 
527745550915693 16.288889 149.132416 -48.338940 
527745570915538 21.934921 150.739197 -52.082729 
527745590915902 27.721785 151.625839 -54.752041 
527745610915381 33.799393 151.945160 -57.270779 
527745630927881 36.907127 154.468033 -57.299160 
527745650929808 38.905849 155.678360 -58.855289 
527745670920329 39.532967 156.559814 -59.475811 
527745690917567 42.121216 156.628662 -59.500801 
527745710917256 41.934750 155.332718 -59.653622 
527745730917204 45.174961 157.729691 -62.143532 
527745750917307 45.994576 159.901978 -61.688732 
527745770915849 49.280373 162.994064 -60.027088 
527745790915797 55.814384 163.032257 -61.474113 
527745810922047 58.045845 166.820175 -60.878128 
527745830915954 63.667679 166.245850 -59.856571 
527745850916215 68.208725 171.100006 -59.282223 
527745870914807 71.762115 172.763779 -57.624119 
527745890915068 73.184662 173.636414 -53.024490 
527745910916162 77.659958 176.051239 -52.912415 
527745930915589 77.652573 175.763977 -52.912533 
527745951123349 78.391006 174.776169 -52.459053 
527745970915745 78.689461 174.349091 -51.693420 
527745990916058 75.306442 173.554626 -53.967632 
527746010915641 76.048248 173.297836 -55.820103 
527746030915901 73.779579 173.224258 -53.491802 
527746050916005 68.916313 174.114685 -56.058090 
527746070915745 65.511810 172.164230 -57.102779 
527746090915433 65.115402 168.858398 -58.177471 
527746110916475 62.493275 167.350586 -57.691833 
527746130916370 57.421726 165.495819 -58.105293 
527746150915745 54.273064 161.099640 -57.001438 
527746170918193 50.687084 156.968338 -54.048061 
527746190916006 50.687084 156.968338 -54.048061 
527746210923296 50.434532 152.939804 -53.587021 
527746230916370 51.150478 150.796890 -52.057770 
527746250915485 51.638069 151.369934 -49.601940 
527746270916422 53.115978 150.274124 -51.923374 
527746290915589 54.776264 148.716415 -47.942699 
527746310915641 54.310787 148.124573 -47.016029 
527746330915536 57.042213 147.324524 -45.044098 
527746350917516 56.897671 147.460693 -44.427570 
527746370916370 54.708138 145.104889 -44.254200 
527746390916109 54.397247 144.368332 -42.406559 
527746410915901 53.600777 143.057022 -42.707249 
527746430915485 52.839527 143.036774 -42.699898 
527746445541214 54.497147 141.774887 -40.256611 
527746450916318 54.497147 141.774887 -40.256611 
527746470917620 53.414955 141.026627 -39.939121 
527746490917047 53.108116 141.167313 -40.858620 
527746510916370 52.051426 141.571579 -41.155647 
527746530916422 51.737862 141.130859 -40.845390 
527746550915797 53.737907 141.752930 -39.941761 
527746570915849 52.329079 140.134720 -39.621689 
527746590916110 53.397167 140.014297 -38.709541 
527746610918662 53.831100 139.018417 -38.253120 
527746630915796 50.188515 139.645401 -39.293789 
527746650916890 50.650620 139.506226 -37.914513 
527746670917204 51.865261 139.247910 -37.311390 
527746690916631 51.111393 139.514954 -37.303921 
527746710926370 51.715694 139.388351 -37.463612 
527746731272516 50.148914 137.624191 -37.449631 
527746750920849 48.652245 138.589142 -37.434509 
527746770918296 49.891037 139.190994 -36.523529 
527746790915641 51.696224 138.230698 -35.926590 
527746810915849 48.113338 140.861801 -35.736420 
527746830916891 48.087509 139.856323 -35.736839 
527746850974808 49.769310 140.335205 -36.367832 
527746870918506 49.569077 138.023514 -34.676071 
527746890915329 47.625736 139.848434 -36.501179 
527746910915797 47.604256 138.692490 -35.271664 
527746930915797 46.395977 138.798584 -34.337341 
527746945117464 50.301464 136.600525 -33.454018 
527746951129807 50.301464 136.600525 -33.454018 
527746970916109 47.296398 138.393677 -34.653839 
527746990916109 48.236053 139.276382 -34.047302 
527747010915484 48.365162 138.419464 -34.202881 
527747030922151 47.500633 140.261627 -34.039532 
527747050915954 45.454308 137.917603 -35.251381 
527747070915745 47.159233 138.817123 -34.037193 
527747091201369 47.895000 138.125168 -35.121090 
527747110964182 47.633778 139.841599 -35.271183 
527747130915224 48.955379 137.864502 -34.824001 
527747150915796 47.619690 139.413254 -35.732609 
527747170915849 48.796429 137.719406 -35.283844 
527747190916318 47.111294 137.830444 -37.420113 
527747210915745 48.851776 139.874008 -35.282944 
527747230916369 48.814217 138.731735 -36.513420 
527747250915744 48.242443 140.004852 -35.892002 
527747270915745 49.423546 138.600861 -35.904362 
527747290915745 49.751518 139.322876 -35.138252 
527747310922568 48.985245 139.306900 -35.899651 
527747330916214 48.651226 138.149689 -35.897190 
527747350915485 48.231030 139.280655 -34.816051 
527747370915746 48.809853 138.441879 -36.052292 
527747390915537 49.134808 139.166473 -35.747429 
527747410915641 48.189106 137.848541 -35.585400 
527747430931317 48.844727 139.439667 -34.668121 
527747445387411 51.229740 137.639725 -35.153671 
527747451155328 51.229740 137.639725 -35.153671 
527747470962984 49.677372 136.156815 -34.063320 
527747490915692 48.392010 139.864426 -35.739780 
527747510915483 49.747482 138.885971 -34.062183 
527747530915901 48.646519 137.566574 -34.359932 
527747550917308 47.886963 138.132004 -36.351093 
527747570915329 48.625397 137.144211 -35.897610 
527747590916109 48.926880 137.154877 -36.361801 
527747610915901 49.576126 138.457855 -35.290894 
527747630915796 50.323292 138.049759 -35.759670 
527747650915381 49.104946 137.724075 -34.671780 
527747670916161 48.079456 139.422852 -35.275772 
527747690915328 48.050610 138.419922 -35.737438 
527747710915952 47.458710 138.829498 -34.808880 
527747730916161 46.836617 137.943771 -33.419609 
527747750915171 48.065029 138.701218 -34.661072 
