# Created at Thu Nov 07 19:54:56 EST 2019 in Burnaby Canada 
527741020895434 0.741842 -0.171096 0.646541 0.048802 
527741041463456 0.746871 -0.172439 0.639892 0.054649 
527741062032102 0.761762 -0.176118 0.620173 0.063920 
527741082600643 0.776552 -0.177136 0.600563 0.070099 
527741103169289 0.785467 -0.177666 0.588229 0.073916 
527741123737986 0.793857 -0.178557 0.576338 0.075790 
527741144306632 0.803438 -0.179492 0.562042 0.079870 
527741164875227 0.806291 -0.180235 0.556517 0.087740 
527741185443873 0.803087 -0.181074 0.559758 0.094527 
527741206012674 0.800935 -0.181343 0.562348 0.096858 
527741226581320 0.800527 -0.183138 0.562123 0.098152 
527741247149809 0.796021 -0.189712 0.566112 0.099381 
527741267718455 0.790453 -0.195406 0.572624 0.095404 
527741288287258 0.781511 -0.198774 0.584869 0.087513 
527741308855904 0.776335 -0.192427 0.593831 0.087412 
527741329424445 0.768487 -0.191310 0.604482 0.086196 
527741349993038 0.763296 -0.191231 0.610994 0.086580 
527741370561684 0.761306 -0.190958 0.613697 0.085576 
527741391130330 0.761812 -0.187405 0.614408 0.083812 
527741411698976 0.758412 -0.179152 0.621617 0.079419 
527741432267622 0.752047 -0.163646 0.634376 0.072200 
527741452836267 0.750873 -0.149423 0.639171 0.072962 
527741473404862 0.755990 -0.141027 0.633522 0.085093 
527741493973508 0.757631 -0.132281 0.631819 0.096448 
527741514542154 0.753659 -0.123897 0.637994 0.098031 
527741535110800 0.750065 -0.120478 0.643530 0.093580 
527741555679394 0.748170 -0.118882 0.646807 0.088031 
527741576248039 0.747371 -0.116844 0.648440 0.085494 
527741596816736 0.752841 -0.116761 0.642394 0.083231 
527741617385382 0.756911 -0.119642 0.637219 0.081998 
527741637954132 0.761443 -0.120271 0.631673 0.082026 
527741658522778 0.767967 -0.122815 0.623413 0.080619 
527741679091841 0.771003 -0.125965 0.619520 0.076695 
527741699660486 0.772417 -0.128457 0.617668 0.073189 
527741720228663 0.771834 -0.129113 0.618326 0.072630 
527741740797309 0.773007 -0.129229 0.616940 0.071729 
527741761367622 0.775194 -0.131072 0.614061 0.069454 
527741781936268 0.775935 -0.133089 0.613109 0.065641 
527741802504966 0.775474 -0.134796 0.613884 0.060131 
527741823073611 0.773021 -0.136499 0.617205 0.053520 
527741843641059 0.770028 -0.137776 0.621242 0.046194 
527741864209705 0.766396 -0.138409 0.626018 0.039759 
527741884779184 0.761119 -0.136852 0.632888 0.037703 
527741905347830 0.756057 -0.134084 0.639599 0.036237 
527741925915226 0.754249 -0.134715 0.641610 0.036003 
527741946483871 0.754862 -0.135860 0.640633 0.036267 
527741967054236 0.755060 -0.135480 0.640535 0.035276 
527741987622934 0.754872 -0.134803 0.640945 0.034445 
527742008191163 0.755109 -0.134731 0.640685 0.034361 
527742028759809 0.755079 -0.135030 0.640640 0.034684 
527742049329393 0.755019 -0.134977 0.640729 0.034545 
527742069897466 0.755067 -0.135234 0.640606 0.034778 
527742090466111 0.754845 -0.134987 0.640957 0.034100 
527742111033820 0.755378 -0.135311 0.640276 0.033793 
527742131602518 0.756463 -0.136985 0.638600 0.034482 
527742152171684 0.757713 -0.137146 0.637104 0.034045 
527742172740330 0.759263 -0.137928 0.635114 0.033554 
527742193309966 0.760085 -0.138748 0.633942 0.033738 
527742213878611 0.761209 -0.140480 0.632242 0.033103 
527742234446424 0.761469 -0.141997 0.631673 0.031480 
527742255015070 0.759702 -0.143592 0.633496 0.030283 
527742275584549 0.758796 -0.148993 0.633447 0.027827 
527742296153195 0.758577 -0.156152 0.632068 0.025833 
527742316721424 0.758215 -0.158996 0.631837 0.024761 
527742337290070 0.760484 -0.162334 0.628281 0.023975 
527742357859340 0.767349 -0.168837 0.618070 0.025656 
527742378428038 0.768978 -0.171807 0.615282 0.024125 
527742398996580 0.769274 -0.173582 0.614516 0.021385 
527742419565226 0.769357 -0.173101 0.614578 0.020478 
527742440134340 0.769251 -0.171937 0.615068 0.019513 
527742460702986 0.768855 -0.171367 0.615751 0.018609 
527742481271633 0.768788 -0.171334 0.615870 0.017723 
527742501840331 0.768522 -0.171335 0.616209 0.017437 
527742522408090 0.767880 -0.170245 0.617314 0.017337 
527742542976788 0.766760 -0.169312 0.618955 0.017523 
527742563545642 0.763569 -0.168052 0.623287 0.015300 
527742584114288 0.762135 -0.166240 0.625562 0.013657 
527742604683038 0.762755 -0.165860 0.624914 0.013308 
527742625251684 0.763620 -0.165878 0.623848 0.013535 
527742645820955 0.764519 -0.165491 0.622860 0.013002 
527742666389600 0.765743 -0.165787 0.621242 0.014558 
527742686957101 0.767306 -0.166533 0.619058 0.016601 
527742707525747 0.769087 -0.166298 0.616869 0.017958 
527742728096840 0.769362 -0.166694 0.616392 0.018866 
527742748665538 0.769954 -0.167216 0.615500 0.019221 
527742769231788 0.771959 -0.167868 0.612807 0.019178 
527742789800694 0.771495 -0.167161 0.613599 0.018666 
527742810369340 0.760357 -0.161969 0.628822 0.014343 
527742830937934 0.758984 -0.163585 0.630073 0.013857 
527742851506579 0.758776 -0.165688 0.629780 0.013585 
527742872075798 0.757834 -0.164948 0.631118 0.013070 
527742892644496 0.756997 -0.163656 0.632466 0.012597 
527742913212882 0.757385 -0.164623 0.631761 0.012057 
527742933781528 0.757957 -0.165759 0.630793 0.011173 
527742954350122 0.758648 -0.165915 0.629945 0.009766 
527742974918820 0.756020 -0.164450 0.633487 0.009219 
527742995489496 0.762831 -0.169782 0.623778 0.012774 
527743016058194 0.763487 -0.171384 0.622550 0.012105 
527743036625433 0.758468 -0.170955 0.628835 0.008189 
527743057194131 -0.741706 0.173280 -0.647947 0.003300 
527743077762569 -0.734285 0.180165 -0.654395 0.011595 
527743098331267 -0.730084 0.187865 -0.656814 0.016685 
527743118898872 -0.726777 0.194284 -0.658490 0.020971 
527743139467570 -0.726841 0.196759 -0.657659 0.021746 
527743160035433 -0.728241 0.197817 -0.655823 0.020751 
527743180604131 -0.728996 0.197578 -0.655038 0.021287 
527743201172882 -0.729217 0.197945 -0.654615 0.023231 
527743221741580 -0.730780 0.200656 -0.651960 0.025408 
527743242311527 -0.732505 0.203856 -0.648970 0.026783 
527743262880225 -0.735315 0.205475 -0.645385 0.023876 
527743283449600 -0.737874 0.207444 -0.641879 0.022362 
527743304018298 -0.733382 0.206074 -0.647417 0.023125 
527743324586058 -0.729462 0.204634 -0.652321 0.022084 
527743345154756 -0.729466 0.203923 -0.652645 0.018681 
527743365723975 -0.729382 0.203917 -0.652775 0.017431 
527743386292673 -0.729158 0.204982 -0.652678 0.017946 
527743406861424 -0.729672 0.205584 -0.651921 0.017717 
527743427430122 -0.730446 0.205585 -0.651106 0.015660 
527743447998194 -0.730988 0.204180 -0.650967 0.014448 
527743468566892 -0.730626 0.202982 -0.651757 0.014065 
527743489134599 -0.729426 0.202227 -0.653325 0.014469 
527743509703194 -0.728314 0.201692 -0.654708 0.015413 
527743530271892 -0.727463 0.201087 -0.655825 0.016009 
527743550840746 -0.727291 0.200930 -0.656033 0.017197 
527743571409496 -0.727293 0.202403 -0.655535 0.018759 
527743591978819 -0.727286 0.204566 -0.654822 0.020409 
527743612547517 -0.732382 0.208277 -0.647784 0.024769 
527743633116632 -0.731922 0.210944 -0.647399 0.025817 
527743653685330 -0.730596 0.212355 -0.648356 0.027728 
527743674255069 -0.729977 0.213994 -0.648487 0.028368 
527743694823819 -0.730711 0.214715 -0.647429 0.028207 
527743715392882 -0.731068 0.215838 -0.646642 0.028442 
527743735961580 -0.731951 0.217378 -0.645133 0.028273 
527743756529340 -0.733716 0.218662 -0.642722 0.027509 
527743777098037 -0.734677 0.219291 -0.641445 0.026638 
527743797667308 -0.732862 0.218783 -0.643702 0.026347 
527743818236006 -0.729132 0.216807 -0.648558 0.027080 
527743838804444 -0.723757 0.214338 -0.655310 0.028339 
527743859373194 -0.720478 0.213893 -0.659008 0.029493 
527743879941267 -0.715524 0.213863 -0.664314 0.031225 
527743900509965 -0.709408 0.213669 -0.670807 0.033210 
527743921079704 -0.705344 0.215374 -0.674466 0.034636 
527743941648454 -0.701770 0.217804 -0.677330 0.036114 
527743962216736 -0.699246 0.218388 -0.679710 0.036818 
527743982785486 -0.695593 0.216830 -0.683921 0.037254 
527744003354288 -0.693406 0.215539 -0.686486 0.038317 
527744023923038 -0.694496 0.215281 -0.685435 0.038831 
527744044492100 -0.698412 0.215174 -0.681647 0.035768 
527744065060850 -0.704348 0.213896 -0.676170 0.030602 
527744085628819 -0.710324 0.214658 -0.669788 0.027330 
527744106197569 -0.714393 0.219655 -0.663851 0.026377 
527744126765278 -0.714815 0.226364 -0.661016 0.029280 
527744147334028 -0.713882 0.236396 -0.658142 0.036597 
527744167902204 -0.712696 0.248379 -0.654338 0.047059 
527744188470954 -0.710660 0.257704 -0.652289 0.055413 
527744209039549 -0.710207 0.264076 -0.649674 0.061595 
527744229608871 -0.710368 0.271982 -0.645674 0.067147 
527744250177621 -0.707400 0.283051 -0.643321 0.074873 
527744270746422 -0.704434 0.292335 -0.641355 0.083529 
527744291315172 -0.699063 0.300530 -0.642233 0.092351 
527744311883870 -0.690919 0.311523 -0.644938 0.098185 
527744332452568 -0.688916 0.325265 -0.639307 0.104328 
527744353021683 -0.687045 0.338435 -0.633267 0.111369 
527744373590433 -0.685982 0.348680 -0.627403 0.119230 
527744394158714 -0.683723 0.358245 -0.623216 0.125640 
527744414727464 -0.677999 0.372325 -0.619089 0.135723 
527744435295693 -0.677173 0.377526 -0.615060 0.143567 
527744455864443 -0.673039 0.385247 -0.613827 0.147715 
527744476433193 -0.675324 0.385293 -0.610794 0.149724 
527744497001891 -0.677372 0.384583 -0.609370 0.148091 
527744517570433 -0.678182 0.383709 -0.608649 0.149607 
527744538139183 -0.676058 0.383707 -0.610655 0.151047 
527744558708819 -0.670081 0.386245 -0.615482 0.151619 
527744579277569 -0.666851 0.386452 -0.619215 0.150126 
527744599847256 -0.666228 0.385241 -0.620927 0.148929 
527744620416006 -0.667466 0.383861 -0.620242 0.149799 
527744640983663 -0.671112 0.380998 -0.617223 0.153250 
527744661552413 -0.678748 0.374086 -0.611370 0.159963 
527744682121267 -0.687980 0.363368 -0.605389 0.167784 
527744702690017 -0.693278 0.350985 -0.604895 0.174002 
527744723258715 -0.695551 0.338239 -0.608210 0.178558 
527744743827465 -0.701095 0.324543 -0.606856 0.186719 
527744764396423 -0.707782 0.312535 -0.601873 0.197774 
527744784965173 -0.715936 0.298571 -0.596200 0.206969 
527744805533506 -0.722534 0.284015 -0.592376 0.215337 
527744826102256 -0.728882 0.272227 -0.586668 0.224598 
527744846671632 -0.738174 0.261124 -0.576802 0.232835 
527744867240382 -0.749612 0.252371 -0.563115 0.239359 
527744887809026 -0.759181 0.246300 -0.551743 0.241994 
527744908377776 -0.763029 0.241805 -0.546830 0.245549 
527744928947152 -0.767052 0.234348 -0.543208 0.248270 
527744949514860 -0.768926 0.230149 -0.540794 0.251646 
527744970083610 -0.768936 0.231525 -0.536136 0.260176 
527744990651944 -0.771295 0.230041 -0.528915 0.269137 
527745011220694 -0.773379 0.224830 -0.524093 0.276881 
527745031789600 -0.773586 0.218639 -0.518834 0.290816 
527745052358350 -0.774720 0.214140 -0.509975 0.306396 
527745072927413 -0.780441 0.208464 -0.495947 0.318576 
527745093496163 -0.787837 0.201359 -0.481097 0.327586 
527745114064964 -0.796027 0.195358 -0.463931 0.336072 
527745134633714 -0.802207 0.189911 -0.448125 0.345806 
527745155201735 -0.809443 0.184833 -0.440011 0.342095 
527745175770485 -0.809598 0.185272 -0.437018 0.345312 
527745196340173 -0.811416 0.188465 -0.432027 0.345597 
527745216908923 -0.813660 0.194906 -0.422242 0.348828 
527745237477465 -0.815678 0.197812 -0.410340 0.356596 
527745258046215 -0.817426 0.194758 -0.412051 0.352276 
527745278615120 -0.816179 0.192166 -0.434063 0.329416 
527745299183870 -0.809784 0.191120 -0.471977 0.291479 
527745319752725 -0.797766 0.188004 -0.516453 0.247993 
527745340321527 -0.780338 0.178587 -0.562417 0.207044 
527745360889964 -0.756272 0.163203 -0.612136 0.163423 
527745381458714 -0.721353 0.141877 -0.668891 0.110027 
527745402027673 -0.672672 0.108738 -0.730036 0.052310 
527745422596423 0.618515 -0.070803 0.782573 0.002155 
527745443166162 0.573941 -0.042581 0.816544 0.045103 
527745463734964 0.541534 -0.028626 0.835941 0.084406 
527745484302203 0.507137 -0.013938 0.852580 0.125403 
527745504870953 0.461826 0.006414 0.872171 0.161225 
527745525439340 0.409635 0.020137 0.891640 0.191758 
527745546008090 0.352178 0.025437 0.909962 0.217468 
527745566576943 0.294440 0.027705 0.924795 0.239358 
527745587145693 0.243767 0.029720 0.935109 0.255471 
527745607716839 0.204273 0.030706 0.942119 0.264086 
527745628285641 0.180092 0.028864 0.946598 0.265867 
527745648853661 0.166997 0.028629 0.948947 0.266068 
527745669422412 0.154576 0.030513 0.950401 0.268167 
527745689991162 0.134984 0.030214 0.953048 0.269381 
527745710558765 0.109631 0.025109 0.957221 0.266606 
527745731127515 0.077075 0.018251 0.961519 0.263073 
527745751695901 0.036705 0.012964 0.964030 0.262926 
527745772264703 -0.011758 0.011222 0.963762 0.266269 
527745792833610 -0.062552 0.009652 0.960388 0.271384 
527745813402360 -0.111571 0.004373 0.955183 0.274150 
527745833970588 -0.160285 -0.003421 0.948277 0.273984 
527745854539338 -0.209359 -0.011023 0.939228 0.271841 
527745875108297 -0.251645 -0.018330 0.929558 0.268813 
527745895677100 -0.273879 -0.022628 0.923978 0.265974 
527745916246058 -0.277399 -0.019525 0.923560 0.264018 
527745936814808 -0.269636 -0.012695 0.926429 0.262419 
527745957383350 -0.256423 -0.009246 0.930690 0.260725 
527745977952100 -0.242831 -0.010333 0.934881 0.258695 
527745998521266 -0.227178 -0.012451 0.939595 0.255729 
527746019090016 -0.199027 -0.015038 0.947245 0.250776 
527746039658506 -0.161019 -0.012711 0.955274 0.247715 
527746060227256 -0.125970 -0.000599 0.959294 0.252759 
527746080796422 -0.090922 0.018655 0.960287 0.263125 
527746101365224 -0.048538 0.042547 0.960599 0.270339 
527746121936162 0.003115 0.069764 0.959745 0.272054 
527746142504964 0.050532 0.100789 0.955081 0.274057 
527746163072463 0.083363 0.127672 0.947590 0.280754 
527746183641265 0.097471 0.150234 0.939723 0.291291 
527746204208818 0.097615 0.171570 0.932655 0.301977 
527746224777620 0.092929 0.188692 0.927566 0.308837 
527746245346266 0.082646 0.205489 0.923596 0.312912 
527746265915068 0.072068 0.222470 0.919704 0.315369 
527746286483817 0.067452 0.238011 0.915723 0.316628 
527746307052619 0.070314 0.251275 0.911554 0.317784 
527746327621995 0.080240 0.261540 0.907259 0.319436 
527746348190797 0.094410 0.269393 0.903018 0.321051 
527746368758817 0.108856 0.275791 0.898974 0.322389 
527746389327672 0.120063 0.281064 0.895534 0.323430 
527746409896475 0.126599 0.284689 0.893609 0.323091 
527746430466579 0.129996 0.286196 0.892920 0.322315 
527746451035381 0.131785 0.286218 0.892772 0.321979 
527746471603141 0.132481 0.286501 0.892776 0.321428 
527746492171943 0.132477 0.288444 0.892657 0.320021 
527746512740797 0.133084 0.291736 0.892409 0.317466 
527746533309599 0.135697 0.295553 0.892018 0.313907 
527746553878141 0.141489 0.299226 0.891018 0.310696 
527746574446891 0.149695 0.303207 0.889005 0.308751 
527746595015536 0.157754 0.307627 0.886363 0.307961 
527746615584338 0.163382 0.311425 0.884364 0.306953 
527746636153454 0.166470 0.314006 0.883748 0.304430 
527746656722256 0.169216 0.315899 0.883674 0.301156 
527746677290589 0.173212 0.318183 0.882874 0.298814 
527746697859339 0.177750 0.320996 0.881267 0.297884 
527746718427619 0.181243 0.323204 0.879843 0.297600 
527746738996421 0.182642 0.324706 0.879288 0.296751 
527746759565744 0.182283 0.326275 0.879464 0.294721 
527746780134546 0.181755 0.327985 0.880058 0.291356 
527746800703298 0.183050 0.329832 0.880201 0.288010 
527746821272048 0.186227 0.332492 0.879190 0.285995 
527746841840746 0.189779 0.335533 0.877580 0.285051 
527746862409548 0.192231 0.337723 0.876231 0.284975 
527746882978453 0.193408 0.338666 0.875646 0.284856 
527746903547203 0.193868 0.338902 0.875546 0.284570 
527746924116005 0.193799 0.339168 0.875688 0.283861 
527746944684807 0.193481 0.339476 0.875799 0.283368 
527746965253349 0.193425 0.339339 0.875723 0.283804 
527746985822151 0.193568 0.339165 0.875754 0.283820 
527747006391162 0.194745 0.338574 0.875513 0.284463 
527747026959964 0.197392 0.338247 0.874582 0.285887 
527747047528869 0.201761 0.338934 0.872808 0.287441 
527747068097671 0.206657 0.340496 0.870633 0.288711 
527747088666369 0.209507 0.342278 0.868697 0.290377 
527747109235172 0.208429 0.342775 0.868351 0.291596 
527747129803974 0.203795 0.341251 0.869995 0.291761 
527747150373193 0.197476 0.338828 0.872444 0.291618 
527747170941995 0.192326 0.336737 0.874092 0.292545 
527747191510588 0.188662 0.335591 0.875042 0.293407 
527747212079390 0.185975 0.334794 0.876009 0.293144 
527747232648089 0.183688 0.334606 0.876920 0.292078 
527747253216891 0.181770 0.334467 0.877773 0.290871 
527747273785797 0.180501 0.334401 0.878262 0.290261 
527747294354599 0.179514 0.334324 0.878711 0.289600 
527747314923037 0.178568 0.334050 0.879302 0.288707 
527747335491839 0.177995 0.333794 0.879778 0.287905 
527747356060693 0.177118 0.333850 0.880224 0.287018 
527747376629495 0.175968 0.333793 0.880893 0.285735 
527747397198297 0.174833 0.333513 0.881738 0.284150 
527747417767099 0.174734 0.333267 0.882257 0.282885 
527747438335901 0.175440 0.333442 0.882180 0.282482 
527747458904703 0.175552 0.333939 0.881934 0.282594 
527747479473453 0.174037 0.334302 0.882534 0.281225 
527747500042255 0.171989 0.334267 0.883421 0.279738 
527747520611110 0.170194 0.334249 0.884091 0.278738 
527747541179912 0.167294 0.334887 0.884723 0.277722 
527747561748765 0.162989 0.335527 0.885730 0.276295 
527747582317567 0.161194 0.336044 0.886128 0.275441 
527747602886370 0.165577 0.336278 0.884892 0.276526 
527747623455172 0.172779 0.336875 0.882068 0.280390 
527747644023922 0.181448 0.338384 0.878028 0.285728 
527747664592724 0.188411 0.341434 0.874959 0.287002 
527747685161422 0.190395 0.343414 0.874421 0.284964 
527747705730224 0.191486 0.341920 0.874959 0.284377 
