# Created at Thu Nov 07 18:47:27 EST 2019 in Burnaby Canada 
523691412487633 0.000000 0.000000 0.000000 
523691433055133 0.000000 0.000000 0.000000 
523691453623206 0.000000 0.000000 0.000000 
523691474191800 0.000000 0.000000 0.000000 
523691494761070 0.000000 0.000000 0.000000 
523691515329351 0.000000 0.000000 0.000000 
523691535898362 0.000000 0.000000 0.000000 
523691556467061 0.000000 0.000000 0.000000 
523691577036644 0.000000 0.000000 0.000000 
523691597605447 0.000000 0.000000 0.000000 
523691618173467 0.000000 0.000000 0.000000 
523691638742217 0.000000 0.000000 0.000000 
523691659310966 0.000000 0.000000 0.000000 
523691679879664 0.000000 0.000000 0.000000 
523691700448258 0.000000 0.000000 0.000000 
523691721017060 0.000000 0.000000 0.000000 
523691741586123 0.000000 0.000000 0.000000 
523691762154925 0.000000 0.000000 0.000000 
523691782723570 0.000000 0.000000 0.000000 
523691803292372 0.000000 0.000000 0.000000 
523691823861175 0.000000 0.000000 0.000000 
523691844429977 0.000000 0.000000 0.000000 
523691864998727 0.000000 0.000000 0.000000 
523691885567530 0.000000 0.000000 0.000000 
523691906136228 0.000000 0.000000 0.000000 
523691926705030 0.000000 0.000000 0.000000 
523691947273831 0.000000 0.000000 0.000000 
523691967842633 0.000000 0.000000 0.000000 
523691988411227 0.000000 0.000000 0.000000 
523692008980029 0.000000 0.000000 0.000000 
523692029549144 0.000000 0.000000 0.000000 
523692050117945 0.000000 0.000000 0.000000 
523692070686539 0.000000 0.000000 0.000000 
523692091255549 0.000000 0.000000 0.000000 
523692111824299 0.000000 0.000000 0.000000 
523692132393362 0.000000 0.000000 0.000000 
523692152962372 0.000000 0.000000 0.000000 
523692173530862 0.000000 0.000000 0.000000 
523692194099977 0.000000 0.000000 0.000000 
523692214669039 0.000000 0.000000 0.000000 
523692235237164 0.000000 0.000000 0.000000 
523692255805863 0.000000 0.000000 0.000000 
523692276375394 0.000000 0.000000 0.000000 
523692296944925 0.000000 0.000000 0.000000 
523692317513362 0.000000 0.000000 0.000000 
523692338082164 0.000000 0.000000 0.000000 
523692358649768 0.000000 0.000000 0.000000 
523692379218831 0.000000 0.000000 0.000000 
523692399787165 0.000000 0.000000 0.000000 
523692420356018 0.000000 0.000000 0.000000 
523692440924820 0.000000 0.000000 0.000000 
523692461493622 0.000000 0.000000 0.000000 
523692482062424 0.000000 0.000000 0.000000 
523692502631696 0.000000 0.000000 0.000000 
523692523200498 0.000000 0.000000 0.000000 
523692543769196 0.000000 0.000000 0.000000 
523692564338050 0.000000 0.000000 0.000000 
523692584906904 0.000000 0.000000 0.000000 
523692605475706 0.000000 0.000000 0.000000 
523692626044665 0.000000 0.000000 0.000000 
523692646613467 0.000000 0.000000 0.000000 
523692667182216 0.000000 0.000000 0.000000 
523692687751018 0.000000 0.000000 0.000000 
523692708319560 0.000000 0.000000 0.000000 
523692728888414 0.000000 0.000000 0.000000 
523692749457060 0.000000 0.000000 0.000000 
523692770025863 0.000000 0.000000 0.000000 
523692790595498 0.000000 0.000000 0.000000 
523692811165445 0.000000 0.000000 0.000000 
523692831733623 0.000000 0.000000 0.000000 
523692852302112 0.000000 0.000000 0.000000 
523692872870966 0.000000 0.000000 0.000000 
523692893439769 0.000000 0.000000 0.000000 
523692914007945 0.000000 0.000000 0.000000 
523692934576539 0.000000 0.000000 0.000000 
523692955146434 0.000000 0.000000 0.000000 
523692975714039 0.000000 0.000000 0.000000 
523692996283206 0.000000 0.000000 0.000000 
523693016851800 0.000000 0.000000 0.000000 
523693037420654 0.000000 0.000000 0.000000 
523693057989351 0.000000 0.000000 0.000000 
523693078558727 0.000000 0.000000 0.000000 
523693099127216 0.000000 0.000000 0.000000 
523693119696382 0.000000 0.000000 0.000000 
523693140264663 0.000000 0.000000 0.000000 
523693160833465 0.000000 0.000000 0.000000 
523693181403154 0.000000 0.000000 0.000000 
523693201971956 0.000000 0.000000 0.000000 
523693222539977 0.000000 0.000000 0.000000 
523693243108831 0.000000 0.000000 0.000000 
523693263678414 0.000000 0.000000 0.000000 
523693284247216 0.000000 0.000000 0.000000 
523693304816383 0.000000 0.000000 0.000000 
523693325385237 0.000000 0.000000 0.000000 
523693345953674 0.000000 0.000000 0.000000 
523693366522529 0.000000 0.000000 0.000000 
523693387092685 0.000000 0.000000 0.000000 
523693407661487 0.000000 0.000000 0.000000 
523693428229195 0.000000 0.000000 0.000000 
523693448797997 0.000000 0.000000 0.000000 
523693469367216 0.000000 0.000000 0.000000 
523693489936070 0.000000 0.000000 0.000000 
523693510505393 0.000000 0.000000 0.000000 
523693531073934 0.000000 0.000000 0.000000 
523693551641279 0.000000 0.000000 0.000000 
523693572210081 0.000000 0.000000 0.000000 
523693592778466 0.000000 0.000000 0.000000 
523693613347737 0.000000 0.000000 0.000000 
523693633916070 0.000000 0.000000 0.000000 
523693654485237 0.000000 0.000000 0.000000 
523693675054507 0.000000 0.000000 0.000000 
523693695622945 0.000000 0.000000 0.000000 
523693716191331 0.000000 0.000000 0.000000 
523693736760341 0.000000 0.000000 0.000000 
523693757329196 0.000000 0.000000 0.000000 
523693777899299 0.000000 0.000000 0.000000 
523693798469039 0.000000 0.000000 0.000000 
523693819037059 0.000000 0.000000 0.000000 
523693839606069 0.000000 0.000000 0.000000 
523693860173622 0.000000 0.000000 0.000000 
523693880742477 0.000000 0.000000 0.000000 
523693901310966 0.000000 0.000000 0.000000 
523693921879820 0.000000 0.000000 0.000000 
523693942448414 0.000000 0.000000 0.000000 
523693963017216 0.000000 0.000000 0.000000 
523693983587528 0.000000 0.000000 0.000000 
523694004156382 0.000000 0.000000 0.000000 
523694024726486 0.000000 0.000000 0.000000 
523694045295341 0.000000 0.000000 0.000000 
523694065862372 0.000000 0.000000 0.000000 
523694086431174 0.000000 0.000000 0.000000 
523694106999976 0.000000 0.000000 0.000000 
523694127568830 0.000000 0.000000 0.000000 
523694148137892 0.000000 0.000000 0.000000 
523694168706694 0.000000 0.000000 0.000000 
523694189274977 0.000000 0.000000 0.000000 
523694209843779 0.000000 0.000000 0.000000 
523694230412476 0.000000 0.000000 0.000000 
523694250981955 0.000000 0.000000 0.000000 
523694271550132 0.000000 0.000000 0.000000 
523694292119455 0.000000 0.000000 0.000000 
523694312688517 0.000000 0.000000 0.000000 
523694333257945 0.000000 0.000000 0.000000 
523694353825653 0.000000 0.000000 0.000000 
523694374394299 0.000000 0.000000 0.000000 
523694394962944 0.000000 0.000000 0.000000 
523694415532528 0.000000 0.000000 0.000000 
523694436101955 0.000000 0.000000 0.000000 
523694456673674 0.000000 0.000000 0.000000 
523694477240289 0.000000 0.000000 0.000000 
523694497808570 0.000000 0.000000 0.000000 
523694518376955 0.000000 0.000000 0.000000 
523694538946226 0.000000 0.000000 0.000000 
523694559514298 0.000000 0.000000 0.000000 
523694580082893 0.000000 0.000000 0.000000 
523694600651747 0.000000 0.000000 0.000000 
523694621220601 0.000000 0.000000 0.000000 
523694641789403 0.000000 0.000000 0.000000 
523694662358830 0.000000 0.000000 0.000000 
523694682927684 0.000000 0.000000 0.000000 
523694703496226 0.000000 0.000000 0.000000 
523694724065028 0.000000 0.000000 0.000000 
523694744634454 0.000000 0.000000 0.000000 
523694765203309 0.000000 0.000000 0.000000 
523694785771747 0.000000 0.000000 0.000000 
523694806340601 0.000000 0.000000 0.000000 
523694826910445 0.000000 0.000000 0.000000 
523694847479299 0.000000 0.000000 0.000000 
523694868048101 0.000000 0.000000 0.000000 
523694888616956 0.000000 0.000000 0.000000 
523694909185236 0.000000 0.000000 0.000000 
523694929754090 0.000000 0.000000 0.000000 
523694950325132 0.000000 0.000000 0.000000 
523694970890548 0.000000 0.000000 0.000000 
523694991459767 0.000000 0.000000 0.000000 
523695012028569 0.000000 0.000000 0.000000 
523695032597789 0.000000 0.000000 0.000000 
523695053167528 0.000000 0.000000 0.000000 
523695073735028 0.000000 0.000000 0.000000 
523695094305289 0.000000 0.000000 0.000000 
523695114873569 0.000000 0.000000 0.000000 
523695135441382 0.000000 0.000000 0.000000 
523695156009976 0.000000 0.000000 0.000000 
523695176579508 0.000000 0.000000 0.000000 
523695197148362 0.000000 0.000000 0.000000 
523695217717319 0.000000 0.000000 0.000000 
523695238285497 0.000000 0.000000 0.000000 
523695258854871 0.000000 0.000000 0.000000 
523695279423882 0.000000 0.000000 0.000000 
523695299994455 0.000000 0.000000 0.000000 
523695320563309 0.000000 0.000000 0.000000 
523695341131799 0.000000 0.000000 0.000000 
523695361700653 0.000000 0.000000 0.000000 
523695382267892 0.000000 0.000000 0.000000 
523695402836746 0.000000 0.000000 0.000000 
523695423405966 0.000000 0.000000 0.000000 
523695443974820 0.000000 0.000000 0.000000 
523695464544455 0.000000 0.000000 0.000000 
523695485113309 0.000000 0.000000 0.000000 
523695505681590 0.000000 0.000000 0.000000 
523695526250444 0.000000 0.000000 0.000000 
523695546819560 0.000000 0.000000 0.000000 
523695567388414 0.000000 0.000000 0.000000 
523695587956850 0.000000 0.000000 0.000000 
523695608525704 0.000000 0.000000 0.000000 
523695629094506 0.000000 0.000000 0.000000 
523695649663360 0.000000 0.000000 0.000000 
523695670231383 0.000000 0.000000 0.000000 
523695690801591 0.000000 0.000000 0.000000 
523695711369299 0.000000 0.000000 0.000000 
523695731938621 0.000000 0.000000 0.000000 
523695752507788 0.000000 0.000000 0.000000 
523695773076225 0.000000 0.000000 0.000000 
523695793645289 0.000000 0.000000 0.000000 
523695814215601 0.000000 0.000000 0.000000 
523695834784350 0.000000 0.000000 0.000000 
523695855353152 0.000000 0.000000 0.000000 
523695875922163 0.000000 0.000000 0.000000 
523695896489663 0.000000 0.000000 0.000000 
523695917058778 0.000000 0.000000 0.000000 
523695937629403 0.000000 0.000000 0.000000 
523695958196590 0.000000 0.000000 0.000000 
523695978765027 0.000000 0.000000 0.000000 
523695999333882 0.000000 0.000000 0.000000 
523696019903257 0.000000 0.000000 0.000000 
523696040472111 0.000000 0.000000 0.000000 
523696061039663 0.000000 0.000000 0.000000 
523696081608517 0.000000 0.000000 0.000000 
523696102177892 0.000000 0.000000 0.000000 
523696122746746 0.000000 0.000000 0.000000 
523696143315652 0.000000 0.000000 0.000000 
523696163884506 0.000000 0.000000 0.000000 
523696184453674 0.000000 0.000000 0.000000 
523696205022528 0.000000 0.000000 0.000000 
523696225590756 0.000000 0.000000 0.000000 
523696246159558 0.000000 0.000000 0.000000 
523696266728465 0.000000 0.000000 0.000000 
523696287297319 0.000000 0.000000 0.000000 
523696307866695 0.000000 0.000000 0.000000 
523696328435549 0.000000 0.000000 0.000000 
523696349005392 0.000000 0.000000 0.000000 
523696369574246 0.000000 0.000000 0.000000 
523696390142632 0.000000 0.000000 0.000000 
523696410711694 0.000000 0.000000 0.000000 
523696431280392 0.000000 0.000000 0.000000 
523696451850445 0.000000 0.000000 0.000000 
523696472417892 0.000000 0.000000 0.000000 
523696492988256 0.000000 0.000000 0.000000 
523696513556798 0.000000 0.000000 0.000000 
523696534124819 0.000000 0.000000 0.000000 
523696554693412 0.000000 0.000000 0.000000 
523696575263257 0.000000 0.000000 0.000000 
523696595830444 0.000000 0.000000 0.000000 
523696616399663 0.000000 0.000000 0.000000 
523696636968881 0.000000 0.000000 0.000000 
523696657538777 0.000000 0.000000 0.000000 
523696678107944 0.000000 0.000000 0.000000 
523696698676434 0.000000 0.000000 0.000000 
523696719243257 0.000000 0.000000 0.000000 
523696739812058 0.000000 0.000000 0.000000 
523696760380860 0.000000 0.000000 0.000000 
523696780949818 0.000000 0.000000 0.000000 
523696801518672 0.000000 0.000000 0.000000 
523696822089246 0.000000 0.000000 0.000000 
523696842658100 0.000000 0.000000 0.000000 
523696863226746 0.000000 0.000000 0.000000 
523696883795600 0.000000 0.000000 0.000000 
523696904361850 0.000000 0.000000 0.000000 
523696924930704 0.000000 0.000000 0.000000 
523696945500965 0.000000 0.000000 0.000000 
523696966069819 0.000000 0.000000 0.000000 
523696986638517 0.000000 0.000000 0.000000 
523697007207371 0.000000 0.000000 0.000000 
523697027776016 0.000000 0.000000 0.000000 
523697048344870 0.000000 0.000000 0.000000 
523697068913516 0.000000 0.000000 0.000000 
523697089482371 0.000000 0.000000 0.000000 
523697110052580 0.000000 0.000000 0.000000 
523697130620600 0.000000 0.000000 0.000000 
523697151189141 0.000000 0.000000 0.000000 
523697171757630 0.000000 0.000000 0.000000 
523697192326225 0.000000 0.000000 0.000000 
523697212895392 0.000000 0.000000 0.000000 
523697233463829 0.000000 0.000000 0.000000 
523697254032788 0.000000 0.000000 0.000000 
523697274601642 0.000000 0.000000 0.000000 
523697295171069 0.000000 0.000000 0.000000 
523697315739193 0.000000 0.000000 0.000000 
523697336308569 0.000000 0.000000 0.000000 
523697356877266 0.000000 0.000000 0.000000 
523697377445913 0.000000 0.000000 0.000000 
523697398014610 0.000000 0.000000 0.000000 
523697418583464 0.000000 0.000000 0.000000 
523697439152579 0.000000 0.000000 0.000000 
523697459721485 0.000000 0.000000 0.000000 
523697480290340 0.000000 0.000000 0.000000 
523697500860548 0.000000 0.000000 0.000000 
523697521429402 0.000000 0.000000 0.000000 
523697541997371 0.000000 0.000000 0.000000 
523697562566225 0.000000 0.000000 0.000000 
523697583134610 0.000000 0.000000 0.000000 
523697603703412 0.000000 0.000000 0.000000 
523697624272579 0.000000 0.000000 0.000000 
523697644841433 0.000000 0.000000 0.000000 
523697665409975 0.000000 0.000000 0.000000 
523697685978829 0.000000 0.000000 0.000000 
523697706548359 0.000000 0.000000 0.000000 
523697727117161 0.000000 0.000000 0.000000 
523697747685340 0.000000 0.000000 0.000000 
523697768254194 0.000000 0.000000 0.000000 
523697788824194 0.000000 0.000000 0.000000 
523697809393048 0.000000 0.000000 0.000000 
523697829962527 0.000000 0.000000 0.000000 
523697850531172 0.000000 0.000000 0.000000 
523697871099766 0.000000 0.000000 0.000000 
523697891667891 0.000000 0.000000 0.000000 
523697912236954 0.000000 0.000000 0.000000 
523697932806068 0.000000 0.000000 0.000000 
523697953375235 0.000000 0.000000 0.000000 
523697973943933 0.000000 0.000000 0.000000 
523697994512735 0.000000 0.000000 0.000000 
523698015080808 0.000000 0.000000 0.000000 
523698035649871 0.000000 0.000000 0.000000 
523698056218777 0.000000 0.000000 0.000000 
523698076787475 0.000000 0.000000 0.000000 
523698097358048 0.000000 0.000000 0.000000 
523698117925182 0.000000 0.000000 0.000000 
523698138494454 0.000000 0.000000 0.000000 
523698159063621 0.000000 0.000000 0.000000 
523698179635652 0.000000 0.000000 0.000000 
523698200200756 0.000000 0.000000 0.000000 
523698220770443 0.000000 0.000000 0.000000 
523698241339245 0.000000 0.000000 0.000000 
523698261907631 0.000000 0.000000 0.000000 
523698282476485 0.000000 0.000000 0.000000 
523698303045600 0.000000 0.000000 0.000000 
523698323614454 0.000000 0.000000 0.000000 
523698344183464 0.000000 0.000000 0.000000 
523698364752318 0.000000 0.000000 0.000000 
523698385320548 0.000000 0.000000 0.000000 
523698405889350 0.000000 0.000000 0.000000 
523698426456641 0.000000 0.000000 0.000000 
523698447025496 0.000000 0.000000 0.000000 
523698467594610 0.000000 0.000000 0.000000 
523698488163464 0.000000 0.000000 0.000000 
523698508732578 0.000000 0.000000 0.000000 
523698529301432 0.000000 0.000000 0.000000 
523698549872058 0.000000 0.000000 0.000000 
523698570438933 0.000000 0.000000 0.000000 
523698591007631 0.000000 0.000000 0.000000 
523698611577058 0.000000 0.000000 0.000000 
523698632145391 0.000000 0.000000 0.000000 
523698652714350 0.000000 0.000000 0.000000 
523698673283776 0.000000 0.000000 0.000000 
523698693852161 0.000000 0.000000 0.000000 
523698714422787 0.000000 0.000000 0.000000 
523698734992578 0.000000 0.000000 0.000000 
523698755559141 0.000000 0.000000 0.000000 
523698776130079 0.000000 0.000000 0.000000 
523698796699350 0.000000 0.000000 0.000000 
523698817267787 0.000000 0.000000 0.000000 
523698837835651 0.000000 0.000000 0.000000 
523698858404454 0.000000 0.000000 0.000000 
523698878973048 0.000000 0.000000 0.000000 
523698899541276 0.000000 0.000000 0.000000 
523698920109661 0.000000 0.000000 0.000000 
523698940678204 0.000000 0.000000 0.000000 
523698961247058 0.000000 0.000000 0.000000 
523698981816172 0.000000 0.000000 0.000000 
523699002385027 0.000000 0.000000 0.000000 
523699022954922 0.000000 0.000000 0.000000 
523699043523776 0.000000 0.000000 0.000000 
523699064091433 0.000000 0.000000 0.000000 
523699084660235 0.000000 0.000000 0.000000 
523699105231224 0.000000 0.000000 0.000000 
