# Created at Thu Nov 07 18:47:27 EST 2019 in Burnaby Canada 
523691407345394 -0.023824 0.004276 0.000916 
523691427912946 -0.029322 0.017410 0.009163 
523691448481123 -0.031154 0.022602 0.013744 
523691469049561 -0.031765 0.021075 0.011606 
523691489618675 -0.033903 0.014661 0.007025 
523691510187164 -0.035736 0.021075 0.008552 
523691530756175 -0.030543 0.019548 0.011912 
523691551324873 -0.021686 0.008247 0.009468 
523691571894456 -0.014050 0.007636 0.004581 
523691592463207 -0.007025 0.011606 0.000000 
523691613031279 0.002138 0.007025 -0.003054 
523691633600029 0.008858 -0.002138 -0.001527 
523691654168726 0.012523 -0.006414 0.000305 
523691674737476 0.013439 -0.014050 0.001527 
523691695306070 0.016188 -0.025045 0.012828 
523691715874820 0.035736 -0.030849 0.028711 
523691736443936 0.049480 -0.031460 0.040623 
523691757012738 0.039706 -0.040623 0.026573 
523691777581383 0.025351 -0.035736 0.002138 
523691798150133 0.029932 -0.016799 -0.008247 
523691818718988 0.041844 -0.002749 -0.003665 
523691839287790 0.035736 -0.001222 0.004581 
523691859856488 0.023824 0.008247 0.006109 
523691880425290 0.015577 0.012217 0.000916 
523691900994040 0.012523 0.011606 -0.000916 
523691921562842 0.009774 0.010690 0.003054 
523691942131591 0.000305 0.014966 0.007636 
523691962700393 -0.010079 0.012828 0.007941 
523691983269039 -0.013439 0.020159 0.012828 
523692003837841 -0.013439 0.018937 0.014966 
523692024406904 -0.009774 0.014050 0.013744 
523692044975705 -0.011606 0.010690 0.008552 
523692065544352 -0.005192 0.008247 0.002749 
523692086113362 0.003054 0.005192 0.000611 
523692106682112 0.007025 0.000305 -0.002443 
523692127251123 0.006720 -0.008552 -0.007025 
523692147820185 0.006414 -0.012828 -0.009468 
523692168389040 0.007941 -0.017410 -0.008247 
523692188957790 0.006109 -0.014966 -0.006109 
523692209526799 0.007636 -0.013439 -0.005803 
523692230094924 0.006109 -0.007025 -0.007636 
523692250663675 0.005498 -0.009163 -0.000305 
523692271233206 0.013439 -0.010690 0.001833 
523692291802737 0.012828 -0.003360 -0.001833 
523692312371122 0.018631 -0.006720 0.003971 
523692332939873 0.026573 -0.031154 0.011301 
523692353507580 0.027794 -0.059865 0.011301 
523692374076644 0.040928 -0.068722 0.000916 
523692394644978 0.057727 -0.054978 -0.016799 
523692415213831 0.067195 -0.051924 -0.033598 
523692435782633 0.081550 -0.068111 -0.054367 
523692456351383 0.098044 -0.068111 -0.074831 
523692476920185 0.108734 -0.044288 -0.093157 
523692497489456 0.112094 -0.015882 -0.123700 
523692518058258 -1.093753 -0.255341 -0.662788 
523692538627008 0.021991 0.012217 -0.099571 
523692559195810 0.334448 0.142026 0.029322 
523692579764716 0.208610 0.204334 -0.056505 
523692600333518 0.064446 0.036652 -0.040623 
523692620902477 0.098044 -0.158519 -0.023518 
523692641471280 0.294131 -0.010996 0.020769 
523692662040029 0.209527 0.048258 0.020769 
523692682608831 0.135917 -0.029932 -0.028100 
523692703177373 0.171653 0.021686 0.038790 
523692723746175 0.127365 -0.005498 0.018021 
523692744314873 0.054672 -0.060476 -0.085826 
523692764883675 0.045204 -0.130114 -0.108734 
523692785453258 0.128282 -0.089492 -0.090103 
523692806023205 0.170431 -0.020769 -0.099571 
523692826591383 0.132252 0.041844 -0.135917 
523692847159872 0.089492 0.051313 -0.224187 
523692867728726 0.039401 0.051007 -0.275805 
523692888297582 -0.049785 0.048869 -0.258396 
523692908865758 -0.019853 0.029322 -0.222660 
523692929434040 0.235183 0.246484 -0.198226 
523692950004247 0.198226 0.064141 -0.196393 
523692970571852 0.223271 0.070249 -0.291077 
523692991140966 0.211665 0.044899 -0.178678 
523693011709560 0.205556 0.054367 -0.066890 
523693032278466 0.234267 0.013134 0.091324 
523693052847111 0.155160 -0.048869 0.160352 
523693073416487 0.133779 0.022907 0.234572 
523693093984977 0.169515 0.114843 0.310319 
523693114554143 0.381180 0.246484 0.513126 
523693135122476 0.471282 0.343001 0.573602 
523693155691278 0.447764 0.266948 0.574824 
523693176260914 0.423329 0.052840 0.565355 
523693196829716 0.571159 0.067806 0.544280 
523693217397789 0.791070 0.232129 0.546113 
523693237966591 0.665537 0.174096 0.482278 
523693258536174 0.662483 0.118813 0.444710 
523693279105029 0.663094 0.116675 0.478307 
523693299674196 0.688139 0.058338 0.491441 
523693320242998 0.571464 -0.151494 0.471588 
523693340811487 0.780074 -0.249538 0.441655 
523693361380289 0.769384 -0.335365 0.387288 
523693381950445 0.733649 -0.289244 0.408974 
523693402519299 0.563523 -0.131641 0.405003 
523693423086955 0.353691 -0.237016 0.319177 
523693443655757 0.532979 -0.541837 0.286801 
523693464225029 0.423940 -0.489303 0.249538 
523693484793831 0.259923 -0.118813 0.242208 
523693505363154 0.138666 -0.131947 0.244040 
523693525931695 0.065363 -0.204640 0.232129 
523693546499039 0.057421 -0.192728 0.257479 
523693567068466 0.115148 -0.193644 0.334448 
523693587636226 0.199753 -0.285274 0.403171 
523693608205757 0.342084 -0.405309 0.459676 
523693628773830 0.241902 -0.293215 0.466090 
523693649342998 0.187230 -0.219300 0.419664 
523693669912268 0.201891 -0.246178 0.376904 
523693690480706 0.231518 -0.184176 0.291688 
523693711049091 0.235183 -0.121868 0.205861 
523693731618727 0.182954 -0.055283 0.186314 
523693752186956 0.151800 -0.154854 0.193033 
523693772757059 0.122478 -0.267864 0.235794 
523693793326799 0.089797 -0.388510 0.213803 
523693813894820 0.090103 -0.242208 0.160963 
523693834463830 0.087048 0.021991 0.142026 
523693855031383 0.106290 0.144775 0.211665 
523693875600237 0.285885 0.196698 0.173791 
523693896168778 0.971886 1.152396 0.317650 
523693916737580 1.065654 1.270904 0.557109 
523693937306174 1.287703 1.034499 0.756251 
523693957874976 0.314290 0.396451 0.328340 
523693978445289 0.179289 0.405920 -0.000305 
523693999014143 0.409890 0.288023 0.005192 
523694019584299 0.561690 0.209221 0.169515 
523694040153101 0.161268 0.029322 -0.034819 
523694060720132 -1.784641 -0.918435 -0.418748 
523694081288986 -1.856418 -2.119090 -0.602923 
523694101857736 -0.153327 -0.899193 -0.252287 
523694122426591 0.333227 -0.164323 -0.074525 
523694142995653 0.188757 0.037263 -0.007636 
523694163564455 0.114843 0.029627 -0.032681 
523694184132737 0.087048 0.013744 -0.129198 
523694204701539 -0.002443 -0.013134 -0.114232 
523694225270236 -0.068722 -0.026878 -0.101098 
523694245839715 -0.147218 -0.128587 -0.167988 
523694266407893 -0.227853 -0.228769 -0.296269 
523694286977216 -0.421497 -0.464563 -0.212581 
523694307546278 -0.536034 -0.618806 -0.085826 
523694328115705 -0.330172 -0.454178 -0.048564 
523694348683413 -0.261756 -0.355523 -0.052840 
523694369251903 -0.255341 -0.283441 -0.060170 
523694389820756 -0.345749 -0.423635 -0.172569 
523694410390289 -0.026573 -0.150578 -0.270613 
523694430959716 0.060476 0.079107 -0.208916 
523694451531435 0.128282 0.208305 -0.036652 
523694472098049 0.305127 0.254120 0.099876 
523694492666330 0.043982 0.046120 0.021991 
523694513234715 -0.146302 -0.014966 -0.002749 
523694533804038 -0.010690 0.065057 0.000611 
523694554372059 0.000305 0.010079 0.018937 
523694574940654 0.140804 0.133474 -0.066890 
523694595509508 0.033598 0.138666 -0.222049 
523694616078361 0.021686 0.137750 -0.173791 
523694636647163 0.078496 0.035736 -0.030849 
523694657216590 0.208916 -0.008552 0.010079 
523694677785444 0.249844 0.008247 0.023213 
523694698353987 0.130725 0.035430 0.032987 
523694718922789 0.161574 0.075442 0.091019 
523694739492215 0.333532 0.203418 0.151189 
523694760061069 0.376904 0.247706 0.232739 
523694780629507 0.009468 -0.205556 0.222049 
523694801198361 -0.390953 -0.466090 0.221744 
523694821768258 -0.786488 -0.826805 0.506101 
523694842337060 -0.647211 -1.161254 0.610559 
523694862905862 -0.110261 -0.833525 0.470060 
523694883474716 0.311846 0.073609 -0.039401 
523694904042996 0.375682 0.639881 -0.291077 
523694924611850 0.141110 0.886365 -0.455705 
523694945182892 -0.080329 0.598342 -0.223271 
523694965748309 0.034208 0.280998 -0.083994 
523694986317528 0.261756 0.385150 -0.496633 
523695006886330 0.493579 0.677754 -1.337794 
523695027455549 0.531758 1.084590 -1.842063 
523695048025340 -0.139277 0.700356 -1.138652 
523695068592788 0.097127 -0.088881 -0.498466 
523695089163049 -0.108123 -0.670119 -0.058948 
523695109731330 0.271224 -0.061392 0.338419 
523695130299507 -0.127976 0.969442 0.447764 
523695150867736 0.653320 -0.623998 0.988685 
523695171437268 0.314901 0.018937 0.444710 
523695192006122 0.927904 -0.265421 0.214108 
523695212574507 0.346971 0.428827 0.505796 
523695233143258 0.076969 0.474031 0.457538 
523695253712632 0.011301 0.214719 0.463341 
523695274281643 -0.014355 0.027183 0.423940 
523695294852215 -0.047953 -0.185092 0.233045 
523695315421069 -0.127365 0.160657 0.163406 
523695335989559 -0.374460 0.786794 0.128282 
523695356558414 -0.211970 0.554360 -0.040623 
523695377125653 -0.502742 -0.490524 0.316428 
523695397694507 -2.030514 -1.751960 1.852447 
523695418263726 -2.184758 -1.239139 3.278511 
523695438832580 -1.619402 -1.335656 3.283703 
523695459402215 0.109345 -0.861014 1.379943 
523695479971069 0.283747 -0.810923 0.466395 
523695500539351 -0.048564 -0.892779 0.539699 
523695521108205 -0.223271 -0.293520 0.332005 
523695541677320 0.063224 0.353691 -0.022297 
523695562246174 0.136223 0.502131 -0.363465 
523695582814610 0.098960 0.594677 -0.724486 
523695603383464 -0.054062 0.603229 -1.540601 
523695623952267 -0.576045 1.426064 -3.595855 
523695644521121 -0.412334 1.326798 -4.814836 
523695665089143 -0.363465 -1.057712 -4.303542 
523695685659351 -0.235794 -0.735481 -2.557691 
523695706227059 -0.061697 -0.023213 -1.146288 
523695726796589 0.072693 -0.310930 -0.632245 
523695747365549 0.277943 -0.565661 -0.074220 
523695767934194 0.498466 -0.775493 0.688139 
523695788503049 0.558025 -1.015563 1.412319 
523695809073361 0.208610 -1.420260 1.822820 
523695829642110 0.185397 -1.217759 2.149633 
523695850210912 0.137445 -1.269377 2.016464 
523695870779924 0.237626 -1.143233 1.594357 
523695891347424 0.307876 -0.925460 1.571450 
523695911916538 0.189979 -0.414166 1.325882 
523695932487215 -0.255952 -0.280998 0.381790 
523695953054350 -0.439823 -0.175013 -0.179289 
523695973622787 -0.358578 -0.391564 -0.645379 
523695994191643 -0.016188 -0.249538 -0.441655 
523696014761018 0.149662 -0.080940 -0.279471 
523696035329872 0.270918 0.363465 -0.327424 
523696055897423 0.460287 0.455400 -0.296880 
523696076466277 0.433714 0.501215 -0.348498 
523696097035652 0.317650 0.756556 -0.637743 
523696117604507 0.328034 1.037859 -0.872926 
523696138173413 0.417221 1.111163 -1.290757 
523696158742267 0.534812 0.835357 -1.468213 
523696179311434 0.524733 0.060781 -2.056782 
523696199880288 0.168904 -0.787099 -2.924209 
523696220448516 0.279471 -0.316733 -2.252869 
523696241017318 0.307570 -0.376293 -1.523497 
523696261586226 0.149356 0.058948 -0.590706 
523696282155080 -0.038179 -0.209527 0.305432 
523696302724455 -0.011301 -0.802982 0.681420 
523696323293309 -0.053145 0.151189 1.213177 
523696343863152 -0.121257 1.616959 1.904982 
523696364432006 -0.133169 2.162766 1.376278 
523696385000393 0.050396 2.195142 0.175013 
523696405569247 0.221133 1.685987 -0.493273 
523696426138152 -0.014355 2.045786 -0.447764 
523696446708205 -0.289244 1.658192 -0.260839 
523696467275652 -0.342084 1.324355 0.285579 
523696487846382 0.330172 1.815490 0.185397 
523696508414559 1.270904 1.410181 -0.577267 
523696528982632 0.974940 0.066279 -1.138652 
523696549551173 0.943481 -0.403171 -1.269071 
523696570121017 1.031445 -0.500604 -1.164308 
523696590688204 1.226922 -0.365603 -0.773660 
523696611257266 1.969428 -1.363755 -0.435547 
523696631826642 1.148120 -1.008232 0.648127 
523696652396538 2.581514 -1.934303 0.409279 
523696672965704 3.367697 0.241597 1.199127 
523696693534194 3.377777 1.618486 0.843604 
523696714101017 3.374417 2.270890 0.853683 
523696734669818 4.332864 3.166112 1.120326 
523696755238673 2.957807 1.634979 1.358258 
523696775807579 2.112065 2.198197 1.670715 
523696796376433 2.253480 2.041204 0.783434 
523696816947006 0.679892 0.955392 -1.060767 
523696837515860 -1.397658 1.470351 -1.951713 
523696858084506 -2.367406 2.273638 -2.384511 
523696878653361 -2.723846 2.961472 -2.810589 
523696899219663 -3.174358 3.488648 -3.546070 
523696919788465 -3.657552 3.899455 -4.553997 
523696940358725 -3.735743 4.394561 -5.258018 
523696960927579 -3.190852 5.011229 -4.982518 
523696981496277 -1.805411 5.269625 -3.916864 
523697002065131 -0.218384 5.401266 -3.006371 
523697022633777 0.751058 5.072315 -3.238194 
523697043202631 1.339932 4.341415 -3.395492 
523697063771329 1.420260 3.666410 -2.754389 
523697084340131 0.488081 3.842339 -1.839314 
523697104910340 -0.672867 5.792525 -0.944091 
523697125479194 -1.292590 7.184074 -0.309403 
523697146046902 -0.957836 5.986474 0.029932 
523697166615391 -0.398589 3.911672 -0.188757 
523697187184038 0.351858 1.726304 -0.503658 
523697207753204 1.551902 0.351247 -0.664010 
523697228321589 2.889696 0.625831 -1.234558 
523697248890704 3.760178 0.952338 -1.474017 
523697269459402 3.797746 -0.178678 -1.000291 
523697290028830 2.678336 -0.666148 -0.764497 
523697310596954 1.366504 0.156381 -0.989601 
523697331166329 0.668591 -0.008858 -0.426384 
523697351735026 0.510683 -0.709214 -0.118813 
523697372303673 0.478918 -1.136208 -0.150578 
523697392872370 0.315206 -0.629496 -0.131947 
523697413441225 0.226631 0.335059 -0.078191 
523697434010340 0.273667 0.585819 -0.057116 
523697454579298 0.250455 0.206167 -0.017410 
523697475148100 0.381180 0.382096 -0.099266 
523697495718308 0.350331 0.276416 -0.267253 
523697516287162 0.337197 0.375071 -0.382707 
523697536855131 0.027794 0.532979 -0.456011 
523697557423986 0.038790 0.273973 -0.554971 
523697577992371 0.193950 0.286801 -0.395535 
523697598561173 0.193339 0.245873 -0.043982 
523697619130339 0.095906 0.073915 0.082161 
523697639699193 -0.047647 0.043371 0.071166 
523697660267735 -0.101709 0.032681 0.089492 
523697680836590 0.024740 0.028405 0.085826 
523697701406120 0.259618 -0.079718 0.061697 
523697721974922 0.452040 -0.174707 -0.054367 
523697742543100 0.510072 -0.144164 -0.157603 
523697763111954 0.544280 -0.138972 -0.324980 
523697783681954 0.400116 0.009468 -0.386983 
523697804250808 0.322537 0.047647 -0.399506 
523697824820288 0.374460 0.062308 -0.376598 
523697845389142 0.381485 0.093462 -0.221133 
523697865957527 0.303294 0.114537 -0.014355 
523697886526172 0.096211 0.142331 0.055283 
523697907094714 0.168599 0.038484 -0.042150 
523697927663880 0.087965 -0.085216 -0.029016 
523697948232995 -0.030238 -0.014355 -0.020159 
523697968801694 -0.082467 0.145691 -0.025045 
523697989370496 -0.173791 0.214719 0.036346 
523698009938568 -0.084299 0.175624 0.071471 
523698030507631 0.117286 0.224493 0.054978 
523698051076589 0.199142 0.236099 0.031460 
523698071645235 0.231212 0.228158 0.006414 
523698092215809 0.189368 0.205556 -0.024435 
523698112782943 0.091630 0.258701 0.007636 
523698133352267 0.111177 0.233656 0.036041 
523698153921381 0.178678 0.080634 0.041233 
523698174493412 0.207389 0.013134 0.031154 
523698195058516 0.167071 0.107207 0.037263 
523698215628203 0.124616 0.125227 0.023213 
523698236197006 0.107818 0.103236 -0.000611 
523698256765392 0.158519 0.050396 0.005803 
523698277334246 0.174402 0.040623 0.006720 
523698297903360 0.129809 0.077274 0.016493 
523698318472214 0.069944 0.100182 0.013439 
523698339041224 0.031765 0.145386 0.013439 
523698359610078 0.028711 0.165544 0.006109 
523698380178309 0.034819 0.108123 -0.010996 
523698400747163 0.044593 0.083078 -0.015882 
523698421314402 0.017410 0.038179 -0.007941 
523698441883256 0.014661 0.002749 -0.007330 
523698462452370 -0.005498 0.026878 -0.005803 
523698483021224 0.017715 0.013744 -0.001833 
523698503590391 0.029322 -0.003665 -0.014050 
523698524159193 0.049785 -0.005192 -0.016799 
523698544729819 0.085826 -0.002443 -0.028711 
523698565298673 0.091324 -0.013439 -0.034514 
523698585865391 0.041539 0.011912 -0.025656 
523698606434818 -0.018326 0.022297 -0.007636 
523698627003151 -0.033903 0.003665 -0.004581 
523698647572163 -0.062003 0.032376 -0.003665 
523698668141537 -0.037263 0.031765 -0.008858 
523698688709922 -0.005498 0.046731 -0.005803 
523698709280547 -0.005498 0.029627 -0.007941 
523698729848724 -0.018631 0.012828 0.001833 
523698750416901 -0.006414 0.035125 0.016799 
523698770987839 0.037874 0.025351 0.005803 
523698791557111 0.051923 0.017104 0.003971 
523698812125548 0.005498 0.028100 -0.001527 
523698832693412 -0.005192 0.076664 0.000916 
523698853261746 0.023213 0.167071 -0.002443 
523698873830860 0.079107 0.433408 -0.023824 
523698894399036 0.187841 0.268170 -0.030849 
523698914967421 0.191201 -0.054978 -0.022297 
523698935536017 -0.067806 -0.073915 -0.001833 
523698956104819 -0.208916 0.037263 0.024740 
523698976673933 -0.263894 0.075747 0.003360 
523698997242787 -0.158214 0.037568 -0.035736 
523699017812682 0.051923 -0.141721 -0.055894 
523699038381536 -0.013134 -0.235183 -0.031154 
523699058949193 -0.077885 -0.209527 0.012217 
523699079517995 -0.053451 -0.163101 0.014661 
523699100088985 -0.070249 0.002443 0.019853 
