# Created at Thu Nov 07 18:47:27 EST 2019 in Burnaby Canada 
523691417629821 -0.118811 0.135039 -0.093675 
523691438197321 -0.042070 0.144085 -0.087615 
523691458765394 -0.035250 0.148332 -0.034584 
523691479333988 -0.021004 0.131988 0.004694 
523691499903258 0.020720 0.089999 0.003484 
523691520471539 0.018561 0.149514 0.029185 
523691541040550 -0.028511 0.202572 0.067067 
523691561609248 0.040548 0.140976 0.035547 
523691582178831 0.132140 0.104550 0.028692 
523691602747634 0.144000 0.091185 0.040277 
523691623315654 0.082596 0.118228 0.079424 
523691643884404 0.070570 0.146447 0.110354 
523691664453153 0.061894 0.142208 0.103965 
523691685021904 0.053430 0.131286 0.060800 
523691705590445 0.023712 0.161961 0.084671 
523691726159508 -0.013205 0.213690 0.092802 
523691746728311 -0.021750 0.214799 0.057295 
523691767296852 0.028879 0.067571 -0.027063 
523691787865758 0.098006 -0.054071 -0.098016 
523691808434873 0.004778 0.035817 -0.069976 
523691829003363 -0.083715 0.103515 -0.051662 
523691849572113 -0.100594 0.050155 -0.136660 
523691870140915 -0.026497 0.010754 -0.122790 
523691890710081 -0.053537 -0.011240 -0.024143 
523691911278415 -0.084931 0.003044 0.015083 
523691931847372 -0.057781 0.033220 -0.027232 
523691952416018 -0.041117 0.016951 -0.065076 
523691972984769 -0.007916 0.011411 -0.099647 
523691993553414 0.000364 0.029494 -0.050478 
523692014122581 0.001996 0.049656 0.017362 
523692034691331 0.023952 0.048905 0.020051 
523692055260133 0.091704 0.018787 -0.003717 
523692075828727 0.096406 -0.017881 -0.001781 
523692096397737 0.045912 -0.009869 0.028442 
523692116966487 0.034929 0.019104 0.045779 
523692137535550 0.044892 0.025869 0.046171 
523692158104560 0.077328 0.026404 0.035874 
523692178673363 0.070589 0.019748 -0.007498 
523692199242165 0.045164 0.032600 -0.020950 
523692219811226 0.038788 0.013549 -0.029679 
523692240379351 0.014357 -0.017225 -0.022909 
523692260948779 -0.014147 -0.046864 -0.015319 
523692281517581 -0.002808 0.010936 -0.021177 
523692302087112 0.007237 0.047923 0.026521 
523692322655549 0.153237 0.130054 0.136328 
523692343224351 0.207667 0.168937 0.163131 
523692363791955 0.182673 0.115145 0.144183 
523692384361019 0.230413 -0.046529 0.092364 
523692404929353 0.167724 -0.024423 0.026991 
523692425498206 -0.018994 -0.019384 0.020565 
523692446067061 -0.113437 -0.038601 0.006772 
523692466635810 -0.217431 0.124890 -0.039100 
523692487205601 -0.303422 0.066122 -0.121468 
523692507773883 -0.291358 0.005416 -0.284842 
523692528342373 -0.296103 -0.277225 -0.524909 
523692548911383 -1.693696 -0.006061 2.204727 
523692569480550 0.621987 -0.118777 -2.964314 
523692590049091 0.402174 0.286061 0.158656 
523692610618987 -0.253016 -0.241543 -0.480243 
523692631186852 0.161896 -0.407698 -0.261240 
523692651755498 0.148912 0.430020 0.430132 
523692672324404 0.134634 0.073730 0.118723 
523692692892789 -0.148345 0.278307 -0.009394 
523692713461748 0.075781 0.179561 0.247418 
523692734030497 0.268677 -0.273893 0.228969 
523692754599248 0.121620 0.083078 0.236403 
523692775168831 0.019895 -0.055358 0.243573 
523692795737685 0.159894 0.413249 0.371423 
523692816307632 0.130372 0.415465 0.213548 
523692836875810 0.247284 0.255724 -0.070076 
523692857444299 0.385783 0.126004 -0.028202 
523692878013154 -0.129680 0.412178 0.098909 
523692898581957 -0.645103 0.548466 0.142665 
523692919150133 -0.442787 0.205868 0.591097 
523692939718727 -0.192271 0.077166 1.162323 
523692960288622 0.054071 -0.859667 -0.047732 
523692980856226 -0.145750 -0.007186 0.253321 
523693001425393 -0.066136 -0.255798 -0.181304 
523693021993987 0.128626 -0.044896 -0.404896 
523693042562841 -0.290481 -0.514719 -0.464462 
523693063131538 -0.719455 0.154022 -0.399509 
523693083700915 -1.228595 -0.115593 0.204921 
523693104269404 -1.472501 0.487050 0.147094 
523693124838050 -1.601689 1.103988 0.327215 
523693145406851 -0.857215 0.167574 0.114366 
523693165976643 -0.420401 0.182021 -0.241275 
523693186545341 -0.419626 0.485270 -0.096433 
523693207113413 -0.221619 0.849912 0.200861 
523693227682164 0.223866 1.135570 0.076200 
523693248251903 0.920309 0.243788 -0.050672 
523693268820601 0.547700 0.713256 -0.129774 
523693289389769 0.398893 0.802689 0.203188 
523693309958571 0.826043 -0.051028 0.526040 
523693330527893 1.362212 -0.012675 0.433812 
523693351095862 1.360184 -1.461374 0.634063 
523693371665445 0.574369 0.909457 0.341692 
523693392234872 -0.190089 1.138112 0.782859 
523693412803049 -0.184969 0.761447 0.503075 
523693433371382 0.636673 -0.273304 0.156732 
523693453940549 0.410700 -0.969398 -0.856529 
523693474509404 0.236465 -0.262335 -0.791475 
523693495078779 0.085091 -0.766082 0.254252 
523693515647581 -0.198142 -0.781476 -0.110454 
523693536216122 -0.479890 -0.205524 -0.097674 
523693556783466 -1.106530 0.388469 0.294188 
523693577352841 -0.959084 0.440447 0.512589 
523693597920653 -0.524705 0.130668 0.289750 
523693618489924 -0.314191 -0.016592 -0.097477 
523693639058258 0.079503 0.199496 0.208103 
523693659627425 0.039721 -0.059735 0.347970 
523693680196695 -0.061457 -0.327169 -0.113740 
523693700765133 0.325324 -0.591643 -0.162694 
523693721333518 0.096919 -0.216242 -0.244630 
523693741902528 -0.053094 -0.048707 -0.006565 
523693762471383 -0.140079 -0.017821 -0.237981 
523693783042372 0.095953 0.430134 -0.576852 
523693803611227 0.598492 0.474485 -1.212332 
523693824179247 0.765823 0.393928 -0.989802 
523693844748257 0.458801 -0.280672 -0.373831 
523693865315810 0.405538 -0.725888 -0.258575 
523693885884559 0.067656 2.564830 -0.617760 
523693906453153 -1.839254 3.469172 1.326066 
523693927022008 -0.847788 3.106291 -0.881077 
523693947590601 0.368598 -3.957554 0.026749 
523693968160237 2.957457 -3.914561 -2.331847 
523693988729716 0.903648 -0.135156 0.121397 
523694009299091 -0.986672 0.908415 0.427460 
523694029868674 -0.051529 -1.951767 0.611638 
523694050435705 1.108764 -1.200355 0.253986 
523694071004559 -0.488048 1.675602 0.363015 
523694091572736 1.159327 -2.449412 -2.935060 
523694112142164 -0.452981 0.729848 3.123665 
523694132710498 -0.689982 1.981772 0.568699 
523694153280080 -0.912725 1.258296 -0.154972 
523694173848361 -0.599760 0.594816 -0.040275 
523694194417164 -0.528406 0.229169 -0.186767 
523694214985809 -0.242064 -0.166443 -0.230859 
523694235554663 0.311907 -0.262328 -0.066113 
523694256123570 0.232586 0.013495 -0.195735 
523694276692320 -0.024357 0.184147 -0.032878 
523694297261851 -0.277961 0.471302 -0.132172 
523694317830705 0.197662 0.215199 0.256169 
523694338400132 0.408741 -0.273886 0.906022 
523694358967840 0.328234 -0.483133 0.177530 
523694379536486 0.476083 -1.261635 0.041708 
523694400105131 1.632428 -2.703256 -0.783530 
523694420674716 0.976034 -0.922999 -0.027627 
523694441244143 -0.790998 1.328097 0.287202 
523694461815862 -1.650119 1.980439 0.758884 
523694482382476 -0.433123 0.954736 0.657697 
523694502950757 0.447460 -0.536112 -0.376186 
523694523519142 -0.431506 0.475789 0.074597 
523694544088413 0.095229 -0.376683 0.187834 
523694564656539 -0.066165 0.479064 -0.399989 
523694585225081 -0.258781 0.498526 0.257773 
523694605794247 -0.683443 0.491394 -0.105818 
523694626362788 -0.093916 0.387687 0.105323 
523694646932163 0.655467 -0.890970 -0.278031 
523694667501017 0.619988 -0.820125 -0.402615 
523694688070445 0.004194 0.089139 -0.656498 
523694708638414 -0.141460 0.268358 -0.440665 
523694729207788 0.626514 -0.428980 0.163976 
523694749776642 0.970883 -0.654119 0.545539 
523694770345340 0.373651 -0.493037 0.682380 
523694790913934 0.095389 -0.110178 -0.342392 
523694811483882 -0.148501 1.157373 0.635725 
523694832052633 -0.157141 1.362388 0.690726 
523694852621435 -0.509902 1.152506 0.378634 
523694873190289 -1.101589 1.549688 0.630729 
523694893758882 -0.895727 -0.009913 0.727182 
523694914327423 -1.102945 -0.408553 -0.477920 
523694934898517 -0.724593 1.308622 -1.390920 
523694955467319 -1.419046 1.132346 -1.076592 
523694976032736 -0.031014 -2.072770 -0.166091 
523694996601955 0.292096 -1.993528 -0.199100 
523695017170757 -0.397965 -1.435683 -0.264054 
523695037739976 -0.043359 -1.026382 -0.128809 
523695058309715 0.834274 -2.442419 -1.466344 
523695078877215 -1.184457 1.226694 0.145428 
523695099447477 -1.596533 0.828770 -0.192402 
523695120015757 -1.097999 5.150117 3.424868 
523695140583570 1.224969 0.971236 0.361563 
523695161152163 -2.647667 3.025024 3.055323 
523695181721695 4.007236 -0.366735 -4.327530 
523695202290549 3.654806 -3.890056 -0.962456 
523695222859506 2.324958 -0.631957 0.624972 
523695243427685 -1.160614 -3.888857 -0.176057 
523695263997059 -1.814237 0.004976 -0.076137 
523695284567788 -1.952971 1.267043 -0.311285 
523695305136642 -0.095593 2.442206 -0.438880 
523695325705132 0.275874 1.713267 0.327465 
523695346273986 0.120015 -0.291382 1.337290 
523695366841278 0.280324 -4.199970 -0.134396 
523695387410080 -0.900314 -5.586466 -1.345860 
523695407979247 2.208549 7.600861 -3.923645 
523695428548153 1.237080 5.279023 -0.036883 
523695449117475 -0.347811 1.038135 2.293925 
523695469686642 2.158977 0.952366 10.386650 
523695490254924 -3.454405 -0.188122 -1.241675 
523695510823778 -3.047932 -3.132840 -2.801605 
523695531392893 1.201482 -3.481262 -2.716277 
523695551961747 1.509280 -0.505547 0.637671 
523695572530288 0.752752 0.202235 0.508567 
523695593099037 0.281684 -1.568527 -1.313217 
523695613668049 2.356518 -1.063325 -0.923124 
523695634236694 7.583379 -2.179314 -3.868893 
523695654804767 3.744265 -5.561650 0.834938 
523695675373570 -4.075762 -3.626359 0.205281 
523695695943778 -9.020992 0.933598 3.568117 
523695716511486 -5.739501 1.283974 0.722994 
523695737080809 -1.943694 1.232787 0.300952 
523695757649976 -1.678294 1.027293 0.747619 
523695778218413 -2.759916 1.196621 0.890440 
523695798787476 -2.518734 0.893547 0.529012 
523695819357788 -0.096766 0.142308 -1.782666 
523695839926537 1.392372 -1.239614 -0.350170 
523695860495340 2.444918 -1.304634 -0.760546 
523695881064351 2.924598 -1.631828 -0.740153 
523695901631851 -0.890010 -4.482353 -0.392859 
523695922200965 0.367871 -2.878854 0.321373 
523695942769923 3.521509 0.886669 -0.494929 
523695963338777 2.839318 1.575404 -2.111892 
523695983907214 2.613287 1.248628 -0.372979 
523696004475914 -2.651656 0.451534 1.877860 
523696025045445 -0.599863 -0.183831 1.080093 
523696045613152 1.087281 0.652776 1.855806 
523696066181850 -0.078249 0.479184 0.548654 
523696086751173 0.142518 1.599772 -0.451424 
523696107320079 0.421411 0.811766 -0.177090 
523696127888569 0.555032 0.167669 -0.036569 
523696148457840 1.601163 -0.157592 0.009872 
523696169027007 1.971428 1.993918 -1.061404 
523696189595861 3.692290 2.602000 -1.177641 
523696210164610 6.115453 0.353790 -1.566697 
523696230732943 -4.558614 -1.051907 3.167529 
523696251302528 -3.113079 -1.422464 0.093757 
523696271870653 -5.301660 -1.122124 0.490021 
523696292440028 -7.364943 -1.274558 -0.744416 
523696313008882 -4.045394 -2.502903 -0.757679 
523696333578621 -3.748395 -2.417617 -0.364346 
523696354147579 -4.865903 -1.096825 1.052771 
523696374716486 2.508499 -1.590542 1.255220 
523696395284820 4.345698 1.822019 0.669434 
523696415853725 3.736469 1.253892 0.303481 
523696436422579 0.552256 -3.619836 -0.710964 
523696456991642 -0.815539 -3.691255 -2.119763 
523696477560079 -0.080330 -3.581399 -0.476523 
523696498130131 3.393216 -4.711060 1.319645 
523696518698986 3.798863 2.896132 0.447629 
523696539267007 4.043927 -1.224988 -2.417391 
523696559835600 2.666118 0.152550 -0.757788 
523696580405444 0.379883 0.854430 -0.423164 
523696600972631 -0.888040 1.747488 -0.802638 
523696621541850 -1.383441 -1.230015 1.836270 
523696642111069 -7.727840 -6.531926 -0.680658 
523696662680965 1.024734 1.774766 -4.160971 
523696683250131 -2.611333 -0.539449 0.612896 
523696703818621 2.718176 2.056652 -2.417658 
523696724385444 0.052926 -2.221361 -2.118907 
523696744954246 -1.515646 -3.408978 4.535269 
523696765523360 -3.915061 -4.269385 -5.969838 
523696786092006 -2.371345 -3.024496 -3.608710 
523696806662580 7.546444 1.040370 -0.661308 
523696827231433 13.506508 5.800576 -12.707594 
523696847800912 8.018418 3.343983 -10.976634 
523696868368933 4.878326 1.107095 -4.453909 
523696888937007 4.955805 1.396430 -0.660021 
523696909504038 5.620542 2.169739 0.360988 
523696930074142 5.823491 2.370598 0.758361 
523696950643152 3.512956 1.284793 1.846489 
523696971211954 -2.513255 -1.958868 3.547627 
523696991780704 -8.718563 -2.363746 4.622281 
523697012349351 -8.733047 -1.226725 4.227520 
523697032918204 -4.426587 -2.138631 0.953773 
523697053486902 -3.721560 -2.873892 -2.878200 
523697074055704 -6.426690 -5.098529 -5.841446 
523697094625913 -5.982531 -5.336264 -6.202105 
523697115194767 -2.242274 -3.176350 -3.003115 
523697135762787 -1.530112 -2.461492 -1.299129 
523697156331329 -2.376260 0.326207 -1.677340 
523697176899818 -0.784987 -0.040946 -1.891163 
523697197468413 3.361220 -0.732969 -0.774035 
523697218037579 4.408612 -0.823698 1.904092 
523697238606016 4.171314 -2.096180 5.245795 
523697259174975 3.068069 -3.084774 0.492401 
523697279743830 2.356147 -3.612094 -1.603954 
523697300313257 3.831394 -0.872674 -2.101000 
523697320881381 5.050891 1.816294 -0.585642 
523697341450756 1.330003 2.423002 -0.868279 
523697362019453 0.042172 -1.034577 -0.241381 
523697382588100 1.264759 -0.710020 -0.065640 
523697403156797 1.217612 -0.574734 -0.839979 
523697423725652 1.420666 -0.732166 -0.021066 
523697444294559 1.561152 -0.452857 0.346434 
523697464863673 -0.167507 -0.431998 0.425904 
523697485432527 0.132092 -0.284289 0.756955 
523697506002735 0.934508 -0.006577 -1.190847 
523697526570704 1.348633 0.039164 -1.474419 
523697547139559 -0.120370 -0.594497 -0.539023 
523697567708152 0.087021 0.257006 -1.466614 
523697588276798 -0.374740 0.084365 -0.375481 
523697608846590 -0.902967 0.372781 -0.695601 
523697629414766 -0.682616 0.118935 -0.669705 
523697649983308 -0.065692 0.289278 -0.492516 
523697670552162 -0.143543 -0.005710 -0.128470 
523697691122215 -0.016906 -0.031813 0.485420 
523697711690547 0.197703 -0.035553 0.864421 
523697732258673 0.326945 0.014425 0.990279 
523697752827527 0.324742 -0.517313 0.514452 
523697773398308 0.612369 -0.482406 0.238662 
523697793966381 0.191838 -0.522396 -0.046974 
523697814535809 -0.146319 -0.081220 0.041889 
523697835104715 -0.027659 -0.279723 0.072012 
523697855673360 -0.046802 0.027958 -0.079327 
523697876241954 -0.043900 0.384844 -0.343958 
523697896810078 -0.314636 0.390984 -0.184935 
523697917379141 -0.169167 -0.093519 0.031389 
523697937948255 0.142788 -0.144431 -0.242683 
523697958517423 -0.011013 0.047637 0.041683 
523697979086121 -0.192756 -0.112085 0.174670 
523697999654923 -0.111531 0.025707 0.014066 
523698020222995 -0.231450 0.069232 0.470669 
523698040792058 0.064910 0.091791 0.563934 
523698061360964 0.122547 -0.189614 0.206594 
523698081929662 0.225435 -0.181475 0.214907 
523698102498516 0.248686 -0.187037 0.155683 
523698123067370 -0.132505 -0.136305 0.101865 
523698143636642 -0.164508 -0.124664 0.054220 
523698164205808 -0.161281 -0.085827 -0.036198 
523698184777839 0.064579 -0.076795 0.052706 
523698205343880 0.170621 -0.159327 0.181504 
523698225912631 0.192944 -0.228571 0.020287 
523698246480965 0.048301 -0.138844 0.095541 
523698267049819 -0.025919 -0.114584 0.267008 
523698287618933 -0.009132 -0.087864 0.167680 
523698308187787 0.010451 -0.116384 -0.071737 
523698328756276 0.038756 -0.115032 -0.140864 
523698349325651 0.063276 -0.029032 -0.111225 
523698369894089 0.151688 -0.064390 -0.131261 
523698390462736 0.041180 -0.029476 -0.186127 
523698411030131 0.000917 -0.139157 -0.052309 
523698431598829 0.009948 -0.037446 -0.053619 
523698452168359 0.010414 -0.010431 0.071966 
523698472736797 -0.015133 -0.065277 -0.000323 
523698493305651 0.013849 -0.040812 0.134261 
523698513874766 0.119470 0.013305 0.193156 
523698534444610 0.060706 -0.026999 0.162572 
523698555014246 0.024221 -0.002947 0.178292 
523698575581120 0.019542 -0.092282 0.036542 
523698596149818 -0.056404 -0.086957 -0.055319 
523698616719245 0.005309 -0.043283 -0.136652 
523698637287578 0.028488 -0.013063 -0.067181 
523698657856538 -0.013800 -0.032930 0.056643 
523698678425964 0.069896 -0.051423 0.131669 
523698698994349 -0.013659 -0.067037 0.180971 
523698719564974 -0.003078 -0.049111 0.062303 
523698740134765 -0.032201 -0.002912 0.083246 
523698760701328 -0.056869 -0.033391 0.244232 
523698781272266 -0.021355 -0.044975 0.233234 
523698801841538 -0.016271 -0.074638 0.149431 
523698822408985 0.045487 -0.043547 -0.055867 
523698842977839 0.090087 -0.050982 0.060331 
523698863546433 0.148908 -0.132644 0.131538 
523698884115235 0.120794 -0.173112 0.215848 
523698904683463 -0.235324 -0.052709 -0.421100 
523698925251744 -0.124999 0.040387 -0.203006 
523698945820392 -0.094888 0.081690 -0.184084 
523698966389506 -0.027138 -0.040646 0.053983 
523698986958360 0.252255 0.122712 0.235196 
523699007528256 0.115779 -0.113800 0.390606 
523699028097109 -0.076165 0.053701 0.185800 
523699048665286 -0.228128 0.044065 -0.015075 
523699069233620 -0.225976 -0.046904 -0.075000 
523699089804558 -0.045750 0.023757 -0.073408 
