# Created at Thu Nov 07 18:47:27 EST 2019 in Burnaby Canada 
523691430931227 14.669221 184.386887 29.195402 
523691451027789 14.783250 183.542755 26.733570 
523691471027060 13.750365 184.513901 27.820532 
523691490921957 13.178596 185.787064 28.441952 
523691510917268 14.530066 185.252365 27.813480 
523691530923518 14.646765 184.112427 26.889030 
523691550917529 14.412690 186.246109 29.199121 
523691570923415 13.160146 185.068863 28.441650 
523691590924092 15.565620 183.985367 28.263899 
523691610918207 15.134025 184.832520 28.729921 
523691630923727 14.823150 184.536270 28.886490 
523691650923936 13.155120 185.073135 27.672901 
523691670923830 13.872090 183.369705 27.664831 
523691690917216 14.830200 184.970612 28.271669 
523691710919664 14.541136 185.683289 27.813662 
523691730923570 12.965955 183.192352 29.364841 
523691750923467 15.422430 184.413971 27.958050 
523691770923467 13.771485 184.936279 29.358212 
523691790923362 15.856366 183.418076 28.414471 
523691810969872 14.535090 185.248093 28.582232 
523691830969925 14.520677 184.966797 27.505859 
523691850923779 14.774505 182.522751 29.346901 
523691870916644 14.360715 184.822525 26.892271 
523691890917425 14.017620 182.792343 28.893120 
523691910921175 14.693716 185.540283 28.427132 
523691930923467 13.608855 185.087845 27.207241 
523691951130862 13.878481 184.098160 25.820129 
523691970923674 15.438525 184.840622 28.726980 
523691990923258 15.152475 185.550720 28.730221 
523692010916748 13.300650 184.495773 28.901190 
523692030923311 13.039440 186.652527 27.060030 
523692050923363 15.431490 184.846603 27.650732 
523692070923622 13.281870 183.924622 28.285950 
523692090923362 12.789900 182.621445 27.982321 
523692110924039 15.136380 185.124069 27.961290 
523692130939872 15.150466 185.552429 28.422722 
523692150923779 14.525702 184.962524 28.274611 
523692170934716 13.921396 185.089111 28.434301 
523692190934717 15.286951 184.982773 28.267260 
523692210925498 14.679630 185.111923 27.965700 
523692230924507 13.309710 184.928406 28.593870 
523692250917737 15.268500 184.264572 28.266960 
523692270917113 14.843625 185.693085 27.503220 
523692290924925 15.275535 184.258591 29.343210 
523692310924977 14.698741 185.536011 29.195881 
523692330924247 14.076330 185.237640 28.279140 
523692350924508 14.371755 184.372787 30.274590 
523692370917060 16.074030 186.008499 28.260330 
523692390917633 15.173941 186.266357 29.191771 
523692410917061 13.798335 186.381226 27.821310 
523692430922789 15.163890 186.274902 27.654272 
523692450917216 16.045530 185.298843 26.722530 
523692470917112 15.260460 184.271408 27.036961 
523692490917060 13.819140 187.390976 27.052980 
523692510917216 15.480796 186.566010 28.420200 
523692530928414 14.557576 186.403198 27.506460 
523692550928362 15.128355 185.571243 25.040220 
523692570918831 15.545145 182.828568 29.647171 
523692590917477 15.118590 184.111755 29.190872 
523692610917216 13.292624 184.942932 25.980120 
523692630918050 14.679630 185.111923 27.965700 
523692650924040 13.745340 184.518173 27.051781 
523692670923987 16.366125 185.733597 27.488520 
523692690923570 16.077061 186.446259 27.030512 
523692710917164 13.796326 186.382935 27.513809 
523692730923727 15.468390 186.283005 27.651331 
523692750923206 14.709150 186.261047 27.966181 
523692770923467 14.693716 185.540283 28.427132 
523692790924664 16.822876 185.745743 27.484110 
523692810918831 16.199776 184.860870 28.719631 
523692830921696 15.939555 186.576447 28.723291 
523692850918571 16.075695 185.713531 29.643961 
523692870932737 16.672964 185.592926 28.408022 
523692890936070 15.454306 185.854645 27.189901 
523692910936071 15.459331 185.850372 27.958651 
523692930917633 16.250101 187.019730 27.951780 
523692951124300 14.677620 185.113632 27.658201 
523692970918570 13.791300 186.387207 26.745060 
523692990917268 15.452295 185.856354 26.882401 
523693010923049 14.511271 184.240906 28.889311 
523693030923883 14.565975 187.129944 25.969259 
523693050923779 14.399625 186.257217 27.200371 
523693070923986 14.822505 185.270706 25.965540 
523693090924352 15.613275 186.440079 25.958670 
523693110917529 15.355725 187.859848 27.499710 
523693130923986 15.355725 187.859848 27.499710 
523693150917424 14.720565 186.985214 26.890232 
523693170917111 15.386940 189.594635 25.501680 
523693190918310 14.644800 189.998474 26.739210 
523693210918935 14.005950 188.980209 26.129671 
523693218026330 13.101180 189.535599 25.216230 
523693230917425 13.101180 189.535599 25.216230 
523693250917112 14.049240 191.145081 24.285570 
523693270917893 14.518050 191.146957 26.126162 
523693290918779 15.641505 193.621460 25.348141 
523693310924560 17.032547 194.227341 26.257650 
523693330924664 14.863831 193.321640 23.971621 
523693350917841 16.277687 194.935562 24.420300 
523693370924560 14.904751 194.754623 24.587219 
523693390925393 18.314970 197.287292 24.248400 
523693410919403 16.634867 197.394089 22.880880 
523693430924351 16.497030 197.671341 23.958721 
523693450924612 18.334442 198.444977 22.711380 
523693470925133 17.887756 198.864594 22.562222 
523693490925029 18.055771 199.442337 22.714741 
523693510918987 18.252287 200.729767 24.405060 
523693530925654 19.008856 201.047546 22.552830 
523693550917997 19.013536 200.750015 24.397709 
523693570920393 18.999466 200.761978 22.245209 
523693590923101 21.478050 201.964783 24.220921 
523693610928518 19.968632 202.353485 24.543299 
523693630928987 19.638645 201.633179 23.469690 
523693650916903 21.765797 201.840347 22.219170 
523693670923727 21.327496 202.546402 22.223879 
523693690918622 20.302666 203.951035 22.849770 
523693710917633 22.151129 204.715271 23.293680 
523693718001487 21.063917 203.971283 22.842421 
523693730923153 21.063917 203.971283 22.842421 
523693750924299 20.777882 205.121704 21.154591 
523693770923310 22.731960 203.874756 22.364941 
523693790918674 23.638741 203.317657 23.585880 
523693810920081 25.203165 204.790298 24.340530 
523693830924507 25.166265 203.353897 24.339930 
523693850918465 25.213560 205.075012 24.801901 
523693870917477 25.053600 204.930725 24.188311 
523693890923518 24.646156 206.637985 24.962191 
523693910919455 23.083096 205.898087 21.594091 
523693930917476 23.543880 206.347153 20.513611 
523693951124872 21.891617 207.457687 19.454010 
523693970940706 22.385595 208.759201 20.065142 
523693991283309 23.199526 211.229874 18.521311 
523694010918257 22.848391 209.206543 19.292162 
523694030926122 23.169333 209.934555 18.982019 
523694050920028 22.267904 210.340302 19.144770 
523694070918466 22.244429 209.626373 18.375719 
523694090924507 23.903072 208.803970 19.281691 
523694110917841 23.898706 208.514130 19.742821 
523694130924039 24.797430 207.523514 21.424829 
523694150924819 24.321554 206.646973 21.890131 
523694170924247 24.681406 208.809677 21.888090 
523694190924039 23.855762 206.642532 20.510790 
523694210917685 24.511036 207.940384 22.504200 
523694230923674 24.489916 207.517990 20.966520 
523694250923518 25.512047 205.528564 22.185389 
523694270923726 22.995914 208.187134 22.519020 
523694290917945 24.303764 205.634659 23.119711 
523694310928361 26.618370 206.696609 23.866831 
523694330921799 25.972816 205.537292 22.795980 
523694351218882 24.762856 205.498047 24.037741 
523694370917371 25.205521 205.081848 23.571899 
523694390917580 25.085474 206.371399 23.420160 
523694410921225 26.576101 204.971222 24.173611 
523694430918414 26.603941 205.974991 24.481529 
523694450925341 26.102913 204.239166 24.485220 
523694470927581 26.576101 204.971222 24.173611 
523694490925341 25.972816 205.537292 22.795980 
523694510919924 25.817205 205.242523 23.412331 
523694530924247 27.023130 204.844879 23.246641 
523694550924716 26.747129 205.546432 24.787380 
523694570924350 26.570730 204.682236 24.480989 
523694590917841 26.610991 206.409332 23.866711 
523694610922320 25.968796 205.540710 22.180979 
523694630923830 24.463379 205.485687 24.809431 
523694650917424 24.767221 205.787888 23.576611 
523694670917788 24.623703 206.363525 22.655821 
523694690918101 24.282961 204.624908 23.888041 
523694711190914 25.214579 205.514481 23.264580 
523694730971799 25.863165 207.111557 23.105612 
523694750918829 26.122726 205.690094 21.872070 
523694770918100 25.233376 206.525940 22.188749 
523694790917632 24.001606 205.477798 24.045090 
523694810917893 26.127752 205.685822 22.640820 
523694830925237 26.589525 205.693695 23.405161 
523694850925289 28.100611 205.010025 24.466410 
523694870925081 28.854481 204.742996 24.458939 
523694890924716 30.267345 206.798096 23.062801 
523694910917684 29.171732 205.327362 24.148741 
523694930924454 27.402090 207.431656 24.474779 
523694951134038 27.839731 207.019730 23.240191 
523694970920705 26.723656 204.832504 24.018332 
523694990917319 26.608320 206.705154 22.329330 
523695010930288 27.376604 206.719437 23.398230 
523695030918362 23.809772 203.892853 24.199650 
523695050921695 23.857426 206.347549 21.894421 
523695071129611 21.968040 204.150330 20.834911 
523695090964455 21.529396 204.563126 21.915751 
523695110918206 22.737690 204.897339 19.290361 
523695130921486 23.996925 205.775330 22.200209 
523695150916434 23.818861 205.206131 20.510189 
523695170959767 23.695456 206.204987 20.973331 
523695190917685 24.295725 205.641495 21.889709 
523695210917476 23.848381 206.355255 20.510670 
523695230923881 23.114326 208.073212 17.904991 
523695250923310 23.446650 208.644775 19.901039 
523695270917163 23.871197 207.363297 20.049841 
523695290923882 25.119061 208.838074 18.962429 
523695310919038 25.515421 206.259598 19.879440 
523695330918830 23.139812 208.785431 18.981541 
523695350918622 25.252186 207.977737 19.421850 
523695370922111 22.832954 208.485779 19.753109 
523695390917580 22.041195 207.757584 17.915161 
523695410919142 25.231726 207.261246 19.114050 
523695431096903 28.118414 206.462662 21.545761 
523695450964351 30.374325 210.083008 26.446680 
523695470968465 32.550751 206.565582 24.116880 
523695490918569 34.616207 209.774033 24.867840 
523695510928934 34.910656 209.790680 23.327400 
523695530924663 35.658134 208.795197 25.164631 
523695550917997 36.249363 208.239410 24.697260 
523695570924039 33.975002 208.464218 25.026930 
523695590923985 33.782177 207.320450 23.336670 
523695610924142 32.587997 208.295242 23.041351 
523695630924767 29.858234 208.800323 22.453051 
523695650923412 26.764919 206.558746 23.557800 
523695670923362 27.428896 202.992264 22.780199 
523695690923362 22.854015 202.583481 22.824181 
523695710917372 24.150795 199.600067 23.424690 
523695730916591 21.872416 199.828308 23.139360 
523695750917528 22.791286 200.141602 22.823160 
523695770920236 23.271511 200.867691 23.587799 
523695791036798 25.415417 201.207397 24.336090 
523695811037007 28.186769 202.281494 25.078800 
523695830946955 28.186769 202.281494 25.078800 
523695850919506 29.307871 204.464447 25.069410 
523695870918985 30.052681 203.764771 25.369261 
523695890925236 33.106743 204.278427 25.032539 
523695910917997 34.376717 205.734390 27.327629 
523695930923934 35.303310 206.628204 25.935421 
523695951133361 37.140705 206.961533 26.379150 
523695970923881 37.150410 206.659729 28.992781 
523695990924350 36.370052 206.215378 27.769951 
523696010917788 36.780167 204.212311 28.533451 
523696030924559 38.611546 204.991074 26.363609 
523696050924299 36.788563 204.939056 26.996250 
523696070916642 37.856308 204.525375 28.984531 
523696090916798 34.803272 204.451202 27.783930 
523696110917215 35.575935 205.195633 26.700632 
523696130917111 33.292530 205.428146 25.646549 
523696150990392 32.228790 205.398087 25.964342 
523696170990392 32.085274 205.973755 25.043550 
523696190917424 29.668051 206.480072 25.682310 
523696210917736 30.295500 207.214478 25.676731 
523696218014767 29.739136 203.764374 23.988451 
523696230917110 29.739136 203.764374 23.988451 
523696250923516 29.300837 204.470428 23.993160 
523696270923205 28.221659 203.719604 24.771900 
523696290923413 27.667683 206.005051 24.163740 
523696310917684 26.996281 203.399933 24.783541 
523696330924299 27.445980 202.977722 25.393951 
523696350925027 29.167021 204.744247 25.686001 
523696370924975 28.959089 202.732666 25.071630 
523696390924507 27.026791 204.107864 26.628839 
523696410922841 25.974810 205.095261 24.794550 
523696430918621 24.227610 202.470306 23.887140 
523696450918256 23.604197 202.172806 22.816650 
523696470919506 21.004200 201.526840 23.302650 
523696490918517 19.750666 200.790787 20.700359 
523696510954402 18.385111 200.897095 20.867401 
523696530954402 14.965185 198.666229 18.592590 
523696550918934 15.787155 201.130066 18.278761 
523696570918465 13.468515 199.631210 18.607712 
523696590920861 16.243561 200.848953 19.350481 
523696610918048 14.391405 199.941086 18.906509 
523696630918882 13.470540 200.069824 17.224140 
523696650924454 12.903781 200.898376 20.305380 
523696670918882 13.999065 202.516159 18.604502 
523696690926485 13.741185 204.082977 19.530602 
523696710919559 15.621856 206.140823 19.821301 
523696730923934 12.157710 208.510941 16.012381 
523696750917891 11.032636 212.215729 15.564450 
523696770923829 9.032640 212.914627 9.587610 
523696790920756 6.918270 214.164368 7.148730 
523696810917006 6.789165 215.021286 7.304310 
523696830918985 5.255295 215.577591 3.321750 
523696850943516 2.797140 214.210617 5.035980 
523696870918933 2.285040 212.043869 5.039490 
523696890918933 0.045570 213.706802 5.062260 
523696910916017 0.415470 211.297592 1.366830 
523696930922579 -2.071171 209.661301 -0.147810 
523696951165340 -2.911890 207.506973 -3.831360 
523696970923777 -2.776080 202.227753 -8.756520 
523696990917475 -3.196950 198.649170 -12.445080 
523697010917788 -3.923986 195.357483 -17.514330 
523697030923777 -4.015501 193.673981 -24.741301 
523697050923620 -1.686795 191.041260 -30.454710 
523697070923985 0.443700 186.535461 -35.859932 
523697090923412 2.682525 185.606964 -38.803650 
523697110918726 1.516830 182.287720 -41.100990 
523697130925809 5.707770 181.434967 -48.215073 
523697150923672 13.060425 184.526962 -52.743179 
523697170917110 17.750700 184.824371 -57.862442 
523697190917163 22.478519 185.823730 -60.060154 
523697210922007 23.228371 185.560120 -60.682621 
523697230927475 25.934311 184.047852 -59.787239 
523697250927475 26.469181 181.338303 -60.409264 
523697270917059 28.032570 177.367783 -61.657112 
523697290918309 26.727659 173.152725 -58.572094 
523697310917371 26.983515 171.147293 -58.114620 
523697330916537 26.540806 165.679153 -57.806461 
523697350917475 28.570711 167.743637 -57.978481 
523697370923568 28.677330 165.731583 -57.058292 
523697390917215 26.538795 165.680878 -58.113960 
523697410916954 24.591076 166.775620 -57.786873 
523697430922787 25.488464 165.932953 -56.873550 
523697450917163 26.084057 165.666992 -57.802052 
523697470917162 28.344646 164.426453 -56.287144 
523697490917267 27.601847 165.124405 -56.279491 
523697510918777 28.221930 166.011841 -57.976261 
523697530919350 26.483099 163.233002 -57.038734 
523697550917631 28.328550 163.999802 -57.056072 
523697570925340 27.709831 163.845108 -57.972752 
523697590931902 29.105896 164.446701 -56.294491 
523697610931902 28.903337 162.724091 -57.216240 
523697630919662 27.996210 162.987930 -57.361053 
523697650916797 28.963711 164.874420 -56.446590 
523697670916798 27.982124 162.559570 -57.822483 
523697690917006 30.425491 162.471344 -56.154812 
523697710917786 29.851049 164.040298 -57.070774 
523697730923672 28.007608 163.271790 -56.745930 
523697750923777 29.073360 163.300140 -56.756218 
523697770923621 29.209845 162.730484 -56.911682 
523697790918256 29.173607 160.999969 -55.682400 
523697810919142 29.156820 159.986786 -54.299072 
523697830925808 29.964376 162.169327 -55.689270 
523697850919610 30.375168 160.312469 -55.386963 
523697870918412 28.395916 160.259811 -55.367851 
523697890918204 30.491867 159.172516 -56.311413 
523697910918256 30.065626 159.868317 -54.461700 
523697930923308 30.367786 160.025177 -55.387081 
523697951125652 29.581051 159.292709 -56.456280 
523697971349037 32.021400 159.207031 -55.249859 
523697990918881 28.824827 159.268173 -55.680180 
523698010918412 31.108578 159.328934 -55.702229 
523698030917526 31.108578 159.328934 -55.702229 
523698050918308 32.636463 160.098740 -57.715382 
523698070918204 30.365776 160.026886 -55.694580 
523698090924350 32.623383 159.669556 -58.023060 
523698110919038 32.325901 159.215134 -55.252800 
523698130924245 31.080076 158.619293 -57.240028 
523698150924819 31.255127 159.191055 -56.011261 
523698170925079 31.250101 159.195328 -56.780010 
523698190921693 31.614302 161.207550 -55.552113 
523698210918308 32.201820 160.067795 -54.328472 
523698230931641 31.332254 156.910553 -58.473690 
523698250918724 30.004230 157.278534 -53.694031 
523698270918673 32.294369 158.067734 -55.560783 
523698290918048 30.773880 158.025528 -55.238579 
523698310925600 33.488552 157.092926 -55.265461 
523698331302735 32.711208 156.646042 -56.027039 
523698350919453 33.068699 158.517181 -55.260448 
523698370918672 33.816525 157.814957 -54.499348 
523698390917840 32.583107 157.502121 -55.717709 
523698410918621 33.671326 158.245255 -55.112701 
523698430916589 32.344349 159.933334 -55.252499 
523698450923256 32.344349 159.933334 -55.252499 
523698470923412 32.146816 158.206467 -55.405502 
523698490922891 31.853386 158.629288 -55.402382 
523698510917057 34.727684 157.988037 -55.430611 
523698530923776 33.362808 158.240570 -55.724762 
523698550919090 32.619659 158.645264 -54.640980 
523698570925913 31.551226 158.472412 -54.477001 
523698590916693 33.788025 157.105301 -56.037151 
523698610917579 34.270607 158.122955 -56.041138 
523698630916485 31.379551 158.631683 -58.011719 
523698650916953 33.105946 160.246857 -56.335983 
523698670917682 31.207157 157.323746 -56.012039 
523698691257682 33.662281 158.252945 -56.496449 
523698710917786 33.827938 158.539139 -55.575302 
523698718012630 33.648510 157.237213 -54.651871 
523698730920287 33.648510 157.237213 -54.651871 
523698750920755 34.400055 157.559265 -57.272850 
523698770918047 32.129383 157.927734 -56.943123 
523698790920131 32.572369 156.924133 -55.102951 
523698810928569 33.002281 155.931671 -55.261528 
523698830920964 34.243755 156.678009 -54.504238 
523698850925131 32.762192 158.510788 -55.565014 
523698870925079 33.787003 156.665848 -54.499828 
523698890925027 33.509357 158.102692 -56.033791 
523698910918203 35.041264 158.869095 -57.431942 
523698930924140 34.397701 157.267715 -56.504219 
523698951131121 33.655891 157.524490 -54.651752 
523698970917631 34.572750 157.839478 -55.275448 
523698990924402 33.650867 157.528763 -55.420502 
523699010918152 34.252819 157.110626 -54.811562 
523699030933932 33.334305 157.530914 -57.262562 
523699051212630 36.530884 157.469772 -56.832241 
523699070971381 33.955364 157.536865 -55.423443 
523699090923881 32.583107 157.502121 -55.717709 
523699110919766 33.966434 157.967789 -55.423260 
