# Created at Thu Nov 07 18:47:27 EST 2019 in Burnaby Canada 
523606720186279 1013.344727 
523606760184561 1013.332764 
523606800184091 1013.347656 
523606840184040 1013.354248 
523606880187425 1013.352539 
523606920184300 1013.370117 
523606960184092 1013.353760 
523607000184196 1013.358643 
523607040184092 1013.366211 
523607080184300 1013.299805 
523607120184040 1013.398682 
523607160184143 1013.306885 
523607200184925 1013.417480 
523607240183884 1013.350830 
523607280184092 1013.378906 
523607320183936 1013.306885 
523607360184040 1013.404053 
523607400184352 1013.374023 
523607440184092 1013.347168 
523607480184769 1013.332764 
523607520184820 1013.390137 
523607560184873 1013.329590 
523607600185081 1013.345459 
523607640185446 1013.340576 
523607680184404 1013.330078 
523607720184040 1013.350342 
523607760184092 1013.320313 
523607800185237 1013.353271 
523607840184925 1013.392334 
523607880184299 1013.518799 
523607920184664 1013.421143 
523607960184248 1013.374023 
523608000184560 1013.312012 
523608040184300 1013.353027 
523608080184820 1013.343018 
523608120185654 1013.435059 
523608160185081 1013.361084 
523608200184820 1013.399414 
523608240184612 1013.462402 
523608280185133 1013.433105 
523608320184247 1013.435791 
523608360184456 1013.412109 
523608400184612 1013.352051 
523608440184664 1013.366211 
523608480184664 1013.296875 
523608520184716 1013.291016 
523608560185133 1013.291260 
523608600186175 1013.370117 
523608640185445 1013.415771 
523608680185706 1013.470947 
523608720185705 1013.497559 
523608760186643 1013.553467 
523608800185914 1013.546387 
523608840185341 1013.360840 
523608880184664 1013.307373 
523608920184872 1013.354248 
523608960184768 1013.412354 
523609000184455 1013.457520 
523609040185080 1013.457520 
523609080184247 1013.340820 
523609120185184 1013.332764 
523609160185028 1013.451172 
523609200184924 1013.377686 
523609240184299 1013.308350 
523609280184820 1013.204346 
523609320186747 1013.254395 
523609360184456 1013.296631 
523609400184716 1013.175293 
523609440184247 1013.134521 
523609480185810 1013.204346 
523609520185341 1013.267578 
523609560185288 1013.354736 
523609600187632 1013.435547 
523609640185601 1013.800049 
523609680185341 1014.314209 
523609720186591 1014.427734 
523609760185340 1013.464111 
523609800186069 1013.166748 
523609840184715 1013.008789 
523609880184716 1013.230957 
523609920184871 1013.500488 
523609960185861 1013.944336 
523610000184767 1013.285400 
523610040184663 1012.812744 
523610080184976 1012.846191 
523610120184872 1012.973145 
523610160186226 1013.406006 
523610200185496 1013.812744 
523610240185132 1014.351807 
523610280184090 1014.481689 
523610320184299 1013.927002 
523610360184663 1012.873047 
523610400185028 1012.643799 
523610440185184 1013.076904 
523610480184299 1013.611084 
523610520184455 1013.364258 
523610560184090 1012.586670 
523610600186642 1012.410400 
523610640186799 1012.700195 
523610680184663 1012.960449 
523610720184768 1012.810059 
523610760184611 1013.492920 
523610800185392 1014.625000 
523610840184820 1013.909180 
523610880184871 1013.431885 
523610920184820 1013.066895 
523610960184299 1012.597900 
523611000184454 1012.906006 
523611040185392 1013.291992 
523611080185756 1013.417969 
523611120185080 1013.525879 
523611160185913 1013.175781 
523611200184924 1013.135498 
523611240185288 1013.395264 
523611280184923 1013.605713 
523611320184871 1013.165039 
523611360185496 1013.180176 
523611400184663 1013.275391 
523611440184507 1013.374268 
523611480184767 1013.289551 
523611520185340 1013.030762 
523611560184819 1013.268066 
523611600185652 1013.426514 
523611640185496 1013.513916 
523611680185548 1013.570801 
523611720186069 1013.470703 
523611760187058 1013.507080 
523611800186589 1013.575195 
523611840185340 1013.532715 
523611880185548 1013.441162 
523611920185548 1013.635254 
523611960184715 1013.086914 
523612000185444 1012.932617 
523612040184610 1012.862061 
523612080185548 1012.943604 
523612120185860 1013.064453 
523612160185548 1013.223877 
523612200185340 1013.335938 
523612240184559 1013.420410 
523612280186329 1013.444336 
523612320189454 1013.341064 
523612360184142 1013.286621 
523612400185548 1013.321289 
523612440185704 1013.426758 
523612480185339 1013.409424 
523612520184402 1013.512207 
523612560184142 1013.360352 
523612600184662 1013.380859 
523612640184506 1013.372559 
523612680184089 1013.341309 
523612720184349 1013.333008 
523612760184246 1013.369629 
523612800186069 1013.304688 
523612840184662 1013.289307 
523612880185444 1013.291748 
523612920185235 1013.319824 
523612960184714 1013.294434 
523613000185131 1013.370117 
523613040185131 1013.364258 
523613080184558 1013.333740 
523613120187006 1013.299072 
523613160185808 1013.312256 
523613200186641 1013.323975 
523613240185079 1013.351807 
523613280187058 1013.315674 
523613320184715 1013.379395 
523613360185079 1013.353027 
523613400185339 1013.360596 
523613440184558 1013.360596 
523613480184610 1013.323486 
523613520188672 1013.302246 
523613560185652 1013.316162 
523613600186902 1013.333496 
523613640186328 1013.320068 
523613680185964 1013.341309 
523613720184245 1013.328125 
523613760184506 1013.336182 
523613800184142 1013.345459 
523613840184871 1013.345459 
523613880184402 1013.341797 
523613920184401 1013.343994 
523613960184870 1013.342041 
523614000185808 1013.319092 
523614040186016 1013.355957 
523614080185027 1013.333984 
523614120186485 1013.352783 
523614160187318 1013.356201 
523614200185651 1013.362793 
523614240184974 1013.582031 
523614280184766 1013.664551 
523614320184506 1013.349609 
523614360184714 1013.122314 
523614400186849 1013.255371 
