# Created at Thu Nov 07 18:47:27 EST 2019 in Burnaby Canada 
523691397059769 -0.807620 -0.430645 -0.360620 0.179576 
523691417628571 -0.810995 -0.424333 -0.362130 0.176323 
523691438196384 -0.810935 -0.424339 -0.362411 0.176009 
523691458765186 -0.815322 -0.415651 -0.364625 0.171852 
523691479333987 -0.816690 -0.412746 -0.365603 0.170270 
523691499902737 -0.814905 -0.416021 -0.365297 0.171508 
523691520471696 -0.813230 -0.418963 -0.365164 0.172575 
523691541040446 -0.815223 -0.414841 -0.366449 0.170391 
523691561610030 -0.810135 -0.424513 -0.364709 0.174519 
523691582178832 -0.810017 -0.424434 -0.365121 0.174400 
523691602746852 -0.810062 -0.424000 -0.365610 0.174221 
523691623315602 -0.808250 -0.427197 -0.365236 0.175607 
523691643884299 -0.807396 -0.428610 -0.365203 0.176158 
523691664452893 -0.808665 -0.426074 -0.365949 0.174939 
523691685021643 -0.813050 -0.417636 -0.367816 0.170999 
523691705590758 -0.812788 -0.418262 -0.367566 0.171253 
523691726159561 -0.813621 -0.416789 -0.367657 0.170692 
523691746728154 -0.812696 -0.418826 -0.366913 0.171713 
523691767296956 -0.812579 -0.419391 -0.366410 0.171958 
523691787865811 -0.812755 -0.419272 -0.366143 0.171988 
523691808434613 -0.812946 -0.419004 -0.366050 0.171937 
523691829003311 -0.812553 -0.419891 -0.365707 0.172356 
523691849572113 -0.813021 -0.419173 -0.365625 0.172072 
523691870140863 -0.814029 -0.417237 -0.365951 0.171315 
523691890709665 -0.816259 -0.412776 -0.366911 0.169451 
523691911278414 -0.818440 -0.408375 -0.367846 0.167557 
523691931847216 -0.819969 -0.405230 -0.368539 0.166190 
523691952415862 -0.824490 -0.395883 -0.370477 0.161989 
523691972984664 -0.822304 -0.400322 -0.369682 0.163990 
523691993553727 -0.818934 -0.406981 -0.368529 0.167034 
523692014122529 -0.819251 -0.406107 -0.368940 0.166695 
523692034691174 -0.817663 -0.409086 -0.368558 0.168052 
523692055259977 -0.816658 -0.410852 -0.368429 0.168909 
523692075828883 -0.819119 -0.405717 -0.369648 0.166727 
523692096397685 -0.824664 -0.394170 -0.372066 0.161637 
523692116967008 -0.822777 -0.397984 -0.371427 0.163365 
523692137535810 -0.819728 -0.404173 -0.370268 0.166107 
523692158104561 -0.818801 -0.406029 -0.369949 0.166864 
523692178673363 -0.818373 -0.406938 -0.369735 0.167218 
523692199241747 -0.817010 -0.409729 -0.369144 0.168373 
523692219810549 -0.816453 -0.410894 -0.368879 0.168817 
523692240380029 -0.816524 -0.410764 -0.368887 0.168771 
523692260948779 -0.817069 -0.409780 -0.368942 0.168406 
523692281517945 -0.817396 -0.409191 -0.368973 0.168184 
523692302086747 -0.817224 -0.409465 -0.368979 0.168338 
523692322654403 -0.816714 -0.410279 -0.368996 0.168792 
523692343223205 -0.816554 -0.410557 -0.368987 0.168911 
523692363791748 -0.815450 -0.412990 -0.368239 0.169942 
523692384360602 -0.814294 -0.415455 -0.367390 0.171309 
523692404929404 -0.813166 -0.417900 -0.366536 0.172548 
523692425498206 -0.812824 -0.419078 -0.365744 0.172979 
523692446067008 -0.812615 -0.420214 -0.364777 0.173248 
523692466636279 -0.812303 -0.421617 -0.363841 0.173272 
523692487205081 -0.812843 -0.421281 -0.363376 0.172530 
523692507773831 -0.813090 -0.421655 -0.363037 0.171159 
523692528342633 -0.815449 -0.417509 -0.369629 0.155250 
523692548911487 -0.814485 -0.420828 -0.365983 0.159922 
523692569480341 -0.814233 -0.419801 -0.367011 0.161539 
523692590049248 -0.812836 -0.421313 -0.367502 0.163511 
523692610618050 -0.813314 -0.421310 -0.366752 0.162823 
523692631186799 -0.813641 -0.421686 -0.365015 0.164112 
523692651755602 -0.813121 -0.422265 -0.364335 0.166693 
523692672324144 -0.811990 -0.424351 -0.363559 0.168593 
523692692892946 -0.811269 -0.426167 -0.362510 0.169737 
523692713461644 -0.810532 -0.427205 -0.361764 0.172222 
523692734030498 -0.809792 -0.428641 -0.361280 0.173150 
523692754600029 -0.809098 -0.430745 -0.360358 0.173094 
523692775168831 -0.808734 -0.432431 -0.359158 0.173083 
523692795738206 -0.807368 -0.435402 -0.358001 0.174406 
523692816307008 -0.806012 -0.437785 -0.357515 0.175705 
523692836875549 -0.803803 -0.441241 -0.357602 0.176995 
523692857444351 -0.801557 -0.444910 -0.357899 0.177395 
523692878012529 -0.799371 -0.448399 -0.358630 0.177000 
523692898581331 -0.797710 -0.450888 -0.359617 0.176166 
523692919151018 -0.795452 -0.454044 -0.360272 0.176930 
523692939719820 -0.791888 -0.458453 -0.360681 0.180676 
523692960287737 -0.790746 -0.460030 -0.360850 0.181328 
523692980856591 -0.788666 -0.463216 -0.360669 0.182631 
523693001425237 -0.787450 -0.464941 -0.360338 0.184144 
523693021994039 -0.787285 -0.465038 -0.359665 0.185911 
523693042563258 -0.787872 -0.464497 -0.358076 0.187834 
523693063132060 -0.788680 -0.463318 -0.356930 0.189529 
523693083700966 -0.790375 -0.460218 -0.356482 0.190859 
523693104269247 -0.791126 -0.457549 -0.355786 0.195411 
523693124838049 -0.790529 -0.456172 -0.354540 0.203158 
523693145407685 -0.790667 -0.453229 -0.353605 0.210697 
523693165976487 -0.792133 -0.449145 -0.351820 0.216835 
523693186544560 -0.792935 -0.447441 -0.348334 0.222966 
523693207113362 -0.791969 -0.447085 -0.344801 0.232405 
523693227682945 -0.792116 -0.444509 -0.342194 0.240556 
523693248251799 -0.792349 -0.441990 -0.339687 0.247870 
523693268820966 -0.792038 -0.440623 -0.336556 0.255455 
523693289389769 -0.791568 -0.439549 -0.332932 0.263388 
523693309958206 -0.791010 -0.439177 -0.328414 0.271240 
523693330527060 -0.790958 -0.440703 -0.321672 0.276935 
523693351097216 -0.791815 -0.439433 -0.314965 0.284120 
523693371666070 -0.791683 -0.440606 -0.307869 0.290382 
523693392233726 -0.790174 -0.443707 -0.300336 0.297570 
523693412802528 -0.790149 -0.443543 -0.296757 0.301444 
523693433371799 -0.790983 -0.444265 -0.289986 0.304767 
523693453940601 -0.792406 -0.445224 -0.282033 0.307126 
523693474509925 -0.793195 -0.445257 -0.277362 0.309287 
523693495078779 -0.793962 -0.443844 -0.275020 0.311434 
523693515645810 -0.794950 -0.443293 -0.272104 0.312258 
523693536214664 -0.795735 -0.443397 -0.268854 0.312926 
523693556782997 -0.796545 -0.443254 -0.265470 0.313955 
523693577351799 -0.797782 -0.442427 -0.261310 0.315467 
523693597920601 -0.798169 -0.443736 -0.254550 0.318166 
523693618489403 -0.799143 -0.443810 -0.247692 0.321017 
523693639059039 -0.800346 -0.442706 -0.243040 0.323093 
523693659627841 -0.801213 -0.442184 -0.238395 0.325113 
523693680195862 -0.802025 -0.441591 -0.234002 0.327103 
523693700764664 -0.801922 -0.441958 -0.230386 0.329419 
523693721333727 -0.799675 -0.445720 -0.226116 0.332754 
523693741902529 -0.799252 -0.446473 -0.223546 0.334494 
523693762473570 -0.799134 -0.447792 -0.219543 0.335661 
523693783042372 -0.799183 -0.449855 -0.214422 0.336097 
523693803610601 -0.798959 -0.452528 -0.209522 0.336132 
523693824178154 -0.797012 -0.456272 -0.206097 0.337803 
523693844747008 -0.796221 -0.456711 -0.205096 0.339680 
523693865315497 -0.794477 -0.457595 -0.203558 0.343479 
523693885884351 -0.789071 -0.461175 -0.202432 0.351719 
523693906452893 -0.779567 -0.462995 -0.203431 0.369495 
523693927021747 -0.772632 -0.459421 -0.203115 0.388222 
523693947592059 -0.773264 -0.449827 -0.203283 0.397988 
523693968160862 -0.773466 -0.445440 -0.206121 0.401058 
523693988731018 -0.770097 -0.446754 -0.206969 0.405618 
523694009299872 -0.766048 -0.449331 -0.204489 0.411650 
523694029866851 -0.764803 -0.447146 -0.203587 0.416761 
523694050435705 -0.766964 -0.452510 -0.203736 0.406809 
523694071004507 -0.772714 -0.464030 -0.199984 0.384183 
523694091573309 -0.776845 -0.472011 -0.194073 0.368855 
523694112142372 -0.774762 -0.477475 -0.188755 0.368962 
523694132711226 -0.771203 -0.482518 -0.185606 0.371446 
523694153279508 -0.769094 -0.485140 -0.184279 0.373061 
523694173848310 -0.766722 -0.488540 -0.182877 0.374196 
523694194417528 -0.765035 -0.490961 -0.182647 0.374592 
523694214985809 -0.762546 -0.494818 -0.181630 0.375085 
523694235554663 -0.760381 -0.499083 -0.180547 0.374351 
523694256123518 -0.758641 -0.503457 -0.179968 0.372298 
523694276692997 -0.756506 -0.510221 -0.178414 0.368159 
523694297261851 -0.757046 -0.514926 -0.176081 0.361564 
523694317830184 -0.756501 -0.520645 -0.172585 0.356158 
523694338398986 -0.756079 -0.524575 -0.170075 0.352476 
523694358967475 -0.755879 -0.527304 -0.168545 0.349556 
523694379536329 -0.756491 -0.529699 -0.167445 0.345113 
523694400106434 -0.755897 -0.532763 -0.166362 0.342209 
523694420675289 -0.752891 -0.536761 -0.166006 0.342759 
523694441244820 -0.748049 -0.542516 -0.165238 0.344667 
523694461813674 -0.744486 -0.545232 -0.163981 0.348673 
523694482381434 -0.741063 -0.548045 -0.162374 0.352287 
523694502950288 -0.739798 -0.550363 -0.161637 0.351672 
523694523518829 -0.737708 -0.553107 -0.161058 0.352023 
523694544087372 -0.736076 -0.554921 -0.160360 0.352901 
523694564656227 -0.733193 -0.558225 -0.158813 0.354389 
523694585225080 -0.729569 -0.561670 -0.158758 0.356445 
523694605793934 -0.725091 -0.566684 -0.158885 0.357585 
523694626363361 -0.721601 -0.570498 -0.158032 0.358958 
523694646932163 -0.720054 -0.571823 -0.156653 0.360556 
523694667500705 -0.717812 -0.573753 -0.154227 0.362998 
523694688069560 -0.714738 -0.576936 -0.151581 0.365126 
523694708638986 -0.713399 -0.577914 -0.150379 0.366693 
523694729207788 -0.711688 -0.578455 -0.148685 0.369842 
523694749776226 -0.708654 -0.578978 -0.146479 0.375684 
523694770345080 -0.708094 -0.578751 -0.143794 0.378119 
523694790914976 -0.708621 -0.580386 -0.140587 0.375825 
523694811483830 -0.711280 -0.582815 -0.136802 0.368366 
523694832052581 -0.717314 -0.583625 -0.130845 0.357382 
523694852621435 -0.722170 -0.584709 -0.122141 0.348809 
523694873189715 -0.721619 -0.586554 -0.117036 0.348602 
523694893758569 -0.717919 -0.588000 -0.117954 0.353462 
523694914329663 -0.713690 -0.588781 -0.122730 0.359055 
523694934898517 -0.707118 -0.591645 -0.129141 0.365051 
523694955464246 -0.704410 -0.593506 -0.131131 0.366554 
523694976033101 -0.703889 -0.592203 -0.133815 0.368687 
523694996602268 -0.695920 -0.597148 -0.138028 0.374242 
523695017171122 -0.680090 -0.608603 -0.148044 0.381002 
523695037739559 -0.670696 -0.613270 -0.157422 0.386375 
523695058308361 -0.665607 -0.616375 -0.165684 0.386780 
523695078878048 -0.662552 -0.622802 -0.161424 0.383516 
523695099446903 -0.662741 -0.624104 -0.158189 0.382418 
523695120014455 -0.657731 -0.626718 -0.156423 0.387486 
523695140583309 -0.661517 -0.626403 -0.142697 0.386849 
523695161152841 -0.660717 -0.622927 -0.142784 0.393737 
523695181721695 -0.655984 -0.625942 -0.135835 0.399288 
523695202290028 -0.658433 -0.621235 -0.129886 0.404554 
523695222858830 -0.659710 -0.615805 -0.130723 0.410460 
523695243428362 -0.664771 -0.607806 -0.132664 0.413585 
523695263998934 -0.665927 -0.606071 -0.129984 0.415119 
523695284567788 -0.666083 -0.607080 -0.126414 0.414496 
523695305136278 -0.662124 -0.612055 -0.122075 0.414822 
523695325705132 -0.661050 -0.611299 -0.125644 0.416582 
523695346272371 -0.660058 -0.608680 -0.131598 0.420136 
523695366841226 -0.662285 -0.605194 -0.134875 0.420627 
523695387410497 -0.680330 -0.597478 -0.131171 0.403688 
523695407979351 -0.696903 -0.595005 -0.117448 0.382755 
523695428548934 -0.720506 -0.580867 -0.104373 0.364102 
523695449117788 -0.738088 -0.566597 -0.090545 0.354958 
523695469686069 -0.740520 -0.564048 -0.080966 0.356265 
523695490254924 -0.744308 -0.562762 -0.071594 0.352389 
523695510824039 -0.750824 -0.559005 -0.065164 0.345732 
523695531392893 -0.750624 -0.558415 -0.065477 0.347058 
523695551961329 -0.747505 -0.559808 -0.068557 0.350929 
523695572530183 -0.742592 -0.563559 -0.073119 0.354418 
523695593098985 -0.735655 -0.568977 -0.081035 0.358482 
523695613667840 -0.720675 -0.584682 -0.098909 0.359154 
523695634235862 -0.690167 -0.613331 -0.130048 0.361360 
523695654804716 -0.664917 -0.639569 -0.154269 0.353608 
523695675373778 -0.648700 -0.664026 -0.159604 0.335834 
523695695942632 -0.637303 -0.676693 -0.164054 0.330179 
523695716512267 -0.629836 -0.684532 -0.164775 0.327980 
523695737081122 -0.625134 -0.691043 -0.161079 0.325147 
523695757649768 -0.625062 -0.693843 -0.152046 0.323670 
523695778218622 -0.630050 -0.692793 -0.137502 0.322750 
523695798788829 -0.640375 -0.688101 -0.120592 0.319209 
523695819357683 -0.654027 -0.681048 -0.103100 0.312718 
523695839926642 -0.670284 -0.669630 -0.086912 0.307833 
523695860495497 -0.682428 -0.661899 -0.071563 0.301762 
523695881063257 -0.692839 -0.653554 -0.057896 0.299149 
523695901632111 -0.706279 -0.640788 -0.046934 0.297252 
523695922201121 -0.714123 -0.632289 -0.042941 0.297314 
523695942769923 -0.712259 -0.636824 -0.043437 0.291986 
523695963338361 -0.706136 -0.645506 -0.043643 0.287731 
523695983907736 -0.699794 -0.653852 -0.044171 0.284281 
523696004476591 -0.696921 -0.657661 -0.041912 0.282890 
523696025044142 -0.694593 -0.658816 -0.043123 0.285732 
523696045612996 -0.688904 -0.662245 -0.043837 0.291412 
523696066182371 -0.683705 -0.664461 -0.044395 0.298442 
523696086751225 -0.676587 -0.668788 -0.046748 0.304576 
523696107320131 -0.668784 -0.672396 -0.053223 0.312697 
523696127888986 -0.658185 -0.677444 -0.061365 0.322640 
523696148458465 -0.644928 -0.684773 -0.069118 0.332229 
523696169027007 -0.627633 -0.696959 -0.073627 0.338976 
523696189595235 -0.603380 -0.719216 -0.076024 0.335977 
523696210164089 -0.580442 -0.738988 -0.081419 0.332196 
523696230732996 -0.565948 -0.751766 -0.081733 0.328435 
523696251301799 -0.555705 -0.759538 -0.081516 0.328098 
523696271871174 -0.555248 -0.760011 -0.080761 0.327964 
523696292440028 -0.557848 -0.760947 -0.074046 0.322928 
523696313009871 -0.566717 -0.756810 -0.067239 0.318667 
523696333578725 -0.580901 -0.742427 -0.068092 0.326679 
523696354147111 -0.594115 -0.724409 -0.074611 0.341604 
523696374715966 -0.601519 -0.708214 -0.087342 0.359135 
523696395284871 -0.593930 -0.705331 -0.099180 0.374057 
523696415853725 -0.586834 -0.701623 -0.111446 0.388499 
523696436422423 -0.586090 -0.693053 -0.127168 0.400006 
523696456991277 -0.589320 -0.682864 -0.140040 0.408397 
523696477561277 -0.594725 -0.670729 -0.149806 0.417112 
523696498130131 -0.593597 -0.657180 -0.160312 0.435955 
523696518697892 -0.578473 -0.665646 -0.158696 0.443961 
523696539266746 -0.567197 -0.672449 -0.159773 0.447853 
523696559834923 -0.554933 -0.684168 -0.155621 0.446928 
523696580403777 -0.543322 -0.692730 -0.150495 0.449754 
523696600973308 -0.532113 -0.702813 -0.138478 0.451370 
523696621542162 -0.529407 -0.709108 -0.120005 0.449992 
523696642112423 -0.536638 -0.707044 -0.099249 0.449731 
523696662681277 -0.526002 -0.714728 -0.066032 0.456208 
523696683247736 -0.518543 -0.702583 -0.041677 0.485545 
523696703816537 -0.505730 -0.690759 -0.024657 0.516217 
523696724385391 -0.494919 -0.669499 -0.009802 0.553832 
523696744954350 -0.488137 -0.640224 0.005458 0.593132 
523696765523152 -0.489458 -0.619100 0.018546 0.613842 
523696786093725 -0.486315 -0.594472 0.028985 0.639735 
523696806662579 -0.473969 -0.586311 0.030421 0.656253 
523696827231225 -0.451269 -0.601834 0.025808 0.658397 
523696847800079 -0.439741 -0.610053 0.001501 0.659136 
523696868366381 -0.437125 -0.606490 -0.041051 0.662877 
523696888935236 -0.434632 -0.596707 -0.095811 0.667724 
523696909505444 -0.427220 -0.585956 -0.160351 0.669646 
523696930074298 -0.411974 -0.573191 -0.233277 0.668814 
523696950642996 -0.391438 -0.553725 -0.308716 0.666978 
523696971211850 -0.367460 -0.524456 -0.376671 0.669357 
523696991780495 -0.338360 -0.491234 -0.430162 0.677615 
523697012349350 -0.297782 -0.462119 -0.472036 0.689169 
523697032918048 -0.252266 -0.442276 -0.506584 0.695791 
523697053486902 -0.206572 -0.428603 -0.532232 0.700254 
523697074057059 -0.170680 -0.413023 -0.552327 0.703715 
523697094625913 -0.139887 -0.379664 -0.571177 0.714174 
523697115193620 -0.106786 -0.322991 -0.589453 0.732679 
523697135762474 -0.074531 -0.262840 -0.602159 0.750177 
523697156330757 -0.047560 -0.219903 -0.604789 0.763945 
523697176899611 -0.029653 -0.198123 -0.606769 0.769220 
523697197468308 -0.014692 -0.196911 -0.606804 0.769934 
523697218037162 0.005906 -0.209124 -0.606297 0.767226 
523697238606121 0.039255 -0.223595 -0.611401 0.758058 
523697259174975 0.076924 -0.242500 -0.610704 0.749878 
523697279743673 0.099647 -0.268357 -0.606143 0.742055 
523697300312527 0.118179 -0.280782 -0.601177 0.738771 
523697320881797 0.131787 -0.283697 -0.595235 0.740164 
523697341450651 0.137103 -0.288659 -0.588106 0.742974 
523697362019089 0.137074 -0.298500 -0.584915 0.741609 
523697382587943 0.135739 -0.307864 -0.582634 0.739819 
523697403157058 0.139299 -0.309306 -0.577374 0.742674 
523697423726017 0.146774 -0.305342 -0.571351 0.747517 
523697444294871 0.152340 -0.303342 -0.565934 0.751328 
523697464865027 0.158263 -0.301937 -0.560805 0.754509 
523697485433881 0.165028 -0.300298 -0.557082 0.756470 
523697506001850 0.174640 -0.297414 -0.546938 0.762827 
523697526570704 0.186365 -0.290279 -0.533644 0.772159 
523697547139090 0.192864 -0.284410 -0.528928 0.775983 
523697567707944 0.201561 -0.278753 -0.520124 0.781755 
523697588277110 0.209082 -0.274529 -0.510665 0.787490 
523697608845912 0.214806 -0.271514 -0.499348 0.794223 
523697629414454 0.218460 -0.268669 -0.489431 0.800343 
523697649983308 0.220944 -0.265653 -0.479689 0.806543 
523697670552838 0.223475 -0.262692 -0.469833 0.812593 
523697691121693 0.229144 -0.259383 -0.454135 0.820960 
523697711689871 0.234223 -0.260263 -0.445060 0.824211 
523697732258673 0.239893 -0.261299 -0.438484 0.825776 
523697752828673 0.246864 -0.262033 -0.431695 0.827065 
523697773397527 0.254395 -0.261202 -0.425055 0.828483 
523697793967058 0.260676 -0.259067 -0.420463 0.829544 
523697814535913 0.266650 -0.257279 -0.417316 0.829791 
523697835104246 0.273709 -0.254609 -0.410696 0.831617 
523697855673100 0.279963 -0.252453 -0.402858 0.834022 
523697876241433 0.284457 -0.249549 -0.394416 0.837404 
523697896810287 0.288243 -0.246517 -0.386238 0.840813 
523697917379766 0.291378 -0.245326 -0.380524 0.842684 
523697937948568 0.293504 -0.243313 -0.373514 0.845660 
523697958517215 0.295291 -0.240234 -0.367082 0.848730 
523697979086069 0.296904 -0.235336 -0.360176 0.852489 
523697999654350 0.297432 -0.231685 -0.354698 0.855596 
523698020223204 0.299675 -0.228181 -0.348213 0.858415 
523698040792006 0.303341 -0.224939 -0.341457 0.860694 
523698061360808 0.308081 -0.220809 -0.332287 0.863664 
523698081929661 0.312108 -0.217874 -0.326205 0.865280 
523698102498516 0.315969 -0.213449 -0.317797 0.868106 
523698123068152 0.318868 -0.209512 -0.311546 0.870268 
523698143636954 0.321752 -0.206803 -0.305705 0.871925 
523698164205235 0.324708 -0.205684 -0.300626 0.872859 
523698184774922 0.327702 -0.204033 -0.294913 0.874076 
523698205343776 0.330542 -0.201456 -0.288809 0.875641 
523698225912163 0.332903 -0.199042 -0.283662 0.876980 
523698246480965 0.334937 -0.197193 -0.279331 0.878013 
523698267050079 0.336155 -0.197447 -0.279751 0.877356 
523698287618933 0.338133 -0.196207 -0.276504 0.877903 
523698308187995 0.339929 -0.194536 -0.272914 0.878705 
523698328756849 0.341848 -0.191739 -0.267193 0.880332 
523698349325027 0.343745 -0.188478 -0.261456 0.882018 
523698369893882 0.345697 -0.185199 -0.254924 0.883860 
523698390461173 0.347653 -0.182542 -0.249519 0.885187 
523698411029975 0.349511 -0.179146 -0.242436 0.887115 
523698431599089 0.350507 -0.177642 -0.238939 0.887973 
523698452167943 0.351148 -0.176336 -0.236189 0.888716 
523698472737109 0.351654 -0.175092 -0.233954 0.889352 
523698493305963 0.352163 -0.174366 -0.232382 0.889706 
523698513876538 0.353231 -0.172609 -0.227933 0.890775 
523698534445392 0.357141 -0.165549 -0.209993 0.894956 
523698555012162 0.358193 -0.165019 -0.208870 0.894897 
523698575581016 0.358994 -0.164706 -0.208231 0.894782 
523698596149870 0.359636 -0.163320 -0.205999 0.895295 
523698616718724 0.360257 -0.161686 -0.202321 0.896180 
523698637288307 0.360406 -0.160422 -0.199933 0.896883 
523698657857110 0.360368 -0.158945 -0.197740 0.897647 
523698678427266 0.360261 -0.158230 -0.197024 0.897974 
523698698996120 0.360442 -0.156993 -0.195475 0.898457 
523698719563672 0.360947 -0.155252 -0.191889 0.899329 
523698740132474 0.360971 -0.154520 -0.190844 0.899668 
523698760703829 0.360970 -0.153980 -0.190708 0.899790 
523698781272683 0.362377 -0.151105 -0.184064 0.901094 
523698801840183 0.362557 -0.150860 -0.184085 0.901058 
523698822408985 0.362812 -0.149894 -0.182590 0.901421 
523698842977579 0.363395 -0.148156 -0.180240 0.901946 
523698863546433 0.364134 -0.145055 -0.177630 0.902670 
523698884114140 0.366041 -0.140872 -0.175330 0.903011 
523698904682735 0.368976 -0.139782 -0.174558 0.902135 
523698925251589 0.370206 -0.139907 -0.173012 0.901909 
523698945820652 0.369302 -0.138898 -0.171577 0.902710 
523698966389506 0.367157 -0.137860 -0.171505 0.903757 
523698986959453 0.365313 -0.135761 -0.168815 0.905327 
523699007528307 0.364579 -0.135732 -0.169434 0.905511 
523699028095912 0.364481 -0.137767 -0.171366 0.904880 
523699048664766 0.363667 -0.139478 -0.173256 0.904585 
523699069235755 0.362998 -0.140494 -0.173080 0.904731 
