# Created at Thu Nov 07 17:58:21 EST 2019 in Burnaby Canada 
520745235075478 0.000000 0.000000 0.000000 
520745255642821 0.000000 0.000000 0.000000 
520745276210478 0.000000 0.000000 0.000000 
520745296778446 0.000000 0.000000 0.000000 
520745317347040 0.000000 0.000000 0.000000 
520745337915269 0.000000 0.000000 0.000000 
520745358484592 0.000000 0.000000 0.000000 
520745379052300 0.000000 0.000000 0.000000 
520745399620009 0.000000 0.000000 0.000000 
520745420188134 0.000000 0.000000 0.000000 
520745440756883 0.000000 0.000000 0.000000 
520745461324956 0.000000 0.000000 0.000000 
520745481893291 0.000000 0.000000 0.000000 
520745502461311 0.000000 0.000000 0.000000 
520745523029904 0.000000 0.000000 0.000000 
520745543597977 0.000000 0.000000 0.000000 
520745564166571 0.000000 0.000000 0.000000 
520745584734488 0.000000 0.000000 0.000000 
520745605302925 0.000000 0.000000 0.000000 
520745625871155 0.000000 0.000000 0.000000 
520745646439592 0.000000 0.000000 0.000000 
520745667007665 0.000000 0.000000 0.000000 
520745687576519 0.000000 0.000000 0.000000 
520745708144280 0.000000 0.000000 0.000000 
520745728712770 0.000000 0.000000 0.000000 
520745749280790 0.000000 0.000000 0.000000 
520745769849748 0.000000 0.000000 0.000000 
520745790417300 0.000000 0.000000 0.000000 
520745810985738 0.000000 0.000000 0.000000 
520745831553862 0.000000 0.000000 0.000000 
520745852122560 0.000000 0.000000 0.000000 
520745872690529 0.000000 0.000000 0.000000 
520745893259175 0.000000 0.000000 0.000000 
520745913827196 0.000000 0.000000 0.000000 
520745934395789 0.000000 0.000000 0.000000 
520745954963706 0.000000 0.000000 0.000000 
520745975531884 0.000000 0.000000 0.000000 
520745996100529 0.000000 0.000000 0.000000 
520746016668603 0.000000 0.000000 0.000000 
520746037236988 0.000000 0.000000 0.000000 
520746057805165 0.000000 0.000000 0.000000 
520746078376206 0.000000 0.000000 0.000000 
520746098944019 0.000000 0.000000 0.000000 
520746119512665 0.000000 0.000000 0.000000 
520746140080789 0.000000 0.000000 0.000000 
520746160648810 0.000000 0.000000 0.000000 
520746181216571 0.000000 0.000000 0.000000 
520746201785633 0.000000 0.000000 0.000000 
520746222352352 0.000000 0.000000 0.000000 
520746242922820 0.000000 0.000000 0.000000 
520746263489800 0.000000 0.000000 0.000000 
520746284058290 0.000000 0.000000 0.000000 
520746304626415 0.000000 0.000000 0.000000 
520746325194384 0.000000 0.000000 0.000000 
520746345761727 0.000000 0.000000 0.000000 
520746366330060 0.000000 0.000000 0.000000 
520746386898133 0.000000 0.000000 0.000000 
520746407467978 0.000000 0.000000 0.000000 
520746428035373 0.000000 0.000000 0.000000 
520746448604071 0.000000 0.000000 0.000000 
520746469171520 0.000000 0.000000 0.000000 
520746489740685 0.000000 0.000000 0.000000 
520746510308393 0.000000 0.000000 0.000000 
520746530877404 0.000000 0.000000 0.000000 
520746551444383 0.000000 0.000000 0.000000 
520746572013341 0.000000 0.000000 0.000000 
520746592581727 0.000000 0.000000 0.000000 
520746613149644 0.000000 0.000000 0.000000 
520746633717613 0.000000 0.000000 0.000000 
520746654288550 0.000000 0.000000 0.000000 
520746674856675 0.000000 0.000000 0.000000 
520746695424487 0.000000 0.000000 0.000000 
520746715992716 0.000000 0.000000 0.000000 
520746736561049 0.000000 0.000000 0.000000 
520746757128186 0.000000 0.000000 0.000000 
520746777695842 0.000000 0.000000 0.000000 
520746798264174 0.000000 0.000000 0.000000 
520746818832612 0.000000 0.000000 0.000000 
520746839400946 0.000000 0.000000 0.000000 
520746859968966 0.000000 0.000000 0.000000 
520746880538081 0.000000 0.000000 0.000000 
520746901105790 0.000000 0.000000 0.000000 
520746921674122 0.000000 0.000000 0.000000 
520746942242508 0.000000 0.000000 0.000000 
520746962811467 0.000000 0.000000 0.000000 
520746983379070 0.000000 0.000000 0.000000 
520747003948290 0.000000 0.000000 0.000000 
520747024515633 0.000000 0.000000 0.000000 
520747045084018 0.000000 0.000000 0.000000 
520747065652351 0.000000 0.000000 0.000000 
520747086220685 0.000000 0.000000 0.000000 
520747106788967 0.000000 0.000000 0.000000 
520747127357768 0.000000 0.000000 0.000000 
520747147925686 0.000000 0.000000 0.000000 
520747168498029 0.000000 0.000000 0.000000 
520747189065007 0.000000 0.000000 0.000000 
520747209634748 0.000000 0.000000 0.000000 
520747230200737 0.000000 0.000000 0.000000 
520747250767195 0.000000 0.000000 0.000000 
520747271335581 0.000000 0.000000 0.000000 
520747291904331 0.000000 0.000000 0.000000 
520747312472248 0.000000 0.000000 0.000000 
520747333041623 0.000000 0.000000 0.000000 
520747353608966 0.000000 0.000000 0.000000 
520747374178184 0.000000 0.000000 0.000000 
520747394746102 0.000000 0.000000 0.000000 
520747415314174 0.000000 0.000000 0.000000 
520747435882403 0.000000 0.000000 0.000000 
520747456450789 0.000000 0.000000 0.000000 
520747477019800 0.000000 0.000000 0.000000 
520747497589486 0.000000 0.000000 0.000000 
520747518156831 0.000000 0.000000 0.000000 
520747538724644 0.000000 0.000000 0.000000 
520747559292508 0.000000 0.000000 0.000000 
520747579860633 0.000000 0.000000 0.000000 
520747600430528 0.000000 0.000000 0.000000 
520747620997300 0.000000 0.000000 0.000000 
520747641566102 0.000000 0.000000 0.000000 
520747662134174 0.000000 0.000000 0.000000 
520747682702821 0.000000 0.000000 0.000000 
520747703271258 0.000000 0.000000 0.000000 
520747723839695 0.000000 0.000000 0.000000 
520747744407977 0.000000 0.000000 0.000000 
520747764975946 0.000000 0.000000 0.000000 
520747785544018 0.000000 0.000000 0.000000 
520747806112508 0.000000 0.000000 0.000000 
520747826680737 0.000000 0.000000 0.000000 
520747847249382 0.000000 0.000000 0.000000 
520747867817456 0.000000 0.000000 0.000000 
520747888386206 0.000000 0.000000 0.000000 
520747908954227 0.000000 0.000000 0.000000 
520747929523341 0.000000 0.000000 0.000000 
520747950090841 0.000000 0.000000 0.000000 
520747970660842 0.000000 0.000000 0.000000 
520747991228393 0.000000 0.000000 0.000000 
520748011797716 0.000000 0.000000 0.000000 
520748032364904 0.000000 0.000000 0.000000 
520748052934696 0.000000 0.000000 0.000000 
520748073502872 0.000000 0.000000 0.000000 
520748094070165 0.000000 0.000000 0.000000 
520748114638081 0.000000 0.000000 0.000000 
520748135207715 0.000000 0.000000 0.000000 
520748155777560 0.000000 0.000000 0.000000 
520748176344643 0.000000 0.000000 0.000000 
520748196914019 0.000000 0.000000 0.000000 
520748217481154 0.000000 0.000000 0.000000 
520748238048653 0.000000 0.000000 0.000000 
520748258617821 0.000000 0.000000 0.000000 
520748279186258 0.000000 0.000000 0.000000 
520748299754226 0.000000 0.000000 0.000000 
520748320321935 0.000000 0.000000 0.000000 
520748340890268 0.000000 0.000000 0.000000 
520748361458289 0.000000 0.000000 0.000000 
520748382027195 0.000000 0.000000 0.000000 
520748402596206 0.000000 0.000000 0.000000 
520748423163915 0.000000 0.000000 0.000000 
520748443733497 0.000000 0.000000 0.000000 
520748464300424 0.000000 0.000000 0.000000 
520748484868810 0.000000 0.000000 0.000000 
520748505436726 0.000000 0.000000 0.000000 
520748526005476 0.000000 0.000000 0.000000 
520748546574278 0.000000 0.000000 0.000000 
520748567142820 0.000000 0.000000 0.000000 
520748587710320 0.000000 0.000000 0.000000 
520748608279851 0.000000 0.000000 0.000000 
520748628847456 0.000000 0.000000 0.000000 
520748649416206 0.000000 0.000000 0.000000 
520748669984330 0.000000 0.000000 0.000000 
520748690554434 0.000000 0.000000 0.000000 
520748711121779 0.000000 0.000000 0.000000 
520748731690945 0.000000 0.000000 0.000000 
520748752258809 0.000000 0.000000 0.000000 
520748772827508 0.000000 0.000000 0.000000 
520748793395059 0.000000 0.000000 0.000000 
520748813963237 0.000000 0.000000 0.000000 
520748834530789 0.000000 0.000000 0.000000 
520748855099070 0.000000 0.000000 0.000000 
520748875667508 0.000000 0.000000 0.000000 
520748896235736 0.000000 0.000000 0.000000 
520748916804955 0.000000 0.000000 0.000000 
520748937372924 0.000000 0.000000 0.000000 
520748957941049 0.000000 0.000000 0.000000 
520748978509175 0.000000 0.000000 0.000000 
520748999077455 0.000000 0.000000 0.000000 
520749019645789 0.000000 0.000000 0.000000 
520749040215424 0.000000 0.000000 0.000000 
520749060783185 0.000000 0.000000 0.000000 
520749081351777 0.000000 0.000000 0.000000 
520749101919643 0.000000 0.000000 0.000000 
520749122488965 0.000000 0.000000 0.000000 
520749143056310 0.000000 0.000000 0.000000 
520749163625997 0.000000 0.000000 0.000000 
520749184194173 0.000000 0.000000 0.000000 
520749204762612 0.000000 0.000000 0.000000 
520749225331049 0.000000 0.000000 0.000000 
520749245900788 0.000000 0.000000 0.000000 
520749266469174 0.000000 0.000000 0.000000 
520749287036413 0.000000 0.000000 0.000000 
520749307602247 0.000000 0.000000 0.000000 
520749328173757 0.000000 0.000000 0.000000 
520749348740996 0.000000 0.000000 0.000000 
520749369310372 0.000000 0.000000 0.000000 
520749389877715 0.000000 0.000000 0.000000 
520749410444591 0.000000 0.000000 0.000000 
520749431012455 0.000000 0.000000 0.000000 
520749451580945 0.000000 0.000000 0.000000 
520749472149330 0.000000 0.000000 0.000000 
520749492719487 0.000000 0.000000 0.000000 
520749513287194 0.000000 0.000000 0.000000 
520749533855892 0.000000 0.000000 0.000000 
520749554423445 0.000000 0.000000 0.000000 
520749574991414 0.000000 0.000000 0.000000 
520749595559955 0.000000 0.000000 0.000000 
520749616127767 0.000000 0.000000 0.000000 
520749636696622 0.000000 0.000000 0.000000 
520749657264486 0.000000 0.000000 0.000000 
520749677833861 0.000000 0.000000 0.000000 
520749698402142 0.000000 0.000000 0.000000 
520749718970059 0.000000 0.000000 0.000000 
520749739538497 0.000000 0.000000 0.000000 
520749760106830 0.000000 0.000000 0.000000 
520749780674538 0.000000 0.000000 0.000000 
520749801243705 0.000000 0.000000 0.000000 
520749821812507 0.000000 0.000000 0.000000 
520749842380267 0.000000 0.000000 0.000000 
520749862948393 0.000000 0.000000 0.000000 
520749883516934 0.000000 0.000000 0.000000 
520749904084956 0.000000 0.000000 0.000000 
520749924653185 0.000000 0.000000 0.000000 
520749945221465 0.000000 0.000000 0.000000 
520749965790060 0.000000 0.000000 0.000000 
520749986358184 0.000000 0.000000 0.000000 
520750006926725 0.000000 0.000000 0.000000 
520750027494434 0.000000 0.000000 0.000000 
520750048064538 0.000000 0.000000 0.000000 
520750068632664 0.000000 0.000000 0.000000 
520750089200841 0.000000 0.000000 0.000000 
520750109769329 0.000000 0.000000 0.000000 
520750130337612 0.000000 0.000000 0.000000 
520750150905997 0.000000 0.000000 0.000000 
520750171475944 0.000000 0.000000 0.000000 
520750192044695 0.000000 0.000000 0.000000 
520750212612195 0.000000 0.000000 0.000000 
520750233180581 0.000000 0.000000 0.000000 
520750253749382 0.000000 0.000000 0.000000 
520750274317142 0.000000 0.000000 0.000000 
520750294885060 0.000000 0.000000 0.000000 
520750315453288 0.000000 0.000000 0.000000 
520750336021360 0.000000 0.000000 0.000000 
520750356589695 0.000000 0.000000 0.000000 
520750377157247 0.000000 0.000000 0.000000 
520750397725944 0.000000 0.000000 0.000000 
520750418293913 0.000000 0.000000 0.000000 
520750438862871 0.000000 0.000000 0.000000 
520750459430580 0.000000 0.000000 0.000000 
520750479999955 0.000000 0.000000 0.000000 
520750500568756 0.000000 0.000000 0.000000 
520750521136310 0.000000 0.000000 0.000000 
520750541704746 0.000000 0.000000 0.000000 
520750562274850 0.000000 0.000000 0.000000 
520750582842872 0.000000 0.000000 0.000000 
520750603411464 0.000000 0.000000 0.000000 
520750623978965 0.000000 0.000000 0.000000 
520750644549070 0.000000 0.000000 0.000000 
520750665113860 0.000000 0.000000 0.000000 
520750685685267 0.000000 0.000000 0.000000 
520750706252507 0.000000 0.000000 0.000000 
520750726821361 0.000000 0.000000 0.000000 
520750747389069 0.000000 0.000000 0.000000 
520750767957402 0.000000 0.000000 0.000000 
520750788525527 0.000000 0.000000 0.000000 
520750809094018 0.000000 0.000000 0.000000 
520750829661257 0.000000 0.000000 0.000000 
520750850231257 0.000000 0.000000 0.000000 
520750870800684 0.000000 0.000000 0.000000 
520750891366465 0.000000 0.000000 0.000000 
520750911935996 0.000000 0.000000 0.000000 
520750932504225 0.000000 0.000000 0.000000 
520750953072298 0.000000 0.000000 0.000000 
520750973642298 0.000000 0.000000 0.000000 
520750994209485 0.000000 0.000000 0.000000 
520751014777611 0.000000 0.000000 0.000000 
520751035345840 0.000000 0.000000 0.000000 
520751055914329 0.000000 0.000000 0.000000 
520751076481622 0.000000 0.000000 0.000000 
520751097049903 0.000000 0.000000 0.000000 
520751117617975 0.000000 0.000000 0.000000 
520751138186204 0.000000 0.000000 0.000000 
520751158754954 0.000000 0.000000 0.000000 
520751179323548 0.000000 0.000000 0.000000 
520751199891830 0.000000 0.000000 0.000000 
520751220459641 0.000000 0.000000 0.000000 
520751241028392 0.000000 0.000000 0.000000 
520751261596413 0.000000 0.000000 0.000000 
520751282165215 0.000000 0.000000 0.000000 
520751302732975 0.000000 0.000000 0.000000 
520751323301413 0.000000 0.000000 0.000000 
520751343869849 0.000000 0.000000 0.000000 
520751364438965 0.000000 0.000000 0.000000 
520751385007037 0.000000 0.000000 0.000000 
