# Created at Thu Nov 07 17:58:21 EST 2019 in Burnaby Canada 
520745235075478 8.907244 -3.009382 -4.451827 
520745255642821 9.837352 -3.089584 -2.565277 
520745276210478 10.094717 -1.733327 -3.530099 
520745296778446 8.545736 -1.479553 -4.589487 
520745317347040 8.347025 -2.443178 -4.302196 
520745337915269 8.840210 -2.510212 -3.093175 
520745358484592 8.823450 -2.781943 -3.606710 
520745379052300 8.891684 -2.947135 -3.825770 
520745399620009 8.944352 -2.453951 -4.393171 
520745420188134 8.865348 -2.444375 -4.900721 
520745440756883 7.725757 -2.713711 -4.421900 
520745461324956 6.873457 -2.179827 -4.394368 
520745481893291 8.090857 -1.589682 -0.956442 
520745502461311 9.641035 -5.798507 -5.231106 
520745523029904 9.453098 -1.815924 -4.605049 
520745543597977 9.407612 -0.307642 -5.062322 
520745564166571 7.244543 -2.729273 -5.513609 
520745584734488 6.930916 -4.455418 -4.451827 
520745605302925 8.933579 -4.400353 -2.682588 
520745625871155 10.216816 -4.056800 -3.119511 
520745646439592 8.821057 -3.459473 -4.777424 
520745667007665 7.870600 -4.151367 -3.956248 
520745687576519 8.275203 -3.421167 -5.630920 
520745708144280 8.254852 -3.724020 -5.174845 
520745728712770 7.890949 -3.504961 -3.732400 
520745749280790 7.127232 -3.435532 -3.943081 
520745769849748 6.845925 -3.012973 -4.977332 
520745790417300 6.422170 -2.226512 -4.139397 
520745810985738 6.765723 -3.492990 -5.124568 
520745831553862 8.393709 -4.935434 -5.439392 
520745852122560 8.715716 -5.067110 -4.120244 
520745872690529 8.110010 -5.766187 -2.720893 
520745893259175 8.849786 -3.630651 -6.132483 
520745913827196 8.629529 -2.997412 -6.933310 
520745934395789 8.655864 -4.353668 -3.643818 
520745954963706 9.321424 -4.129820 -2.584430 
520745975531884 8.403286 -3.454684 -2.651464 
520745996100529 6.817196 -3.078811 -3.873652 
520746016668603 6.195928 -2.351005 -5.768581 
520746037236988 7.389386 -2.576050 -4.994090 
520746057805165 8.824648 -3.010579 -3.866469 
520746078376206 9.104757 -3.481019 -3.374482 
520746098944019 9.741589 -3.945475 -3.998145 
520746119512665 8.756416 -2.614356 -4.611034 
520746140080789 9.004206 -3.071629 -4.376412 
520746160648810 8.472715 -3.226048 -4.239949 
520746181216571 7.699422 -2.323473 -4.229176 
520746201785633 9.035330 -2.899254 -0.130478 
520746222352352 9.327409 -3.372088 -3.162604 
520746242922820 8.330267 -3.015368 -6.292889 
520746263489800 9.019767 -2.840598 -4.235161 
520746284058290 8.528976 -2.780746 -3.775494 
520746304626415 8.593617 -2.687376 -3.874849 
520746325194384 8.303932 -2.902845 -3.481019 
520746345761727 9.012585 -2.494651 -2.888480 
520746366330060 9.241221 -3.012973 -3.542069 
520746386898133 8.976673 -2.792716 -4.108274 
520746407467978 8.920412 -2.621538 -3.866469 
520746428035373 8.871332 -2.720893 -3.445108 
520746448604071 9.138275 -2.816657 -3.159013 
520746469171520 8.733671 -2.832219 -4.397960 
520746489740685 8.676213 -2.720893 -3.964628 
520746510308393 8.664244 -2.886086 -3.703671 
520746530877404 8.773175 -2.816657 -3.914351 
520746551444383 8.866545 -2.790322 -3.831755 
520746572013341 8.555312 -2.735258 -3.841331 
520746592581727 8.569676 -2.653859 -3.884425 
520746613149644 8.578056 -2.707726 -3.834149 
520746633717613 8.758810 -2.744834 -3.756341 
520746654288550 8.873727 -2.723287 -3.551646 
520746674856675 8.671426 -2.678997 -4.099894 
520746695424487 8.770781 -2.731667 -4.089121 
520746715992716 8.834225 -2.723287 -3.662971 
520746736561049 8.800707 -2.714908 -3.618680 
520746757128186 8.722898 -2.704134 -3.694094 
520746777695842 8.698957 -2.732864 -3.894001 
520746798264174 8.757614 -2.737652 -3.876046 
520746818832612 8.774372 -2.718499 -3.874849 
520746839400946 8.575661 -2.758002 -3.751553 
520746859968966 8.719308 -2.743637 -3.905972 
520746880538081 8.770781 -2.833416 -3.886819 
520746901105790 8.675017 -2.780746 -4.056800 
520746921674122 8.531371 -2.621538 -4.131018 
520746942242508 8.745643 -2.441981 -3.360117 
520746962811467 8.779160 -2.408463 -3.368497 
520746983379070 8.659454 -2.364172 -3.656986 
520747003948290 8.660652 -2.509016 -3.794647 
520747024515633 9.052088 -2.632312 -3.701277 
520747045084018 8.862953 -2.093639 -3.546857 
520747065652351 8.659455 -2.456345 -2.851372 
520747086220685 9.109546 -3.021353 -3.560025 
520747106788967 9.491405 -2.935165 -4.158549 
520747127357768 9.454296 -2.959106 -3.799435 
520747147925686 9.095181 -2.815460 -3.820982 
520747168498029 8.745642 -3.336177 -3.950263 
520747189065007 9.291498 -3.885623 -4.126229 
520747209634748 8.807890 -3.227245 -3.686912 
520747230200737 8.580450 -4.396762 -4.217205 
520747250767195 8.715716 -4.538014 -3.932307 
520747271335581 9.019768 -2.786731 -2.480286 
520747291904331 8.691775 -3.646212 -3.403211 
520747312472248 8.803102 -3.935898 -3.852105 
520747333041623 9.083211 -3.508552 -3.519325 
520747353608966 9.018570 -3.464261 -4.745104 
520747374178184 8.548130 -4.007721 -3.605513 
520747394746102 9.038919 -3.804223 -3.149437 
520747415314174 9.876854 -3.557631 -3.560025 
520747435882403 11.824453 -2.647873 -2.699347 
520747456450789 12.818005 -1.819515 -0.924122 
520747477019800 9.484222 -2.815460 -3.459473 
520747497589486 4.743906 -0.445302 -5.258637 
520747518156831 2.621538 1.339498 -4.031662 
520747538724644 10.735138 -3.625863 -1.588485 
520747559292508 13.659531 -2.386917 -0.705062 
520747579860633 9.868475 -1.995481 -2.778351 
520747600430528 6.440125 -2.883692 -4.046027 
520747620997300 4.696025 -2.933968 -3.334980 
520747641566102 8.941959 -1.920067 -2.813066 
520747662134174 11.948947 -1.735722 -1.282040 
520747682702821 10.719578 -2.125960 -1.516662 
520747703271258 10.088732 -2.819051 -1.999073 
520747723839695 9.253192 -3.133875 -2.402478 
520747744407977 9.216084 -2.673011 -2.766381 
520747764975946 10.830902 -1.995481 -2.153492 
520747785544018 11.084677 -2.087654 -2.625129 
520747806112508 10.134220 -2.847780 -3.161407 
520747826680737 8.591224 -3.877243 -2.238482 
520747847249382 8.404484 -4.672084 -1.781209 
520747867817456 9.283117 -4.206431 -0.960034 
520747888386206 9.822987 -3.846120 -0.731397 
520747908954227 9.601533 -3.700079 -2.147507 
520747929523341 9.317833 -3.065643 -2.677800 
520747950090841 9.855308 -2.243270 -3.990963 
520747970660842 8.427227 -2.602385 -3.567207 
520747991228393 6.699885 -3.634242 -1.754874 
520748011797716 6.069040 -4.441053 -0.561416 
520748032364904 7.266089 -4.991695 -1.333513 
520748052934696 6.874655 -4.910296 -1.833880 
520748073502872 7.675481 -4.564349 -1.408927 
520748094070165 10.919484 -2.778352 -1.565741 
520748114638081 11.765799 -2.968682 0.867861 
520748135207715 11.344437 -5.341234 2.513803 
520748155777560 12.372702 -6.602924 2.528168 
520748176344643 11.379152 -6.721433 1.624396 
520748196914019 12.448116 -5.991232 5.137736 
520748217481154 13.727762 -4.328530 5.861951 
520748238048653 15.122325 -1.569332 3.999342 
520748258617821 16.588711 0.931304 3.352935 
520748279186258 16.188896 1.085724 2.438390 
520748299754226 14.970300 1.004324 0.948063 
520748320321935 12.904192 0.215469 1.419701 
520748340890268 10.407146 -0.513534 3.175772 
520748361458289 8.019033 -1.484341 4.941420 
520748382027195 3.690503 -1.758466 7.273272 
520748402596206 0.275321 -2.039772 9.175384 
520748423163915 0.470440 -1.435262 9.688917 
520748443733497 -0.943275 -2.151098 9.283117 
520748464300424 2.493454 0.848708 8.303932 
520748484868810 5.816463 4.095106 5.617753 
520748505436726 6.782482 4.117850 6.754950 
520748526005476 7.251725 2.714908 8.087266 
520748546574278 5.857162 1.272463 7.106882 
520748567142820 3.988569 1.651928 7.657525 
520748587710320 4.881567 1.544194 5.724290 
520748608279851 6.541875 1.797968 5.170056 
520748628847456 7.363051 3.593542 4.623005 
520748649416206 7.015906 4.430280 4.170520 
520748669984330 6.859093 3.221260 4.479359 
520748690554434 4.445841 1.911688 6.422170 
520748711121779 1.328725 1.869791 9.162216 
520748731690945 2.779549 3.047688 8.907245 
520748752258809 5.287367 3.380467 9.061663 
520748772827508 5.793719 4.557167 7.755683 
520748793395059 6.900990 4.102288 6.491599 
520748813963237 6.312041 4.189673 7.167932 
520748834530789 3.334980 3.087190 4.414718 
520748855099070 1.963161 2.714908 4.459009 
520748875667508 1.382592 5.539945 6.808817 
520748896235736 1.448430 4.678069 8.053748 
520748916804955 2.380931 2.646676 11.034401 
520748937372924 0.721821 2.246862 9.735603 
520748957941049 -0.241804 2.382128 7.284045 
520748978509175 0.040700 4.652931 7.778427 
520748999077455 2.367764 7.477967 10.446650 
520749019645789 3.780282 7.586899 9.559637 
520749040215424 4.442250 5.919409 7.408539 
520749060783185 2.187009 4.435068 9.837353 
520749081351777 -0.584160 3.491793 10.650148 
520749101919643 0.074217 5.195194 8.174650 
520749122488965 2.039772 5.367569 8.542145 
520749143056310 1.938023 4.292619 9.426764 
520749163625997 1.976328 3.491793 9.022161 
520749184194173 1.520253 2.789125 8.939566 
520749204762612 1.496312 2.216935 9.467464 
520749225331049 2.467119 2.225315 10.699227 
520749245900788 1.989496 2.208556 12.434948 
520749266469174 -0.141252 0.848708 12.971228 
520749287036413 -1.842259 -0.271730 13.020306 
520749307602247 -1.413715 0.171178 12.156036 
520749328173757 -0.657180 1.698613 12.056682 
520749348740996 -1.161138 1.522647 11.938173 
520749369310372 -0.481214 1.004324 11.411472 
520749389877715 1.192261 2.242074 11.331269 
520749410444591 1.985905 3.534887 11.697567 
520749431012455 1.601652 3.735991 10.654937 
520749451580945 0.338765 3.001003 8.435607 
520749472149330 -1.558558 3.473837 8.047763 
520749492719487 -1.679460 3.861681 7.234966 
520749513287194 0.099355 4.667295 6.516737 
520749533855892 1.331119 5.561491 4.899523 
520749554423445 0.587751 6.914157 3.317024 
520749574991414 -0.292080 7.635978 3.295477 
520749595559955 0.355524 6.972813 3.633045 
520749616127767 0.518322 6.691506 4.339304 
520749636696622 0.488396 7.030271 4.828897 
520749657264486 0.787659 6.725023 5.196391 
520749677833861 0.647604 6.521525 4.986908 
520749698402142 0.445302 7.036256 5.100627 
520749718970059 1.728539 7.959181 7.386992 
520749739538497 1.882959 7.133217 7.963969 
520749760106830 0.484805 6.859093 6.899793 
520749780674538 -0.395026 6.784876 6.340771 
520749801243705 0.226242 6.963236 7.778427 
520749821812507 1.436459 6.569407 9.649415 
520749842380267 1.756071 6.792058 9.194536 
520749862948393 2.667026 7.670692 9.244812 
520749883516934 2.753213 7.513879 9.122713 
520749904084956 1.350272 7.196661 7.655130 
520749924653185 0.412982 7.055409 6.740585 
520749945221465 0.987566 6.923734 7.221799 
520749965790060 1.325134 6.727417 7.474376 
520749986358184 1.151561 6.495190 7.354671 
520750006926725 1.350272 6.568210 7.140399 
520750027494434 1.531026 6.929719 6.774102 
520750048064538 1.490327 6.990768 6.498781 
520750068632664 1.526238 7.128429 6.282115 
520750089200841 1.860215 7.381006 6.636442 
520750109769329 1.918870 7.522258 6.608910 
520750130337612 1.843456 7.704210 6.203110 
520750150905997 1.906900 7.827506 6.029538 
520750171475944 2.075684 7.764062 6.326406 
520750192044695 2.040969 7.653934 6.477234 
520750212612195 1.900914 7.556973 6.616092 
520750233180581 1.953585 7.598869 6.977601 
520750253749382 1.813530 7.613234 7.085335 
520750274317142 1.513070 7.323548 7.106882 
520750294885060 1.193458 7.197858 6.929719 
520750315453288 1.003127 7.151173 6.616092 
520750336021360 0.744565 7.205040 6.742979 
520750356589695 0.877437 7.042241 7.367839 
520750377157247 1.088118 6.964433 7.392977 
520750397725944 1.052206 7.025483 6.842334 
520750418293913 0.758929 6.965631 6.211489 
520750438862871 0.551840 6.751359 5.815266 
520750459430580 0.507549 6.810014 5.690773 
520750479999955 0.724215 6.944083 5.998415 
520750500568756 1.036645 6.830364 6.720235 
520750521136310 1.181488 6.790861 7.237360 
520750541704746 1.116847 6.873457 6.879443 
520750562274850 0.914546 6.953660 6.563421 
520750582842872 0.734988 7.041044 6.298874 
520750603411464 0.892999 7.311578 6.175578 
520750623978965 1.229370 7.573731 6.459278 
520750644549070 1.479553 7.486347 7.105685 
520750665113860 1.248523 7.333125 7.384598 
520750685685267 0.962428 7.243346 7.118853 
520750706252507 0.579372 7.134414 6.893807 
520750726821361 0.620072 7.127232 6.879443 
520750747389069 0.962428 7.163144 6.936901 
520750767957402 1.194655 7.239755 6.805226 
520750788525527 1.339498 7.282848 6.853107 
520750809094018 1.170714 7.227784 6.934507 
520750829661257 0.878634 7.085335 6.999147 
520750850231257 0.764915 7.056606 6.890216 
520750870800684 0.888211 7.173917 6.752556 
520750891366465 1.072556 7.279257 6.780087 
520750911935996 1.237749 7.273272 7.047029 
520750932504225 1.205429 7.093715 7.419312 
520750953072298 0.877437 7.087729 7.070971 
520750973642298 0.767309 7.142794 6.677141 
520750994209485 0.974398 7.261302 6.563422 
520751014777611 1.279646 7.339109 6.832758 
520751035345840 1.248523 7.188282 6.817196 
520751055914329 0.972004 7.246937 6.480825 
520751076481622 0.980383 7.240952 6.510752 
520751097049903 1.058192 7.202646 6.711856 
520751117617975 1.174305 7.207435 6.838743 
520751138186204 1.205429 7.208632 6.738191 
520751158754954 1.250916 7.288834 6.572998 
520751179323548 1.319148 7.286439 6.794452 
520751199891830 1.406533 7.379809 7.361854 
520751220459641 1.407730 7.183494 7.618022 
520751241028392 0.210681 7.280454 5.858359 
520751261596413 0.764915 7.335519 6.028341 
520751282165215 1.769239 7.858629 6.328800 
520751302732975 2.147507 7.683860 6.739388 
520751323301413 1.499903 7.477967 7.324745 
520751343869849 1.110862 6.985980 7.343898 
520751364438965 0.916940 7.008724 7.603658 
520751385007037 0.960034 7.098503 6.770512 
