# Created at Thu Nov 07 17:58:21 EST 2019 in Burnaby Canada 
520745229933446 0.107512 -0.166461 0.466701 
520745250500790 -0.068722 0.000611 0.657596 
520745271068447 -0.069639 0.217162 0.427911 
520745291636415 -0.205861 -0.117591 0.074220 
520745312205321 -0.211054 -0.613614 0.090713 
520745332773134 -0.143248 -0.481056 0.062919 
520745353342457 -0.095600 -0.371406 0.045815 
520745373910165 -0.167988 -0.375682 0.106290 
520745394478134 -0.110261 -0.377514 0.228769 
520745415045999 -0.050702 -0.623998 0.327118 
520745435614748 -0.005192 -0.754112 0.429132 
520745456182821 -0.058948 -0.752891 0.742812 
520745476751259 0.557414 0.077885 0.875980 
520745497319280 0.586430 0.634688 0.850324 
520745517887873 -0.021991 0.344833 0.995099 
520745538455946 -0.129198 -0.006720 0.641713 
520745559024487 -0.275195 -0.554665 0.581238 
520745579592353 -0.456621 -0.867428 0.938899 
520745600160790 -0.299018 -0.505796 1.064432 
520745620729019 -0.024740 0.251371 0.747393 
520745641297561 -0.260534 0.389426 0.432187 
520745661865634 -0.391564 0.623693 0.366824 
520745682434488 -0.011301 0.153632 0.431881 
520745703002248 0.026878 -0.178373 0.491135 
520745723570687 -0.213192 -0.219300 0.514348 
520745744138655 -0.324064 0.021686 0.332310 
520745764707613 -0.376293 -0.095906 0.115759 
520745785275164 -0.194255 0.019853 -0.012217 
520745805843707 -0.216246 -0.092241 -0.083078 
520745826411831 -0.431881 -0.300545 -0.311846 
520745846980529 -0.329867 -0.160047 -0.632550 
520745867548497 -0.033292 0.531147 -0.763886 
520745888117092 0.250455 0.183565 -0.603534 
520745908685061 -0.014661 -0.391870 -0.379042 
520745929253603 -0.040623 -0.345139 -0.167988 
520745949821674 0.239154 0.240070 -0.186314 
520745970389853 0.522289 0.938594 -0.221744 
520745990958446 0.766635 1.318552 -0.342695 
520746011526467 0.700662 0.855211 -0.364075 
520746032094852 0.603840 0.295964 -0.434936 
520746052663030 0.479223 0.061697 -0.693942 
520746073234175 0.254731 0.185703 -0.819780 
520746093801935 0.095295 0.347277 -0.557719 
520746114370529 0.033292 0.050702 -0.424856 
520746134938654 0.120035 -0.274889 -0.078496 
520746155506779 0.106901 -0.437074 -0.015272 
520746176074487 -0.124006 -0.718682 -0.255647 
520746196642978 -0.008247 0.311236 -0.256563 
520746217210217 0.080940 1.104749 -0.095600 
520746237780789 0.125533 0.576656 -0.151800 
520746258347716 -0.007025 -0.003054 -0.069028 
520746278916676 0.030849 -0.239764 -0.146302 
520746299484384 -0.005192 -0.361937 -0.155160 
520746320051988 0.049480 -0.319788 -0.219300 
520746340619591 -0.090713 -0.071471 -0.198836 
520746361187977 -0.094684 0.073304 -0.087354 
520746381755998 -0.072998 -0.019548 -0.035125 
520746402325946 -0.054978 -0.155465 -0.021686 
520746422893290 -0.023518 -0.140499 0.002138 
520746443462040 0.045204 0.059559 -0.023518 
520746464029436 0.107512 -0.012523 -0.005192 
520746484598549 0.125838 -0.135001 0.010690 
520746505166310 0.137139 -0.105069 0.029322 
520746525735061 0.069333 -0.092546 0.026573 
520746546302299 0.010690 -0.074525 0.020769 
520746566871623 -0.013744 -0.018326 0.014050 
520746587439644 -0.026878 -0.024740 0.021075 
520746608007612 -0.037874 -0.021380 0.018326 
520746628575530 -0.030238 0.008247 0.011301 
520746649146519 -0.003054 0.115759 -0.008247 
520746669714591 0.019548 0.080634 -0.011912 
520746690282404 0.022907 -0.047647 0.000611 
520746710850633 0.017715 -0.069639 0.006109 
520746731418966 -0.008247 -0.043677 0.006414 
520746751986102 -0.026267 -0.012828 -0.004276 
520746772553707 -0.025351 -0.022602 -0.007636 
520746793122091 -0.005498 -0.039095 -0.007636 
520746813690528 0.006720 -0.047037 0.003360 
520746834258863 -0.015577 -0.000611 -0.022602 
520746854826883 -0.018937 -0.007025 -0.039401 
520746875395373 -0.019548 0.030849 -0.032376 
520746895963707 -0.009774 0.021991 -0.021380 
520746916531987 -0.006109 -0.050091 -0.027183 
520746937100424 -0.013744 0.067806 -0.068722 
520746957669384 -0.024435 0.252898 -0.114232 
520746978236987 -0.025351 0.370489 -0.171653 
520746998806206 -0.016799 0.338419 -0.165544 
520747019373602 0.010996 0.288634 -0.028405 
520747039942509 0.036041 0.230296 -0.059559 
520747060510268 0.058948 0.378125 -0.122784 
520747081078706 0.021075 0.378736 -0.087048 
520747101646884 -0.006414 0.160963 -0.043677 
520747122215685 0.025351 -0.043982 0.019242 
520747142783602 0.085521 -0.217468 0.094073 
520747163355894 0.158519 -0.378125 0.207694 
520747183922872 0.386066 -0.594677 0.476474 
520747204492612 0.552527 -0.507323 0.361021 
520747225058654 0.500604 -0.630107 0.232434 
520747245625112 0.457538 -0.764192 0.336586 
520747266193497 0.414166 -0.303294 0.364075 
520747286762039 0.545502 0.122784 0.324369 
520747307330165 0.627053 0.210748 0.270919 
520747327899539 0.698829 0.335976 0.027794 
520747348466883 0.782518 0.071471 -0.240986 
520747369036101 0.805731 -0.085216 -0.306960 
520747389604018 0.933401 0.047037 -0.173486 
520747410172091 1.089477 0.038484 -0.176845 
520747430740424 0.924849 0.009774 -0.469450 
520747451308705 0.801149 0.969748 -1.244331 
520747471877717 0.879034 1.446222 -1.906814 
520747492447403 0.708603 0.492357 -1.785558 
520747513014278 0.483499 -0.199753 -0.799316 
520747533582561 0.172569 -0.083688 -0.167071 
520747554150581 -0.251676 0.201585 -1.116661 
520747574718550 -0.463952 0.695164 -1.540906 
520747595288445 -0.105069 0.806952 -1.233641 
520747615855216 0.664315 0.029322 -0.452651 
520747636423706 0.969442 -0.376293 -0.200058 
520747656992091 0.802982 -0.257785 -0.331700 
520747677561674 0.381180 0.180816 -0.443793 
520747698129175 0.245262 0.151494 -0.246789 
520747718697873 0.470977 -0.314901 0.081856 
520747739265841 0.710436 -0.675311 0.443793 
520747759833863 1.007010 -0.532979 0.628274 
520747780401935 1.455996 -0.398895 0.551000 
520747800970424 1.896430 -0.302378 0.347887 
520747821538602 2.255923 -0.101709 0.375376 
520747842107299 2.426355 -0.179594 0.706160 
520747862675372 2.113897 -0.175624 0.741284 
520747883244070 1.816101 0.074220 0.599564 
520747903812143 1.545182 0.229685 0.415999 
520747924381258 1.287703 0.596815 0.434325 
520747944948758 1.048549 1.083979 0.296269 
520747965518758 0.883921 1.264795 -0.010690 
520747986086310 1.112385 1.230282 -0.099876 
520748006655632 1.530827 1.301753 0.093768 
520748027222768 1.784336 1.543044 0.300240 
520748047792612 1.441030 1.842979 0.334143 
520748068360789 1.241277 1.495091 0.952338 
520748088928081 1.293201 0.147524 0.940121 
520748109495998 0.910494 -0.240986 0.807563 
520748130065632 0.258090 0.784350 1.022588 
520748150633965 -0.177762 1.765094 1.407432 
520748171202560 -0.565355 2.340834 1.700037 
520748191771935 -0.025962 2.786765 1.707062 
520748212339071 1.001207 2.948644 1.381776 
520748232906518 1.493564 2.436739 0.457538 
520748253475737 1.740964 1.195157 -1.071457 
520748274044175 1.672242 0.738230 -2.554942 
520748294612143 0.941953 0.865901 -3.757734 
520748315179851 0.015577 1.058629 -4.582096 
520748335748133 -0.775493 1.552513 -4.953807 
520748356316206 -1.245248 2.305098 -5.106524 
520748376885111 -1.276707 3.005760 -4.700604 
520748397454071 -0.660345 2.780351 -3.701535 
520748418021831 0.395229 1.646586 -2.959334 
520748438591414 1.449887 0.356440 -1.884518 
520748459158341 2.054643 0.316123 -0.767246 
520748479726986 1.687514 0.526565 -0.865290 
520748500294591 1.010676 1.272431 -1.711032 
520748520863133 0.777631 2.165515 -2.564105 
520748541432194 1.047328 2.401309 -2.798982 
520748562000164 1.546099 2.785238 -1.762650 
520748582568237 1.453553 2.644433 -1.288008 
520748603137768 1.184161 1.528994 -1.591608 
520748623705373 1.100167 1.089783 -2.259283 
520748644274226 0.573297 1.083063 -2.948644 
520748664842247 -0.157298 0.883005 -3.664577 
520748685412299 -0.558636 0.379652 -3.087921 
520748705979695 -0.756251 1.659719 -1.367115 
520748726547977 -0.939815 1.886350 -0.261450 
520748747116726 -0.787710 1.087950 -0.103236 
520748767685424 -0.258396 0.561690 -0.595899 
520748788252976 -0.014355 -0.044288 -1.695150 
520748808821101 0.108734 0.345139 -3.145953 
520748829388706 0.159436 -0.019853 -3.232085 
520748849956987 -0.460287 -0.515875 -1.863137 
520748870525372 -1.634369 0.334143 -1.049160 
520748891093653 -2.211941 1.095280 -0.491746 
520748911662872 -1.720806 1.512501 -0.511599 
520748932230840 -0.754418 1.841757 -0.852156 
520748952798966 -0.057421 -0.321926 -0.691193 
520748973367091 0.720820 -2.405891 -0.363770 
520748993935372 1.202487 -2.897942 -0.418748 
520749014503706 1.179580 -2.656345 -0.696080 
520749035073340 0.516181 -2.827082 -1.548237 
520749055641102 0.180511 -2.586096 -1.883907 
520749076209694 -0.101404 -0.850629 -0.816115 
520749096777559 -1.007927 0.360410 0.233045 
520749117347195 -2.076940 0.711963 0.161879 
520749137914174 -2.670395 1.319162 0.074831 
520749158483914 -2.976744 1.876271 0.031460 
520749179052038 -3.131598 1.614516 -0.201585 
520749199620528 -2.946201 1.014646 -0.483499 
520749220188914 -2.402836 0.671646 -0.903163 
520749240758445 -1.716530 0.469144 -1.576642 
520749261327091 -0.810923 0.045815 -1.915672 
520749281894591 0.220217 -0.128892 -1.380860 
520749302460163 1.073595 0.005498 -0.606589 
520749323032664 1.509752 0.001527 -0.365297 
520749343598913 1.716530 -0.036346 -0.121868 
520749364168236 2.265086 -0.397978 0.295659 
520749384735632 3.150229 -1.052825 0.221744 
520749405302455 3.821570 -1.193935 -0.225409 
520749425870372 4.011854 -0.480445 -0.521984 
520749446438601 3.538128 0.198226 -0.511294 
520749467007246 2.879616 0.824667 -0.056810 
520749487577352 2.598008 0.962417 0.727845 
520749508145111 2.522871 0.626136 1.144760 
520749528713756 2.346637 0.728456 0.828943 
520749549281362 1.798386 0.274889 0.478002 
520749569849330 1.204931 -0.167988 0.489608 
520749590417872 0.667370 -0.198531 0.620028 
520749610985684 0.308487 -0.082467 0.605978 
520749631554538 0.043677 -0.021380 0.596815 
520749652122403 -0.372933 0.426994 0.592539 
520749672692039 -0.894611 1.136208 0.683863 
520749693260058 -1.307861 1.383914 0.812755 
520749713827924 -1.273958 0.976467 0.542753 
520749734396413 -0.823446 0.817032 0.166155 
520749754964435 -0.533896 0.575129 0.182038 
520749775532455 -0.426078 0.089797 0.452651 
520749796101621 -0.355523 -0.376598 0.681725 
520749816670424 -0.041539 -0.456011 0.753502 
520749837238184 0.187535 -0.279471 0.736092 
520749857806309 0.412945 -0.306349 0.492662 
520749878374851 0.620639 -0.228769 0.074831 
520749898942872 0.528703 0.077274 -0.052229 
520749919511102 0.291077 0.171653 0.076358 
520749940079382 0.128282 0.213497 0.222355 
520749960647976 0.189063 0.217468 0.246484 
520749981216101 0.397978 0.023213 0.288023 
520750001784799 0.635910 -0.212275 0.322231 
520750022352350 0.753196 -0.342390 0.272751 
520750042922455 0.587041 -0.175624 0.207694 
520750063490580 0.299629 0.153632 0.241292 
520750084060163 0.168599 0.289550 0.229074 
520750104627246 0.243124 0.186314 0.172875 
520750125196778 0.341473 -0.068417 0.120951 
520750145763862 0.309403 -0.245568 0.060476 
520750166333861 0.131641 -0.129198 -0.018326 
520750186902559 -0.117286 0.155160 -0.087965 
520750207470112 -0.299629 0.323453 -0.114537 
520750228038445 -0.235488 0.240681 -0.156076 
520750248607663 -0.063835 0.037568 -0.246789 
520750269175007 -0.011606 0.059865 -0.291077 
520750289742976 -0.140193 0.304821 -0.252898 
520750310311153 -0.293826 0.482889 -0.166766 
520750330879277 -0.415693 0.554665 -0.077580 
520750351447038 -0.411723 0.661872 -0.002749 
520750372015164 -0.204640 0.555276 0.000916 
520750392583340 0.125227 0.197920 -0.069944 
520750413151830 0.252898 -0.055283 -0.105680 
520750433720788 0.072693 0.040623 -0.058338 
520750454288444 -0.202807 0.233656 0.029322 
520750474857872 -0.353385 0.286190 0.071166 
520750495426621 -0.306654 0.212275 0.064446 
520750515995215 -0.020159 0.095295 0.043982 
520750536562663 0.278249 -0.084605 0.028711 
520750557132767 0.412639 -0.242513 0.033598 
520750577700788 0.350331 -0.270002 0.089797 
520750598269329 0.184481 -0.240986 0.160657 
520750618836881 0.007636 -0.188757 0.120035 
520750639406987 -0.112705 -0.027489 0.000305 
520750659971777 -0.142637 0.156992 -0.059254 
520750680543183 -0.078496 0.139277 -0.058948 
520750701110424 0.036652 -0.046120 -0.010690 
520750721679278 0.097433 -0.183259 0.076664 
520750742246933 0.086743 -0.183565 0.101404 
520750762815215 -0.000916 -0.072998 0.078496 
520750783383444 -0.039095 -0.032376 0.017715 
520750803951361 -0.004581 -0.053145 -0.053756 
520750824519174 0.005803 -0.009163 -0.048869 
520750845089121 -0.007025 0.039401 0.014661 
520750865658601 -0.014661 0.006109 0.068417 
520750886224434 -0.031460 -0.027489 0.070249 
520750906793912 -0.033292 -0.010690 0.039401 
520750927362559 0.044593 0.037568 -0.018021 
520750947930163 0.095600 0.100182 0.009163 
520750968500214 0.110261 0.043066 0.076053 
520750989067402 0.121257 -0.063530 0.117897 
520751009635371 0.091935 -0.060781 0.073915 
520751030203653 0.007636 0.111788 0.025045 
520751050772246 -0.065973 0.158214 0.028100 
520751071339850 -0.051313 0.025045 0.051007 
520751091907768 0.028711 -0.112094 0.066279 
520751112475892 0.076358 -0.144469 0.078802 
520751133044120 0.072082 -0.103542 0.070249 
520751153612819 0.001833 -0.034819 0.053451 
520751174181465 -0.065363 0.034514 0.011301 
520751194749746 -0.069028 0.162490 -0.031154 
520751215317558 0.113621 0.343917 -0.098044 
520751235886308 0.284968 -0.086437 -0.070860 
520751256454278 0.158825 -0.369879 0.109650 
520751277023132 0.032987 -0.524733 0.022297 
520751297590891 -0.019242 -0.681420 -0.186008 
520751318159486 0.029627 -0.565661 -0.365908 
520751338727766 -0.062614 -0.216246 -0.282525 
520751359296881 -0.054062 0.215330 -0.115759 
520751379864954 0.007941 0.359494 0.043371 
