# Created at Thu Nov 07 17:58:21 EST 2019 in Burnaby Canada 
520745219647926 -0.187006 1.218246 -0.824820 
520745240216571 -0.132298 -0.724621 -0.919366 
520745260783811 0.810209 -0.692328 0.932285 
520745281352196 1.063155 0.685215 -0.046987 
520745301920582 -0.451338 0.925478 -1.012871 
520745322489071 -0.597760 -0.035085 -0.602858 
520745343057977 -0.072761 -0.104505 0.679745 
520745363626103 -0.055160 -0.371842 0.242938 
520745384193655 0.046537 -0.520789 0.091822 
520745404761936 0.152686 0.020243 -0.382601 
520745425330633 0.150030 0.087683 -0.756566 
520745445898759 -0.892030 -0.082757 -0.145790 
520745466466832 -1.622154 0.613226 0.003448 
520745487035061 -0.426857 1.401070 3.239476 
520745507603290 1.143036 -2.597842 -1.123932 
520745528171727 0.987150 1.507719 -0.522739 
520745548739957 0.998219 3.080951 -0.914918 
520745569308290 -1.042586 0.745053 -1.201634 
520745589876727 -1.197281 -0.831957 0.028649 
520745610444957 0.869592 -0.634272 1.797799 
520745631013186 2.158347 -0.205815 1.312226 
520745651581415 0.738928 0.410521 -0.398700 
520745672149748 -0.217851 -0.231400 0.363166 
520745692718030 0.222677 0.574167 -1.307453 
520745713286155 0.270655 0.348720 -0.792387 
520745733854592 -0.053754 0.606171 0.679105 
520745754422925 -0.790992 0.676525 0.502190 
520745774991102 -1.059735 1.072967 -0.497663 
520745795559540 -1.481128 1.824654 0.352789 
520745816127612 -1.127444 0.496021 -0.568676 
520745836696206 0.490690 -1.051748 -0.797528 
520745857264279 0.724600 -1.333076 0.502687 
520745877832457 0.022847 -2.115901 1.800511 
520745898400998 0.733331 -0.051958 -1.591533 
520745918969124 0.534991 0.525479 -2.296113 
520745939537457 0.555739 -0.843655 0.996458 
520745960105634 1.144058 -0.616622 1.919048 
520745980674123 0.095052 0.068145 1.590440 
520746001242405 -1.611616 0.439600 0.107590 
520746021810686 -2.291382 1.148786 -1.917669 
520746042378967 -1.133892 0.877389 -1.191743 
520746062949487 0.230318 0.323016 -0.115679 
520746083517717 0.430140 -0.271820 0.303951 
520746104086467 1.015253 -0.816317 -0.355897 
520746124654591 0.023141 0.466368 -0.941178 
520746145222977 0.296241 0.023220 -0.651945 
520746165790269 -0.203380 -0.138483 -0.435489 
520746186358290 -0.956245 0.674385 -0.319842 
520746206926154 0.304163 0.082906 3.604841 
520746227495426 0.508438 -0.406194 0.380275 
520746248063498 -0.507409 -0.067182 -2.774185 
520746268632040 0.185599 0.090101 -0.687708 
520746289200217 -0.290637 0.119804 -0.170760 
520746309767093 -0.210644 0.180605 -0.209279 
520746330335529 -0.494971 -0.079327 0.224905 
520746350903602 0.201764 0.292429 0.813928 
520746371471936 0.420035 -0.242241 0.153092 
520746392041363 0.160523 -0.032581 -0.389225 
520746412609071 0.116068 0.131015 -0.112532 
520746433176726 0.068840 0.029059 0.314199 
520746453745218 0.326458 -0.064026 0.577612 
520746474313915 -0.070504 -0.071744 -0.646448 
520746494882143 -0.116794 0.052905 -0.197359 
520746515450790 -0.120442 -0.099580 0.072215 
520746536018133 -0.003029 -0.023901 -0.122718 
520746556587040 0.092446 0.002438 -0.034020 
520746577155477 -0.215000 0.058462 -0.038082 
520746597723185 -0.197720 0.138107 -0.075586 
520746618291311 -0.186646 0.082854 -0.020455 
520746638862143 -0.011258 0.042959 0.046518 
520746659430216 0.091756 0.061219 0.225778 
520746679998237 -0.111449 0.104321 -0.323760 
520746700566935 -0.006990 0.052618 -0.300611 
520746721134799 0.060507 0.060781 0.134873 
520746741701259 0.028335 0.066291 0.183532 
520746762269644 -0.048023 0.069705 0.107556 
520746782837925 -0.068188 0.035387 -0.083018 
520746803406362 -0.006277 0.028754 -0.055548 
520746823974800 0.010438 0.042562 -0.049126 
520746844542664 -0.184290 -0.005480 0.072525 
520746865111206 -0.042650 -0.000794 -0.080128 
520746885679540 0.003948 -0.094590 -0.064401 
520746906247872 -0.089163 -0.045550 -0.223906 
520746926816258 -0.226277 0.099687 -0.283747 
520746947384436 -0.029874 0.251528 0.442151 
520746967952820 -0.029769 0.246435 0.362391 
520746988521206 -0.181168 0.247132 0.008067 
520747009089435 -0.202075 0.081269 -0.181115 
520747029658498 0.163955 -0.046640 -0.127660 
520747050226101 -0.051677 0.459828 -0.031303 
520747070794488 -0.280791 0.075951 0.567506 
520747091362717 0.139947 -0.485398 -0.189613 
520747111931257 0.500123 -0.389820 -0.770352 
520747132499436 0.458538 -0.387761 -0.377724 
520747153070998 0.121565 -0.205900 -0.342164 
520747173638809 -0.166393 -0.623280 -0.378092 
520747194206206 0.432813 -1.018131 -0.461999 
520747214774487 0.004422 -0.259902 0.036740 
520747235341049 -0.148186 -1.340106 -0.385431 
520747255909331 0.056788 -1.374809 -0.023173 
520747276477664 0.383709 0.468622 1.398989 
520747297045998 0.062078 -0.285172 0.399302 
520747317614540 0.161001 -0.496029 -0.144642 
520747338182716 0.413178 -0.032120 0.092132 
520747358751466 0.325121 0.011934 -1.180290 
520747379319747 -0.158658 -0.513504 -0.090189 
520747399887924 0.314165 -0.258905 0.272838 
520747420456205 1.127787 0.008259 -0.206424 
520747441024539 2.975716 0.823204 0.522238 
520747461594903 3.747259 1.391750 1.969903 
520747482163236 0.230092 0.072602 -0.808623 
520747502730008 -4.571838 2.195824 -2.645108 
520747523298394 -6.662353 3.931221 -1.387269 
520747543866049 1.408575 -1.147239 1.039284 
520747564434383 4.222953 -0.205660 1.860702 
520747585002768 0.318918 -0.125340 -0.382370 
520747605571050 -3.144335 -1.159617 -1.731938 
520747626139435 -4.861012 -1.208446 -1.000069 
520747646707872 -0.602657 -0.197148 -0.435252 
520747667276623 2.378189 -0.071085 1.075086 
520747687845008 1.119413 -0.516577 0.779317 
520747708413497 0.484939 -1.209834 0.294811 
520747728981675 -0.314193 -1.438049 -0.021639 
520747749549591 -0.297109 -0.818127 -0.290155 
520747770117768 1.358818 0.040112 0.362142 
520747790686206 1.639984 0.119862 -0.120523 
520747811254435 0.712624 -0.472284 -0.704772 
520747831822976 -0.795350 -1.274486 0.110569 
520747852391206 -0.924572 -1.805403 0.478294 
520747872959539 -0.002770 -1.115987 1.181191 
520747893527977 0.560669 -0.587045 1.267903 
520747914096518 0.350613 -0.306230 -0.314374 
520747934664591 0.064484 0.443233 -1.087479 
520747955234071 0.571730 1.309739 -2.687638 
520747975802143 -0.888866 0.949249 -2.561113 
520747996370268 -2.626143 -0.064525 -1.075490 
520748016938602 -3.237347 -0.805486 -0.278223 
520748037508862 -2.013802 -1.300971 -1.495898 
520748058076622 -2.329495 -1.102131 -2.431762 
520748078643550 -1.428621 -0.583757 -2.257091 
520748099213185 1.873420 1.335971 -2.450749 
520748119781465 2.779820 1.279871 -0.101337 
520748140350372 2.488208 -0.857054 1.300374 
520748160918341 3.706378 -1.818485 0.965475 
520748181486935 2.968154 -1.609841 -0.348213 
520748202054904 4.323144 -0.623963 2.609093 
520748222623185 5.849100 1.114346 2.698808 
520748243191571 7.301812 3.699243 0.369576 
520748263759591 8.598524 5.732565 -0.594960 
520748284327924 7.930562 5.210242 -1.761005 
520748304896101 6.439063 4.337271 -3.434835 
520748325463966 4.177193 2.717764 -3.144424 
520748346032351 1.640455 1.175639 -1.680914 
520748366600945 -0.594346 -0.551658 -0.366077 
520748387169070 -4.603680 -1.438702 1.439010 
520748407737665 -7.704915 -2.236055 2.948670 
520748428305737 -7.323761 -2.164620 3.298795 
520748448874122 -8.650342 -3.289057 2.888043 
520748469443081 -5.111460 -0.660104 1.885230 
520748490010424 -1.625108 2.205619 -0.880436 
520748510579694 -0.324942 1.786343 0.028680 
520748531148028 0.633834 -0.143397 1.062969 
520748551715841 -0.246642 -2.072101 -0.157292 
520748572284070 -1.560471 -2.093893 0.158613 
520748592852612 -0.225083 -2.537988 -1.894999 
520748613421206 1.777822 -2.644958 -2.454795 
520748633989643 3.005151 -1.228911 -3.003798 
520748654558080 3.156651 -0.701736 -3.510541 
520748675129590 3.451408 -2.105313 -3.266348 
520748695695529 1.420666 -3.437254 -1.449371 
520748716263861 -1.275221 -3.364039 1.073514 
520748736832559 0.425054 -2.022433 0.642193 
520748757400216 3.094095 -1.603828 0.697847 
520748777968757 3.725782 -0.456182 -0.622782 
520748798536154 5.077329 -1.009081 -1.877357 
520748819104330 4.893964 -1.060216 -1.188640 
520748839672820 2.115843 -2.213660 -3.915874 
520748860241050 0.842774 -2.425697 -3.958338 
520748880809486 0.500539 0.739289 -1.827725 
520748901378288 0.808198 0.249021 -0.796855 
520748921946674 2.173810 -1.559876 2.048588 
520748942514799 0.732520 -1.876390 0.709645 
520748963082925 -0.452947 -1.790823 -1.703780 
520748983651258 -0.663763 0.285840 -1.086243 
520749004219539 1.199305 2.859431 1.743035 
520749024788550 2.234689 2.769372 1.009382 
520749045356935 2.570512 0.977300 -1.005029 
520749065924746 0.155946 -0.576234 1.496063 
520749086493393 -2.596868 -1.438951 2.252638 
520749107061726 -1.863357 0.551757 -0.399767 
520749127630008 0.272789 1.155854 -0.289818 
520749148199226 0.471191 0.606541 0.306289 
520749168767871 0.866637 0.388284 -0.361139 
520749189336414 0.674764 0.282789 -0.644987 
520749209904747 0.840971 0.236984 -0.253442 
520749230474538 1.961715 0.645521 0.890944 
520749251042872 1.590993 0.869700 2.572137 
520749271609747 -0.517414 -0.440560 3.085817 
520749292175945 -2.186363 -1.699745 3.138671 
520749312746361 -1.731947 -1.524246 2.305904 
520749333314694 -0.962060 -0.320619 2.256516 
520749353883081 -1.492249 -0.876778 2.215171 
520749374451465 -0.969147 -1.918523 1.833491 
520749395017976 0.459908 -1.360741 1.996202 
520749415586205 1.112804 -0.822257 2.690339 
520749436154694 0.763192 -1.324076 2.012968 
520749456723080 -0.371255 -2.603088 0.132441 
520749477292924 -2.127562 -2.565897 0.054855 
520749497860944 -2.247208 -2.561350 -0.439582 
520749518428809 -0.499990 -2.117114 -0.823608 
520749538997195 0.727316 -1.517630 -2.138555 
520749559565111 -0.080750 -0.369955 -3.483116 
520749580133184 -1.070154 0.231630 -3.345501 
520749600701465 -0.532104 -0.480497 -2.921284 
520749621269955 -0.465764 -0.770835 -2.175219 
520749641838184 -0.564299 -0.398329 -1.702119 
520749662407350 -0.247581 -0.601105 -1.441342 
520749682975840 -0.312095 -0.628894 -1.838010 
520749703543809 -0.447802 0.096813 -1.937912 
520749724112194 0.917297 1.173302 0.183589 
520749744680164 1.156806 0.445170 0.654768 
520749765248236 -0.226753 0.243968 -0.475493 
520749785817247 -1.202747 0.240796 -1.082763 
520749806386205 -0.750394 0.464243 0.332399 
520749826953548 0.307319 0.071971 2.211953 
520749847522091 0.493670 0.266305 1.792823 
520749868090580 1.315456 1.065470 1.914176 
520749888658653 1.391201 0.812069 1.867758 
520749909226986 0.012908 0.431562 0.450222 
520749929795163 -0.914434 0.266653 -0.442075 
520749950363705 -0.334937 0.121383 0.050582 
520749970931882 -0.012126 -0.108297 0.336545 
520749991500736 -0.242024 -0.405279 0.291069 
520750012068132 -0.128100 -0.425434 0.187866 
520750032638914 -0.022694 -0.154815 -0.067946 
520750053206361 -0.093372 -0.147552 -0.277913 
520750073775008 -0.057039 -0.029263 -0.471621 
520750094343027 0.284525 0.202528 -0.097904 
520750114911466 0.330341 0.305719 -0.083230 
520750135479695 0.216138 0.441436 -0.429962 
520750156049747 0.245911 0.531144 -0.558629 
520750176618393 0.423818 0.462386 -0.259969 
520750197185945 0.441190 0.378391 -0.152641 
520750217754278 0.362051 0.317064 -0.068796 
520750238322924 0.461947 0.371380 0.264758 
520750258890840 0.364774 0.377341 0.367867 
520750279458810 0.130035 0.087990 0.372733 
520750300026204 -0.097858 -0.012325 0.149700 
520750320595110 -0.195215 -0.011499 -0.229638 
520750341162612 -0.359718 0.103558 -0.181196 
520750361730945 -0.132367 -0.010653 0.378123 
520750382299069 0.139838 -0.082737 0.387262 
520750402867611 0.123479 -0.056383 -0.130079 
520750423435840 -0.159998 -0.144551 -0.728838 
520750444004278 -0.340866 -0.346541 -1.133344 
520750464573497 -0.350684 -0.242261 -1.300472 
520750485142454 -0.104299 -0.053964 -1.045085 
520750505710163 0.223587 -0.139107 -0.351012 
520750526278496 0.364675 -0.197398 0.184957 
520750546847611 0.270634 -0.166386 -0.116713 
520750567416622 0.022979 -0.141795 -0.368082 
520750587984433 -0.210005 -0.090192 -0.585138 
520750608552715 -0.103563 0.170140 -0.687921 
520750629121257 0.205885 0.440445 -0.409130 
520750649687558 0.472542 0.370711 0.213224 
520750670257871 0.276423 0.232589 0.467836 
520750690826205 0.005493 0.144764 0.196236 
520750711394745 -0.397612 0.025900 -0.015578 
520750731962767 -0.396622 0.006409 -0.011198 
520750752530944 -0.084620 0.037847 0.055029 
520750773099277 0.134597 0.120414 -0.081140 
520750793666830 0.277159 0.165685 -0.036051 
520750814235007 0.112603 0.108378 0.046134 
520750834805528 -0.170863 -0.033855 0.108993 
520750855374434 -0.284114 -0.059302 -0.002861 
520750875941517 -0.167341 0.060792 -0.138884 
520750896509746 0.006633 0.167976 -0.113744 
520750917077506 0.167150 0.157184 0.147317 
520750937645996 0.144766 -0.032496 0.511281 
520750958214433 -0.170065 -0.050042 0.169702 
520750978783235 -0.285608 -0.008759 -0.200286 
520750999351412 -0.101736 0.093026 -0.285912 
520751019919643 0.194720 0.159104 -0.009385 
520751040488027 0.179122 0.013955 -0.033648 
520751061055580 -0.084260 0.081170 -0.370697 
520751081623601 -0.087861 0.075987 -0.330619 
520751102191725 -0.037887 0.030477 -0.114497 
520751122759954 0.048258 0.025007 0.025991 
520751143328444 0.059314 0.021336 -0.064957 
520751163897298 0.098051 0.104308 -0.228425 
520751184465006 0.175255 0.108928 -0.020158 
520751205033339 0.296169 0.198447 0.519001 
520751225601726 0.336360 -0.034079 0.779672 
520751246170111 -0.872535 0.028409 -0.906473 
520751266738548 -0.379268 0.071995 -0.690725 
520751287306725 0.534219 0.574399 -0.364006 
520751307875475 0.838158 0.378363 0.061957 
520751328443599 0.187113 0.163249 0.653722 
520751349012663 -0.167517 -0.321758 0.657185 
520751369580735 -0.307052 -0.293827 0.898495 
