# Created at Thu Nov 07 17:58:21 EST 2019 in Burnaby Canada 
520745230919332 -0.187605 161.852905 10.104060 
520745250918238 -0.051465 160.989975 11.024731 
520745270917769 -1.834185 162.665070 11.043090 
520745290916988 -2.153790 161.789124 12.121921 
520745310917144 -2.156460 162.084961 10.584540 
520745330916623 -1.830825 162.955765 10.428210 
520745350953759 -3.053205 162.193192 12.592171 
520745370918186 -1.521645 162.666321 12.270150 
520745390917821 -0.469980 162.266312 11.798430 
520745410917301 -1.219170 162.235809 13.650781 
520745430917301 0.768120 162.281616 14.861670 
520745450918706 -1.661505 162.504959 14.731561 
520745470917977 -0.728895 162.953339 15.952920 
520745490917040 -0.841905 164.236908 16.877430 
520745510922301 -0.093060 163.974167 16.101210 
520745530937977 -2.985135 164.043427 15.667951 
520745551290582 -1.701375 166.955444 14.427390 
520745570917144 -3.232275 166.188202 15.979290 
520745590917301 -2.316091 166.356995 15.816780 
520745610919957 -2.920395 166.483597 15.976470 
520745630917092 -3.016966 168.487045 16.593781 
520745650917768 -2.741985 167.346039 16.590361 
520745670916884 -3.485130 167.750717 17.674141 
520745690920634 -5.300716 168.426300 16.615831 
520745710917196 -4.243005 168.461502 15.375540 
520745730917248 -6.177300 170.278763 14.934180 
520745750985478 -6.154170 170.699402 16.779360 
520745770917769 -4.951935 170.158096 16.613611 
520745790917352 -4.340250 170.318802 16.454041 
520745810917665 -4.340250 170.318802 16.454041 
520745830916987 -5.907690 168.848740 15.238140 
520745850953759 -5.889240 169.566940 15.238441 
520745870916935 -2.258731 168.509872 16.125179 
520745890927040 -2.915370 166.479309 16.745220 
520745911216936 -4.560931 167.730927 16.146931 
520745930917664 -4.772880 165.722778 14.917561 
520745951125997 -3.109876 165.190186 15.362400 
520745970917196 -3.514650 166.601608 17.673660 
520745990916519 -3.518310 167.338623 14.291460 
520746010916988 -3.982110 166.892136 14.910690 
520746030925113 -4.477411 166.178879 11.839800 
520746050917196 -6.273210 167.424774 11.550480 
520746070927092 -5.097150 165.584702 12.460440 
520746090919123 -5.539155 165.706802 14.156160 
520746110919435 -4.496881 165.021225 13.376821 
520746130919852 -3.766485 164.040268 12.600300 
520746150919227 -4.517685 164.011475 14.145150 
520746170918706 -5.443921 163.851212 12.770160 
520746190918758 -4.871145 162.577225 12.302490 
520746210917925 -3.911371 163.883163 14.292960 
520746230917613 -3.774885 163.313522 14.137500 
520746250922769 -4.554240 162.868332 13.068420 
520746271179852 -3.201090 162.478973 12.132510 
520746290965634 -5.951640 162.414642 10.621470 
520746310918707 -3.973755 161.734543 13.215811 
520746330917978 -5.930190 162.689941 12.774090 
520746350917300 -3.595110 164.908707 12.137940 
520746370917612 -3.828870 161.891663 11.523150 
520746390917769 -5.194770 161.704712 12.766320 
520746410918394 -4.168260 160.445435 11.832991 
520746430917977 -5.191410 161.995407 12.151441 
520746450918655 -4.777951 159.842697 13.991131 
520746470917665 -4.465050 160.577545 12.450990 
520746490918602 -4.399650 162.723602 13.989390 
520746510917768 -3.859080 160.155991 13.674931 
520746530918238 -4.410045 162.438889 13.528020 
520746550917091 -3.966720 161.728561 14.292060 
520746570918967 -3.212505 161.754791 13.208461 
520746590925998 -4.128345 161.879272 12.294840 
520746610919227 -3.801030 162.895416 11.831070 
520746631123967 -1.701420 161.071121 14.269710 
520746650961362 -3.336585 162.607468 14.132791 
520746670918758 -4.732651 162.005844 12.454530 
520746690918758 -2.895600 162.045898 13.974391 
520746710918810 -3.848685 160.440720 14.136300 
520746730918706 -2.905995 161.761185 13.513020 
520746750919799 -2.947920 160.329071 12.743670 
520746770916832 -4.107884 162.595764 12.602640 
520746790916936 -5.349361 161.849426 11.845350 
520746810917091 -3.199080 162.477264 12.440010 
520746830917195 -6.205171 163.830963 12.777510 
520746850916675 -4.470420 160.288574 12.758369 
520746870917091 -3.834915 161.456451 12.291720 
520746890916675 -3.636390 162.742142 14.289540 
520746910917352 -2.921430 161.040421 13.973970 
520746930917612 -2.926455 161.044693 13.205220 
520746951124174 -3.383880 160.886337 13.670820 
520746970917665 -5.197800 161.266953 13.996140 
520746991055997 -4.542525 162.564819 15.989551 
520747011056883 -3.839940 161.460739 11.522970 
520747030975372 -4.405019 162.434616 14.296770 
520747050917665 -4.788345 159.557999 13.529760 
520747070917143 -5.535825 160.553482 11.692530 
520747090918081 -4.742701 162.014404 10.917029 
520747110916988 -4.918095 161.149384 10.764390 
520747130917612 -3.695400 161.324554 10.906440 
520747150916467 -4.465050 160.577545 12.450990 
520747170919851 -4.031775 159.875778 11.677529 
520747190919382 -4.114920 162.601761 11.526390 
520747210918758 -5.219265 160.551315 13.534590 
520747230918914 -4.709520 162.426514 14.299710 
520747250918029 -4.684035 163.138733 15.376260 
520747270916727 -3.631710 162.444611 16.134420 
520747290917248 -6.663285 163.086090 15.395370 
520747310917561 -5.531460 165.406677 16.462290 
520747330916831 -5.984191 165.391098 17.081699 
520747351011466 -7.849755 164.201096 15.715110 
520747371011935 -8.565061 165.609543 17.106810 
520747390976623 -9.902760 167.159973 15.890699 
520747410916622 -9.475215 165.435623 18.191820 
520747430985580 -9.771646 166.301346 16.042620 
520747450917091 -10.202235 167.147598 16.662392 
520747470916935 -10.047645 167.002884 17.583361 
520747490918757 -11.613060 165.971436 14.983891 
520747510919018 -9.879615 163.457611 10.813920 
520747530917561 -10.625791 163.424530 13.127521 
520747550917352 -9.370891 164.893326 13.116360 
520747570916883 -11.373960 163.833496 13.442551 
520747590916883 -8.056665 162.628967 13.563420 
520747610916883 -9.320610 161.167862 12.190830 
520747630917195 -9.344085 160.453949 11.421781 
520747650917403 -8.013419 158.909500 11.561640 
520747670917351 -7.994970 159.627701 11.561940 
520747690925060 -6.165300 159.380447 13.081680 
520747710945893 -5.731035 158.237518 14.153040 
520747730946049 -7.664986 160.348007 12.635550 
520747750916935 -7.029825 161.222626 13.245030 
520747770984956 -8.547646 160.884598 15.104609 
520747790917039 -8.358826 162.472107 14.488800 
520747810927143 -8.369235 161.747070 15.718500 
520747830917456 -10.087561 165.569046 17.121510 
520747850916935 -9.844740 169.018723 17.428980 
520747870917247 -9.353115 170.028687 18.808741 
520747890918237 -9.769950 171.450363 19.275000 
520747910925112 -11.182770 175.279602 20.828819 
520747930917612 -12.284401 174.254303 19.301189 
520747951124279 -11.924205 176.710281 18.223021 
520747970918185 -11.464080 177.453461 15.912660 
520747990917508 -12.837660 178.006958 13.158630 
520748010918654 -14.203215 178.113297 13.325670 
520748030918237 -14.958735 179.115631 10.258440 
520748050919279 -18.736485 179.724030 11.832990 
520748070918602 -18.863565 181.019577 10.605000 
520748090917612 -18.790081 184.479752 8.300190 
520748110926467 -21.062761 184.849915 8.322420 
520748130918549 -20.997362 186.995972 9.860820 
520748150918601 -19.395704 189.757950 11.231010 
520748170919070 -21.793457 191.421967 10.332749 
520748190918081 -20.826946 193.749619 9.402390 
520748210918602 -21.240391 196.342651 5.871630 
520748230920633 -21.784966 199.354019 3.880020 
520748250918602 -22.226580 201.090332 -0.573600 
520748270917925 -21.786600 200.529648 -0.885750 
520748290918081 -23.580404 196.770126 -4.407390 
520748310918653 -21.137371 192.265579 -8.585550 
520748330917872 -21.591764 187.981613 -14.580660 
520748350918237 -18.558870 182.188538 -16.612740 
520748370918028 -14.953186 175.561798 -20.803560 
520748390918445 -11.871961 172.369629 -25.602060 
520748410920217 -8.627760 169.319153 -29.325720 
520748430931102 -5.379195 166.558548 -33.510513 
520748450932351 -5.427510 164.397964 -32.435162 
520748470917976 -5.427510 164.397964 -32.435162 
520748490919278 -1.972050 162.769150 -32.777191 
520748510917299 -1.584405 160.051285 -32.628990 
520748530917716 -0.965685 160.205994 -31.712311 
520748550918132 2.580675 157.312408 -36.361351 
520748570917873 5.873160 155.541870 -37.778221 
520748590917352 9.785385 154.365540 -39.815731 
520748610918549 10.919189 151.240417 -40.290062 
520748630917977 14.548035 150.478333 -40.786949 
520748650918341 15.900826 149.355408 -38.955662 
520748670918184 20.440487 148.473145 -39.307678 
520748690920112 22.674932 146.814484 -40.099197 
520748710918497 25.625010 143.600311 -41.667480 
520748730920059 28.090860 144.667175 -41.075581 
520748750918601 28.548977 145.412048 -43.693439 
520748770919486 30.415232 147.188614 -44.479111 
520748790963757 30.084242 146.469162 -45.706470 
520748811354591 31.955523 148.241440 -45.723389 
520748830918237 34.098419 148.582001 -45.128853 
520748850917508 36.328831 146.486435 -44.844299 
520748870917664 37.822472 145.083679 -43.629601 
520748890917299 39.044178 145.700058 -45.332371 
520748910917715 39.834633 147.456818 -47.645248 
520748930918288 39.799095 146.753159 -50.259304 
520748951124851 42.156647 149.686707 -50.280151 
520748970917404 44.457829 150.026169 -48.764580 
520748990917768 44.443413 149.744888 -49.840954 
520749010917248 44.274391 149.167999 -50.147221 
520749030917404 39.716938 149.037933 -48.565620 
520749050917977 39.701160 148.023895 -47.028542 
520749070917977 39.666271 146.585785 -46.721642 
520749090954174 38.889584 145.844772 -46.253342 
520749110917559 38.128334 145.824524 -46.245991 
520749130917976 39.030090 145.271713 -45.793800 
520749150933810 41.058002 147.778198 -47.964390 
520749171313549 40.794106 149.790466 -49.651859 
520749190918653 42.038952 151.267807 -51.200520 
520749210919278 43.155373 153.748306 -53.054790 
520749230919174 43.692318 157.361725 -54.902702 
520749250919903 45.534107 158.865540 -58.302242 
520749270923236 47.517719 159.208038 -58.782482 
520749290920424 47.087822 160.640839 -60.314972 
520749310916830 47.993595 160.084579 -59.247780 
520749330920007 49.497646 159.406891 -59.262779 
520749350919226 47.785320 157.779739 -58.786022 
520749370919174 48.477791 154.922897 -58.025822 
520749390919173 47.871136 154.757919 -57.097500 
520749410917716 48.308071 153.319153 -54.488762 
520749430916934 47.456898 149.118805 -51.869404 
520749450917976 46.941418 146.221039 -49.559940 
520749470917038 46.596298 143.752243 -46.175518 
520749490918393 45.783360 140.840363 -42.786869 
520749510931361 46.679386 139.264954 -39.260101 
520749531245893 46.552635 140.413483 -39.873154 
520749550920893 46.082775 139.091446 -36.794281 
520749570917299 46.021038 136.208374 -34.950478 
520749590917611 47.099522 136.372681 -33.576962 
520749610917351 44.361671 135.563629 -30.322052 
520749630916726 44.045116 135.565796 -32.164112 
520749650917038 43.900578 135.701965 -31.547581 
520749670917090 42.388126 135.652908 -29.995380 
520749690918236 41.892826 134.939667 -33.066269 
520749710918079 44.808392 136.024658 -33.555031 
520749730917924 42.706429 137.557404 -35.225040 
520749750918080 41.676918 139.259583 -36.444031 
520749770916882 41.829842 139.409821 -36.906689 
520749790917299 43.157494 137.867950 -37.228081 
520749810919122 42.578686 139.147064 -37.682911 
520749830922195 42.149429 139.845413 -36.294453 
520749850918600 40.282875 139.096558 -39.505859 
520749870916882 39.556499 140.074112 -38.114342 
520749891191309 39.683598 139.218903 -38.577423 
520749910966049 41.368065 139.401947 -37.671028 
520749930917871 39.690285 138.919647 -36.425037 
520749951123757 40.909279 138.510864 -34.591980 
520749970917455 39.230175 138.616791 -35.805752 
520749990917767 38.622528 138.893005 -36.722252 
520750010918288 38.445107 137.589340 -35.491322 
520750030916725 39.539700 138.620621 -35.039940 
520750050917820 39.817711 137.917358 -36.273182 
520750070917768 37.723770 139.002930 -35.022121 
520750090919590 39.218761 137.892593 -34.729801 
520750110918236 39.533310 137.892151 -33.195240 
520750130919382 38.769707 137.580338 -32.419258 
520750150917664 37.696922 137.557968 -33.485222 
520750170920631 38.482292 137.557693 -29.802570 
520750190919903 38.504116 139.006927 -32.108219 
520750210920528 38.924644 137.728897 -32.574421 
520750230930841 38.606720 136.998337 -31.803032 
520750251140110 38.581593 137.019714 -35.646778 
520750270966153 37.244534 137.835678 -33.941940 
520750290918393 38.766693 137.582901 -32.880512 
520750310918445 38.023891 138.280853 -32.872860 
520750330918079 40.132591 137.769852 -34.123680 
520750350917819 40.302959 138.639145 -34.739792 
520750370917351 40.300949 138.640869 -35.047291 
520750390916935 40.427040 137.786514 -35.664120 
520750410917142 40.905258 138.514297 -35.206982 
520750430917402 41.666508 138.534546 -35.214333 
520750450917298 42.085678 136.964066 -34.758152 
520750470918392 41.369370 138.373367 -33.520203 
520750490918808 40.155079 138.924957 -35.199451 
520750510919173 41.220829 138.953308 -35.209743 
520750530921465 41.979061 138.976120 -35.678341 
520750550918288 40.307343 139.369324 -36.891991 
520750570919747 41.210777 138.961853 -36.747242 
520750590919955 40.311001 138.632309 -33.509792 
520750611098341 40.305977 138.636581 -34.278542 
520750631097298 40.617512 138.638702 -33.205231 
520750650966987 40.134602 137.768143 -33.816181 
520750670916777 38.928017 138.459915 -34.880371 
520750690919590 41.954224 137.529449 -33.833939 
520750710923913 40.861622 136.056152 -32.286751 
520750730919694 41.190964 137.510910 -34.134090 
520750750918965 41.195328 137.800766 -34.595219 
520750770919330 41.040737 137.945480 -35.516193 
520750790918496 41.221817 138.512131 -33.364918 
520750810918340 40.890831 137.792664 -34.592281 
520750830917507 40.589668 137.634918 -33.513149 
520750850918183 40.594032 137.924774 -33.974281 
520750870920528 41.039040 137.359802 -33.517681 
520750890918496 39.401207 139.192001 -35.191982 
520750910919277 40.623554 139.073883 -33.973801 
520750930919746 39.511517 137.323578 -34.271732 
520750951130944 41.833500 138.672806 -33.524490 
520750971032403 42.104130 137.682251 -34.757851 
520750991032506 41.261070 140.240082 -34.132950 
520751010942038 40.914303 138.506592 -33.823231 
520751030918705 39.345512 136.744110 -34.116749 
520751050918652 39.827759 137.908798 -34.735683 
520751070921933 40.293568 138.353577 -35.047409 
520751090917455 41.216793 138.516403 -34.133671 
520751110917559 39.490051 136.607941 -34.733280 
520751130917350 39.490051 136.607941 -34.733280 
520751150917037 40.404228 136.778458 -35.203293 
520751170917819 39.683899 138.191177 -34.580341 
520751190917298 39.830429 137.612961 -33.198303 
520751210917193 40.893845 137.790100 -34.131031 
520751230917506 38.776096 138.308792 -34.263962 
520751250917298 40.324081 139.061508 -33.202110 
520751270922559 40.605103 138.355682 -33.974102 
520751290918600 41.061855 138.367828 -33.978512 
520751310917298 39.219078 137.305222 -32.423790 
520751331006777 40.413273 136.770752 -33.819542 
520751351006516 38.200294 139.145050 -32.566471 
520751370919121 39.533310 137.892151 -33.195240 
520751390918235 39.868320 138.608200 -31.352880 
