# Created at Thu Nov 07 17:58:21 EST 2019 in Burnaby Canada 
520745199080008 -0.818599 0.079170 -0.564231 0.072598 
520745219648290 -0.817932 0.080518 -0.564396 0.077209 
520745240215634 -0.818370 0.086109 -0.562425 0.080826 
520745260783915 -0.816741 0.090987 -0.563504 0.084373 
520745281352404 -0.816022 0.093038 -0.564237 0.084194 
520745301920686 -0.818772 0.094184 -0.560259 0.082772 
520745322489540 -0.822389 0.095462 -0.554775 0.082383 
520745343057821 -0.824600 0.095861 -0.551449 0.082157 
520745363625374 -0.826854 0.096533 -0.547944 0.082165 
520745384193655 -0.828716 0.098129 -0.544823 0.082267 
520745404762196 -0.831215 0.100570 -0.540315 0.083830 
520745425330477 -0.834965 0.102554 -0.533711 0.086422 
520745445898551 -0.838463 0.106541 -0.526746 0.090374 
520745466466832 -0.841163 0.114414 -0.519768 0.095895 
520745487035165 -0.835203 0.114804 -0.526989 0.107415 
520745507603446 -0.831236 0.122874 -0.529867 0.114848 
520745528171623 -0.829343 0.130144 -0.530459 0.117756 
520745548739905 -0.830536 0.134922 -0.527114 0.118983 
520745569308394 -0.834254 0.142597 -0.518876 0.120229 
520745589876675 -0.837526 0.152952 -0.509678 0.124032 
520745610444905 -0.836018 0.160927 -0.508683 0.128131 
520745631013186 -0.833670 0.165039 -0.510595 0.130570 
520745651581467 -0.830934 0.170490 -0.513893 0.128049 
520745672149748 -0.828183 0.175167 -0.516759 0.128020 
520745692717926 -0.827513 0.178717 -0.515976 0.130580 
520745713286207 -0.828381 0.182792 -0.512444 0.133315 
520745733854539 -0.828285 0.187333 -0.510974 0.133251 
520745754422820 -0.828628 0.190643 -0.509602 0.131668 
520745774991102 -0.829417 0.192046 -0.508339 0.129526 
520745795559383 -0.829994 0.191807 -0.507916 0.127834 
520745816127716 -0.832038 0.191543 -0.505470 0.124593 
520745836695997 -0.835072 0.189248 -0.502500 0.119725 
520745857264332 -0.835768 0.183306 -0.504969 0.113567 
520745877832613 -0.834276 0.176062 -0.510338 0.111984 
520745898400945 -0.835926 0.170498 -0.509780 0.110828 
520745918969124 -0.839228 0.167966 -0.505504 0.109310 
520745939537405 -0.839772 0.165594 -0.505253 0.109917 
520745960105738 -0.836476 0.161413 -0.511617 0.111809 
520745980674019 -0.829659 0.156102 -0.523655 0.114386 
520746001242405 -0.822968 0.150038 -0.535288 0.116953 
520746021810686 -0.820109 0.144313 -0.540732 0.119175 
520746042381206 -0.819825 0.137597 -0.542600 0.120581 
520746062949487 -0.819706 0.128550 -0.545386 0.118790 
520746083517925 -0.818528 0.121601 -0.549480 0.115313 
520746104086310 -0.817990 0.117184 -0.551718 0.112996 
520746124653758 -0.819282 0.113934 -0.550649 0.112167 
520746145222039 -0.821052 0.113013 -0.547872 0.113740 
520746165789488 -0.823762 0.111026 -0.543984 0.114765 
520746186357873 -0.827355 0.108376 -0.539789 0.111201 
520746206926987 -0.822265 0.107292 -0.547827 0.110697 
520746227495269 -0.816511 0.106000 -0.556724 0.110147 
520746248063551 -0.815780 0.105666 -0.558051 0.109162 
520746268631936 -0.816805 0.104413 -0.556833 0.108927 
520746289198914 -0.818787 0.102748 -0.554353 0.108279 
520746309767144 -0.820911 0.100710 -0.551686 0.107725 
520746330335321 -0.822448 0.098433 -0.550028 0.106578 
520746350903602 -0.822450 0.097616 -0.550500 0.104862 
520746371472561 -0.822233 0.097397 -0.551038 0.103941 
520746392040842 -0.822943 0.097413 -0.550098 0.103280 
520746412608603 -0.824016 0.097280 -0.548577 0.102942 
520746433176988 -0.824213 0.097030 -0.548322 0.102961 
520746453745477 -0.823632 0.096046 -0.549220 0.103740 
520746474313862 -0.824149 0.095401 -0.548382 0.104663 
520746494881518 -0.824743 0.094433 -0.547368 0.106162 
520746515449852 -0.825087 0.093766 -0.546718 0.107416 
520746536018863 -0.825590 0.093534 -0.545889 0.107974 
520746556587196 -0.825787 0.093384 -0.545597 0.108072 
520746577154748 -0.825952 0.093501 -0.545325 0.108079 
520746597723082 -0.826090 0.093878 -0.545118 0.107745 
520746618293758 -0.826201 0.094287 -0.544944 0.107411 
520746638861622 -0.825899 0.094067 -0.545447 0.107372 
520746659429851 -0.825169 0.093699 -0.546613 0.107380 
520746679998185 -0.825139 0.093620 -0.546677 0.107357 
520746700566518 -0.825556 0.093215 -0.546050 0.107693 
520746721132977 -0.825879 0.092872 -0.545575 0.107919 
520746741701311 -0.826034 0.092709 -0.545380 0.107859 
520746762269747 -0.826080 0.092510 -0.545395 0.107596 
520746782838028 -0.826367 0.092624 -0.545019 0.107208 
520746803406102 -0.826581 0.093260 -0.544688 0.106681 
520746823974435 -0.826736 0.093239 -0.544520 0.106360 
520746844542821 -0.826710 0.093698 -0.544621 0.105640 
520746865111207 -0.826798 0.093416 -0.544614 0.105231 
520746885679643 -0.826702 0.093155 -0.544828 0.105115 
520746906247976 -0.827119 0.092199 -0.544278 0.105521 
520746926816154 -0.827730 0.091054 -0.543547 0.105495 
520746947384487 -0.826632 0.089552 -0.545585 0.104866 
520746967952768 -0.824723 0.087920 -0.548971 0.103601 
520746988521102 -0.822932 0.086673 -0.552189 0.101779 
520747009089487 -0.821451 0.086231 -0.554638 0.100788 
520747029657716 -0.820177 0.085946 -0.556611 0.100533 
520747050226050 -0.818593 0.084569 -0.559336 0.099485 
520747070794384 -0.815972 0.082728 -0.563406 0.099601 
520747091362769 -0.814325 0.083029 -0.565773 0.099408 
520747111931102 -0.814473 0.084074 -0.565508 0.098827 
520747132502143 -0.815233 0.084451 -0.564173 0.099862 
520747153070476 -0.816822 0.085049 -0.561444 0.101731 
520747173637872 -0.819414 0.087052 -0.556395 0.106808 
520747194206206 -0.821730 0.088635 -0.551085 0.114927 
520747214772664 -0.823637 0.087433 -0.546911 0.121925 
520747235340997 -0.827022 0.086132 -0.540512 0.128308 
520747255909332 -0.829306 0.086313 -0.535394 0.134739 
520747276477665 -0.828470 0.085908 -0.535208 0.140746 
520747297046049 -0.826181 0.085647 -0.536964 0.147513 
520747317614383 -0.823458 0.083943 -0.539709 0.153575 
520747338183133 -0.821022 0.078914 -0.542525 0.159253 
520747358751205 -0.820183 0.072200 -0.543407 0.163691 
520747379319539 -0.819244 0.065395 -0.543923 0.169442 
520747399887872 -0.816880 0.058976 -0.545749 0.177167 
520747420456205 -0.815286 0.050632 -0.546644 0.184187 
520747441026570 -0.811726 0.039974 -0.552238 0.185840 
520747461594903 -0.802169 0.023074 -0.567937 0.182865 
520747482161727 -0.794897 0.004386 -0.580168 0.177554 
520747502730061 -0.793851 -0.009692 -0.582911 0.172977 
520747523297664 -0.795046 -0.013674 -0.581173 0.173069 
520747543865997 -0.794387 -0.017786 -0.583146 0.169039 
520747564434383 -0.792031 -0.026943 -0.589205 0.157476 
520747585002716 -0.786337 -0.034868 -0.599470 0.145241 
520747605571206 -0.783475 -0.041968 -0.603465 0.142249 
520747626139539 -0.783910 -0.048660 -0.601133 0.147502 
520747646708289 -0.784769 -0.056510 -0.597947 0.152982 
520747667276675 -0.783477 -0.063747 -0.598404 0.154962 
520747687845008 -0.781174 -0.067469 -0.601015 0.154907 
520747708413341 -0.780884 -0.069761 -0.600677 0.156657 
520747728981050 -0.783516 -0.071401 -0.595497 0.162443 
520747749549435 -0.786511 -0.071873 -0.588861 0.171687 
520747770117768 -0.787418 -0.075060 -0.583277 0.184734 
520747790686102 -0.786347 -0.081679 -0.578701 0.200232 
520747811254487 -0.783744 -0.091133 -0.574383 0.218001 
520747831822872 -0.779215 -0.100212 -0.570241 0.240015 
520747852391258 -0.775397 -0.107401 -0.564121 0.262662 
520747872959591 -0.770821 -0.112701 -0.560017 0.281981 
520747893527925 -0.765508 -0.117294 -0.558091 0.297948 
520747914096258 -0.759608 -0.120177 -0.558300 0.311213 
520747934665424 -0.751620 -0.119997 -0.562612 0.322701 
520747955233758 -0.742034 -0.119948 -0.570460 0.331019 
520747975801935 -0.731762 -0.121348 -0.579147 0.338214 
520747996370268 -0.720097 -0.124092 -0.586870 0.348775 
520748016939904 -0.705897 -0.125998 -0.594569 0.363761 
520748037508289 -0.689890 -0.126184 -0.604163 0.378307 
520748058075112 -0.674934 -0.120441 -0.613325 0.392161 
520748078644747 -0.666169 -0.117020 -0.613645 0.407388 
520748099213080 -0.664370 -0.119418 -0.606969 0.419452 
520748119781674 -0.661682 -0.116844 -0.604308 0.428177 
520748140350008 -0.654837 -0.102570 -0.607638 0.437543 
520748160918185 -0.644725 -0.079787 -0.615385 0.446391 
520748181486571 -0.631568 -0.053538 -0.624689 0.456092 
520748202054852 -0.610919 -0.033290 -0.635291 0.471248 
520748222623185 -0.585339 -0.023477 -0.647806 0.487006 
520748243191258 -0.565275 -0.029090 -0.659134 0.495136 
520748263759591 -0.549972 -0.050395 -0.672414 0.492798 
520748284327247 -0.535833 -0.076414 -0.691680 0.478145 
520748304895633 -0.523613 -0.100025 -0.716294 0.450276 
520748325464226 -0.511360 -0.118017 -0.744533 0.412617 
520748346032611 -0.494522 -0.128526 -0.776033 0.369733 
520748366600946 -0.470267 -0.132884 -0.809168 0.326248 
520748387169279 -0.441069 -0.133914 -0.838589 0.290333 
520748407737456 -0.415696 -0.140261 -0.858268 0.266271 
520748428305789 -0.399110 -0.156624 -0.868078 0.250241 
520748448873705 -0.389310 -0.176627 -0.868975 0.249245 
520748469442091 -0.377777 -0.196043 -0.868953 0.252534 
520748490011309 -0.363819 -0.211225 -0.872532 0.248409 
520748510579694 -0.340866 -0.222456 -0.882422 0.235913 
520748531147352 -0.310217 -0.234145 -0.895224 0.217983 
520748551715685 -0.278765 -0.247508 -0.904568 0.206851 
520748572284487 -0.244268 -0.259524 -0.911426 0.205626 
520748592852821 -0.218381 -0.269911 -0.915967 0.201151 
520748613421361 -0.200736 -0.282050 -0.919141 0.187972 
520748633989695 -0.182266 -0.293647 -0.923327 0.167386 
520748654558810 -0.162803 -0.299806 -0.929827 0.137965 
520748675127143 -0.148833 -0.300875 -0.936309 0.103188 
520748695695841 -0.134653 -0.296222 -0.941915 0.083169 
520748716264174 -0.112995 -0.286334 -0.947944 0.081532 
520748736832090 -0.099560 -0.275545 -0.952416 0.084059 
520748757400424 -0.091864 -0.269344 -0.955122 0.082195 
520748777967768 -0.088223 -0.269205 -0.956371 0.071419 
520748798536102 -0.082320 -0.271491 -0.957796 0.046302 
520748819104487 -0.070739 -0.275532 -0.958611 0.011994 
520748839672767 0.068249 0.276912 0.958352 0.014941 
520748860241101 0.067077 0.267416 0.960777 0.029956 
520748880809955 0.055354 0.248281 0.966420 0.036403 
520748901378288 0.042262 0.228054 0.971965 0.038588 
520748921946206 0.020014 0.216475 0.975181 0.041951 
520748942514539 0.009895 0.212391 0.975955 0.048008 
520748963082821 0.023218 0.214616 0.974825 0.055829 
520748983651154 0.051617 0.223483 0.971153 0.065215 
520749004220216 0.079483 0.234707 0.965810 0.076196 
520749024788550 0.104710 0.242335 0.959953 0.093804 
520749045356674 0.129556 0.244560 0.953427 0.119923 
520749065925007 0.143483 0.244655 0.948824 0.138889 
520749086493289 0.141948 0.240015 0.950044 0.140215 
520749107061622 0.134581 0.225057 0.955069 0.138131 
520749127631153 0.121568 0.202716 0.961750 0.138435 
520749148199538 0.101149 0.176824 0.969333 0.137464 
520749168768028 0.078187 0.148804 0.976072 0.137944 
520749189336414 0.060646 0.119749 0.980774 0.141648 
520749209906153 0.047731 0.094057 0.983260 0.148577 
520749230474538 0.038070 0.074501 0.983320 0.161498 
520749251039226 0.031878 0.062647 0.981158 0.179966 
520749271607611 0.031317 0.059756 0.978064 0.197078 
520749292177976 0.031635 0.066584 0.975974 0.205040 
520749312746361 0.033363 0.079890 0.974348 0.207727 
520749333314694 0.036314 0.095892 0.972428 0.209452 
520749353883080 0.041406 0.114515 0.970790 0.206732 
520749374449486 0.054212 0.139282 0.967908 0.202028 
520749395017819 0.073811 0.171264 0.961608 0.201324 
520749415586361 0.090207 0.208479 0.952341 0.203581 
520749436154694 0.097874 0.245860 0.942221 0.205411 
520749456724226 0.098358 0.277355 0.933763 0.203684 
520749477292559 0.094288 0.304686 0.927701 0.194030 
520749497860476 0.094268 0.329085 0.922529 0.178207 
520749518428393 0.095417 0.352660 0.916473 0.163104 
520749538996778 0.095994 0.372699 0.910134 0.153420 
520749559564746 0.100289 0.386658 0.904712 0.148103 
520749580133132 0.105769 0.394949 0.901375 0.142657 
520749600701465 0.110292 0.398703 0.900017 0.137263 
520749621269851 0.113424 0.399904 0.899934 0.131646 
520749641839121 0.114268 0.398319 0.901374 0.125739 
520749662407506 0.108470 0.392866 0.905587 0.117481 
520749682975476 0.097483 0.383259 0.912346 0.105988 
520749703543861 0.087436 0.371145 0.919515 0.095390 
520749724111517 0.079575 0.361858 0.924422 0.090396 
520749744679903 0.072850 0.356089 0.927526 0.087117 
520749765249486 0.069846 0.351942 0.929738 0.082741 
520749785817872 0.072604 0.347707 0.931566 0.077540 
520749806385372 0.079390 0.344713 0.932559 0.072139 
520749826953757 0.085285 0.344407 0.932604 0.066029 
520749847521935 0.090544 0.346100 0.931859 0.060458 
520749868090320 0.095132 0.350616 0.929820 0.058764 
520749888658444 0.096227 0.356239 0.927564 0.058814 
520749909226830 0.094918 0.360249 0.926205 0.057922 
520749929795163 0.093636 0.362062 0.925771 0.055594 
520749950363549 0.092054 0.363277 0.925661 0.052033 
520749970931413 0.091714 0.365700 0.924925 0.048635 
520749991499798 0.093821 0.370200 0.923096 0.045205 
520750012069643 0.097929 0.376558 0.920224 0.042458 
520750032638028 0.101998 0.382746 0.917295 0.040886 
520750053206308 0.103087 0.386647 0.915631 0.038695 
520750073774694 0.101700 0.388422 0.915178 0.035147 
520750094342976 0.100180 0.390092 0.914739 0.032308 
520750114911362 0.100424 0.392781 0.913615 0.030749 
520750135481674 0.102730 0.395958 0.911994 0.030498 
520750156050059 0.105057 0.398198 0.910733 0.031088 
520750176617560 0.104866 0.398410 0.910638 0.031784 
520750197185945 0.101967 0.396472 0.911798 0.032190 
520750217754121 0.098582 0.393893 0.913269 0.032712 
520750238322507 0.096567 0.392722 0.913927 0.034363 
520750258890424 0.095396 0.392837 0.913892 0.037144 
520750279458392 0.092475 0.392544 0.914246 0.038873 
520750300026725 0.087378 0.390798 0.915483 0.039163 
520750320594278 0.081578 0.387787 0.917339 0.038161 
520750341162612 0.075301 0.383950 0.919564 0.036248 
520750361730892 0.068848 0.380929 0.921420 0.033738 
520750382299277 0.064887 0.380624 0.921882 0.032366 
520750402867559 0.064202 0.382898 0.920969 0.032921 
520750423435944 0.064151 0.384857 0.920126 0.033730 
520750444005736 0.062536 0.384340 0.920468 0.033319 
520750464574121 0.059929 0.381710 0.921784 0.031934 
520750485141777 0.057465 0.378458 0.923335 0.030339 
520750505710163 0.056013 0.376754 0.924161 0.029080 
520750526279903 0.056078 0.378003 0.923663 0.028571 
520750546848236 0.058043 0.381384 0.922138 0.028966 
520750567415996 0.060793 0.385110 0.920407 0.029065 
520750587984329 0.063696 0.387618 0.919172 0.028617 
520750608550892 0.066227 0.388440 0.918671 0.027771 
520750629119225 0.067642 0.387891 0.918802 0.027701 
520750649689486 0.066775 0.386585 0.919407 0.028010 
520750670257872 0.064717 0.385473 0.920025 0.027866 
520750690826048 0.063758 0.385306 0.920170 0.027604 
520750711394433 0.064891 0.385971 0.919812 0.027588 
520750731962559 0.066999 0.386819 0.919313 0.027297 
520750752530944 0.068554 0.387128 0.919078 0.026995 
520750773098288 0.069196 0.386732 0.919199 0.026885 
520750793666622 0.069581 0.386509 0.919245 0.027536 
520750814237715 0.069730 0.386561 0.919184 0.028433 
520750834806049 0.069254 0.386538 0.919230 0.028431 
520750855373027 0.068923 0.386391 0.919338 0.027730 
520750875941360 0.068903 0.386392 0.919367 0.026806 
520750896509330 0.069194 0.386249 0.919423 0.026190 
520750917077663 0.069544 0.386164 0.919422 0.026535 
520750937646516 0.068805 0.386292 0.919433 0.026224 
520750958214902 0.067657 0.387031 0.919237 0.025145 
520750978782767 0.067495 0.388331 0.918737 0.023809 
520750999351308 0.068595 0.389733 0.918078 0.023149 
520751019919694 0.069177 0.390289 0.917792 0.023367 
520751040486882 0.068065 0.389935 0.918040 0.022813 
520751061055268 0.066998 0.389763 0.918213 0.021931 
520751081623235 0.067534 0.390047 0.918063 0.021523 
520751102191620 0.069115 0.390643 0.917691 0.021537 
520751122760580 0.070685 0.391298 0.917299 0.021288 
520751143328913 0.071717 0.391692 0.917055 0.021056 
520751163896672 0.072240 0.391602 0.917045 0.021383 
520751184465006 0.071835 0.390958 0.917344 0.021718 
520751205033392 0.069947 0.390294 0.917767 0.021967 
520751225601778 0.068147 0.391721 0.917273 0.022828 
520751246170006 0.068262 0.395346 0.915756 0.020798 
520751266738391 0.071834 0.396936 0.914793 0.020854 
520751287306881 0.079208 0.397545 0.913781 0.026248 
520751307875214 0.087047 0.397497 0.912798 0.034923 
520751328444068 0.089309 0.397521 0.912376 0.039635 
520751349012402 0.088272 0.396803 0.912695 0.041749 
