# Created at Thu Nov 07 19:54:32 EST 2019 in Burnaby Canada 
527716631695495 9.251995 -1.978723 -3.017761 
527716652263986 7.546199 -1.684248 -2.880101 
527716672832475 9.152639 -1.323937 -3.103949 
527716693400704 10.291033 -2.067304 -3.147043 
527716713969507 9.601534 -2.899253 -2.888480 
527716734538256 8.927594 -2.493454 -2.564080 
527716755106277 8.956324 -1.932038 -2.559292 
527716775674610 10.252728 -1.868594 -3.730006 
527716796243308 10.516079 -2.313896 -3.255974 
527716816812006 10.538823 -1.656716 -2.599991 
527716837381538 9.723632 -1.544194 -2.598794 
527716857948673 9.378881 -1.368227 -3.135072 
527716878517632 9.175384 -1.232961 -2.366567 
527716899085860 9.113137 -1.509479 -2.157083 
527716919654507 9.269951 -0.089779 -2.524577 
527716940222683 9.460281 1.043827 -2.594006 
527716960791329 9.423172 -0.633239 -2.306714 
527716981359662 9.433947 -1.806347 -2.388113 
527717001928464 9.540483 -1.685446 -2.327064 
527717022496746 9.698494 -0.734988 -2.480286 
527717043065235 9.283117 -1.491524 -1.711781 
527717063633829 10.583114 -0.380662 -2.673011 
527717084202215 9.125107 -0.089779 -2.298335 
527717104770912 9.839746 -0.881028 -2.135536 
527717125339350 10.081551 -1.675869 -2.266015 
527717145907996 9.321424 -1.495115 -2.368961 
527717166476225 9.811016 -0.518322 -2.456346 
527717187044923 9.523725 -0.181951 -2.303123 
527717207613204 9.848125 -0.298065 -2.184615 
527717228182110 9.720041 -0.723018 -2.240877 
527717248750236 9.535696 -1.288025 -2.136733 
527717269318880 9.609913 -1.449627 -2.143915 
527717289887267 9.595548 -1.413715 -2.139127 
527717310456225 9.510557 -1.381395 -2.172645 
527717331024298 9.517740 -1.359848 -2.203768 
527717351593048 9.530907 -1.408927 -2.238482 
527717372161433 9.581182 -1.406533 -2.298335 
527717392729923 9.615898 -1.491524 -2.273197 
527717413298413 9.602730 -1.564543 -2.204965 
527717433867839 9.572803 -1.521450 -2.176236 
527717454437631 9.594351 -1.454415 -2.121171 
527717475005704 9.630262 -1.474765 -2.111595 
527717495573048 9.615897 -1.340695 -2.116383 
527717516140913 9.621882 -1.344286 -2.062516 
527717536709401 9.638641 -1.363439 -2.074487 
527717557277996 9.644627 -1.352666 -2.079275 
527717577846434 9.613503 -1.393365 -2.085260 
527717598416121 9.657794 -1.386183 -2.098428 
527717618984402 9.611110 -1.414912 -2.113989 
527717639552786 9.596745 -1.420898 -2.127157 
527717660121173 9.613503 -1.387380 -2.140324 
527717680690652 9.590759 -1.418504 -2.137930 
527717701259245 9.621883 -1.454415 -2.149901 
527717721826016 9.596745 -1.443642 -2.140324 
527717742394922 9.512951 -1.465189 -2.603582 
527717762963360 9.608715 -1.338301 -1.995481 
527717783532059 9.595549 -1.441247 -2.305517 
527717804100547 10.028879 -1.637563 -2.376143 
527717824669298 9.441129 -1.461597 -1.633972 
527717845237788 9.134684 -1.838668 -2.985441 
527717865805756 10.054018 -2.009846 -2.066107 
527717886374193 9.202915 -1.765648 -1.977526 
527717906945755 9.828972 -1.641155 -3.090781 
527717927513203 10.806961 -1.894929 -2.577247 
527717948080444 9.281920 -1.108468 -1.438853 
527717968649036 9.201718 -1.395760 -1.436459 
527717989218099 10.182102 -2.779549 -3.209289 
527718009785861 10.548399 -2.730470 -2.486272 
527718030354298 9.534498 -1.436459 -2.523380 
527718050922579 7.728150 -0.934896 -1.971540 
527718071490912 8.363784 -2.519789 -2.604779 
527718092059870 10.000151 -2.610765 -2.927983 
527718112627944 9.400429 -1.812333 -3.740779 
527718133196641 7.665904 -1.194655 -3.794647 
527718153766537 8.470322 -1.742904 -2.340231 
527718174334193 9.093985 -2.099625 -1.310769 
527718194902839 9.735603 -2.479089 -2.972273 
527718215470808 9.116728 -2.444375 -3.227245 
527718236039142 8.822254 -2.182221 -3.434335 
527718256607995 8.830633 -2.362975 -2.943544 
527718277176641 9.143063 -2.467119 -2.696952 
527718297744610 9.056875 -2.738849 -2.471907 
527718318313307 8.248867 -2.242074 -2.317488 
527718338882006 10.255122 -4.165732 -1.473568 
527718359451381 9.817002 -4.967755 -2.526971 
527718380019505 5.057533 -0.689500 -5.334052 
527718400589090 11.436610 -1.004324 -1.667490 
527718421157475 13.628407 -1.979920 -2.227709 
527718441726432 6.259371 -1.785998 -1.814727 
527718462295079 10.815341 -2.880101 -3.421167 
527718482863413 7.236164 -1.070162 -1.589682 
527718503434558 11.685596 -1.548982 -2.258832 
527718524000391 9.184959 -2.462330 -1.957176 
527718544569246 9.502177 -2.325867 -2.372552 
527718565137057 9.500980 -2.464725 -2.154689 
527718585704141 9.800243 -3.337374 -1.812333 
527718606272787 9.213689 -0.839132 -1.959570 
527718626841381 8.834225 -1.334710 -2.039772 
527718647409767 9.135880 -1.005522 -1.627987 
527718667978256 10.063594 -1.681854 -2.005058 
527718688546797 10.198861 -2.914815 -2.042166 
527718709116797 9.951071 -3.260762 -1.034251 
527718729684715 9.542878 -2.714908 -0.768506 
527718750252890 9.435143 -1.636366 -1.659110 
527718770821016 10.377221 -1.826697 -1.473568 
527718791389819 9.061664 -2.675406 -0.885817 
527718811959088 9.812214 -2.578444 -0.744565 
527718832527110 10.263502 -2.012240 -1.207823 
527718853095444 9.741588 -2.054137 -1.462794 
527718873664036 9.496193 -2.315094 -0.666757 
527718894232839 10.501714 -1.012704 -0.928910 
527718914801694 12.029150 -1.174305 -0.849905 
527718935369870 12.746181 -0.779279 -0.487199 
527718955939037 10.945820 -1.833880 0.156813 
527718976507631 10.383207 -1.540603 -0.818782 
527718997075911 11.030810 -1.684248 -1.519056 
527719017643984 10.535231 -2.333049 -1.264084 
527719038212683 12.924542 -7.770047 -5.695561 
527719058780651 12.176386 3.611498 0.219060 
527719079349766 0.653589 0.972004 -0.143646 
527719099918152 1.499903 -2.227709 -0.873846 
527719120486589 6.482022 -0.718230 -2.231300 
527719141054922 9.667370 0.617677 -3.959839 
527719161624349 10.979338 0.375874 -3.005791 
527719182192267 11.982464 -0.189134 -2.604779 
527719202761172 10.050426 -0.882225 -2.882495 
527719223329245 8.816269 0.201104 -3.228442 
527719243897892 7.975940 0.040700 -4.046027 
527719264466433 9.083210 1.552573 -2.197783 
527719285034818 11.430624 0.314824 -3.524113 
527719305604142 9.402822 2.688573 -3.141057 
527719326172422 7.730545 1.331119 -2.204965 
527719346741537 7.979531 -0.228636 -1.534617 
527719367309193 10.623814 0.955245 -3.396029 
527719387879140 9.514149 -1.083330 -4.261496 
527719408447162 9.790667 -2.179827 -2.769972 
527719429016589 11.689187 -0.827161 -3.908366 
527719449584922 10.669302 0.022744 -3.666562 
527719470153724 8.987448 0.252577 -3.358921 
527719490722214 7.325942 -0.159208 -3.452290 
527719511291276 5.381934 -2.147507 -2.622735 
527719531859297 7.008724 -2.936362 -4.129820 
527719552427890 11.393517 -1.082133 -1.886550 
527719572995599 9.935510 -0.019153 -3.381664 
527719593563671 6.059464 -2.315094 -2.919603 
527719614132578 7.025483 -3.475034 -2.736455 
527719634700912 13.095720 -1.276055 -2.554503 
527719655269245 21.095600 2.165462 -3.872455 
527719675837994 9.661386 -0.180754 -3.674942 
527719696406381 4.626596 -3.454684 -1.735722 
527719716976120 8.874924 -1.794377 -1.799165 
527719737543932 8.800707 -1.472371 -2.420434 
527719758112474 8.027413 -1.820712 -2.491060 
527719778681276 9.320227 -2.378537 -3.167393 
527719799249296 10.141403 -2.983047 -1.525041 
527719819817838 10.180904 -3.537281 -4.186082 
527719840387266 9.854111 -3.563616 -3.981386 
527719860954923 9.032934 -3.238019 -2.250453 
527719881523932 8.854574 -5.465727 0.616480 
527719902093098 6.877048 -1.191064 -7.312775 
527719922662110 8.045369 -0.817585 -0.780476 
527719943230911 9.789470 -1.869791 -3.188940 
527719963799505 11.758615 -3.721627 -2.677799 
527719984367735 9.803834 -4.661310 -2.778352 
527720004935912 8.918018 -4.559561 -3.147043 
527720025504505 10.034864 -4.399157 -2.905239 
527720046072213 9.670961 -4.971346 -2.613159 
527720066640651 9.901992 -6.201913 -3.184151 
527720087209244 11.361197 -5.189209 -3.635439 
527720107779192 10.443058 -4.182490 -3.946672 
527720128346588 10.097112 -4.455418 -2.616750 
527720148915078 9.111939 -6.231839 -2.183418 
527720169483151 6.199519 -6.185154 -3.459473 
527720190051901 6.799241 -5.656058 -4.523649 
527720210620339 7.892147 -3.552843 -3.737188 
527720231189245 8.501445 -1.595667 -4.478162 
527720251757422 10.779429 -5.295746 -2.683785 
527720272326172 9.893613 -2.142718 -2.972273 
527720292894713 6.112134 -4.025677 -4.861217 
527720313463254 4.484147 -4.721163 -3.441517 
527720334031796 4.486541 -5.012046 -4.915085 
527720354600287 6.156425 -5.507624 -5.244273 
527720375168880 7.889752 -5.077883 -4.662507 
527720395737630 9.334591 -4.761863 -4.560758 
527720416306172 6.562224 -6.786073 -4.497314 
527720436875026 5.827236 -8.107615 -4.521255 
527720457443307 7.870600 -6.413791 -5.148510 
527720478012004 7.878979 -6.351544 -2.838204 
527720498580391 5.918212 -7.057803 -4.397959 
527720519149192 4.915085 -5.967291 -2.560489 
527720539717578 6.752555 -10.033669 -8.785145 
527720560286952 7.108079 -7.363050 -5.384328 
527720580855391 5.481289 -8.068113 -7.505499 
527720601424037 4.426688 -6.997951 -6.414988 
527720621992370 6.215081 -6.545466 -5.598600 
527720642560546 8.965900 -4.955784 -4.783409 
527720663130026 7.323548 -5.201180 -2.717302 
527720683698255 6.385061 -5.719502 -5.229909 
527720704266484 8.789933 -4.324940 -8.618755 
527720724834818 10.887163 -3.436729 -7.153567 
527720745403411 12.537895 -1.394562 -7.323548 
527720765971953 12.230253 -2.857357 -6.085799 
527720786540702 9.609913 -4.123836 -3.412788 
527720807108932 10.549597 -2.677799 -1.684248 
527720827677735 11.642502 -1.035448 -0.354327 
527720848246379 11.808892 -0.474032 -0.264548 
527720868814713 11.053555 -1.272463 0.828358 
527720889383463 9.767923 -2.111595 -0.578175 
527720909952629 7.073365 -2.681390 -3.577981 
527720930520598 5.176042 -2.978259 -1.339498 
527720951089349 3.846120 -1.394562 -0.062247 
527720971657787 4.526044 0.373479 1.127620 
527720992226327 5.080277 2.269606 2.185812 
527721012794713 3.536084 3.606710 3.719233 
527721033363463 8.166271 1.034251 3.848514 
527721053932006 6.630456 5.031199 9.346561 
527721074500703 7.540214 5.599797 9.164610 
527721095069869 5.538748 4.290225 6.081011 
527721115638307 4.545197 3.253580 7.099700 
527721136206587 3.625863 2.875313 9.146654 
527721156775233 2.456345 2.243270 10.912302 
527721177343620 0.317218 0.521914 11.206776 
527721197917682 -0.960034 0.535081 10.379615 
527721218480389 -1.070162 0.027532 7.465997 
527721239049349 -2.109201 -0.368691 3.583966 
527721259617890 2.779549 3.461867 10.323353 
527721280186693 3.741976 4.047224 11.974085 
527721300754505 2.155886 2.925589 13.100508 
527721321323827 0.216666 2.568868 12.080622 
527721341892161 -0.733791 2.796307 8.669031 
527721362460806 0.022744 3.471443 6.431746 
527721383029400 1.990693 5.240683 8.889289 
527721403597942 2.901648 7.634781 13.190287 
527721424168306 1.867397 5.687181 11.734674 
527721444736536 0.043094 4.399157 9.970224 
527721465306067 -0.064641 4.905509 9.290300 
527721485875078 0.694289 5.587827 8.728884 
527721506440859 1.209020 5.521989 9.268753 
527721527009348 1.195852 5.045563 8.708534 
527721547578203 2.025407 5.132948 8.613968 
527721568147265 2.450360 5.220333 9.662582 
527721588715234 1.325134 5.188012 9.370502 
527721609283931 -0.293277 4.904311 8.380543 
527721629852369 -0.593737 5.018031 6.677141 
527721650421015 -0.440514 5.290958 6.046296 
527721670989504 -0.934896 5.335249 6.054676 
527721691558255 -0.764915 5.283776 6.221066 
527721712126901 0.266942 5.717108 6.358727 
527721732695599 1.419701 5.769778 6.965631 
527721753263879 1.697416 5.635709 7.080547 
527721773832473 1.695022 6.092981 6.983586 
527721794400858 1.900914 6.380273 7.391780 
527721814969713 1.252114 6.139667 7.728151 
527721835538254 0.507549 5.968488 7.724560 
527721856106901 0.326794 5.944547 7.730545 
527721876675442 0.706259 5.933774 7.872994 
527721897244088 0.863073 5.835616 7.823915 
527721917812368 0.921728 6.000809 7.409736 
527721938380963 0.900181 6.077420 7.776032 
527721958949818 0.645210 5.662044 8.341040 
527721979518306 0.123296 5.337643 8.452366 
527722000087212 -0.022744 5.334052 8.502642 
527722020655389 0.693092 5.593812 8.866545 
527722041224036 1.062980 5.739852 8.895274 
527722061792733 0.470440 5.521989 8.545735 
527722082361379 -0.124493 5.239485 8.647484 
527722102929973 -0.257366 4.971346 8.973082 
527722123499035 -0.025138 5.171253 8.804298 
527722144067994 0.227439 5.390313 8.500248 
527722164636275 0.217863 5.408269 8.282385 
527722185204973 0.158011 5.517200 8.205773 
527722205773306 0.444105 5.597403 8.616362 
527722226342317 0.690697 5.651270 8.576859 
527722246910181 0.588948 5.652467 8.124374 
527722267479296 0.470440 5.642890 7.773639 
527722288047629 0.481214 5.833221 7.692239 
527722308615911 0.749353 5.902650 7.822718 
527722329184400 0.815191 5.870330 7.902920 
527722349753931 0.858284 5.852374 7.898131 
527722370321848 0.884619 5.950532 7.934043 
527722390890702 0.891802 6.039114 7.859826 
527722411458879 0.972004 6.168396 7.692239 
527722432026952 1.225779 6.347953 7.827506 
527722452595441 1.180291 6.200716 7.929255 
527722473164296 0.992354 6.043902 7.844265 
527722493732786 0.884619 6.007991 7.742515 
527722514301119 0.867861 6.031932 7.804762 
527722534870077 0.925319 6.081011 8.022625 
527722555438514 1.006719 6.088193 8.022625 
527722576007004 0.942078 6.101360 7.845462 
527722596575806 0.845117 6.100163 7.792791 
527722617144035 0.782870 6.113331 7.705407 
527722637713151 0.870255 6.166001 7.841870 
527722658281222 0.908561 6.188745 7.851447 
527722678850077 0.760126 6.130090 7.571337 
527722699418827 0.696683 6.075026 7.488741 
527722719987264 0.909757 6.051085 7.767653 
527722740556223 1.041433 6.069040 8.052551 
527722761124296 0.954048 6.055873 8.179438 
527722781692890 0.883422 6.107346 7.778427 
527722802261796 0.482411 6.369500 7.306789 
527722822830077 0.685909 6.177972 7.576126 
527722843399244 0.799629 6.300071 7.606051 
527722863967837 1.145576 6.489204 7.855038 
527722884536275 1.582499 6.515540 8.409271 
527722905104869 0.845117 6.072631 7.737727 
527722925673411 0.195119 5.867936 7.656328 
527722946242785 0.355524 6.045099 7.750895 
527722966811014 0.782870 6.023552 8.088463 
527722987381223 0.942078 6.118119 8.004669 
527723007949400 0.846314 6.124104 7.714983 
