# Created at Thu Nov 07 19:54:32 EST 2019 in Burnaby Canada 
527716636837632 0.285579 0.306960 -0.222355 
527716657406121 0.250149 0.325285 -0.352469 
527716677974298 0.195171 0.366824 -0.708603 
527716698542788 -0.009163 0.526871 -1.041524 
527716719111902 -0.038179 0.495717 -1.160643 
527716739680027 0.065363 0.501215 -1.029307 
527716760248203 0.142637 0.495411 -0.742506 
527716780816902 0.040012 0.300240 -0.574518 
527716801385600 -0.040928 0.104152 -0.263588 
527716821955131 -0.012217 0.088270 -0.010690 
527716842522267 -0.003054 0.052840 0.007330 
527716863090860 0.026573 -0.134390 0.036652 
527716883659454 0.076053 0.055283 -0.012523 
527716904228101 0.113926 0.153632 -0.032681 
527716924796328 0.059865 0.141110 -0.035430 
527716945364923 0.049785 0.018326 -0.067195 
527716965933256 0.134085 0.051923 -0.055283 
527716986502110 0.188146 0.043982 0.015882 
527717007070340 0.185703 0.061392 0.097738 
527717027638933 0.143248 0.062919 0.110567 
527717048207423 0.328951 0.241597 0.577878 
527717068775861 0.106596 0.245262 0.211970 
527717089344350 0.172569 0.117897 0.292299 
527717109912996 0.287717 0.253203 0.423940 
527717130481485 0.237321 0.242513 0.442877 
527717151049819 0.063225 0.156992 0.403171 
527717171618361 0.007330 0.020159 0.194866 
527717192186850 0.026878 -0.034819 0.157298 
527717212755340 -0.014050 -0.054367 0.088270 
527717233323829 -0.020769 -0.082467 0.031154 
527717253892371 0.000305 -0.036957 0.045815 
527717274460861 -0.005498 -0.025045 0.058338 
527717295029350 -0.006109 -0.045204 0.051923 
527717315597944 0.000000 -0.029322 0.036652 
527717336166434 0.008858 -0.012523 0.019853 
527717356735027 0.013439 0.016493 0.006720 
527717377303569 0.013134 0.039401 0.001833 
527717397872006 0.013134 0.056200 -0.000916 
527717418441746 0.012828 0.053145 -0.002138 
527717439011277 0.007636 0.043371 -0.000305 
527717459579298 0.004581 0.044899 0.001222 
527717480146694 0.000000 0.050396 0.005498 
527717500714453 0.003665 0.025656 -0.005192 
527717521282995 0.006720 0.016799 -0.007025 
527717541851693 0.005498 0.006414 -0.008552 
527717562420027 0.002138 -0.008858 -0.004887 
527717582989350 -0.000916 -0.024435 0.000305 
527717603557996 -0.003054 -0.027183 0.003360 
527717624126589 -0.001527 -0.024129 0.009163 
527717644694819 -0.005803 -0.012828 0.014355 
527717665264245 -0.003971 -0.018326 0.013439 
527717685832839 -0.002749 -0.014050 0.014661 
527717706399819 -0.002749 -0.019548 0.015577 
527717726968568 -0.114232 -0.156381 -0.002749 
527717747536954 -0.399200 -0.202502 -0.006720 
527717768105705 -0.007330 -0.122173 -0.006414 
527717788674141 0.023213 -0.051007 0.034208 
527717809242683 -0.076358 -0.140499 0.027794 
527717829811381 0.330783 0.372017 -0.001222 
527717850379923 0.171042 0.020464 0.212886 
527717870947787 -0.051923 0.092241 0.206778 
527717891516328 0.021075 0.169820 0.312152 
527717912086797 -0.542753 -0.961807 0.464563 
527717932655339 -0.400116 -0.807258 0.481056 
527717953222630 -0.095295 -0.325896 0.568410 
527717973791172 0.114843 0.161268 0.629496 
527717994359454 -0.010079 -0.140193 0.598647 
527718014927944 -0.099571 -0.134390 0.457232 
527718035496173 -0.173791 -0.069333 0.091935 
527718056064714 0.182038 0.290466 -0.083994 
527718076633464 0.483805 0.385761 0.383318 
527718097202006 0.041233 0.104152 0.569937 
527718117770287 -0.727845 -0.974940 0.264504 
527718138338777 -0.465479 -1.590386 0.111483 
527718158907787 -0.160047 -0.937677 0.079412 
527718179476433 0.069333 -0.231823 0.087965 
527718200044402 0.101404 0.057421 0.080023 
527718220612735 0.161268 0.203418 0.076358 
527718241181589 0.094684 -0.002443 0.077885 
527718261750235 0.017104 -0.015577 0.067806 
527718282318203 0.053756 0.319177 0.006109 
527718302886901 0.102320 0.578489 -0.094684 
527718323455600 0.236405 0.914159 -0.030849 
527718344024454 0.894611 2.382678 -0.237626 
527718364593099 1.217453 1.308472 -0.540004 
527718385162736 -0.328034 -0.647822 0.186314 
527718405731068 -0.474336 -0.014661 0.153938 
527718426299714 -0.543364 -0.416304 -0.299935 
527718446868673 -0.409279 -0.045815 -0.233045 
527718467437006 -0.154854 -0.257785 -0.351858 
527718488005547 -0.046120 -0.180511 -0.199447 
527718508573985 -0.051618 0.145386 -0.038179 
527718529142526 -0.122478 0.207083 -0.044288 
527718549710651 -0.039401 0.184481 -0.054367 
527718570279193 0.040012 0.321620 -0.032376 
527718590846380 0.126449 0.341473 0.119119 
527718611414922 0.138972 0.503047 0.133474 
527718631983361 0.073915 0.572991 0.101404 
527718652551902 0.014355 0.393397 0.002443 
527718673120391 0.040317 0.445626 -0.150273 
527718693688933 0.143553 0.543364 -0.191201 
527718714258308 0.295353 0.941037 -0.115453 
527718734826850 0.396146 1.068708 0.007330 
527718755394610 0.386983 0.947146 0.100182 
527718775963151 0.221133 0.526565 0.238237 
527718796532682 0.033903 0.397367 0.010385 
527718817101224 0.203723 0.532674 0.035430 
527718837668985 0.183870 0.464257 0.107207 
527718858237579 0.000000 -0.103542 0.039401 
527718878806433 0.007636 -0.182954 0.063225 
527718899375338 -0.121562 -0.300545 -0.130114 
527718919943464 -0.319788 -0.613003 -0.627969 
527718940512631 -0.340863 -0.729678 -1.263879 
527718961081172 0.040623 -0.158214 -1.317024 
527718981649505 0.170737 0.028405 -1.233336 
527719002217578 -0.019853 -0.377209 -1.356425 
527719022786120 -0.143248 -1.166446 -1.420566 
527719043354245 -0.543670 -4.312400 -1.251051 
527719063923308 -0.975246 -2.201556 -2.494466 
527719084491746 -0.426384 -1.095891 -1.159116 
527719105060183 0.077885 0.034208 -0.247706 
527719125628516 0.388815 0.076053 -0.132558 
527719146197891 0.142942 -0.040012 -0.136223 
527719166765860 -0.174096 0.103236 0.054978 
527719187334766 -0.084910 0.000305 -0.079107 
527719207902839 0.150273 -0.107512 -0.141110 
527719228471433 0.245262 -0.178983 -0.107512 
527719249040027 0.060476 -0.469755 0.205251 
527719269608412 0.040928 -0.344222 0.209221 
527719290176953 0.208305 -0.850324 -0.169515 
527719310745964 0.263283 -0.623693 -0.395840 
527719331314558 -0.069028 0.217468 -0.106596 
527719351882734 -0.249538 0.825584 0.127671 
527719372451328 -0.164628 0.248011 0.012523 
527719393020756 -0.083078 -0.031765 0.136834 
527719413589298 0.058032 -0.175929 0.302989 
527719434158463 -0.048869 -0.441350 0.272140 
527719454727057 -0.107818 -0.545502 0.351553 
527719475295756 -0.124616 -0.469755 0.538477 
527719495864349 -0.104763 -0.372322 0.924849 
527719516432891 -0.058948 -0.040012 1.627649 
527719537001433 -0.092241 -0.190284 2.027766 
527719557569192 0.087048 0.368962 1.577864 
527719578137213 0.174707 0.455094 1.231198 
527719598706172 0.138055 0.941037 1.826791 
527719619274454 0.110567 1.005178 2.430936 
527719639842838 0.298102 0.922100 2.042426 
527719660411588 0.187841 0.867733 -0.065973 
527719680979923 -0.232739 0.406530 -0.131641 
527719701549713 -0.087965 0.098655 0.258396 
527719722117474 0.176540 -0.058948 0.021380 
527719742686068 0.326813 -0.181121 -0.018326 
527719763254817 0.280081 -0.585819 0.124006 
527719783822630 0.018937 -0.596204 0.139277 
527719804391380 0.259618 -0.362854 0.153022 
527719824960860 0.156687 -0.393702 0.141110 
527719845528464 -0.037874 -0.453873 -0.011912 
527719866097526 0.083078 0.284968 -0.361326 
527719886666640 0.658512 2.751945 -0.411417 
527719907235703 -0.058643 -1.289230 0.190284 
527719927804140 0.255341 0.230907 0.325896 
527719948373047 0.011912 0.087048 0.443488 
527719968941641 -0.094073 -0.177456 0.422413 
527719989509453 -0.233045 -0.259007 0.606589 
527720010078047 -0.364686 -0.447153 0.708298 
527720030645755 -0.258396 -0.571464 0.723569 
527720051214348 -0.055589 -0.411417 0.732732 
527720071782786 0.045509 -0.475253 0.774882 
527720092351380 0.100182 -0.780991 0.362243 
527720112920130 0.202196 -1.456912 0.116370 
527720133488723 0.323758 -1.179580 -0.017410 
527720154056745 0.393091 -0.730900 0.246789 
527720174625287 0.374766 -0.789543 0.965166 
527720195193932 0.556803 -1.127045 1.340237 
527720215762474 0.705243 -1.241583 1.160948 
527720236330964 0.683252 -0.924849 1.356425 
527720256899558 1.240666 0.332005 1.136208 
527720277468254 1.530827 1.003956 0.687223 
527720298036848 1.415374 0.442266 0.764803 
527720318605338 1.577864 -0.265726 0.828027 
527720339173932 1.159116 -0.391564 1.285259 
527720359742421 0.970664 -0.936761 1.347568 
527720380311068 1.203403 -2.201862 0.702189 
527720400879766 1.558010 -3.165195 -0.172569 
527720421448567 1.949269 -3.153284 -0.171653 
527720442016849 2.264781 -2.274860 0.338419 
527720462585598 2.146579 -1.185383 0.226631 
527720483153933 2.250426 -0.928514 -0.295048 
527720503722733 2.167959 -1.405600 -0.494495 
527720524291172 2.337474 -1.817017 -0.275805 
527720544860494 1.049466 -1.409570 -0.068111 
527720565428932 0.645989 -1.401629 0.042150 
527720585997578 0.222355 -1.978896 0.149051 
527720606565964 0.267253 -2.965137 0.281914 
527720627134088 0.820697 -4.231460 -0.502131 
527720647703567 1.377805 -4.801702 -1.071457 
527720668271797 1.766926 -3.486510 -0.836885 
527720688840391 0.574518 -1.691179 -0.836885 
527720709408360 -1.524413 0.634383 -1.261436 
527720729976953 -2.382678 2.233627 -1.677740 
527720750545547 -3.075704 3.366476 -2.777297 
527720771114089 -3.623344 4.208858 -3.705200 
527720791682473 -3.345401 4.354855 -3.932747 
527720812251067 -2.386038 4.291935 -4.370432 
527720832819973 -1.378416 4.505127 -4.946172 
527720853388515 -0.812450 4.944034 -5.433336 
527720873957004 -0.225104 5.867661 -5.761065 
527720894525598 -0.498771 6.290074 -5.669436 
527720915094192 -1.835954 6.768076 -5.433947 
527720935662734 -2.359770 7.890845 -4.999622 
527720956231328 -2.088547 7.810211 -4.216799 
527720976799922 -1.587332 6.658425 -3.405571 
527720997368307 -1.260519 5.217701 -2.937343 
527721017936848 -1.061378 4.783987 -2.852128 
527721038505547 -0.907134 2.688110 -2.696662 
527721059074245 -0.180816 1.812741 -2.662759 
527721079643411 -0.324980 2.604116 -2.937648 
527721100211900 -1.710727 3.867079 -2.873507 
527721120780129 -2.658178 4.730536 -2.760803 
527721141348775 -2.531423 4.463283 -2.920239 
527721161917162 -1.306640 3.112661 -3.316995 
527721182486223 0.331089 1.215926 -3.163363 
527721203053931 1.568701 0.138361 -2.339001 
527721223622891 1.378416 -1.114828 -0.843299 
527721244191432 -0.236099 -2.364657 0.715017 
527721264760286 -0.700051 -1.289230 0.512516 
527721285328047 -0.512821 -0.435241 0.383318 
527721305897369 0.164323 0.350331 0.704632 
527721326465702 0.701578 0.670424 1.295949 
527721347034400 0.628580 0.070249 1.767537 
527721367602942 0.194866 -1.023809 1.862527 
527721388171484 0.283136 -1.783420 1.218064 
527721408740077 0.897971 -1.052520 0.316733 
527721429310130 1.115744 -0.441961 0.087659 
527721449878672 1.203403 -0.289550 0.408363 
527721470448620 1.340848 -0.513432 0.552222 
527721491017213 1.312137 -0.865290 0.382401 
527721511582942 1.115744 -0.587652 0.158825 
527721532151484 0.558941 0.278860 0.106290 
527721552720806 0.001222 1.455691 0.079718 
527721573289400 -0.207999 2.376569 -0.101404 
527721593857473 -0.048869 2.471864 -0.183870 
527721614426067 0.270613 2.090074 -0.026878 
527721634994556 0.521068 1.064432 0.128282 
527721655563150 0.737925 -0.087659 0.148746 
527721676131849 0.874147 -0.906523 0.285885 
527721696700391 0.852156 -1.244637 0.444404 
527721717269140 0.638048 -1.180496 0.434019 
527721737837734 0.384539 -0.719904 0.295659 
527721758406067 0.132252 -0.258701 0.171958 
527721778974504 -0.069028 -0.068111 0.014355 
527721799543254 -0.166461 0.037263 -0.217162 
527721820111796 -0.172569 0.084910 -0.295659 
527721840680495 -0.175013 0.119119 -0.215941 
527721861248983 -0.194866 0.153022 -0.104152 
527721881817630 -0.186008 0.148746 -0.097127 
527721902386067 -0.197309 0.071166 -0.117897 
527721922954557 -0.294131 -0.088881 -0.186314 
527721943523359 -0.376293 -0.137445 -0.268780 
527721964091848 -0.398589 0.005803 -0.250760 
527721984660754 -0.407141 0.156381 -0.112705 
527722005228983 -0.365603 0.156992 -0.023824 
527722025797577 -0.234572 0.081550 -0.098655 
527722046366275 -0.085216 -0.032376 -0.250149 
527722066934973 0.004276 -0.160963 -0.261756 
527722087503514 0.075747 -0.165239 -0.153632 
527722108072577 0.144469 -0.059254 -0.000611 
527722128641171 0.170431 -0.008247 0.082772 
527722149209869 0.163712 -0.009774 0.101404 
527722169778410 0.182038 -0.083078 0.129198 
527722190346848 0.253203 -0.199142 0.166155 
527722210915442 0.365908 -0.216552 0.145691 
527722231483722 0.367435 -0.106290 0.106290 
527722252052316 0.262977 0.024740 0.130420 
527722272621223 0.220522 -0.012828 0.175624 
527722293189765 0.254425 -0.172875 0.169820 
527722313757941 0.232434 -0.198531 0.135307 
527722334326535 0.178678 -0.117286 0.137445 
527722354895442 0.152411 -0.063835 0.143859 
527722375463984 0.187230 -0.084299 0.122478 
527722396032420 0.208916 -0.124922 0.115148 
527722416601014 0.201280 -0.204029 0.090713 
527722437168983 0.156381 -0.178373 0.009163 
527722457737576 0.082772 -0.044593 -0.022907 
527722478306327 0.008858 0.079107 -0.004276 
527722498874765 -0.018021 0.085216 0.021075 
527722519443619 0.020159 0.025656 0.039095 
527722540011796 0.075136 0.012217 0.029932 
527722560580598 0.089492 0.046426 0.013439 
527722581149348 0.074831 0.063530 0.006720 
527722601717577 0.058032 0.069028 0.009468 
527722622286692 0.028100 0.064446 0.010996 
527722642854816 0.018631 0.072693 -0.002138 
527722663423619 0.045509 0.036041 -0.010690 
527722683992368 0.033598 -0.031154 0.000611 
527722704560858 -0.026267 -0.031154 0.024740 
527722725129765 -0.053756 0.042761 0.018021 
527722745697786 -0.020769 0.140193 0.000000 
527722766266483 0.028100 0.287717 -0.001527 
527722786835338 0.128587 0.098349 -0.051313 
527722807403619 0.158519 -0.207389 -0.034514 
527722827972838 0.138055 -0.281914 -0.002749 
527722848541379 0.071777 -0.308792 -0.003054 
527722869109817 -0.026878 -0.194560 -0.092241 
527722889678411 -0.076358 0.094379 -0.242208 
527722910247004 -0.140804 0.149356 -0.170126 
527722930815546 -0.089492 0.072998 -0.004887 
527722951384556 0.007941 -0.051618 0.091324 
527722971953150 0.149662 -0.113010 0.098960 
527722992522941 0.201280 -0.105374 0.076358 
