# Created at Thu Nov 07 19:54:32 EST 2019 in Burnaby Canada 
527716650915340 -49.717789 -35.183228 6.554598 
527716670921799 -49.158424 -36.739380 5.164308 
527716690928829 -48.255665 -37.293060 5.770248 
527716710929142 -48.390137 -36.725113 6.233208 
527716730916850 -45.962524 -36.946732 6.055818 
527716750922006 -45.226757 -37.638702 4.971918 
527716770914922 -43.772358 -40.329086 5.263577 
527716790923673 -42.831333 -38.713608 3.256668 
527716810915756 -44.693222 -40.200333 3.581208 
527716830921954 -43.025177 -40.296844 3.103728 
527716850914923 -43.181793 -40.590759 3.566328 
527716870921538 -43.782063 -40.027252 2.649948 
527716890915444 -44.265663 -41.484360 4.191258 
527716910921017 -43.802868 -41.037018 3.418278 
527716930915287 -43.698257 -43.047333 4.030968 
527716945264297 -44.606045 -42.489395 2.656278 
527716951123152 -44.606045 -42.489395 2.656278 
527716970917370 -44.752232 -41.617905 0.198108 
527716990921381 -44.539280 -39.610611 1.581227 
527717010914663 -44.440037 -41.909912 2.501298 
527717030922528 -45.348843 -41.791443 2.663928 
527717050931850 -46.109749 -41.518417 1.595147 
527717071316329 -45.999092 -43.093536 1.439268 
527717090916069 -46.586960 -42.247055 1.291758 
527717110921954 -46.142612 -42.517929 0.518478 
527717130915704 -47.752953 -39.975235 0.228228 
527717150921850 -48.215088 -40.716705 2.231088 
527717170916382 -47.655724 -42.272842 0.840797 
527717190923152 -49.928059 -41.609406 -0.213102 
527717210915496 -49.912624 -40.888641 -0.674052 
527717230921590 -50.962280 -40.490356 0.105167 
527717250915079 -49.771458 -41.755829 1.015368 
527717270921433 -50.852642 -42.504944 1.486608 
527717290916902 -48.841850 -40.864563 0.084407 
527717310921746 -50.224503 -41.184036 -0.671232 
527717330914819 -51.440853 -41.951736 2.415228 
527717350922371 -52.348293 -41.100494 -0.035592 
527717370915756 -50.509232 -41.062149 1.791768 
527717390916329 -50.809052 -41.367813 3.639587 
527717410915131 -49.319733 -41.739410 0.242208 
527717431266225 -50.684284 -41.633926 0.562998 
527717445595912 -49.164799 -41.590866 0.087048 
527717450918100 -49.164799 -41.590866 0.087048 
527717470923881 -49.279816 -40.305588 0.704058 
527717490915965 -50.816406 -40.774445 0.257328 
527717510922163 -50.871094 -43.223145 1.486308 
527717530915235 -51.490475 -43.083755 -0.660253 
527717550921276 -50.721184 -43.070328 0.562398 
527717570914975 -50.811378 -40.778717 1.026078 
527717590923412 -50.103798 -42.767715 0.710387 
527717610916225 -49.959934 -43.050079 0.555048 
527717630924506 -50.696686 -41.916946 -0.205872 
527717650916173 -49.893513 -40.464569 0.556129 
527717670922944 -50.530685 -41.337479 -0.360852 
527717690916589 -49.734215 -40.026184 -0.060163 
527717710923516 -52.045803 -41.090683 -0.346032 
527717730916120 -49.904583 -40.895477 0.555948 
527717750922475 -50.521637 -41.345169 1.022898 
527717770944246 -51.469353 -42.661392 0.877427 
527717791242631 -50.975357 -40.919556 -0.202512 
527717810915756 -50.710114 -42.639420 0.562578 
527717830922787 -50.998188 -42.367920 1.949388 
527717850915652 -50.828148 -41.351563 0.718338 
527717870922371 -51.262085 -40.355667 0.261918 
527717890915339 -50.624252 -39.776871 2.408778 
527717910923725 -51.707088 -39.790695 -0.194682 
527717930917578 -51.251686 -40.070953 0.723288 
527717951124714 -52.922089 -40.265976 1.969398 
527717970915911 -52.863377 -37.820679 1.355418 
527717990917787 -54.236660 -38.294891 2.598468 
527718010927527 -54.241337 -37.997360 0.753588 
527718030923047 -54.708153 -38.441284 0.911568 
527718050916381 -56.787663 -36.634079 1.547928 
527718070922527 -56.776592 -36.203156 1.548108 
527718090915704 -57.501602 -34.492889 0.326178 
527718110922891 -58.262856 -34.513138 0.333528 
527718130915183 -56.845322 -33.195892 2.473338 
527718151188465 -57.824913 -35.952774 3.096018 
527718170973620 -57.303436 -33.940781 5.091198 
527718190915182 -56.889633 -35.800217 5.854758 
527718210927110 -57.314507 -34.371689 5.091018 
527718230921590 -56.271904 -35.204330 4.926618 
527718250915652 -57.775955 -34.526642 4.941618 
527718270922058 -56.841663 -33.932907 5.855538 
527718290915130 -56.697800 -34.215286 5.700198 
527718310921745 -57.501965 -35.226471 3.093378 
527718330915600 -58.256180 -35.252716 4.176978 
527718350923204 -57.791031 -34.513809 2.635368 
527718370915912 -57.529099 -35.203384 -1.057873 
527718390917006 -57.104225 -36.631927 -0.294132 
527718410917162 -58.467770 -36.527283 0.180408 
527718430924765 -58.212227 -37.945313 -1.668132 
527718450923777 -56.259155 -39.191437 -0.611532 
527718470925391 -58.490585 -37.535339 0.641238 
527718490918621 -56.406364 -38.759415 -1.532382 
527718511139037 -58.488228 -37.243774 -0.127392 
527718530959193 -56.860100 -38.774139 -1.066723 
527718550971277 -56.258812 -38.898148 -1.687662 
527718570917266 -56.258812 -38.898148 -1.687662 
527718590916537 -57.472771 -38.493652 -2.751972 
527718610915026 -55.526058 -39.587555 -3.232813 
527718630922526 -57.489212 -39.213562 -2.444773 
527718650914923 -57.032120 -38.908142 -3.525312 
527718670923099 -57.918438 -37.634567 -4.438453 
527718690916172 -56.220543 -36.729034 -4.300512 
527718710925287 -56.417404 -38.309692 -4.914702 
527718730916225 -55.657173 -38.728912 -3.384732 
527718750922736 -57.487503 -38.187546 -6.134353 
527718770915495 -55.633984 -36.546951 -8.303832 
527718790923516 -55.361359 -37.979523 -7.538623 
527718810916849 -53.860970 -37.920212 -10.935822 
527718830922318 -55.364357 -37.536636 -9.690944 
527718850915444 -54.252319 -35.786331 -9.393012 
527718871089193 -54.582302 -36.506622 -10.466622 
527718891089558 -54.315048 -38.228210 -9.394032 
527718910964349 -55.340881 -36.822708 -8.921893 
527718930915652 -56.816750 -34.847992 -9.675103 
527718945848568 -53.494446 -36.497086 -7.094411 
527718951123412 -53.494446 -36.497086 -7.094411 
527718970915704 -52.161423 -37.749985 -7.723182 
527718990916693 -51.552094 -37.880844 -7.114121 
527719010922057 -49.872646 -37.693497 -6.976481 
527719030922474 -49.382374 -36.975983 -4.674342 
527719050915183 -48.476929 -37.385178 -4.222093 
527719070922370 -46.505104 -38.940781 0.831887 
527719090915860 -45.161045 -40.643402 3.585437 
527719110922214 -43.060070 -41.734955 3.410628 
527719130915130 -42.905479 -41.879684 4.331598 
527719150922161 -41.990314 -42.150345 5.706408 
527719170915704 -41.363537 -41.562149 6.162018 
527719190922110 -40.621727 -41.818939 4.309548 
527719210915287 -41.352123 -40.837967 5.086068 
527719231041017 -41.818264 -41.135696 4.782858 
527719251041017 -41.241467 -42.413116 4.930188 
527719270922057 -40.467812 -42.109848 5.691708 
527719290915235 -41.978252 -42.160599 7.551408 
527719310924297 -40.746826 -41.405731 6.771198 
527719330915756 -39.525829 -41.816238 8.911757 
527719350922578 -39.533867 -41.809387 7.681758 
527719370915443 -41.385365 -43.011383 8.467668 
527719390917839 -38.027462 -42.195526 6.898128 
527719410915860 -38.476501 -42.067459 7.517598 
527719430923412 -38.476501 -42.067459 7.517598 
527719445785234 -38.471478 -42.071747 8.286347 
527719450916901 -38.471478 -42.071747 8.286347 
527719470923255 -39.972858 -41.689880 9.838728 
527719490917318 -38.455383 -41.645111 9.055278 
527719510935390 -41.359879 -42.299164 9.544218 
527719530916589 -41.129478 -39.572800 10.773888 
527719550923516 -41.450058 -39.567230 8.316828 
527719570916328 -43.096294 -38.461807 8.179728 
527719591012682 -47.482353 -37.283066 7.607898 
527719611013047 -47.145977 -35.834290 6.836808 
527719630922578 -49.322433 -37.760864 7.317858 
527719650915547 -51.857315 -34.792770 3.654108 
527719670922578 -54.364712 -31.554474 3.065478 
527719690915131 -53.348930 -32.951416 1.055838 
527719710981901 -54.226879 -31.831711 1.987638 
527719730915912 -54.836540 -31.553818 0.763638 
527719750922995 -54.401253 -32.257294 0.297678 
527719770915547 -54.361336 -30.823456 0.759527 
527719790924661 -54.383163 -32.272675 3.065177 
527719810922109 -54.969017 -31.427872 3.225168 
527719830922162 -53.799335 -33.556076 4.288758 
527719850915235 -54.200733 -31.413620 4.294068 
527719870922474 -52.153728 -28.923370 5.044728 
527719890916327 -54.387199 -32.709579 4.141248 
527719910923256 -53.341549 -32.664124 1.055958 
527719930927473 -53.352303 -33.682434 3.361788 
527719945760234 -55.002544 -32.133255 0.918617 
527719951124505 -55.002544 -32.133255 0.918617 
527719971475859 -55.770184 -32.881958 2.770668 
527719990916588 -54.868412 -32.994492 1.531788 
527720010916432 -56.806068 -31.467926 1.705307 
527720030924506 -58.307762 -30.498672 0.951677 
527720050915703 -58.743393 -30.088470 2.493768 
527720070923411 -60.549934 -29.420578 2.819208 
527720090915807 -62.045944 -28.749725 4.064208 
527720110923099 -64.892731 -26.957642 3.785418 
527720130916536 -64.951416 -23.958923 6.248147 
527720150922734 -65.996040 -23.564896 7.796118 
527720170915183 -65.782761 -21.704651 9.794178 
527720190915547 -67.110413 -20.162781 10.115568 
527720210915235 -66.227058 -15.549454 10.725138 
527720230923204 -67.296783 -9.690063 10.278108 
527720250916276 -66.343040 -8.378967 11.346078 
527720270922474 -65.182022 -4.762192 11.798538 
527720290915181 -63.147720 -1.527222 7.783248 
527720310945755 -62.092026 -1.490326 6.235457 
527720330945702 -63.454220 -1.093307 5.787618 
527720350923933 -60.779419 2.424622 5.456568 
527720370914765 -60.280727 4.309219 4.530438 
527720390931900 -59.671402 4.178360 5.139498 
527720410915339 -59.442017 6.465271 7.906488 
527720430924297 -58.837414 5.310974 11.743877 
527720446295443 -58.737183 2.570465 14.508768 
527720450915443 -58.737183 2.570465 14.508768 
527720470923464 -56.549011 4.193542 16.948849 
527720490915651 -56.410862 3.328888 18.177017 
527720510922109 -57.000740 4.177109 17.722008 
527720530915860 -58.078247 3.131317 19.884377 
527720550922005 -58.687939 2.528580 22.042519 
527720570915807 -57.838863 -0.474686 24.031189 
527720590915858 -58.260769 -0.369705 28.801907 
527720610915756 -59.034798 -1.846878 32.498657 
527720630923202 -58.561996 -2.729050 38.336388 
527720650916119 -54.118984 -3.809448 47.057030 
527720670915599 -49.256416 -0.723022 57.006470 
527720690915599 -43.266380 0.271103 61.562000 
527720710923359 -41.346138 3.469528 63.390678 
527720730915599 -38.743805 3.966721 63.827118 
527720750922370 -38.979889 1.538757 60.598816 
527720770915443 -41.832031 -1.081192 53.705448 
527720790921536 -40.949703 -6.034088 45.390560 
527720810915182 -45.474243 -8.407013 37.744728 
527720830922682 -45.633873 -13.261703 32.515186 
527720850915754 -46.698589 -16.973618 24.066198 
527720870921641 -44.843735 -20.044281 17.434519 
527720890915338 -43.210907 -25.995224 11.418108 
527720910922422 -41.981480 -29.361649 3.408438 
527720930915077 -37.551785 -32.645645 -4.170853 
527720951123202 -34.404842 -38.842499 -10.355832 
527720970915235 -30.496246 -38.401184 -19.157684 
527720990922734 -25.097717 -39.946564 -25.053822 
527721010916953 -20.571768 -40.083267 -30.325546 
527721030915286 -14.203741 -40.184219 -33.308655 
527721050915235 -11.354265 -41.831802 -33.183556 
527721070922005 -8.885040 -40.033905 -34.897602 
527721090915650 -3.278641 -41.329025 -33.415092 
527721110922160 0.383427 -40.358017 -35.602516 
527721130916067 4.821526 -38.351852 -39.488113 
527721150922630 9.718018 -37.068863 -40.303425 
527721170916224 14.500168 -34.354370 -40.962914 
527721190916432 17.868118 -33.547073 -40.994953 
527721210915233 20.309475 -33.633606 -39.634785 
527721230921588 21.554970 -32.890717 -38.262493 
527721250921171 21.554970 -32.890717 -38.262493 
527721270921432 20.941273 -33.049698 -38.410423 
527721290918203 17.887215 -33.563324 -38.073704 
527721310922004 16.220547 -32.293732 -41.900745 
527721330914817 17.897636 -32.397964 -40.994473 
527721350921692 16.822830 -32.858932 -40.676865 
527721370915181 17.141415 -32.422485 -40.218372 
527721390914817 14.055481 -34.376770 -39.113503 
527721411308098 12.985363 -34.694977 -38.642082 
527721430925494 10.826683 -36.049576 -37.699543 
527721445459557 11.088581 -37.619797 -38.010647 
527721450916901 11.088581 -37.619797 -38.010647 
527721470923099 9.606342 -35.933182 -38.610222 
527721490917682 9.587204 -37.237930 -36.458263 
527721510925130 7.428867 -38.299255 -36.591854 
527721530915390 8.954041 -38.554581 -35.069172 
527721550921640 6.197758 -39.641525 -33.505634 
527721570915911 8.426155 -41.735367 -33.528584 
527721590921848 8.769238 -40.145523 -33.838364 
527721610915338 9.179710 -41.414993 -35.842064 
527721630922265 10.811546 -37.798050 -33.241512 
527721650915494 12.986607 -42.048203 -32.957863 
527721670921952 12.887367 -39.748886 -33.877934 
527721690915286 11.979221 -39.924515 -32.485424 
527721710922473 12.890041 -40.044724 -32.340553 
527721730915494 11.490601 -41.377335 -31.712864 
527721750921536 9.487858 -42.584244 -30.771732 
527721771234817 9.610260 -43.582245 -31.388626 
527721790914921 9.490211 -42.292679 -31.540363 
527721810915390 9.481812 -43.019424 -30.003162 
527721830922369 9.645149 -42.144135 -31.695522 
527721850915651 9.960720 -41.705124 -31.698284 
527721870922004 9.642792 -42.435699 -30.926895 
527721890915547 10.411423 -42.128159 -30.934124 
527721910922057 11.490253 -41.670609 -30.636734 
527721930915390 9.028435 -42.300568 -32.304703 
527721946003619 11.461750 -42.380264 -32.174534 
527721951122421 11.461750 -42.380264 -32.174534 
527721970915442 12.087856 -41.938263 -31.257732 
527721990916119 11.633129 -41.511810 -32.636894 
527722010918462 11.939308 -41.358353 -32.947273 
527722030922317 11.630116 -41.509247 -33.098141 
527722050915546 12.688499 -41.327835 -34.799625 
527722070921900 10.714272 -41.384750 -34.011765 
527722090922733 11.491962 -40.644592 -34.326313 
527722110922004 12.089218 -41.205536 -33.871181 
527722131172681 12.824638 -42.190765 -33.878952 
527722150971275 11.948715 -40.632446 -34.330723 
527722170916067 11.468143 -41.651794 -34.019234 
527722190922785 13.005718 -41.624130 -31.727684 
527722210916223 11.210938 -39.938782 -33.554321 
527722230922525 11.000652 -42.241928 -33.400066 
527722250916587 11.294754 -42.518555 -33.864372 
527722270922368 10.425869 -40.966232 -33.239895 
527722290916327 10.530132 -43.269821 -31.551071 
527722310922838 11.020092 -41.964905 -31.554943 
527722330915441 9.651192 -41.708954 -32.464092 
527722350922369 9.621330 -43.151337 -31.388443 
527722370916119 9.930855 -43.147507 -30.622635 
527722390917785 10.992897 -43.703125 -28.941914 
527722410915702 9.622318 -43.592499 -29.543625 
527722430922473 10.512672 -44.429184 -29.706554 
527722445506639 8.995197 -44.473984 -28.923103 
527722450921431 8.995197 -44.473984 -28.923103 
527722470922056 9.775913 -43.296066 -30.467472 
527722491142577 11.084114 -45.555283 -30.942913 
527722510971119 9.489864 -42.585953 -30.464233 
527722530915598 9.481468 -43.312714 -28.927032 
527722550921952 9.799740 -42.288864 -30.774551 
527722570914765 9.940903 -43.156067 -29.085136 
527722590915858 9.607903 -43.873810 -30.619995 
527722610915337 9.190063 -42.451263 -30.307484 
527722630921743 9.912750 -43.572433 -31.699062 
527722650915285 9.012657 -43.314606 -30.767624 
527722670922421 10.238037 -42.994904 -30.779263 
527722690916431 9.474434 -43.306717 -30.003281 
527722710922629 10.255829 -41.982590 -32.008842 
527722730916484 10.238037 -42.994904 -30.779263 
527722750922473 10.219242 -44.006378 -29.703434 
527722770915181 10.259155 -42.572556 -29.241581 
527722790915286 8.867458 -42.884293 -31.380974 
527722810915233 9.624344 -43.153900 -30.927193 
527722830922213 9.463364 -43.737625 -30.003464 
527722851075338 9.502274 -42.302933 -29.695362 
527722870969348 9.030087 -43.035873 -29.230003 
527722890965077 9.150131 -44.325424 -29.078266 
527722910922369 11.011349 -42.984924 -28.941612 
527722930920442 10.455311 -46.582077 -30.014954 
527722945629452 10.538158 -43.716980 -28.630005 
527722951124244 10.538158 -43.716980 -28.630005 
527722970916639 11.187763 -41.680420 -30.326294 
527722990924087 9.772884 -43.733826 -29.237652 
527723010917785 10.715576 -42.413330 -29.860935 
