# Created at Thu Nov 07 19:54:32 EST 2019 in Burnaby Canada 
527631100182840 1013.318604 
527631140182319 1013.511963 
527631180182371 1013.501465 
527631220182527 1013.586670 
527631260182787 1013.532959 
527631300182318 1013.369141 
527631340182319 1013.118408 
527631380182683 1013.010986 
527631420182319 1013.088623 
527631460182423 1013.065674 
527631500182788 1013.078857 
527631540182475 1013.198486 
527631580182891 1013.093262 
527631620182319 1013.166748 
527631660182423 1013.175049 
527631700182527 1013.286621 
527631740182371 1013.232910 
527631780182371 1013.291260 
527631820183100 1013.287109 
527631860183152 1013.286133 
527631900183882 1013.294189 
527631940182735 1013.319336 
527631980182579 1013.284912 
527632020184558 1013.286621 
527632060184714 1013.290771 
527632100185652 1013.304199 
527632140184819 1013.309814 
527632180183152 1013.273193 
527632220182839 1013.553223 
527632260183308 1013.430664 
527632300182370 1013.191650 
527632340184089 1013.180176 
527632380183986 1013.446533 
527632420183673 1013.264893 
527632460182371 1013.280762 
527632500182318 1013.242188 
527632540182474 1013.179443 
527632580183152 1013.431641 
527632620183360 1013.586426 
527632660182526 1013.570068 
527632700182370 1013.405518 
527632740182735 1013.525391 
527632780183412 1013.317627 
527632820185651 1013.048584 
527632860184141 1013.172852 
527632900184453 1013.671631 
527632940184557 1013.946045 
527632980184297 1014.016113 
527633020182370 1013.486816 
527633060183360 1013.346436 
527633100182475 1013.762939 
527633140184714 1014.100586 
527633180183151 1013.515625 
527633220182943 1013.203613 
527633260182943 1013.185059 
527633300182631 1012.954346 
527633340183360 1012.957031 
527633380183463 1013.052490 
527633420183151 1012.935059 
527633460182787 1012.920654 
527633500182370 1013.119873 
527633540182318 1013.420898 
527633580182474 1013.420898 
527633620182631 1013.488770 
527633660182787 1013.648438 
527633700182422 1013.413086 
527633740182683 1013.180420 
527633780182682 1013.233887 
527633820186588 1013.467041 
527633860185130 1013.998535 
527633900183776 1013.205078 
527633940184349 1012.821777 
527633980184453 1012.829590 
527634020183099 1012.949219 
527634060182734 1013.228027 
527634100183360 1013.367432 
527634140183099 1013.050537 
527634180182838 1013.154785 
527634220182890 1013.426025 
527634260182526 1013.965088 
527634300183516 1013.999512 
527634340184192 1013.401855 
527634380184557 1012.802002 
527634420183933 1012.757324 
527634460185286 1012.950928 
527634500182890 1012.942627 
527634540183932 1012.947021 
527634580182891 1013.079590 
527634620182318 1013.170654 
527634660182526 1013.186279 
527634700182630 1013.252441 
527634740182421 1013.172119 
527634780182318 1013.252441 
527634820182265 1013.248779 
527634860182370 1013.316650 
527634900182422 1013.234863 
527634940182421 1013.233398 
527634980182995 1013.214111 
527635020182525 1013.249023 
527635060182994 1013.297607 
527635100183202 1013.283203 
527635140182526 1013.245605 
527635180182578 1013.248535 
527635220182317 1013.278076 
527635260182422 1013.303467 
527635300182213 1013.285889 
527635340182370 1013.230713 
527635380182629 1013.220703 
527635420182266 1013.257080 
527635460182369 1013.277832 
527635500182473 1013.345947 
527635540182369 1013.358398 
527635580182317 1013.343262 
527635620182474 1013.330078 
527635660182369 1013.349365 
527635700182526 1013.336914 
527635740182682 1013.341553 
527635780182317 1013.248047 
527635820182369 1013.208252 
527635860183879 1013.303467 
527635900183776 1013.236816 
527635940182317 1013.249023 
527635980182317 1013.246826 
527636020182525 1013.233643 
527636060182473 1013.245850 
527636100182317 1013.240723 
527636140182786 1013.260986 
527636180182317 1013.294922 
527636220182369 1013.264404 
527636260182473 1013.270508 
527636300182838 1013.276611 
527636340182942 1013.284668 
527636380182369 1013.273926 
527636420182212 1013.294678 
527636460182421 1013.292725 
527636500182525 1013.293945 
527636540182890 1013.259521 
527636580183358 1013.270264 
527636620183202 1013.231445 
527636660182733 1013.265137 
527636700182837 1013.258789 
527636740183671 1013.260498 
527636780182578 1013.234375 
527636820184452 1013.269287 
527636860182265 1013.291992 
527636900182265 1013.263428 
527636940182264 1013.227783 
527636980182994 1013.270020 
527637020182317 1013.220215 
527637060182212 1013.241211 
527637100182264 1013.238525 
527637140182264 1013.298340 
527637180182420 1013.247803 
527637220182525 1013.293701 
527637260182941 1013.346680 
527637300183410 1013.269287 
527637340183358 1013.227539 
527637380183566 1013.230713 
527637420184869 1013.265381 
