# Created at Thu Nov 07 19:54:32 EST 2019 in Burnaby Canada 
527716605984871 0.791146 -0.195863 0.578940 0.023561 
527716626553361 0.790367 -0.191563 0.581485 0.022327 
527716647121643 0.789008 -0.187047 0.584801 0.022072 
527716667690079 0.788213 -0.181117 0.587684 0.023336 
527716688259142 0.787464 -0.172436 0.591058 0.028573 
527716708827631 0.785946 -0.162987 0.595322 0.036264 
527716729395443 0.785047 -0.152676 0.598765 0.043267 
527716749963985 0.783180 -0.144616 0.602872 0.047549 
527716770532839 0.781917 -0.137745 0.605851 0.050763 
527716791101329 0.781505 -0.133151 0.607223 0.052919 
527716811669559 0.781234 -0.132577 0.607664 0.053305 
527716832238048 0.780726 -0.132007 0.608485 0.052791 
527716852806694 0.781168 -0.131794 0.608031 0.052010 
527716873375183 0.781645 -0.131323 0.607596 0.051110 
527716893943568 0.781087 -0.129731 0.608741 0.050074 
527716914512058 0.780108 -0.128436 0.610337 0.049245 
527716935080495 0.779905 -0.127025 0.610914 0.048952 
527716955649037 0.779971 -0.124879 0.611299 0.048632 
527716976217579 0.779858 -0.123434 0.611827 0.047464 
527716996786069 0.779522 -0.122524 0.612609 0.045212 
527717017354715 0.779109 -0.122034 0.613400 0.042856 
527717037923100 0.777985 -0.122810 0.614962 0.038451 
527717058491590 0.775542 -0.124424 0.617950 0.034510 
527717079060183 0.774603 -0.124905 0.619144 0.032414 
527717099628725 0.772978 -0.125939 0.621156 0.028455 
527717120197059 0.770842 -0.127362 0.623711 0.023775 
527717140765548 0.768907 -0.129788 0.625733 0.019892 
527717161334090 0.768043 -0.131746 0.626447 0.017809 
527717181902579 0.768047 -0.132606 0.626291 0.016673 
527717202471069 0.768155 -0.133419 0.626004 0.016033 
527717223039611 0.768629 -0.133808 0.625335 0.016142 
527717243608100 0.768962 -0.134033 0.624879 0.016093 
527717264176590 0.769039 -0.134256 0.624748 0.015648 
527717284745184 0.769248 -0.134499 0.624451 0.015154 
527717305313673 0.769425 -0.134767 0.624182 0.014841 
527717325882267 0.769507 -0.134966 0.624042 0.014689 
527717346450808 0.769519 -0.134674 0.624096 0.014378 
527717367019246 0.769365 -0.134478 0.624332 0.014248 
527717387587736 0.769298 -0.132950 0.624765 0.013127 
527717408158516 0.769371 -0.130285 0.625277 0.011090 
527717428727006 0.769066 -0.130107 0.625689 0.011044 
527717449293881 0.768820 -0.129984 0.626017 0.011054 
527717469862423 0.768442 -0.129968 0.626484 0.011098 
527717490430235 0.768219 -0.129851 0.626782 0.011125 
527717510998776 0.768107 -0.129543 0.626983 0.011097 
527717531567267 0.768018 -0.129407 0.627118 0.011198 
527717552135756 0.768077 -0.128943 0.627144 0.011000 
527717572705235 0.768178 -0.128583 0.627095 0.010980 
527717593273725 0.768363 -0.128259 0.626937 0.010832 
527717613842058 0.768505 -0.127976 0.626823 0.010699 
527717634410548 0.768516 -0.128493 0.626698 0.011048 
527717654980027 0.768573 -0.128582 0.626610 0.011056 
527717675548568 0.768576 -0.129219 0.626467 0.011545 
527717696115808 0.768577 -0.129718 0.626357 0.011846 
527717716684297 0.768559 -0.130544 0.626196 0.012368 
527717737252892 0.770318 -0.132393 0.623597 0.014431 
527717757821381 0.771266 -0.133987 0.622037 0.016322 
527717778389870 0.771833 -0.133224 0.621522 0.015386 
527717798958621 0.772299 -0.134075 0.620756 0.015526 
527717819527111 0.772206 -0.133570 0.620999 0.014771 
527717840095026 0.769403 -0.131191 0.625048 0.011061 
527717860663516 0.769994 -0.134081 0.623728 0.009747 
527717881234036 0.768259 -0.136264 0.625417 0.007997 
527717901802526 0.769591 -0.140165 0.622935 0.005956 
527717922369870 0.776180 -0.148904 0.612639 0.006740 
527717942938411 0.777924 -0.152974 0.609436 0.004494 
527717963506642 0.776936 -0.156007 0.609944 0.000441 
527717984075184 -0.774997 0.158906 -0.611648 0.003850 
527718004643412 -0.775055 0.163526 -0.610324 0.007354 
527718025211902 -0.775448 0.167015 -0.608869 0.008067 
527718045780704 -0.774639 0.166384 -0.610084 0.006976 
527718066349193 -0.772334 0.164822 -0.613383 0.009797 
527718086917475 -0.769387 0.167313 -0.616284 0.015605 
527718107486016 -0.770509 0.173257 -0.613232 0.015604 
527718128054974 -0.779923 0.179021 -0.599579 0.013293 
527718148623516 -0.787981 0.181540 -0.588172 0.013534 
527718169191641 -0.790924 0.182156 -0.583987 0.014770 
527718189760183 -0.790980 0.181793 -0.583984 0.016249 
527718210328777 -0.789828 0.181548 -0.585582 0.017506 
527718230897318 -0.789034 0.181318 -0.586678 0.018897 
527718251465443 -0.789115 0.181640 -0.586446 0.019663 
527718272033985 -0.788460 0.181835 -0.587252 0.020026 
527718292602787 -0.785258 0.180792 -0.591866 0.019434 
527718313171329 -0.781434 0.179500 -0.597318 0.018778 
527718333740287 -0.771927 0.176625 -0.610369 0.019553 
527718354308828 -0.755953 0.165086 -0.633074 0.022322 
527718374878308 -0.757909 0.159772 -0.632006 0.024801 
527718395446797 -0.759376 0.168359 -0.628074 0.022931 
527718416015860 -0.760280 0.168347 -0.627148 0.017837 
527718436584402 -0.763769 0.170015 -0.622601 0.010950 
527718457152734 -0.764256 0.169001 -0.622306 0.009259 
527718477721172 -0.767178 0.167282 -0.619209 0.005972 
527718498289714 -0.767073 0.166886 -0.619450 0.005439 
527718518857838 -0.765831 0.167083 -0.620944 0.003806 
527718539426380 -0.764616 0.167285 -0.622393 0.002389 
527718559993568 -0.763155 0.166923 -0.624283 0.001398 
527718580562109 -0.760620 0.166732 -0.627419 0.001682 
527718601130548 -0.758105 0.167293 -0.630301 0.003297 
527718621699090 -0.754351 0.167243 -0.634797 0.004065 
527718642267578 -0.750658 0.167687 -0.639051 0.002832 
527718662836120 -0.748234 0.166987 -0.642074 0.001675 
527718683405496 0.745387 -0.165081 0.645869 0.000080 
527718703974037 0.740752 -0.162554 0.651814 0.000964 
527718724541797 0.733701 -0.159949 0.660378 0.000113 
527718745110339 -0.726536 0.157284 -0.668883 0.001916 
527718765679869 -0.720544 0.156607 -0.675480 0.004222 
527718786248411 -0.717990 0.156989 -0.678104 0.004429 
527718806816173 -0.715061 0.156589 -0.681283 0.004618 
527718827384714 -0.710426 0.155834 -0.686279 0.005671 
527718847953568 -0.709423 0.156192 -0.687230 0.006237 
527718868522162 -0.710908 0.157162 -0.685468 0.006619 
527718889090652 -0.712219 0.157332 -0.684071 0.006109 
527718909659193 -0.715666 0.156293 -0.680726 0.002534 
527718930228360 0.722373 -0.151708 0.674626 0.006422 
527718950796902 0.727977 -0.142753 0.670366 0.016751 
527718971364765 0.729028 -0.131973 0.671204 0.024225 
527718991933307 0.731641 -0.121973 0.669914 0.032235 
527719012501433 0.738449 -0.112218 0.663604 0.041593 
527719033069974 0.758777 -0.107185 0.640776 0.046628 
527719053638881 0.783292 -0.099014 0.610428 0.063465 
527719074207423 0.792995 -0.087663 0.597484 0.080541 
527719094775703 0.796776 -0.084200 0.592272 0.085276 
527719115344245 0.795919 -0.081575 0.594078 0.083243 
527719135912996 0.796770 -0.078063 0.593663 0.081408 
527719156481589 0.796428 -0.078304 0.593991 0.082134 
527719177050026 0.795847 -0.079153 0.594485 0.083368 
527719197618621 0.796342 -0.077508 0.594032 0.083413 
527719218187162 0.797305 -0.074983 0.593289 0.081791 
527719238755599 0.799795 -0.074436 0.590269 0.079816 
527719259324141 0.802071 -0.076723 0.587153 0.077770 
527719279893152 0.805728 -0.076352 0.582391 0.076106 
527719300461693 0.811374 -0.072019 0.575217 0.074908 
527719321029922 0.812660 -0.068584 0.573700 0.075810 
527719341598464 0.808929 -0.069221 0.578614 0.077769 
527719362167891 0.804628 -0.070360 0.584274 0.079041 
527719382736485 0.804522 -0.070948 0.584215 0.080018 
527719403305651 0.804803 -0.073253 0.583819 0.077983 
527719423874192 0.806502 -0.075364 0.581602 0.074924 
527719444442943 0.809208 -0.078476 0.577652 0.073085 
527719465011485 0.812084 -0.082111 0.573458 0.070167 
527719485580026 0.814119 -0.088106 0.570090 0.066662 
527719506148620 0.813593 -0.099504 0.569798 0.059120 
527719526716328 0.813129 -0.114779 0.568623 0.048108 
527719547284922 0.809771 -0.131375 0.570684 0.036490 
527719567853307 0.805454 -0.139986 0.575205 0.028039 
527719588421849 0.799368 -0.150614 0.581347 0.019014 
527719608989974 0.789730 -0.167266 0.590174 0.006491 
527719629558515 -0.779938 0.186681 -0.597286 0.009802 
527719650127110 -0.770336 0.190777 -0.608235 0.015390 
527719670695652 -0.769274 0.187654 -0.610652 0.010357 
527719691264662 -0.766795 0.190104 -0.613040 0.008273 
527719711833203 -0.766927 0.190902 -0.612593 0.010405 
527719732402005 -0.767182 0.188987 -0.612837 0.012111 
527719752970547 -0.769696 0.186763 -0.610277 0.015842 
527719773538567 -0.773331 0.187373 -0.605393 0.018737 
527719794107109 -0.776046 0.187430 -0.601806 0.021275 
527719814675600 -0.777867 0.186763 -0.599499 0.025371 
527719835244193 -0.780163 0.186928 -0.596386 0.026976 
527719855813827 -0.782667 0.185595 -0.593560 0.025944 
527719876382369 -0.771096 0.179326 -0.610478 0.023882 
527719896951328 -0.767968 0.177497 -0.614925 0.024246 
527719917520182 -0.771631 0.178973 -0.609725 0.028100 
527719938088776 -0.769035 0.181258 -0.612185 0.030990 
527719958656589 -0.768775 0.184854 -0.611333 0.032940 
527719979225182 -0.769055 0.189689 -0.609356 0.035453 
527719999792890 -0.770023 0.196703 -0.605760 0.037786 
527720020361484 -0.772002 0.205373 -0.600073 0.041789 
527720040929974 -0.773320 0.211169 -0.596113 0.045079 
527720061498515 -0.773977 0.217701 -0.592376 0.051551 
527720082067317 -0.776044 0.221718 -0.587634 0.057297 
527720102635859 -0.782219 0.221787 -0.578843 0.062323 
527720123203880 -0.790139 0.220006 -0.568066 0.067659 
527720143772422 -0.795041 0.217349 -0.561543 0.073065 
527720164341068 -0.796943 0.219487 -0.556819 0.081605 
527720184909662 -0.799161 0.226996 -0.548475 0.094816 
527720205478099 -0.801940 0.233177 -0.538852 0.110267 
527720226046693 -0.804849 0.238059 -0.529111 0.124846 
527720246615390 -0.802092 0.244310 -0.526816 0.139378 
527720267183983 -0.792909 0.244176 -0.536640 0.153919 
527720287752473 -0.784044 0.243217 -0.546316 0.166311 
527720308321015 -0.779292 0.241469 -0.548913 0.181911 
527720328889557 -0.775883 0.242273 -0.547213 0.199666 
527720349458150 -0.773417 0.248053 -0.541878 0.216021 
527720370026849 -0.776171 0.248766 -0.530361 0.233220 
527720390595443 -0.786963 0.236762 -0.511202 0.251607 
527720411163985 -0.799764 0.218010 -0.489879 0.269941 
527720431732578 -0.806962 0.200670 -0.471392 0.293825 
527720452301068 -0.806792 0.190584 -0.461364 0.316083 
527720472869662 -0.803697 0.176948 -0.458331 0.335700 
527720493438307 -0.802305 0.159414 -0.454835 0.352162 
527720514006849 -0.801141 0.139707 -0.447755 0.371713 
527720534576068 -0.803381 0.124649 -0.435062 0.386993 
527720555144662 -0.805349 0.118476 -0.426943 0.393822 
527720575713047 -0.811370 0.111213 -0.412853 0.398575 
527720596281641 -0.819910 0.104339 -0.394082 0.401946 
527720616850703 -0.832217 0.088940 -0.362852 0.409686 
527720637418933 -0.845283 0.057747 -0.327299 0.418374 
527720657987474 -0.852009 0.024063 -0.296015 0.431135 
527720678555495 -0.853377 0.001213 -0.276561 0.441882 
527720699124089 -0.857403 -0.009224 -0.277757 0.433158 
527720719692682 -0.861867 -0.009322 -0.298517 0.409862 
527720740261224 -0.863732 -0.010236 -0.332469 0.378585 
527720760829609 -0.862029 -0.015343 -0.379812 0.335281 
527720781398203 -0.854528 -0.021590 -0.431712 0.287994 
527720801967056 -0.841085 -0.032709 -0.481246 0.244764 
527720822535650 -0.820235 -0.053676 -0.530517 0.207088 
527720843104140 -0.791405 -0.082878 -0.580620 0.172307 
527720863672734 -0.752445 -0.116182 -0.633280 0.138871 
527720884241327 -0.702819 -0.150243 -0.686964 0.107485 
527720904809869 -0.647995 -0.173580 -0.738347 0.069396 
527720925378464 -0.582574 -0.184280 -0.791146 0.027135 
527720945947057 0.507571 0.189060 0.840559 0.009384 
527720966515442 0.435192 0.192638 0.878689 0.037478 
527720987083984 0.376462 0.194802 0.903666 0.060957 
527721007652683 0.322028 0.198562 0.922032 0.082020 
527721028221276 0.278914 0.200768 0.933233 0.104760 
527721048790546 0.255755 0.203991 0.936242 0.128174 
527721069359088 0.230023 0.213083 0.937386 0.151635 
527721089927265 0.191802 0.215452 0.941230 0.175726 
527721110495858 0.139688 0.206007 0.948014 0.198286 
527721131064297 0.083142 0.192275 0.952727 0.220067 
527721151632839 0.034660 0.183323 0.951308 0.245364 
527721172201066 0.007125 0.184086 0.943713 0.274712 
527721192769660 -0.000638 0.195100 0.933494 0.300874 
527721213338567 0.004253 0.210048 0.924553 0.317905 
527721233907161 0.025337 0.207206 0.923886 0.320716 
527721254475182 0.042382 0.195014 0.926835 0.318041 
527721275043776 0.049545 0.185163 0.928812 0.317124 
527721295612838 0.051381 0.182451 0.930513 0.313397 
527721316181380 0.049187 0.187763 0.933053 0.302881 
527721336750077 0.049998 0.195075 0.936626 0.286665 
527721357318619 0.058844 0.196631 0.940911 0.269368 
527721377887213 0.077988 0.192531 0.943736 0.257316 
527721398457266 0.096024 0.193887 0.942858 0.253390 
527721419025807 0.106239 0.202402 0.939879 0.253720 
527721439595755 0.112760 0.212298 0.937589 0.251278 
527721460164349 0.120779 0.222846 0.935515 0.246097 
527721480730077 0.131484 0.233378 0.932686 0.241546 
527721501298619 0.143080 0.243102 0.928957 0.239726 
527721521867942 0.147402 0.250563 0.926559 0.238704 
527721542436536 0.140578 0.254621 0.927170 0.236138 
527721563004608 0.121144 0.257818 0.930215 0.231419 
527721583573150 0.096819 0.262019 0.932947 0.227116 
527721604141692 0.074525 0.268364 0.934371 0.222212 
527721624710286 0.059682 0.275907 0.934518 0.216772 
527721645278984 0.057007 0.283054 0.933182 0.214013 
527721665847526 0.064688 0.289871 0.930686 0.213572 
527721686416276 0.078414 0.295829 0.927848 0.213155 
527721706984869 0.093420 0.300126 0.925280 0.212258 
527721727553202 0.105108 0.302578 0.923290 0.211977 
527721748121744 0.111173 0.303760 0.922260 0.211678 
527721768690390 0.113372 0.303389 0.922031 0.212040 
527721789258983 0.113325 0.302264 0.921976 0.213904 
527721809827578 0.111921 0.301083 0.921740 0.217297 
527721830396172 0.110011 0.300014 0.921624 0.220223 
527721850964766 0.108290 0.298595 0.921605 0.223065 
527721871533359 0.106142 0.297259 0.921980 0.224330 
527721892101640 0.104497 0.295871 0.922211 0.225982 
527721912670234 0.103910 0.293675 0.922338 0.228582 
527721933238983 0.104018 0.290384 0.922444 0.232279 
527721953807577 0.103683 0.286682 0.922339 0.237392 
527721974376066 0.101462 0.283162 0.922950 0.240181 
527721994944660 0.098714 0.279794 0.923991 0.241270 
527722015513410 0.096705 0.277096 0.924740 0.242325 
527722036082004 0.095716 0.275758 0.924582 0.244833 
527722056650650 0.096211 0.275288 0.923594 0.248867 
527722077219713 0.097610 0.275320 0.922597 0.251962 
527722097788306 0.098679 0.276074 0.921845 0.253470 
527722118356952 0.099383 0.277322 0.921425 0.253360 
527722138925546 0.100074 0.278654 0.921056 0.252970 
527722159493983 0.101249 0.279921 0.920648 0.252587 
527722180062577 0.103685 0.281256 0.920126 0.252017 
527722200630858 0.107178 0.283392 0.919198 0.251550 
527722221199452 0.110308 0.286316 0.917990 0.251294 
527722241768358 0.111892 0.288947 0.917131 0.250720 
527722262336900 0.112830 0.290879 0.916676 0.249730 
527722282905077 0.115040 0.292569 0.916106 0.248835 
527722303473671 0.118214 0.294227 0.915286 0.248410 
527722324042577 0.120904 0.295498 0.914562 0.248272 
527722344611119 0.122723 0.296492 0.914129 0.247790 
527722365179556 0.124356 0.297627 0.913710 0.247159 
527722385748149 0.126360 0.299031 0.913059 0.246853 
527722406316118 0.129015 0.300334 0.912278 0.246785 
527722426884712 0.131791 0.301421 0.911355 0.247404 
527722447453463 0.133607 0.302144 0.910410 0.249023 
527722468022004 0.133605 0.302547 0.910122 0.249585 
527722488590754 0.132920 0.302563 0.910095 0.250029 
527722509159348 0.132721 0.302509 0.910033 0.250427 
527722529727734 0.133066 0.302836 0.909786 0.250747 
527722550296275 0.133249 0.303619 0.909438 0.250964 
527722570864712 0.133183 0.304376 0.909054 0.251472 
527722591433306 0.133212 0.304965 0.908558 0.252534 
527722612001899 0.132883 0.305454 0.908343 0.252889 
527722632570493 0.132413 0.305687 0.908196 0.253380 
527722653139504 0.132029 0.305946 0.908042 0.253820 
527722673708098 0.132454 0.306163 0.907648 0.254744 
527722694276900 0.132988 0.306113 0.907409 0.255379 
527722714845494 0.133021 0.305688 0.907321 0.256182 
527722735413619 0.132438 0.305225 0.907388 0.256797 
527722755982160 0.130931 0.305071 0.907635 0.256881 
527722776550754 0.128846 0.305915 0.907698 0.256708 
527722797119973 0.130204 0.306892 0.906811 0.257988 
527722817688515 0.132858 0.308300 0.905516 0.259500 
527722838256952 0.135789 0.308591 0.904641 0.260688 
527722858825546 0.138504 0.308146 0.903836 0.262570 
527722879394088 0.138990 0.307653 0.903059 0.265549 
527722899962682 0.137958 0.306343 0.902748 0.268639 
527722920531691 0.136362 0.305417 0.902923 0.269918 
527722941100233 0.134946 0.305030 0.903620 0.268733 
527722961670077 0.135527 0.305454 0.903546 0.268207 
527722982238670 0.137143 0.306166 0.903147 0.267916 
