# Created at Thu Nov 07 18:03:53 EST 2019 in Burnaby Canada 
521077308286913 7.355868 0.369888 -6.705871 
521077328855976 7.383401 0.342356 -6.704674 
521077349424830 7.413327 0.337568 -6.705871 
521077369993996 7.378613 0.318415 -6.725023 
521077390564725 7.337913 0.365100 -6.727417 
521077411133162 7.337913 0.378268 -6.727417 
521077431702955 7.309183 0.351933 -6.725023 
521077452272225 7.315169 0.363903 -6.733403 
521077472842486 7.321154 0.357918 -6.745373 
521077493410455 7.318760 0.360312 -6.744176 
521077513980091 7.336716 0.356721 -6.739388 
521077534548840 7.357065 0.344750 -6.719038 
521077555117903 7.346292 0.339962 -6.708265 
521077575687382 7.336716 0.338765 -6.707067 
521077596256549 7.345095 0.286095 -6.709462 
521077616825975 7.359460 0.329189 -6.709462 
521077637395298 7.348686 0.355524 -6.717841 
521077657964933 7.329534 0.369888 -6.732206 
521077678533788 7.318760 0.377071 -6.721432 
521077699103580 7.312775 0.369888 -6.716644 
521077719672486 7.288834 0.398617 -6.727417 
521077740242538 7.280455 0.402209 -6.745373 
521077760811393 7.267287 0.391435 -6.763329 
521077781380663 7.246937 0.404603 -6.752556 
521077801949778 7.260104 0.380662 -6.750161 
521077822519205 7.262498 0.387844 -6.738191 
521077843088370 7.242148 0.392632 -6.751359 
521077863657902 7.255316 0.356721 -6.770512 
521077884227225 7.285242 0.354327 -6.771708 
521077904796705 7.288834 0.353130 -6.758541 
521077925366027 7.297213 0.331583 -6.729812 
521077945935402 7.315169 0.330386 -6.731009 
521077966504360 7.360657 0.329189 -6.720235 
521077987074621 7.391780 0.356721 -6.693900 
521078007643840 7.415721 0.367494 -6.666368 
521078028212851 7.430085 0.390238 -6.666368 
521078048782121 7.424100 0.396223 -6.665171 
521078069351653 7.427691 0.367494 -6.685521 
521078089921288 7.456420 0.393829 -6.654397 
521078110490558 7.468391 0.378268 -6.659185 
521078131059621 7.468391 0.415376 -6.630456 
521078151628735 7.474377 0.409391 -6.630456 
521078172197902 7.430086 0.410588 -6.628062 
521078192767851 7.400159 0.381859 -6.668762 
521078213337382 7.386992 0.377071 -6.698689 
521078233906809 7.361854 0.372282 -6.707068 
521078254475663 7.346292 0.360312 -6.719038 
521078275044778 7.334321 0.359115 -6.704674 
521078295614204 7.340307 0.355524 -6.707067 
521078316182174 7.263696 0.341159 -6.747767 
521078336752799 7.166735 0.375874 -6.729812 
521078357321965 7.212222 0.416573 -6.672353 
521078377891444 7.316366 0.392632 -6.715447 
521078398460871 7.410933 0.414179 -6.810014 
521078419029985 7.548594 0.421361 -6.748964 
521078439599517 7.479165 0.329189 -6.648412 
521078460168996 7.207434 0.472834 -6.672353 
521078480738215 7.321154 0.502761 -6.371894 
521078501307746 7.555776 0.424953 -6.234233 
521078521876757 8.038187 0.762520 -6.206701 
521078542446965 8.520597 0.964822 -5.964897 
521078563015819 8.748036 0.987566 -5.996020 
521078583584934 8.831831 0.854693 -6.191139 
521078604154205 8.233305 0.645210 -6.194731 
521078624723840 7.392977 0.706259 -6.399426 
521078645292955 7.282848 0.729003 -6.027143 
521078665862121 6.847123 0.544657 -6.675944 
521078686431547 6.556239 0.241804 -7.218208 
521078707000923 6.801634 0.122099 -7.303198 
521078727570193 7.337913 -0.278913 -6.836349 
521078748139777 7.261302 -0.401012 -6.582575 
521078768708996 6.540678 -0.104143 -7.085335 
521078789278787 6.539480 0.266942 -6.760935 
521078809847798 7.438465 0.574584 -6.171987 
521078830417746 7.823915 0.597328 -6.392243 
521078850986183 7.444450 0.697880 -6.478431 
521078871556131 7.191873 0.845117 -6.403017 
521078892124778 7.330730 1.114453 -6.493993 
521078912694934 7.783215 0.954048 -6.315632 
521078933263736 7.815536 0.992354 -6.146849 
521078953833735 7.552185 1.270069 -5.926592 
521078974402381 7.646751 1.249720 -5.839207 
521078994972173 6.869866 1.183882 -6.085799 
521079015541392 5.654861 3.119511 -7.433677 
521079036110506 13.033474 1.388577 -5.538747 
521079056679621 16.567163 -0.416573 -5.114992 
521079077248996 9.249600 0.327992 -7.974743 
521079097818476 6.880640 1.461597 -5.954123 
521079118388007 8.777964 0.739776 -5.687181 
521079138957174 7.602461 0.034714 -6.656792 
521079159526287 6.763329 0.131675 -5.794916 
521079180096391 7.007527 -0.005985 -5.676408 
521079200665142 7.880176 0.040700 -5.658452 
521079221235610 8.136345 -0.251380 -5.572265 
521079241804204 8.015442 -1.244931 -5.669226 
521079262373370 7.942423 -0.779279 -5.336446 
521079282942173 6.770512 -1.641155 -5.691970 
521079303512693 5.793719 -0.785264 -4.900720 
521079324081287 9.718843 -2.261226 -4.503300 
521079344650401 6.236628 -1.076147 -4.267481 
521079365219464 8.816269 -2.469513 -5.958912 
521079385788996 8.056143 -3.461867 -3.652198 
521079406358162 8.794722 -2.068501 -5.448969 
521079426928267 8.670229 -2.578444 -4.350078 
521079447497954 9.107152 -2.671814 -4.144185 
521079468067642 8.643894 -2.578444 -4.271072 
521079488635558 9.301073 -2.341429 -4.702010 
521079509205922 8.880909 -2.608371 -2.758002 
521079529774360 9.809819 -4.712783 -5.670423 
521079550344152 8.827042 -5.328067 -4.253117 
521079570913371 8.599603 -3.700080 -5.419043 
521079591483839 10.912302 -3.780282 -8.101630 
521079612052954 9.104757 -2.509016 -2.904042 
521079632623423 7.726954 -2.758002 -2.562883 
521079653192538 7.980728 -3.042900 -5.549521 
521079673761392 8.762402 -3.683321 -5.469318 
521079694331131 7.791595 -2.949530 -4.357260 
521079714900402 6.810014 -2.433601 -3.490596 
521079735469829 6.753753 -2.810672 -3.913154 
521079756039204 7.647948 -3.625863 -4.613428 
521079776607225 7.480361 -2.892071 -4.569138 
521079797176652 7.337913 -2.859751 -4.113062 
521079817745923 7.227784 -3.035717 -3.198516 
521079838314986 7.299607 -2.189403 -2.905239 
521079858884829 8.112404 -2.467119 -3.786267 
521079879453683 9.406414 -3.403211 -2.917209 
521079900023214 10.049230 -3.266748 -2.274394 
521079920592277 17.421856 -13.586511 -2.831022 
521079941162224 6.453293 -4.587093 -18.293308 
521079961731132 8.028610 -2.963894 2.021816 
521079982301288 10.876390 7.528243 5.674015 
521080002870350 9.230448 -4.560758 -3.824573 
521080023440402 9.980997 -1.316754 -4.242343 
521080044009152 9.280724 -2.901648 -1.541800 
521080064579100 12.849129 -5.580645 0.927713 
521080085148110 12.877857 -9.119122 -1.012704 
521080105719152 7.476770 -2.615553 -6.792058 
521080126286912 5.439392 -1.740510 -4.564349 
521080146856236 8.534962 -0.928910 -0.873846 
521080167426808 11.156500 -7.991501 -3.233231 
521080187995141 13.494337 -4.356063 -5.058731 
521080208563787 8.955126 -5.438195 -6.255780 
521080229134516 8.828239 -0.098158 2.531760 
521080249703163 3.074023 -0.913349 -4.737921 
521080270272746 5.099430 -3.115920 -4.409930 
521080290841860 9.545272 -4.492526 -5.135342 
521080311411391 8.459548 -3.406802 -4.108274 
521080331979933 7.327139 -2.985441 -4.107077 
521080352549985 6.708264 -3.302659 -3.287097 
521080373118787 9.169398 -3.885622 -3.469049 
521080393688214 10.092323 -5.016834 -4.110667 
521080414256860 9.917555 -3.478626 -3.032126 
521080434826860 8.089661 -3.446305 -2.790322 
521080455396495 6.493993 -2.316290 -2.839401 
521080475965662 7.498318 -2.236088 -2.829825 
521080496535454 8.242882 -4.119047 -1.441247 
521080517104464 9.190946 -2.061319 -1.724948 
521080537675089 9.524921 -3.082402 -4.620611 
521080558243995 12.668373 -2.457542 -4.303392 
521080578815297 12.370308 -1.495115 -5.475304 
521080599385193 5.450165 -2.263620 2.530562 
521080619953265 7.421706 -2.714908 -4.855232 
521080640521443 9.743982 -2.294744 -2.828628 
521080661092172 10.054018 -1.874579 -4.425491 
521080681660453 10.432285 -0.724215 -3.740779 
521080702230662 6.946477 -1.065374 -4.547591 
521080722802641 9.551256 -1.322740 -3.357723 
521080743368265 9.092787 -1.438853 -2.735258 
521080763937641 10.409541 -0.385450 -2.687376 
521080784507120 7.972349 -2.050545 -3.755144 
521080805076339 10.975746 -1.608834 -3.155422 
521080825645766 10.627405 -1.726145 -4.995287 
521080846215922 11.995632 -2.031393 -3.914351 
521080866784776 7.014709 -3.083599 -2.368961 
521080887354151 7.644358 -1.422095 -3.627059 
521080907923786 8.077690 0.644013 -3.307447 
521080928493995 5.026411 1.310769 -3.753947 
521080949062589 7.815536 -0.286095 -2.554503 
521080969631599 10.402359 -3.306250 -2.626326 
521080990201496 8.952732 -2.261226 -3.564813 
521081010770349 11.819666 -3.874849 -4.142988 
521081031340037 10.622616 -2.026605 -3.579178 
521081051910558 9.552454 -1.747692 -4.680463 
521081072478839 10.549596 -2.847780 -2.450360 
521081093050766 11.497660 -3.820982 -1.906900 
521081113619829 12.061470 -3.606710 -3.143452 
521081134189204 7.953196 -0.946866 -3.321812 
521081154756599 5.817660 -1.219793 -4.579911 
521081175325453 8.555312 -2.549715 -4.549985 
521081195895141 11.276205 -4.573925 -3.400817 
521081216464516 13.372239 -2.839401 -1.489129 
521081237033787 9.943890 -1.504691 -0.517125 
521081257603734 8.714520 -1.932038 -3.890410 
521081278172953 14.125183 0.937290 -4.366836 
521081298742120 13.842679 -1.304784 -3.890411 
521081319311391 10.063594 -5.736260 -3.735991 
521081339881078 5.829630 -4.181293 -3.460670 
521081360450089 6.883034 1.876973 -3.356526 
521081381019412 8.013048 1.696219 -3.317024 
521081401589359 4.871991 -1.762057 -3.112329 
521081422159984 8.720505 0.245395 -2.382128 
521081442729255 7.609643 0.034714 -2.520986 
521081463297380 8.955126 -1.085724 -2.926786 
521081483866600 9.068846 -2.082866 -3.223654 
521081504435870 7.920876 -1.870988 -3.455882 
521081525004308 8.582844 -4.123835 -4.849247 
521081545574880 9.697297 -3.885622 -1.874579 
521081566144047 8.664244 -4.575122 -2.236088 
521081586715818 6.808817 -4.540408 -1.389774 
521081607282954 7.914891 -4.544000 -3.890410 
521081627852640 9.995362 -4.385989 -4.532029 
521081648422172 9.881643 -4.242343 -3.950263 
521081668991391 12.151248 -5.057534 -2.899254 
521081689561234 12.716255 -2.280379 -2.242074 
521081710130714 5.486077 -11.053555 -3.702474 
521081730699255 7.048226 -9.749967 -6.136075 
521081751268422 13.981537 -6.016370 -6.126498 
521081771837953 8.416454 -8.891684 -3.789858 
521081792408578 6.151637 -6.558634 -4.323742 
521081812977327 -0.159208 -9.638641 -2.752017 
521081833548004 7.494726 -5.025213 -4.852839 
521081854116807 8.112404 -7.752092 -2.398887 
521081874685713 14.535770 -4.869597 -9.593153 
521081895255296 21.449928 2.231300 -13.337524 
521081915824775 20.433632 0.661968 -3.759932 
521081936394150 19.104908 -0.282504 -1.204232 
521081956962224 18.594965 1.720160 0.648801 
521081977531651 18.544687 3.853302 2.670617 
521081998100974 17.613384 3.710853 5.806887 
521082018670453 15.501789 1.638761 10.014515 
521082039239828 9.958254 -3.905972 10.176117 
521082059809464 4.733133 -4.910297 8.640303 
521082080379984 3.996948 -4.056800 6.464067 
521082100950557 3.447502 -3.556434 3.252383 
521082121519099 3.548054 -3.910760 -0.689500 
521082142088891 4.402747 -2.319882 -0.481214 
521082162658578 3.318221 -2.283970 5.822448 
521082183226912 1.525041 -3.551646 5.267017 
521082203795713 3.524113 -1.170714 2.696952 
521082224365974 5.592615 1.187473 3.637833 
521082244934672 5.141327 0.775688 6.504766 
521082265504307 5.678802 0.778082 6.320421 
521082286073369 6.716644 3.096766 4.376412 
521082306642379 6.039114 3.497778 5.310111 
521082327212432 3.672547 1.542997 6.508358 
521082347781233 2.512607 0.921728 7.837082 
521082368350296 2.208556 1.669884 8.660652 
521082388919724 2.051743 2.413252 6.488008 
521082409489254 2.696952 3.612695 5.551915 
521082430058525 3.617483 4.948602 7.349883 
521082450627849 3.755144 4.907903 8.108812 
521082471197536 2.358187 4.233964 7.522258 
521082491766703 3.305053 6.283312 7.669496 
521082512336182 2.868130 5.077884 7.451632 
521082532906964 3.072826 5.529171 8.965899 
521082553475870 1.527435 5.316096 8.312311 
521082574044255 0.052670 5.062322 7.296016 
521082594616599 -0.551840 7.511485 6.608910 
521082615185974 -3.910760 7.855038 6.346756 
521082635755088 -1.347878 6.983586 7.973546 
521082656323578 1.507085 8.108812 9.290300 
521082676893109 1.104877 6.979995 10.024092 
521082697462849 0.417770 6.028340 8.342237 
521082718031963 1.199443 7.428888 7.221799 
521082738601807 2.060122 7.339110 8.536159 
521082759170817 0.802023 7.595278 8.761204 
521082779740036 0.011970 6.479629 7.924467 
521082800308317 0.207090 6.814802 7.322351 
521082820877119 -0.149631 6.845925 7.511485 
521082841446390 -0.457273 6.831561 7.255316 
521082862016806 -0.240607 7.085335 6.782482 
521082882585349 0.177163 7.337913 6.677141 
521082903154879 1.394562 7.365445 7.346292 
521082923724046 0.472835 7.121246 7.999881 
521082944293473 -0.256169 6.763329 8.020231 
521082964862901 0.569795 7.103291 7.750895 
521082985432276 1.425686 7.561761 7.567746 
521083006002224 1.717766 7.898132 7.398962 
521083026572016 0.931304 7.160749 7.385795 
521083047141026 -0.070626 6.602924 6.892611 
521083067709880 -0.342356 6.875852 6.884231 
521083088279307 -0.500367 7.225390 6.212686 
521083108849150 -0.708653 7.268484 6.037917 
521083129418578 -1.127620 7.029074 5.885892 
521083149987796 0.009576 7.469588 5.885892 
521083170556807 0.529096 7.616825 6.564619 
521083191126390 1.073753 7.735333 7.099700 
521083211695661 1.450824 8.021428 7.712589 
521083232265609 0.976792 7.822718 7.834688 
521083252834671 0.135267 7.896935 6.170790 
521083273404203 -0.122099 8.665441 4.359653 
521083293973265 -0.094567 7.510288 4.705601 
521083314542744 -0.322006 7.025483 5.261032 
521083335112067 -0.217863 7.433677 4.077150 
521083355681494 0.090976 7.766457 4.640961 
521083376250973 -0.043094 7.835885 5.545930 
521083396820295 -0.251380 8.070507 5.116189 
521083417390348 0.234622 7.783215 6.666368 
521083437959099 0.677530 7.554579 8.293159 
521083458528787 0.798432 7.462406 8.748037 
521083479097797 0.860678 7.676678 7.588096 
