# Created at Thu Nov 07 18:03:53 EST 2019 in Burnaby Canada 
521077303144309 -0.225274 -0.886283 -0.119339 0.386668 
521077323713632 -0.224923 -0.886354 -0.119249 0.386739 
521077344282330 -0.224550 -0.886401 -0.119107 0.386890 
521077364851653 -0.224254 -0.886433 -0.119006 0.387021 
521077385422382 -0.223991 -0.886490 -0.118850 0.387090 
521077405990819 -0.223804 -0.886572 -0.118759 0.387038 
521077426560558 -0.223680 -0.886652 -0.118727 0.386936 
521077447129881 -0.223625 -0.886735 -0.118660 0.386798 
521077467698788 -0.223585 -0.886807 -0.118593 0.386677 
521077488268111 -0.223672 -0.886834 -0.118592 0.386564 
521077508837173 -0.223726 -0.886852 -0.118576 0.386497 
521077529406496 -0.223767 -0.886865 -0.118562 0.386448 
521077549975715 -0.223777 -0.886868 -0.118538 0.386442 
521077570544882 -0.223816 -0.886880 -0.118511 0.386400 
521077591114205 -0.223869 -0.886898 -0.118500 0.386333 
521077611683632 -0.223927 -0.886916 -0.118399 0.386288 
521077632252955 -0.223951 -0.886923 -0.118352 0.386272 
521077652822122 -0.223952 -0.886923 -0.118334 0.386276 
521077673391444 -0.224013 -0.886943 -0.118367 0.386186 
521077693960819 -0.224099 -0.886972 -0.118399 0.386060 
521077714530142 -0.224208 -0.887008 -0.118459 0.385896 
521077735099674 -0.224341 -0.887052 -0.118528 0.385696 
521077755669049 -0.224467 -0.887096 -0.118598 0.385500 
521077776238163 -0.224595 -0.887138 -0.118699 0.385296 
521077796807434 -0.224765 -0.887162 -0.118838 0.385101 
521077817376756 -0.224931 -0.887175 -0.118941 0.384941 
521077837946027 -0.225052 -0.887163 -0.119036 0.384868 
521077858515455 -0.225221 -0.887140 -0.119179 0.384779 
521077879084882 -0.225355 -0.887111 -0.119254 0.384743 
521077899654360 -0.225463 -0.887054 -0.119361 0.384778 
521077920223683 -0.225514 -0.886976 -0.119489 0.384889 
521077940792693 -0.225503 -0.886884 -0.119585 0.385077 
521077961362016 -0.225493 -0.886797 -0.119672 0.385256 
521077981932173 -0.225430 -0.886700 -0.119733 0.385497 
521078002501496 -0.225371 -0.886583 -0.119832 0.385771 
521078023070454 -0.225301 -0.886473 -0.119953 0.386026 
521078043639777 -0.225230 -0.886392 -0.120073 0.386217 
521078064209569 -0.225157 -0.886337 -0.120169 0.386355 
521078084778944 -0.225082 -0.886312 -0.120167 0.386458 
521078105347903 -0.224960 -0.886271 -0.120175 0.386620 
521078125917278 -0.224842 -0.886231 -0.120151 0.386787 
521078146486236 -0.224752 -0.886201 -0.120170 0.386902 
521078167055558 -0.224712 -0.886188 -0.120187 0.386951 
521078187625715 -0.224614 -0.886227 -0.120153 0.386927 
521078208195038 -0.224577 -0.886311 -0.120022 0.386798 
521078228764465 -0.224519 -0.886407 -0.119868 0.386660 
521078249333319 -0.224525 -0.886504 -0.119760 0.386468 
521078269902537 -0.224526 -0.886609 -0.119650 0.386260 
521078290471809 -0.224494 -0.886734 -0.119573 0.386016 
521078311039830 -0.224411 -0.886955 -0.119478 0.385585 
521078331610299 -0.224134 -0.887320 -0.119111 0.385019 
521078352179622 -0.223411 -0.887616 -0.118668 0.384893 
521078372749205 -0.222570 -0.887690 -0.118522 0.385256 
521078393318528 -0.222027 -0.887783 -0.118520 0.385354 
521078413887851 -0.221523 -0.888161 -0.118634 0.384739 
521078434457173 -0.220128 -0.888855 -0.118559 0.383959 
521078455026548 -0.217031 -0.889691 -0.117642 0.384068 
521078475595871 -0.212762 -0.890154 -0.116903 0.385605 
521078496165090 -0.207953 -0.890142 -0.116053 0.388502 
521078516734413 -0.202745 -0.890359 -0.114412 0.391237 
521078537304152 -0.195834 -0.890990 -0.112528 0.393858 
521078557873475 -0.185979 -0.891625 -0.109962 0.397900 
521078578442746 -0.174531 -0.892316 -0.107271 0.402250 
521078599011861 -0.162436 -0.893461 -0.103830 0.405662 
521078619581288 -0.150342 -0.895160 -0.098726 0.407846 
521078640150611 -0.138309 -0.896600 -0.093504 0.410165 
521078660719881 -0.128017 -0.898160 -0.088808 0.411138 
521078681289204 -0.119031 -0.900015 -0.084539 0.410679 
521078701858527 -0.110688 -0.901656 -0.081092 0.410109 
521078722427850 -0.103385 -0.902733 -0.078602 0.410129 
521078742997278 -0.096929 -0.903344 -0.076642 0.410731 
521078763566653 -0.092459 -0.904211 -0.075287 0.410104 
521078784136079 -0.089806 -0.905618 -0.074228 0.407776 
521078804705454 -0.087213 -0.906877 -0.072741 0.405804 
521078825275402 -0.083789 -0.907536 -0.071010 0.405358 
521078845843839 -0.080611 -0.907803 -0.069110 0.405734 
521078866413111 -0.078133 -0.907993 -0.066954 0.406153 
521078886982434 -0.075660 -0.908013 -0.064568 0.406964 
521078907552069 -0.072454 -0.907527 -0.061883 0.409042 
521078928121392 -0.069283 -0.906666 -0.058744 0.411953 
521078948691391 -0.066057 -0.905744 -0.055039 0.415013 
521078969260037 -0.062214 -0.904626 -0.050671 0.418584 
521078989829829 -0.059523 -0.903991 -0.045697 0.420915 
521079010398787 -0.063700 -0.906372 -0.036551 0.416047 
521079030968162 -0.070272 -0.912271 -0.038303 0.401691 
521079051537277 -0.049772 -0.911301 -0.031592 0.407499 
521079072106652 -0.039966 -0.907816 -0.024885 0.416718 
521079092676288 -0.037214 -0.906448 -0.019771 0.420210 
521079113245663 -0.028663 -0.903488 -0.012048 0.427484 
521079133814621 -0.022115 -0.899983 -0.005633 0.435328 
521079154383944 -0.017889 -0.897337 0.000273 0.440982 
521079174953684 -0.013472 -0.895144 0.005837 0.445536 
521079195522799 -0.007581 -0.892367 0.012762 0.451067 
521079216092538 -0.002626 -0.889091 0.021229 0.457230 
521079236661861 0.003356 -0.885276 0.028273 0.464193 
521079257230455 0.007682 -0.881374 0.035901 0.470990 
521079277799830 0.013468 -0.876170 0.042595 0.479927 
521079298369568 0.014927 -0.871132 0.050999 0.488165 
521079318938943 0.019282 -0.864184 0.060773 0.499120 
521079339507797 0.007851 -0.860252 0.069632 0.505031 
521079360077120 0.009233 -0.854235 0.091103 0.511759 
521079380646443 0.012593 -0.851230 0.103117 0.514408 
521079401215818 0.009876 -0.848585 0.112887 0.516781 
521079421786235 0.008728 -0.846316 0.122602 0.518307 
521079442355610 0.005511 -0.844560 0.131539 0.519023 
521079462923891 0.002999 -0.843514 0.138688 0.518884 
521079483493214 0.001189 -0.842088 0.146612 0.519029 
521079504063578 -0.001199 -0.840499 0.154258 0.519389 
521079524632016 -0.002503 -0.837715 0.162309 0.521424 
521079545201808 -0.009207 -0.839145 0.164787 0.518262 
521079565771027 -0.013117 -0.842385 0.166827 0.512234 
521079586341235 -0.014609 -0.847853 0.164241 0.503941 
521079606910610 -0.011642 -0.849845 0.163384 0.500933 
521079627480714 -0.013639 -0.849950 0.162634 0.500947 
521079648050089 -0.019018 -0.852526 0.159224 0.497479 
521079668619048 -0.018623 -0.855361 0.157415 0.493185 
521079689188787 -0.015882 -0.856049 0.158073 0.491874 
521079709758110 -0.014440 -0.854870 0.160167 0.493290 
521079730328006 -0.013549 -0.851924 0.164359 0.497020 
521079750896860 -0.014190 -0.849020 0.168548 0.500555 
521079771464933 -0.014276 -0.846033 0.173157 0.504024 
521079792034308 -0.012497 -0.842140 0.178557 0.508686 
521079812603319 -0.008831 -0.835674 0.186211 0.516620 
521079833172642 -0.004183 -0.826343 0.195956 0.527959 
521079853742069 -0.001808 -0.816076 0.205655 0.540114 
521079874311339 0.001103 -0.805714 0.213800 0.552371 
521079894880506 0.011902 -0.785939 0.230890 0.573453 
521079915449933 0.028973 -0.756125 0.248595 0.604679 
521079936019361 0.007839 -0.764760 0.222972 0.604454 
521079956588788 -0.017260 -0.822054 0.170420 0.543035 
521079977158631 0.055500 -0.823553 0.214834 0.522040 
521079997728006 0.076291 -0.820524 0.222734 0.520873 
521080018297433 0.083885 -0.817297 0.227977 0.522509 
521080038866808 0.091942 -0.810448 0.235451 0.528472 
521080059436443 0.096361 -0.792111 0.256901 0.545231 
521080080005766 0.084481 -0.769302 0.279106 0.568452 
521080100575193 0.057950 -0.767346 0.270549 0.578468 
521080121144568 0.045046 -0.770872 0.262575 0.578604 
521080141715037 0.041727 -0.773146 0.261705 0.576207 
521080162284464 0.015394 -0.791967 0.241611 0.560514 
521080182852797 0.001134 -0.807263 0.233100 0.542208 
521080203421443 -0.039461 -0.843390 0.188878 0.501459 
521080223991444 -0.026366 -0.860272 0.189197 0.472696 
521080244560819 0.006867 -0.850884 0.208693 0.482075 
521080265130402 0.002552 -0.847415 0.207014 0.488904 
521080285699516 0.002435 -0.843951 0.210096 0.493559 
521080306269047 -0.000008 -0.842441 0.210025 0.496169 
521080326837589 0.003611 -0.838544 0.212989 0.501465 
521080347407068 0.010766 -0.830122 0.219233 0.512561 
521080367976443 0.014904 -0.818775 0.227436 0.526933 
521080388545141 0.009936 -0.814041 0.225384 0.535202 
521080409114516 0.007484 -0.812833 0.223295 0.537945 
521080429684776 0.011700 -0.809828 0.223614 0.542254 
521080450253943 0.020445 -0.803982 0.224789 0.550150 
521080470823318 0.026715 -0.799087 0.223410 0.557525 
521080491392693 0.034577 -0.797368 0.215713 0.562562 
521080511962120 0.052179 -0.790074 0.210606 0.573328 
521080532532276 0.054274 -0.790193 0.191362 0.579681 
521080553101651 0.035386 -0.807542 0.165516 0.565003 
521080573673422 0.014814 -0.836454 0.145943 0.528040 
521080594242849 0.040686 -0.839107 0.151980 0.520717 
521080614809724 0.045717 -0.835075 0.147366 0.528056 
521080635379099 0.047879 -0.832013 0.141508 0.534264 
521080655948682 0.045898 -0.827282 0.137634 0.542728 
521080676518057 0.045713 -0.821948 0.134819 0.551485 
521080697086131 0.044837 -0.820569 0.124918 0.555925 
521080717660298 0.040795 -0.821972 0.116544 0.555981 
521080738226235 0.042281 -0.821969 0.114058 0.556390 
521080758795298 0.043480 -0.820989 0.112603 0.558039 
521080779364777 0.041880 -0.822951 0.110007 0.555785 
521080799933996 0.045522 -0.824810 0.112858 0.552159 
521080820504204 0.047539 -0.826924 0.114079 0.548564 
521080841073579 0.044479 -0.829723 0.116370 0.544095 
521080861642381 0.048342 -0.828479 0.119147 0.545060 
521080882211808 0.047737 -0.829433 0.118349 0.543834 
521080902782277 0.050653 -0.829436 0.117529 0.543743 
521080923351652 0.053492 -0.829937 0.112881 0.543692 
521080943919880 0.056917 -0.829843 0.109890 0.544100 
521080964489255 0.063702 -0.826102 0.110578 0.548881 
521080985059152 0.068071 -0.820713 0.115046 0.555482 
521081005627953 0.069781 -0.817435 0.118765 0.559308 
521081026197693 0.071820 -0.814949 0.121332 0.562120 
521081046768214 0.070220 -0.815174 0.120730 0.562125 
521081067336443 0.068419 -0.815709 0.121652 0.561372 
521081087908422 0.067062 -0.812365 0.128758 0.564789 
521081108477433 0.062178 -0.808661 0.135453 0.569081 
521081129046860 0.057217 -0.807811 0.136387 0.570584 
521081149613682 0.050533 -0.813266 0.130910 0.564719 
521081170184099 0.046439 -0.822998 0.127102 0.551691 
521081190752797 0.044555 -0.831408 0.126774 0.539169 
521081211322068 0.040875 -0.833082 0.130127 0.536070 
521081231891443 0.036100 -0.829702 0.132337 0.541090 
521081252461182 0.033585 -0.823159 0.137417 0.549907 
521081273030609 0.035650 -0.814865 0.141891 0.560885 
521081293599620 0.038383 -0.806825 0.139410 0.572822 
521081314169047 0.036198 -0.800632 0.137489 0.582043 
521081334738318 0.025601 -0.798324 0.137912 0.585665 
521081355307745 0.014069 -0.799243 0.140528 0.584179 
521081375877172 0.012033 -0.799842 0.138360 0.583922 
521081396446964 0.005983 -0.801529 0.139017 0.581541 
521081417017485 -0.001675 -0.803510 0.140703 0.578422 
521081437586860 -0.003782 -0.805437 0.137856 0.576414 
521081458154829 -0.002695 -0.807311 0.135769 0.574290 
521081478724256 0.000054 -0.808601 0.133800 0.572941 
521081499292537 -0.000279 -0.809623 0.133060 0.571669 
521081519861964 -0.010521 -0.815177 0.131273 0.564042 
521081540432276 -0.019299 -0.819904 0.136979 0.555538 
521081561001703 -0.029081 -0.824685 0.141758 0.546767 
521081581571183 -0.026108 -0.824705 0.150670 0.544498 
521081602140610 -0.031983 -0.824266 0.157043 0.543047 
521081622710401 -0.040958 -0.826582 0.160356 0.537932 
521081643279828 -0.050200 -0.830345 0.163222 0.530439 
521081663849463 -0.053175 -0.830447 0.170190 0.527793 
521081684418890 -0.061282 -0.836383 0.162643 0.519861 
521081704988318 -0.058233 -0.840872 0.167884 0.511232 
521081725556911 -0.064263 -0.848274 0.178705 0.494334 
521081746126182 -0.058643 -0.855019 0.192102 0.478121 
521081766695557 -0.043697 -0.861740 0.199537 0.464414 
521081787265556 -0.032185 -0.866220 0.212821 0.450926 
521081807834931 -0.010616 -0.858032 0.253808 0.446375 
521081828405661 0.009674 -0.839292 0.298804 0.454106 
521081848974412 0.019372 -0.801209 0.348742 0.485869 
521081869543526 0.000519 -0.758879 0.381470 0.527811 
521081890113005 -0.035536 -0.738221 0.369905 0.562971 
521081910682432 -0.057637 -0.735192 0.338432 0.584496 
521081931250453 -0.049833 -0.740957 0.317406 0.589706 
521081951819880 -0.022124 -0.741696 0.307181 0.595850 
521081972389203 0.003487 -0.728578 0.293002 0.619122 
521081992958630 0.022154 -0.700212 0.269338 0.660810 
521082013528370 0.035744 -0.661300 0.231231 0.712696 
521082034097484 0.050231 -0.624320 0.180046 0.758475 
521082054666859 0.073058 -0.587004 0.141114 0.793836 
521082075237640 0.100559 -0.545506 0.117406 0.823728 
521082095807328 0.132382 -0.497670 0.105557 0.850681 
521082116376703 0.160248 -0.450091 0.100231 0.872750 
521082136946807 0.180480 -0.414103 0.094041 0.887188 
521082157516182 0.198133 -0.373928 0.088103 0.901753 
521082178083942 0.208065 -0.319955 0.086653 0.920233 
521082198653317 0.208272 -0.263783 0.092827 0.937243 
521082219222901 0.206744 -0.208127 0.110553 0.949589 
521082239792276 0.204954 -0.154598 0.126577 0.958160 
521082260361598 0.203358 -0.103485 0.140347 0.963452 
521082280930973 0.203640 -0.065028 0.150999 0.965143 
521082301500661 0.210661 -0.045173 0.153452 0.964382 
521082322070036 0.225042 -0.041482 0.144098 0.962741 
521082342638526 0.244151 -0.044184 0.130634 0.959882 
521082363207901 0.265266 -0.043836 0.120369 0.955628 
521082383777536 0.280806 -0.038126 0.112635 0.952369 
521082404346911 0.290638 -0.039797 0.102544 0.950490 
521082424916182 0.298391 -0.045516 0.093365 0.948775 
521082445485506 0.305946 -0.046137 0.085217 0.947104 
521082466055192 0.314106 -0.046707 0.073267 0.945403 
521082486624359 0.323427 -0.048934 0.058525 0.943173 
521082507195245 0.333242 -0.054833 0.039629 0.940411 
521082527764620 0.343943 -0.053880 0.018937 0.937252 
521082548332536 0.358644 -0.045889 -0.004332 0.932336 
521082568904880 0.371593 -0.048070 -0.033305 0.926552 
521082589474255 0.375506 -0.047725 -0.056023 0.923893 
521082610043317 0.370652 -0.046628 -0.068872 0.925040 
521082630612744 0.365540 -0.051125 -0.074533 0.926397 
521082651181338 0.363175 -0.054880 -0.072178 0.927298 
521082671750765 0.362894 -0.052365 -0.070806 0.927660 
521082692320192 0.362347 -0.047506 -0.069319 0.928247 
521082712889619 0.358619 -0.043800 -0.066167 0.930105 
521082733459046 0.355405 -0.039711 -0.062792 0.931755 
521082754028473 0.357022 -0.037582 -0.062104 0.931271 
521082774596546 0.362140 -0.039850 -0.064891 0.929008 
521082795165973 0.367568 -0.045559 -0.068565 0.926346 
521082815734619 0.371864 -0.049399 -0.071480 0.924212 
521082836304047 0.373635 -0.049587 -0.073116 0.923359 
521082856874463 0.374287 -0.049078 -0.073214 0.923114 
521082877443006 0.374509 -0.051205 -0.073389 0.922895 
521082898012276 0.374502 -0.053722 -0.074232 0.922687 
521082918581703 0.375331 -0.055566 -0.076912 0.922021 
521082939151130 0.377048 -0.057625 -0.080777 0.920863 
521082959720557 0.379315 -0.059302 -0.081825 0.919733 
521082980289984 0.382013 -0.059726 -0.080259 0.918726 
521083000859880 0.385729 -0.059511 -0.078351 0.917351 
521083021429255 0.390117 -0.058401 -0.077949 0.915599 
521083041998682 0.394493 -0.057777 -0.078997 0.913672 
521083062567536 0.399901 -0.057401 -0.079192 0.911325 
521083083136963 0.405380 -0.056562 -0.078674 0.908999 
521083103706807 0.409812 -0.055289 -0.077712 0.907171 
521083124276234 0.413398 -0.056488 -0.077607 0.905477 
521083144845036 0.415353 -0.059388 -0.076971 0.904450 
521083165414463 0.415429 -0.061143 -0.075699 0.904406 
521083185983890 0.413579 -0.060557 -0.073327 0.905488 
521083206553317 0.412749 -0.057290 -0.069110 0.906410 
521083227122900 0.414148 -0.051610 -0.064203 0.906475 
521083247692327 0.418890 -0.045817 -0.058771 0.904974 
521083268261494 0.428343 -0.046971 -0.054414 0.900752 
521083288830921 0.437006 -0.051710 -0.055397 0.896260 
521083309400348 0.440359 -0.052614 -0.058395 0.894374 
521083329969724 0.439016 -0.049933 -0.058365 0.895190 
521083350539099 0.434717 -0.048339 -0.057556 0.897425 
521083371108525 0.429340 -0.048888 -0.058567 0.899915 
521083391677952 0.424317 -0.052253 -0.061879 0.901884 
521083412247328 0.418490 -0.059599 -0.066870 0.903793 
521083432816755 0.412233 -0.064761 -0.072100 0.905909 
521083453386026 0.407950 -0.066477 -0.074989 0.907488 
521083473955453 0.406052 -0.066034 -0.075056 0.908365 
