# Created at Thu Nov 07 18:03:53 EST 2019 in Burnaby Canada 
521077313428944 0.023997 0.009447 -0.029121 
521077333997798 0.020638 0.009753 -0.024234 
521077354566965 0.017583 0.007920 -0.023929 
521077375137694 0.016667 0.007615 -0.023623 
521077395706131 0.016972 0.002422 -0.018736 
521077416275924 0.011475 -0.002159 -0.013849 
521077436845194 0.005671 -0.006435 -0.011101 
521077457415455 0.002923 -0.006435 -0.007130 
521077477983424 0.002006 -0.003075 -0.002854 
521077498553060 -0.002270 0.000284 0.001117 
521077519121809 -0.003491 0.002117 0.001422 
521077539690871 -0.003186 -0.000326 0.000811 
521077560260350 0.000174 -0.001548 -0.002854 
521077580829517 0.002617 -0.004602 -0.006519 
521077601398840 0.001701 -0.006435 -0.006825 
521077621968267 0.002312 -0.004297 -0.008046 
521077642537590 0.006282 -0.000937 -0.006519 
521077663106757 0.005366 0.001506 -0.006214 
521077683676080 0.002312 -0.004297 -0.004992 
521077704245455 -0.000132 -0.011017 -0.003465 
521077724814778 -0.004102 -0.011017 -0.000105 
521077745384362 -0.006546 -0.010406 0.005393 
521077765953685 -0.010211 -0.005824 0.003255 
521077786522798 -0.011127 -0.002464 0.003866 
521077807092121 -0.012960 -0.003381 0.005087 
521077827661391 -0.012654 0.001506 0.004782 
521077848230714 -0.010822 0.007309 0.005698 
521077868800246 -0.011433 0.008837 0.002644 
521077889369569 -0.012960 0.014945 0.002033 
521077909939048 -0.011433 0.021665 -0.001938 
521077930508371 -0.009600 0.027773 -0.007130 
521077951077381 -0.008684 0.027162 -0.007435 
521077971647642 -0.011433 0.024108 -0.006825 
521077992216861 -0.008684 0.025024 -0.002854 
521078012785872 -0.008684 0.021359 -0.003770 
521078033355141 -0.007768 0.014945 -0.005908 
521078053924673 -0.005935 0.006699 -0.003465 
521078074494256 -0.008378 0.003033 0.000200 
521078095063579 -0.007157 0.001201 0.003560 
521078115632590 -0.002270 0.000284 0.002338 
521078136201704 0.002312 -0.001548 -0.000105 
521078156770871 0.002923 -0.010406 -0.001632 
521078177340820 0.005671 -0.015598 -0.002548 
521078197910351 0.007810 -0.022012 -0.002854 
521078218479778 0.008726 -0.023234 -0.001938 
521078239048632 0.006893 -0.020790 0.000506 
521078259617747 0.005977 -0.021707 -0.005297 
521078280187225 0.011475 -0.019263 -0.013544 
521078300755194 0.020332 -0.033313 -0.032175 
521078321324517 0.037742 -0.058359 -0.046531 
521078341894986 0.045989 -0.034840 -0.039200 
521078362464309 0.050265 0.025330 -0.044698 
521078383033840 0.054541 0.039074 -0.067911 
521078403603163 0.071034 -0.018347 -0.103952 
521078424172538 0.109519 -0.084015 -0.186419 
521078444741861 0.163885 -0.088596 -0.240786 
521078465311184 0.199316 0.054651 -0.265220 
521078485880507 0.293083 0.229970 -0.344022 
521078506449778 0.435415 0.233940 -0.419769 
521078527019101 0.567056 0.149335 -0.515064 
521078547588788 0.690145 0.147503 -0.625936 
521078568158111 0.809875 0.229970 -0.758188 
521078588727226 0.869434 0.188431 -0.879750 
521078609296548 0.927772 0.127344 -0.862646 
521078629865923 0.940905 0.176213 -0.803087 
521078650435246 0.878903 0.130399 -0.745055 
521078671004568 0.758562 -0.028121 -0.638459 
521078691573892 0.595461 -0.085542 -0.546524 
521078712143214 0.448854 -0.030259 -0.490019 
521078732712798 0.370969 0.045488 -0.456421 
521078753281965 0.299192 0.022886 -0.391058 
521078773851808 0.196872 -0.164344 -0.279881 
521078794420767 0.181906 -0.237037 -0.197109 
521078814990715 0.212755 -0.137771 -0.183975 
521078835559204 0.234440 -0.009489 -0.176950 
521078856129100 0.260708 0.017083 -0.133273 
521078876697799 0.289418 0.043045 -0.101814 
521078897267903 0.318740 0.125817 -0.107006 
521078917836757 0.389295 0.256848 -0.120751 
521078938406704 0.468707 0.280671 -0.128081 
521078958975402 0.543843 0.318850 -0.125943 
521078979544726 0.616231 0.364360 -0.118918 
521079000114413 0.681593 -0.113947 0.081140 
521079020683474 0.752454 -1.417838 0.805320 
521079041252849 0.256126 -0.640207 -1.005588 
521079061821964 0.616231 1.122443 -0.361737 
521079082391339 0.807737 0.415367 -0.250254 
521079102960975 0.814456 0.535097 -0.215435 
521079123530350 0.864853 0.846027 -0.214213 
521079144099256 0.793076 0.675595 -0.211159 
521079164668631 0.781470 0.552201 -0.187640 
521079185238163 0.793382 0.534180 -0.186113 
521079205807486 0.833699 0.641082 -0.141826 
521079226377225 0.943654 0.687202 -0.019042 
521079246946548 0.763144 0.797463 -0.107006 
521079267515142 0.656548 0.854579 -0.119834 
521079288084517 0.732600 1.004241 0.009058 
521079308654256 0.726492 1.130079 0.477897 
521079329223631 0.636389 1.097703 0.350837 
521079349792433 2.179128 0.651772 0.864574 
521079370361808 1.122332 0.745845 0.617174 
521079390931131 0.836753 0.320683 0.516687 
521079411501236 0.751232 0.322821 0.592128 
521079432070923 0.653799 0.235467 0.637332 
521079452640506 0.585382 0.147808 0.635805 
521079473208579 0.518798 0.073283 0.523406 
521079493778891 0.434804 0.108102 0.575940 
521079514347329 0.554839 0.317018 0.677039 
521079534917121 0.456490 0.143227 0.482784 
521079555486340 0.142200 -0.662809 0.425973 
521079576056808 -0.221570 -0.861035 0.263178 
521079596625923 -0.570374 -0.482910 0.060065 
521079617196392 -0.312284 -0.002770 0.102520 
521079637765402 -0.135744 -0.220543 0.128482 
521079658334361 -0.187667 -0.588589 0.016694 
521079678904100 -0.155291 -0.268801 -0.075547 
521079699473371 -0.006240 0.057400 -0.004686 
521079720042798 0.240549 0.356724 0.087554 
521079740612173 0.412507 0.458433 0.152306 
521079761181548 0.440607 0.394598 0.148335 
521079781749621 0.490698 0.514327 0.132758 
521079802318996 0.614704 0.757146 0.028911 
521079822887954 0.844694 1.094038 0.059454 
521079843457329 1.118362 1.550965 0.020359 
521079864026704 0.936935 1.432151 0.080835 
521079884596026 1.184946 2.056455 -0.087459 
521079905165193 1.882248 3.034144 -0.264304 
521079925734568 2.775332 3.076905 -1.249629 
521079946304101 0.182211 -6.823380 -0.661061 
521079966873476 -0.263109 -6.039335 -1.584688 
521079987443319 0.682510 0.260207 -0.353796 
521080008012694 0.487949 -0.197025 -0.457643 
521080028582121 0.615314 0.560447 -0.364486 
521080049151496 0.653188 1.787064 0.133369 
521080069721079 0.699919 3.626072 1.314476 
521080090290454 0.071339 2.552172 1.278129 
521080110859881 -0.439343 0.036020 0.298302 
521080131429153 -0.593892 -0.199468 0.415283 
521080151999777 -1.668403 -1.263289 0.435136 
521080172568110 -2.102422 -2.085208 1.528889 
521080193136756 -2.831184 -2.766933 0.603429 
521080213707485 -2.731308 -5.620587 0.583271 
521080234276132 0.213976 0.382380 -0.251170 
521080254845715 0.475732 1.037838 -0.341884 
521080275414829 0.412202 0.708888 -0.054777 
521080295984360 0.120209 0.329846 0.083583 
521080316552850 0.197788 0.406509 -0.056915 
521080337122954 0.428695 0.936129 -0.247505 
521080357691756 0.816594 1.710095 -0.243535 
521080378261183 0.595156 1.441620 -0.154043 
521080398829829 0.115322 0.266621 -0.121973 
521080419399777 0.074699 0.263567 -0.183975 
521080439969464 0.407620 0.656659 -0.588673 
521080460538631 0.469012 0.884206 -0.777736 
521080481108006 0.177935 0.303884 -0.924954 
521080501677381 -0.186445 0.746150 -1.313159 
521080522246808 -0.777152 1.194830 -1.766115 
521080542816964 -0.810444 -1.421198 -0.973823 
521080563386339 -1.422225 -3.249210 0.140394 
521080583958162 -1.757895 -3.653603 0.756451 
521080604527537 -0.641234 1.144129 -0.818969 
521080625094412 -0.477828 0.303579 -0.509872 
521080645663787 -0.597252 1.119389 -0.484215 
521080666233370 -0.135744 0.711636 -0.066689 
521080686802797 -0.403913 0.905281 -0.602723 
521080707375610 -0.416131 -0.034535 -0.381895 
521080727944985 -0.252724 -0.053777 -0.355628 
521080748510610 -0.089929 0.074810 -0.099065 
521080769079985 0.236273 -0.069660 -0.391058 
521080789649256 0.393265 -0.528724 -0.039506 
521080810218683 0.112573 -0.250476 -0.013239 
521080830788891 -0.044725 -0.502457 0.317850 
521080851357693 -0.044114 -0.189389 0.168799 
521080871927120 0.230164 0.087944 -0.168093 
521080892496755 -0.078322 -0.214435 -0.024234 
521080913066964 -0.118029 0.019832 -0.419769 
521080933635505 -0.118334 -0.161900 -0.410606 
521080954204567 0.134564 0.242187 -0.450923 
521080974774464 0.509329 0.770585 -0.463140 
521080995343265 0.556671 0.621228 -0.119529 
521081015913005 0.284531 0.402539 -0.056915 
521081036483526 0.085389 0.226610 -0.032481 
521081057051755 -0.066411 -0.156402 0.101604 
521081077623734 0.070729 0.283420 0.343506 
521081098192745 0.211227 0.623672 0.652909 
521081118762173 0.053319 0.485006 0.525850 
521081139329516 0.046294 -0.290487 0.112600 
521081159898422 -0.041365 -1.335677 0.075031 
521081180468110 -0.668418 -1.557726 0.376493 
521081201037485 -0.884664 -0.630128 0.824257 
521081221606756 -0.596336 0.172548 0.648633 
521081242176131 0.219474 0.877792 0.360000 
521081262745922 0.255821 1.228733 0.296470 
521081283315297 0.098828 1.391223 -0.288433 
521081303884360 -0.072825 1.302953 -0.395029 
521081324453735 -0.099703 0.803877 0.301357 
521081345023058 -0.094510 0.066258 0.829144 
521081365592433 -0.203550 -0.007657 0.477591 
521081386162276 -0.200190 -0.040033 0.240270 
521081406731703 -0.283268 -0.242840 0.821508 
521081427302172 -0.195303 -0.283462 0.329457 
521081447871599 -0.074963 -0.291098 -0.077685 
521081468439516 -0.113753 -0.237647 -0.223681 
521081489008943 -0.209353 -0.176255 -0.145185 
521081509577224 -0.192249 -0.431292 0.307160 
521081530146651 -0.295790 -0.894632 0.936656 
521081550716963 0.010253 -0.930063 1.071963 
521081571288786 0.144949 -0.648759 0.742096 
521081591855870 0.141283 0.206757 0.600680 
521081612425609 0.022165 -0.234288 0.845332 
521081632995089 -0.200190 -0.670445 0.902753 
521081653564308 0.026441 -0.237342 0.916497 
521081674134203 -0.232260 -0.792923 0.367330 
521081694703631 0.270787 -1.289251 -0.261861 
521081715272224 0.971143 -1.465180 0.483700 
521081735841183 1.191665 -2.018318 0.590907 
521081756410870 1.131495 -1.932186 -0.308286 
521081776981547 1.264969 -1.759617 -0.581343 
521081797550244 3.070991 -1.452352 -0.209937 
521081818120973 2.960730 1.014625 0.929020 
521081838689724 3.287848 4.141947 1.461694 
521081859258682 2.370634 7.012095 1.891743 
521081879828213 0.312326 6.087552 1.414352 
521081900397744 -0.405135 2.246129 -0.208410 
521081920967119 0.062482 -0.445036 -1.409370 
521081941535140 -0.681857 -0.201606 -2.067882 
521081962104567 -1.668098 1.996896 -2.560239 
521081982673890 -2.139075 4.146529 -3.213253 
521082003243317 -1.921912 5.684991 -4.120998 
521082023812744 -0.590838 5.178279 -5.073337 
521082044382171 0.734738 4.059175 -5.101436 
521082064952900 1.670889 4.127898 -4.288681 
521082085522328 2.533430 4.447991 -3.544953 
521082106092016 3.020594 4.955925 -2.809777 
521082126661443 2.128426 4.013055 -2.262443 
521082147231495 1.181586 3.310255 -2.400804 
521082167800922 1.250003 4.622697 -2.062690 
521082188368630 1.410355 5.932697 -0.439317 
521082208938057 0.911278 6.054259 0.444605 
521082229507589 0.531931 5.626959 0.320599 
521082250077016 0.654104 5.496845 0.396041 
521082270646286 0.713053 4.835279 0.463541 
521082291215348 0.716718 2.839278 -0.229790 
521082311785349 1.129663 0.793187 -0.978710 
521082332354202 1.582313 -0.452672 -1.094469 
521082352923213 2.088109 -0.724506 -0.959163 
521082373492693 1.927147 0.074504 -0.937477 
521082394062223 1.313838 -0.025677 -0.755134 
521082414631442 0.769558 -0.724812 -0.683357 
521082435200818 0.636389 -0.754133 -0.912737 
521082455770452 0.693200 -0.439844 -1.252378 
521082476339671 0.804988 -0.739778 -1.395015 
521082496909098 0.810791 -1.159748 -1.767642 
521082517479932 0.843778 -1.328346 -2.100869 
521082538048109 1.150737 -0.412966 -2.600862 
521082558617223 1.504733 -0.572401 -2.596891 
521082579189515 0.961369 -0.565376 -1.741070 
521082599758943 -0.115585 0.232108 -0.942975 
521082620328005 -0.631460 0.118181 0.072893 
521082640897432 -0.342827 -0.436789 0.340758 
521082661466026 -0.117723 -0.170147 0.053957 
521082682035453 0.007199 0.545481 0.031965 
521082702604880 -0.211796 0.585493 0.166356 
521082723174307 -0.462862 0.356419 0.152000 
521082743743734 -0.146434 0.275784 -0.131746 
521082764313161 0.407010 -0.072714 -0.241397 
521082784881234 0.614093 -0.483520 -0.161679 
521082805450661 0.585077 -0.591643 -0.158014 
521082826019307 0.334622 -0.164649 -0.088680 
521082846588734 0.109518 0.098939 -0.008963 
521082867158266 0.050570 -0.087680 0.017305 
521082887727693 0.009337 -0.373565 -0.031565 
521082908296963 0.023387 -0.411744 -0.252392 
521082928866390 0.161747 -0.195498 -0.194971 
521082949435817 0.265594 -0.040338 0.061898 
521082970005244 0.288502 0.037547 0.166967 
521082990575140 0.341342 0.037242 0.095190 
521083011144984 0.425030 0.003339 -0.111282 
521083031713942 0.454352 0.132231 -0.134495 
521083052282796 0.513605 0.088554 -0.049890 
521083072852276 0.622034 0.121236 -0.015071 
521083093422119 0.516049 0.123374 -0.020874 
521083113991495 0.416478 0.040602 -0.001938 
521083134560765 0.332790 -0.157013 0.164828 
521083155129724 0.138535 -0.205882 0.196288 
521083175699307 -0.108560 0.107797 0.278449 
521083196268630 -0.173923 0.411396 0.314796 
521083216838526 0.006588 0.625504 0.243630 
521083237407640 0.245741 0.868629 0.252793 
521083257977120 0.808348 0.339620 0.138256 
521083278546234 1.061246 -0.677775 -0.095705 
521083299115661 0.633946 -0.415409 -0.132357 
521083319685036 0.082030 0.255931 -0.055694 
521083340254411 -0.373065 0.162164 -0.045920 
521083360823838 -0.600001 -0.178088 -0.117086 
521083381393212 -0.562738 -0.335691 -0.177561 
521083401962639 -0.570985 -0.872947 -0.173285 
521083422532015 -0.634515 -0.781317 -0.093873 
521083443101442 -0.535860 -0.278270 0.006920 
521083463670713 -0.260055 0.067174 0.066479 
