# Created at Thu Nov 07 18:03:53 EST 2019 in Burnaby Canada 
521077303144569 -0.007464 0.018484 0.007783 
521077323713632 -0.006835 -0.002838 -0.008429 
521077344282486 0.018715 -0.030179 -0.008458 
521077364851653 0.046224 -0.035005 -0.010275 
521077385422382 0.010525 -0.053298 -0.029161 
521077405990819 -0.029007 -0.006882 -0.030353 
521077426560611 -0.027374 0.005267 -0.028654 
521077447129881 -0.053267 -0.021090 -0.024362 
521077467700142 -0.044982 -0.008937 -0.030863 
521077488268111 -0.037395 -0.014808 -0.041095 
521077508837747 -0.038723 -0.012042 -0.038854 
521077529406496 -0.020205 -0.015328 -0.033084 
521077549975715 0.000114 -0.026849 -0.012364 
521077570544986 -0.009786 -0.031066 -0.000997 
521077591114205 -0.018001 -0.031979 0.000935 
521077611683580 -0.008433 -0.082639 -0.000504 
521077632252955 0.006236 -0.038631 0.000039 
521077652822174 -0.004583 -0.011957 -0.008281 
521077673391444 -0.022522 0.001838 -0.021455 
521077693960924 -0.031223 0.008526 -0.009281 
521077714530142 -0.034513 0.000326 -0.002804 
521077735099569 -0.055066 0.027904 -0.011559 
521077755669049 -0.060302 0.030269 -0.027416 
521077776238528 -0.070392 0.017716 -0.043235 
521077796807434 -0.087416 0.028849 -0.031107 
521077817376705 -0.071521 0.003669 -0.027540 
521077837946027 -0.067480 0.009841 -0.015804 
521077858515455 -0.086024 0.013125 -0.029286 
521077879084882 -0.072122 -0.023162 -0.048738 
521077899654517 -0.043156 -0.026326 -0.050942 
521077920223683 -0.041510 -0.028697 -0.040196 
521077940792693 -0.035678 -0.050935 -0.015206 
521077961362016 -0.020497 -0.052719 -0.019666 
521077981932277 0.020810 -0.054198 -0.012377 
521078002501496 0.047016 -0.027404 0.009912 
521078023070507 0.066272 -0.017922 0.033547 
521078043639777 0.076602 0.003149 0.030864 
521078064209309 0.067589 0.007593 0.030181 
521078084778944 0.068632 -0.021209 0.009265 
521078105348215 0.093968 0.004809 0.038873 
521078125917278 0.102325 -0.010460 0.032855 
521078146486392 0.099779 0.026162 0.060505 
521078167055558 0.104088 0.019768 0.060539 
521078187625507 0.060229 0.020598 0.063526 
521078208195038 0.032438 -0.006897 0.025584 
521078228764465 0.021398 -0.010271 -0.001092 
521078249333319 -0.000705 -0.014216 -0.005937 
521078269902434 -0.012894 -0.025406 -0.014207 
521078290471861 -0.020602 -0.026852 0.003853 
521078311039830 -0.007768 -0.031831 0.008239 
521078331610767 -0.073842 -0.045187 -0.022967 
521078352179622 -0.164150 -0.009286 -0.003750 
521078372749256 -0.119998 0.029136 0.046076 
521078393318528 -0.016690 0.001297 0.001178 
521078413887851 0.083569 0.013214 -0.081760 
521078434457173 0.229001 0.005731 -0.004412 
521078455026704 0.161345 -0.095454 0.099881 
521078475595871 -0.124866 0.034246 0.052870 
521078496165298 -0.041705 0.054692 0.307182 
521078516734413 0.165281 -0.023528 0.406481 
521078537304673 0.614216 0.302089 0.406192 
521078557873475 1.041035 0.485542 0.604816 
521078578442486 1.204830 0.477946 0.529171 
521078599011861 1.235952 0.316531 0.310309 
521078619580975 0.623876 0.103260 0.292786 
521078640150611 -0.230783 0.163430 0.069524 
521078660719777 -0.337866 0.185812 0.441224 
521078681289204 -0.752741 0.000152 -0.186694 
521078701858580 -1.023799 -0.313009 -0.709244 
521078722427850 -0.770242 -0.449347 -0.786924 
521078742997434 -0.235831 -0.867713 -0.323937 
521078763566653 -0.297910 -1.004445 -0.056555 
521078784136443 -0.980332 -0.716324 -0.519506 
521078804705454 -0.947222 -0.344527 -0.160698 
521078825275402 -0.036417 -0.034867 0.439390 
521078845843839 0.347198 -0.003203 0.218746 
521078866413787 -0.034241 0.116804 0.131262 
521078886982434 -0.293513 0.288573 0.198658 
521078907552590 -0.179790 0.584222 0.080051 
521078928121392 0.235026 0.459874 0.218395 
521078948691391 0.228326 0.543829 0.344938 
521078969260037 -0.079316 0.874391 0.513747 
521078989829829 -0.011565 0.924877 0.570500 
521079010398736 -0.709453 1.051511 0.417744 
521079030968162 -1.716306 2.985412 -0.700804 
521079051537589 5.573902 1.218400 1.121099 
521079072106652 8.957850 -0.535661 1.419608 
521079092676027 1.585083 0.282127 -1.487142 
521079113245663 -0.879380 1.489051 0.411553 
521079133814413 0.909313 0.831286 0.546065 
521079154383944 -0.342521 0.198031 -0.522259 
521079174953684 -1.237989 0.356967 0.254396 
521079195522799 -1.063497 0.291004 0.267768 
521079216092278 -0.270566 0.443261 0.166708 
521079236661861 -0.105380 0.219255 0.116776 
521079257230558 -0.313058 -0.683059 -0.117893 
521079277799830 -0.498095 -0.160743 0.032812 
521079298369621 -1.764112 -0.897111 -0.501410 
521079318938943 -2.859961 0.072993 0.045058 
521079339508058 1.011438 -1.141548 0.302693 
521079360077120 -2.520267 0.385289 0.326910 
521079380646443 0.032265 -0.843464 -1.463655 
521079401215818 -0.734259 -1.648591 0.750399 
521079421785923 0.000622 -0.083849 -1.122603 
521079442355610 -0.110990 -0.413845 -0.083934 
521079462923891 0.343792 -0.362877 0.086962 
521079483493214 -0.102182 -0.121242 -0.088214 
521079504063578 0.569725 0.265333 -0.571261 
521079524632016 0.150662 0.137823 1.278513 
521079545201808 1.130574 -1.847909 -1.579944 
521079565771027 0.225366 -2.377729 -0.049852 
521079586341495 0.083735 -0.761417 -1.028142 
521079606910610 2.400965 -0.874640 -3.635791 
521079627481079 0.599761 0.403807 1.565732 
521079648050089 -0.721707 0.155373 1.994905 
521079668619048 -0.424913 -0.156910 -0.894653 
521079689188787 0.360222 -0.810112 -0.790586 
521079709758058 -0.624529 -0.058873 0.278618 
521079730328006 -1.633987 0.508500 1.039323 
521079750896860 -1.710825 0.197944 0.514252 
521079771465089 -0.842069 -0.548013 -0.288289 
521079792034308 -1.050311 0.245264 -0.378282 
521079812603319 -1.266450 0.344743 -0.143210 
521079833172642 -1.477382 0.245505 0.457030 
521079853741912 -1.496234 1.182062 0.409831 
521079874311339 -0.777546 0.959825 -0.808055 
521079894880558 0.351665 0.084125 -0.564065 
521079915449933 0.771779 0.138261 -0.824800 
521079936019308 8.100747 -10.256264 -1.125152 
521079956588788 -2.470299 -1.579435 -14.750323 
521079977159308 -0.850067 0.009129 5.665312 
521079997728006 1.967356 10.395553 9.264249 
521080018298058 0.281791 -1.702799 -0.314440 
521080038866808 0.953274 1.536980 -0.926171 
521080059436391 0.119927 0.126716 1.201090 
521080080005766 3.586971 -2.230729 2.916475 
521080100575193 3.618716 -5.611762 0.844462 
521080121144568 -1.743397 0.935678 -4.853364 
521080141713840 -3.735353 1.843504 -2.564282 
521080162284464 -0.454917 2.740713 1.685746 
521080182852797 2.344374 -4.217749 -0.181449 
521080203421443 5.114635 -0.744057 -0.765455 
521080223992172 0.845887 -1.900532 -1.394926 
521080244560819 0.534039 3.413245 7.046381 
521080265130402 -5.263519 2.587399 -0.354051 
521080285699516 -3.270915 0.418642 -0.149829 
521080306269047 1.149009 -0.938354 -0.922939 
521080326837589 -0.002390 0.144320 -0.027268 
521080347407641 -1.261959 0.557250 -0.308505 
521080367976443 -2.012691 0.274657 0.134763 
521080388545870 0.384276 -0.311630 -0.203867 
521080409114516 1.278352 -1.453027 -0.882636 
521080429684516 1.043107 0.031870 0.100972 
521080450253891 -0.884717 -0.042998 0.157684 
521080470823318 -2.560349 0.965269 -0.046685 
521080491393214 -1.639348 0.820654 -0.084852 
521080511962120 -1.049657 -1.385550 1.101192 
521080532532015 -0.189217 0.336579 0.825110 
521080553101651 0.267222 -0.805282 -1.548006 
521080573673735 3.761242 -0.164705 -0.292284 
521080594242849 3.462172 0.642691 -1.338948 
521080614809724 -3.524410 -0.280670 6.528491 
521080635379099 -1.620528 -0.868419 -0.957382 
521080655948838 0.619805 -0.512184 0.908816 
521080676518057 0.841603 -0.158141 -0.862716 
521080697087433 1.168573 0.832071 -0.223203 
521080717660298 -2.308306 0.400022 -0.993991 
521080738226235 0.287558 0.084927 0.198583 
521080758795298 -0.186538 -0.072486 0.790038 
521080779364777 1.148418 0.962736 0.900913 
521080799933996 -1.255420 -0.689099 -0.100938 
521080820503683 1.771760 -0.240260 0.575217 
521080841073579 1.463573 -0.274089 -1.173828 
521080861642381 2.805236 -0.577241 -0.122007 
521080882211808 -2.153012 -1.634308 1.449654 
521080902781443 -1.521269 -0.019218 0.194617 
521080923351652 -1.087581 1.938851 0.534038 
521080943920245 -4.130017 2.515353 0.084058 
521080964489255 -1.386597 0.840674 1.172540 
521080985059152 1.130862 -2.174458 0.936607 
521081005627953 -0.353235 -1.100622 -0.104831 
521081026197693 2.473649 -2.703476 -0.753467 
521081046768214 1.272387 -0.845692 -0.184550 
521081067336443 0.208364 -0.528695 -1.272175 
521081087908422 1.176446 -1.509880 0.846825 
521081108477433 2.092142 -2.332709 1.260255 
521081129046860 2.640540 -2.048484 -0.011393 
521081149614203 -1.404001 0.618300 -0.028783 
521081170184099 -3.407118 0.364354 -0.980144 
521081190752797 -0.548232 -0.917631 -0.674770 
521081211322276 2.202637 -2.837266 0.528439 
521081231891443 4.247915 -1.024129 2.325921 
521081252461338 0.750319 0.398194 3.076031 
521081273030609 -0.574518 -0.009787 -0.568101 
521081293599724 4.707128 2.760254 -1.295968 
521081314169047 4.334616 0.492128 -1.017220 
521081334738421 0.546376 -3.814859 -0.948470 
521081355307745 -3.629916 -2.081143 -0.656618 
521081375877069 -2.558655 3.964689 -0.538545 
521081396446964 -1.383861 3.868528 -0.449689 
521081417018474 -4.456547 0.527746 -0.187837 
521081437586860 -0.586165 2.517434 0.602936 
521081458154881 -1.677096 2.262973 0.521194 
521081478724256 -0.329353 1.081845 0.156143 
521081499292537 -0.205026 0.079056 -0.107839 
521081519861964 -1.259617 0.390924 -0.159015 
521081540432328 -0.488146 -1.659376 -1.391582 
521081561001703 0.746010 -1.224887 1.750713 
521081581573474 -0.252539 -1.801143 1.386178 
521081602140610 -2.047847 -1.602536 2.220951 
521081622710296 -0.850425 -1.451077 -0.190522 
521081643279828 1.338789 -1.138499 -0.687065 
521081663848995 1.279009 -0.847426 -0.093002 
521081684418890 3.623657 -1.687538 1.181357 
521081704988318 4.273700 1.154875 1.987349 
521081725556911 -2.710640 -7.368511 0.793323 
521081746126078 -0.949943 -5.881230 -1.418164 
521081766695557 6.080886 -2.136678 -1.192086 
521081787266234 0.664949 -4.874783 1.287704 
521081807834931 -1.528601 -2.065036 0.448894 
521081828405661 -7.897594 -4.673606 1.368961 
521081848974412 -0.485695 0.415512 -1.985180 
521081869543526 0.032089 -1.920536 -0.868548 
521081890113110 6.399485 1.055477 -8.658464 
521081910682432 13.126807 7.963212 -12.448241 
521081931250505 11.859185 6.048783 -2.711359 
521081951819880 10.216045 4.640872 -0.170540 
521081972389776 9.333449 6.049079 1.280542 
521081992958630 8.916370 7.426986 2.481357 
521082013528370 7.730632 6.337030 4.541507 
521082034097484 5.525499 3.174926 7.788009 
521082054666859 0.100451 -3.391887 7.069746 
521082075237640 -4.798132 -5.298604 4.665564 
521082095808213 -5.023141 -5.296016 1.621253 
521082116376703 -4.959540 -5.504474 -2.334908 
521082136946234 -4.320585 -6.391503 -6.748123 
521082157516182 -2.828869 -5.291333 -7.025132 
521082178083682 -3.038386 -5.615092 -1.386035 
521082198653317 -3.880450 -7.013504 -2.581614 
521082219223057 -0.932210 -4.673520 -5.669170 
521082239792276 2.082429 -2.377921 -5.115698 
521082260361807 2.558703 -2.877475 -2.516006 
521082280930973 3.798414 -2.976661 -2.815012 
521082301500035 5.193517 -0.841522 -4.727022 
521082322070036 4.588879 -0.724405 -3.660828 
521082342638890 2.185672 -3.030996 -2.264822 
521082363207901 1.037273 -4.039001 -0.710896 
521082383777381 0.851820 -3.584922 0.279414 
521082404346911 0.703234 -3.013667 -1.765918 
521082424916182 1.282510 -1.939143 -2.588820 
521082445485506 2.228917 -0.740146 -0.696078 
521082466055192 2.418342 -0.933908 0.164989 
521082486624359 1.063729 -1.776423 -0.294458 
521082507193838 2.016548 0.092401 -0.008065 
521082527764620 1.734392 -1.312253 -0.081135 
521082548332796 2.252657 -1.126260 1.620359 
521082568901911 0.887688 -1.563953 1.159629 
521082589474255 -0.405642 -1.887132 0.205099 
521082610042588 -0.901808 0.632020 -0.556073 
521082630612744 -4.310630 1.048160 -0.883919 
521082651181495 -1.838524 0.208802 0.714423 
521082671750765 1.051572 1.333342 2.012837 
521082692320192 0.726621 0.211257 2.721097 
521082712889619 0.078738 -0.677755 0.977939 
521082733458838 0.906692 0.777419 -0.196540 
521082754028473 1.804248 0.659754 1.132558 
521082774596962 0.532063 0.826637 1.428534 
521082795165973 -0.327511 -0.381656 0.679813 
521082815735191 -0.173772 -0.118297 0.148347 
521082836304047 -0.518425 -0.115941 0.363636 
521082856874463 -0.814750 -0.139701 0.116363 
521082877443006 -0.635399 0.109034 -0.348189 
521082898012381 -0.257468 0.358984 -0.448075 
521082918581703 0.947902 0.368864 0.235847 
521082939151026 0.021175 0.091631 0.917336 
521082959720557 -0.725847 -0.304913 0.974300 
521082980289984 0.085849 -0.007555 0.745199 
521083000859880 0.938394 0.393176 0.615915 
521083021429672 1.256407 0.661701 0.509520 
521083041998682 0.498641 -0.141958 0.562542 
521083062567484 -0.483511 -0.777680 0.156101 
521083083136963 -0.732786 -0.582696 0.235087 
521083103706807 -0.866441 -0.293811 -0.365422 
521083124276234 -1.089751 -0.301301 -0.476581 
521083144845452 -1.562049 -0.567949 -0.586639 
521083165414463 -0.466837 -0.127705 -0.579528 
521083185983994 0.039562 0.047462 0.066869 
521083206553317 0.606139 0.180924 0.578780 
521083227123213 1.047093 0.449637 1.198605 
521083247692327 0.639849 0.185910 1.384976 
521083268261807 -0.244816 0.127840 -0.116621 
521083288830921 -0.564795 0.775316 -1.766916 
521083309400348 -0.521123 -0.422767 -1.356654 
521083329969724 -0.703042 -0.882668 -0.826556 
521083350539099 -0.584297 -0.407943 -2.083538 
521083371108525 -0.285034 0.002174 -1.608192 
521083391677952 -0.459317 0.139292 -0.780664 
521083412247328 -0.767408 0.449817 -1.290269 
521083432816755 -0.342575 0.243214 0.168171 
521083453386078 0.084230 0.068309 1.725469 
521083473955453 0.209273 -0.001406 2.143608 
