# Created at Thu Nov 07 18:03:53 EST 2019 in Burnaby Canada 
520994620184986 1013.233398 
520994660184986 1013.243896 
520994700185612 1013.205322 
520994740186861 1013.221680 
520994780185246 1013.227051 
520994820185194 1013.224121 
520994860184986 1013.248535 
520994900185247 1013.243896 
520994940185038 1013.174561 
520994980185090 1013.267822 
520995020185090 1013.199463 
520995060185090 1013.272461 
520995100185194 1013.202148 
520995140185247 1013.247803 
520995180185402 1013.204346 
520995220185715 1013.238525 
520995260186079 1013.260498 
520995300185715 1013.299072 
520995340185924 1013.207520 
520995380185090 1013.227539 
520995420185506 1013.234375 
520995460185975 1013.193115 
520995500186236 1013.249268 
520995540185610 1013.202637 
520995580185663 1013.241699 
520995620185663 1013.205322 
520995660185871 1013.254395 
520995700186132 1013.213135 
520995740185715 1013.299316 
520995780185455 1013.239746 
520995820186392 1013.348389 
520995860185662 1013.349121 
520995900185923 1013.603027 
520995940185767 1013.713867 
520995980185715 1013.779785 
520996020185663 1013.639160 
520996060185558 1013.445313 
520996100185767 1013.216309 
520996140185767 1013.021729 
520996180185871 1012.951416 
520996220185714 1012.952637 
520996260185402 1013.074463 
520996300185767 1013.162354 
520996340186183 1013.906006 
520996380185455 1013.892578 
520996420186288 1013.850586 
520996460187902 1013.934570 
520996500185923 1014.106445 
520996540186287 1013.875488 
520996580185974 1013.941406 
520996620184985 1013.447998 
520996660185089 1012.412598 
520996700185559 1012.521973 
520996740186652 1012.800537 
520996780185193 1012.869629 
520996820185037 1013.003662 
520996860185819 1012.920410 
520996900188006 1013.052246 
520996940186235 1012.793701 
520996980187225 1012.691650 
520997020187120 1012.706787 
520997060185349 1012.577637 
520997100185662 1012.739502 
520997140185037 1012.694580 
520997180184985 1012.808594 
520997220185089 1012.961182 
520997260186599 1014.582031 
520997300185610 1013.999268 
520997340187485 1014.000000 
520997380185610 1012.930664 
520997420185714 1012.142578 
520997460186444 1012.502197 
520997500185610 1012.647461 
520997540185974 1013.006592 
520997580185923 1012.902100 
520997620185610 1012.961670 
520997660185037 1013.022705 
520997700185142 1013.005615 
520997740185401 1013.085693 
520997780185089 1013.132080 
520997820186235 1013.129150 
520997860187433 1013.331543 
520997900185870 1014.111572 
520997940185922 1014.195313 
520997980185975 1014.192627 
520998020185506 1014.363525 
520998060185766 1014.412354 
520998100186182 1014.019775 
520998140185870 1012.711914 
520998180185819 1012.759521 
520998220185766 1013.217529 
520998260185818 1013.559570 
520998300185870 1013.598145 
520998340185818 1013.646240 
520998380188318 1013.389648 
520998420186339 1013.389648 
520998460186547 1012.954102 
520998500186234 1012.916016 
520998540185557 1013.221436 
520998580185662 1013.764893 
520998620185818 1013.201416 
520998660185662 1012.620850 
520998700186964 1012.629883 
520998740186391 1012.866943 
520998780185713 1013.202881 
520998820185870 1013.339600 
520998860189047 1012.952881 
520998900185870 1012.871826 
520998940185870 1013.121582 
520998980185818 1012.988281 
520999020185401 1012.760498 
520999060185766 1012.630371 
520999100186079 1012.535889 
520999140185974 1012.594727 
520999180186495 1012.648438 
520999220185297 1012.840576 
520999260185401 1012.967773 
520999300184984 1013.210205 
520999340185089 1013.392822 
520999380186443 1013.160400 
520999420187016 1013.028564 
520999460185714 1013.053955 
520999500185818 1013.079346 
520999540186026 1013.134521 
520999580186182 1013.161133 
520999620185714 1013.155762 
520999660185036 1013.147217 
520999700185036 1013.196289 
520999740185140 1013.152100 
520999780184932 1013.169678 
520999820185088 1013.184326 
520999860188578 1013.173584 
520999900187016 1013.170654 
520999940187119 1013.214355 
520999980185869 1013.179688 
521000020189151 1013.212158 
521000060186026 1013.175781 
521000100185141 1013.209229 
521000140185244 1013.188721 
521000180185922 1013.173096 
521000220184984 1013.170166 
521000260185140 1013.140625 
521000300185141 1013.148193 
521000340185400 1013.129395 
521000380185400 1013.154297 
521000420185140 1013.160400 
521000460185036 1013.189941 
521000500185088 1013.207764 
521000540184984 1013.169434 
521000580185140 1013.544189 
521000620185036 1013.477295 
521000660185088 1013.124756 
521000700184984 1012.958740 
521000740185140 1013.109619 
