# Created at Thu Nov 07 19:00:11 EST 2019 in Burnaby Canada 
524454849209997 0.000000 0.000000 0.000000 
524454869779894 0.000000 0.000000 0.000000 
524454890348592 0.000000 0.000000 0.000000 
524454910915727 0.000000 0.000000 0.000000 
524454931484321 0.000000 0.000000 0.000000 
524454952052186 0.000000 0.000000 0.000000 
524454972621560 0.000000 0.000000 0.000000 
524454993190518 0.000000 0.000000 0.000000 
524455013758904 0.000000 0.000000 0.000000 
524455034327862 0.000000 0.000000 0.000000 
524455054895988 0.000000 0.000000 0.000000 
524455075464633 0.000000 0.000000 0.000000 
524455096033436 0.000000 0.000000 0.000000 
524455116602601 0.000000 0.000000 0.000000 
524455137170727 0.000000 0.000000 0.000000 
524455157739320 0.000000 0.000000 0.000000 
524455178308176 0.000000 0.000000 0.000000 
524455198876717 0.000000 0.000000 0.000000 
524455219445571 0.000000 0.000000 0.000000 
524455240014164 0.000000 0.000000 0.000000 
524455260582967 0.000000 0.000000 0.000000 
524455281151195 0.000000 0.000000 0.000000 
524455301720259 0.000000 0.000000 0.000000 
524455322288905 0.000000 0.000000 0.000000 
524455342857237 0.000000 0.000000 0.000000 
524455363425882 0.000000 0.000000 0.000000 
524455383994581 0.000000 0.000000 0.000000 
524455404563227 0.000000 0.000000 0.000000 
524455425131821 0.000000 0.000000 0.000000 
524455445700467 0.000000 0.000000 0.000000 
524455466269165 0.000000 0.000000 0.000000 
524455486837810 0.000000 0.000000 0.000000 
524455507406352 0.000000 0.000000 0.000000 
524455527974998 0.000000 0.000000 0.000000 
524455548543852 0.000000 0.000000 0.000000 
524455569112498 0.000000 0.000000 0.000000 
524455589681196 0.000000 0.000000 0.000000 
524455610249842 0.000000 0.000000 0.000000 
524455630818383 0.000000 0.000000 0.000000 
524455651386924 0.000000 0.000000 0.000000 
524455671955727 0.000000 0.000000 0.000000 
524455692524685 0.000000 0.000000 0.000000 
524455713092863 0.000000 0.000000 0.000000 
524455733662863 0.000000 0.000000 0.000000 
524455754231716 0.000000 0.000000 0.000000 
524455774799737 0.000000 0.000000 0.000000 
524455795368591 0.000000 0.000000 0.000000 
524455815936821 0.000000 0.000000 0.000000 
524455836505466 0.000000 0.000000 0.000000 
524455857074321 0.000000 0.000000 0.000000 
524455877642655 0.000000 0.000000 0.000000 
524455898211508 0.000000 0.000000 0.000000 
524455918780466 0.000000 0.000000 0.000000 
524455939349476 0.000000 0.000000 0.000000 
524455959918019 0.000000 0.000000 0.000000 
524455980485988 0.000000 0.000000 0.000000 
524456001054216 0.000000 0.000000 0.000000 
524456021624216 0.000000 0.000000 0.000000 
524456042192862 0.000000 0.000000 0.000000 
524456062762446 0.000000 0.000000 0.000000 
524456083331092 0.000000 0.000000 0.000000 
524456103899373 0.000000 0.000000 0.000000 
524456124468019 0.000000 0.000000 0.000000 
524456145036561 0.000000 0.000000 0.000000 
524456165605206 0.000000 0.000000 0.000000 
524456186174060 0.000000 0.000000 0.000000 
524456206742758 0.000000 0.000000 0.000000 
524456227311299 0.000000 0.000000 0.000000 
524456247879945 0.000000 0.000000 0.000000 
524456268448383 0.000000 0.000000 0.000000 
524456289017081 0.000000 0.000000 0.000000 
524456309585414 0.000000 0.000000 0.000000 
524456330154112 0.000000 0.000000 0.000000 
524456350723227 0.000000 0.000000 0.000000 
524456371292081 0.000000 0.000000 0.000000 
524456391860727 0.000000 0.000000 0.000000 
524456412429217 0.000000 0.000000 0.000000 
524456432998070 0.000000 0.000000 0.000000 
524456453566508 0.000000 0.000000 0.000000 
524456474135205 0.000000 0.000000 0.000000 
524456494704373 0.000000 0.000000 0.000000 
524456515272602 0.000000 0.000000 0.000000 
524456535841195 0.000000 0.000000 0.000000 
524456556409841 0.000000 0.000000 0.000000 
524456576978174 0.000000 0.000000 0.000000 
524456597547238 0.000000 0.000000 0.000000 
524456618116092 0.000000 0.000000 0.000000 
524456638685101 0.000000 0.000000 0.000000 
524456659253331 0.000000 0.000000 0.000000 
524456679822497 0.000000 0.000000 0.000000 
524456700390414 0.000000 0.000000 0.000000 
524456720959581 0.000000 0.000000 0.000000 
524456741527966 0.000000 0.000000 0.000000 
524456762096612 0.000000 0.000000 0.000000 
524456782665622 0.000000 0.000000 0.000000 
524456803234267 0.000000 0.000000 0.000000 
524456823802393 0.000000 0.000000 0.000000 
524456844371091 0.000000 0.000000 0.000000 
524456864939945 0.000000 0.000000 0.000000 
524456885508643 0.000000 0.000000 0.000000 
524456906077237 0.000000 0.000000 0.000000 
524456926645883 0.000000 0.000000 0.000000 
524456947214425 0.000000 0.000000 0.000000 
524456967783123 0.000000 0.000000 0.000000 
524456988351613 0.000000 0.000000 0.000000 
524457008920258 0.000000 0.000000 0.000000 
524457029487914 0.000000 0.000000 0.000000 
524457050056612 0.000000 0.000000 0.000000 
524457070625466 0.000000 0.000000 0.000000 
524457091196091 0.000000 0.000000 0.000000 
524457111763279 0.000000 0.000000 0.000000 
524457132332757 0.000000 0.000000 0.000000 
524457152901508 0.000000 0.000000 0.000000 
524457173469893 0.000000 0.000000 0.000000 
524457194039477 0.000000 0.000000 0.000000 
524457214607184 0.000000 0.000000 0.000000 
524457235176663 0.000000 0.000000 0.000000 
524457255744580 0.000000 0.000000 0.000000 
524457276314633 0.000000 0.000000 0.000000 
524457296881820 0.000000 0.000000 0.000000 
524457317451403 0.000000 0.000000 0.000000 
524457338019789 0.000000 0.000000 0.000000 
524457358587393 0.000000 0.000000 0.000000 
524457379157393 0.000000 0.000000 0.000000 
524457399726248 0.000000 0.000000 0.000000 
524457420293383 0.000000 0.000000 0.000000 
524457440861612 0.000000 0.000000 0.000000 
524457461430205 0.000000 0.000000 0.000000 
524457481998903 0.000000 0.000000 0.000000 
524457502569111 0.000000 0.000000 0.000000 
524457523137809 0.000000 0.000000 0.000000 
524457543705361 0.000000 0.000000 0.000000 
524457564274059 0.000000 0.000000 0.000000 
524457584844268 0.000000 0.000000 0.000000 
524457605412966 0.000000 0.000000 0.000000 
524457625980570 0.000000 0.000000 0.000000 
524457646549320 0.000000 0.000000 0.000000 
524457667119216 0.000000 0.000000 0.000000 
524457687687914 0.000000 0.000000 0.000000 
524457708256351 0.000000 0.000000 0.000000 
524457728825048 0.000000 0.000000 0.000000 
524457749394007 0.000000 0.000000 0.000000 
524457769962757 0.000000 0.000000 0.000000 
524457790530986 0.000000 0.000000 0.000000 
524457811099945 0.000000 0.000000 0.000000 
524457831668903 0.000000 0.000000 0.000000 
524457852236142 0.000000 0.000000 0.000000 
524457872805518 0.000000 0.000000 0.000000 
524457893374216 0.000000 0.000000 0.000000 
524457913942653 0.000000 0.000000 0.000000 
524457934512132 0.000000 0.000000 0.000000 
524457955080101 0.000000 0.000000 0.000000 
524457975649216 0.000000 0.000000 0.000000 
524457996219529 0.000000 0.000000 0.000000 
524458016788018 0.000000 0.000000 0.000000 
524458037355934 0.000000 0.000000 0.000000 
524458057925310 0.000000 0.000000 0.000000 
524458078492184 0.000000 0.000000 0.000000 
524458099060622 0.000000 0.000000 0.000000 
524458119629319 0.000000 0.000000 0.000000 
524458140198382 0.000000 0.000000 0.000000 
524458160767340 0.000000 0.000000 0.000000 
524458181336455 0.000000 0.000000 0.000000 
524458201905153 0.000000 0.000000 0.000000 
524458222473278 0.000000 0.000000 0.000000 
524458243041976 0.000000 0.000000 0.000000 
524458263610414 0.000000 0.000000 0.000000 
524458284179112 0.000000 0.000000 0.000000 
524458304748277 0.000000 0.000000 0.000000 
524458325316975 0.000000 0.000000 0.000000 
524458345886090 0.000000 0.000000 0.000000 
524458366454788 0.000000 0.000000 0.000000 
524458387023018 0.000000 0.000000 0.000000 
524458407591716 0.000000 0.000000 0.000000 
524458428160205 0.000000 0.000000 0.000000 
524458448728955 0.000000 0.000000 0.000000 
524458469298122 0.000000 0.000000 0.000000 
524458489866872 0.000000 0.000000 0.000000 
524458510435674 0.000000 0.000000 0.000000 
524458531004424 0.000000 0.000000 0.000000 
524458551572966 0.000000 0.000000 0.000000 
524458572143747 0.000000 0.000000 0.000000 
524458592712184 0.000000 0.000000 0.000000 
524458613280414 0.000000 0.000000 0.000000 
524458633848017 0.000000 0.000000 0.000000 
524458654416611 0.000000 0.000000 0.000000 
524458674987444 0.000000 0.000000 0.000000 
524458695554215 0.000000 0.000000 0.000000 
524458716122808 0.000000 0.000000 0.000000 
524458736691923 0.000000 0.000000 0.000000 
524458757261455 0.000000 0.000000 0.000000 
524458777830986 0.000000 0.000000 0.000000 
524458798399059 0.000000 0.000000 0.000000 
524458818967600 0.000000 0.000000 0.000000 
524458839534997 0.000000 0.000000 0.000000 
524458860104111 0.000000 0.000000 0.000000 
524458880672757 0.000000 0.000000 0.000000 
524458901241090 0.000000 0.000000 0.000000 
524458921809840 0.000000 0.000000 0.000000 
524458942378850 0.000000 0.000000 0.000000 
524458962947600 0.000000 0.000000 0.000000 
524458983516663 0.000000 0.000000 0.000000 
524459004085361 0.000000 0.000000 0.000000 
524459024656611 0.000000 0.000000 0.000000 
524459045225361 0.000000 0.000000 0.000000 
524459065792183 0.000000 0.000000 0.000000 
524459086360933 0.000000 0.000000 0.000000 
524459106932183 0.000000 0.000000 0.000000 
524459127500933 0.000000 0.000000 0.000000 
524459148065830 0.000000 0.000000 0.000000 
524459168634580 0.000000 0.000000 0.000000 
524459189203174 0.000000 0.000000 0.000000 
524459209771924 0.000000 0.000000 0.000000 
524459230340570 0.000000 0.000000 0.000000 
524459250909320 0.000000 0.000000 0.000000 
524459271478070 0.000000 0.000000 0.000000 
524459292046976 0.000000 0.000000 0.000000 
524459312616455 0.000000 0.000000 0.000000 
524459333184736 0.000000 0.000000 0.000000 
524459353753382 0.000000 0.000000 0.000000 
524459374322653 0.000000 0.000000 0.000000 
524459394891767 0.000000 0.000000 0.000000 
524459415461090 0.000000 0.000000 0.000000 
524459436028903 0.000000 0.000000 0.000000 
524459456598642 0.000000 0.000000 0.000000 
524459477166558 0.000000 0.000000 0.000000 
524459497737236 0.000000 0.000000 0.000000 
524459518304736 0.000000 0.000000 0.000000 
524459538873069 0.000000 0.000000 0.000000 
524459559442912 0.000000 0.000000 0.000000 
524459580010308 0.000000 0.000000 0.000000 
524459600578590 0.000000 0.000000 0.000000 
524459621147392 0.000000 0.000000 0.000000 
524459641716142 0.000000 0.000000 0.000000 
524459662285725 0.000000 0.000000 0.000000 
524459682854475 0.000000 0.000000 0.000000 
524459703422028 0.000000 0.000000 0.000000 
524459723990778 0.000000 0.000000 0.000000 
524459744559475 0.000000 0.000000 0.000000 
524459765128225 0.000000 0.000000 0.000000 
524459785697131 0.000000 0.000000 0.000000 
524459806265881 0.000000 0.000000 0.000000 
524459826835777 0.000000 0.000000 0.000000 
524459847404527 0.000000 0.000000 0.000000 
524459867972809 0.000000 0.000000 0.000000 
524459888541559 0.000000 0.000000 0.000000 
524459909109839 0.000000 0.000000 0.000000 
524459929678589 0.000000 0.000000 0.000000 
524459950247340 0.000000 0.000000 0.000000 
524459970816090 0.000000 0.000000 0.000000 
524459991385569 0.000000 0.000000 0.000000 
524460011955517 0.000000 0.000000 0.000000 
524460032523901 0.000000 0.000000 0.000000 
524460053093069 0.000000 0.000000 0.000000 
524460073661506 0.000000 0.000000 0.000000 
524460094231142 0.000000 0.000000 0.000000 
524460114798746 0.000000 0.000000 0.000000 
524460135368433 0.000000 0.000000 0.000000 
524460155936975 0.000000 0.000000 0.000000 
524460176505101 0.000000 0.000000 0.000000 
524460197073382 0.000000 0.000000 0.000000 
524460217643018 0.000000 0.000000 0.000000 
524460238210309 0.000000 0.000000 0.000000 
524460258779892 0.000000 0.000000 0.000000 
524460279347965 0.000000 0.000000 0.000000 
524460299917860 0.000000 0.000000 0.000000 
524460320485309 0.000000 0.000000 0.000000 
524460341054840 0.000000 0.000000 0.000000 
524460361623642 0.000000 0.000000 0.000000 
524460382191507 0.000000 0.000000 0.000000 
524460402760257 0.000000 0.000000 0.000000 
524460423328850 0.000000 0.000000 0.000000 
524460443897600 0.000000 0.000000 0.000000 
524460464466975 0.000000 0.000000 0.000000 
524460485035725 0.000000 0.000000 0.000000 
524460505606037 0.000000 0.000000 0.000000 
524460526174787 0.000000 0.000000 0.000000 
524460546743954 0.000000 0.000000 0.000000 
524460567312756 0.000000 0.000000 0.000000 
524460587880256 0.000000 0.000000 0.000000 
524460608449058 0.000000 0.000000 0.000000 
524460629016871 0.000000 0.000000 0.000000 
524460649585621 0.000000 0.000000 0.000000 
524460670155360 0.000000 0.000000 0.000000 
524460690724162 0.000000 0.000000 0.000000 
524460711291818 0.000000 0.000000 0.000000 
524460731860360 0.000000 0.000000 0.000000 
524460752429266 0.000000 0.000000 0.000000 
524460772997860 0.000000 0.000000 0.000000 
524460793566820 0.000000 0.000000 0.000000 
524460814135569 0.000000 0.000000 0.000000 
524460834704006 0.000000 0.000000 0.000000 
524460855273017 0.000000 0.000000 0.000000 
524460875841662 0.000000 0.000000 0.000000 
524460896410465 0.000000 0.000000 0.000000 
524460916979215 0.000000 0.000000 0.000000 
524460937549058 0.000000 0.000000 0.000000 
524460958117652 0.000000 0.000000 0.000000 
524460978686767 0.000000 0.000000 0.000000 
524460999255360 0.000000 0.000000 0.000000 
524461019824214 0.000000 0.000000 0.000000 
524461040392756 0.000000 0.000000 0.000000 
524461060961766 0.000000 0.000000 0.000000 
524461081530568 0.000000 0.000000 0.000000 
524461102099214 0.000000 0.000000 0.000000 
524461122667964 0.000000 0.000000 0.000000 
524461143236610 0.000000 0.000000 0.000000 
