# Created at Thu Nov 07 19:00:11 EST 2019 in Burnaby Canada 
524454833783487 -0.034791 0.238924 -0.464181 0.852198 
524454854353384 -0.034768 0.239068 -0.464080 0.852213 
524454874922030 -0.034621 0.239201 -0.464000 0.852225 
524454895489269 -0.034642 0.239295 -0.463930 0.852236 
524454916057914 -0.034682 0.239200 -0.463994 0.852227 
524454936625727 -0.034738 0.239080 -0.464074 0.852214 
524454957194373 -0.034907 0.239010 -0.464065 0.852232 
524454977764060 -0.035008 0.238916 -0.464117 0.852226 
524454998332706 -0.035093 0.238977 -0.464064 0.852234 
524455018901404 -0.035248 0.238924 -0.464134 0.852204 
524455039470049 -0.035422 0.238895 -0.464136 0.852204 
524455060038174 -0.035591 0.238875 -0.464135 0.852203 
524455080606820 -0.035664 0.238773 -0.464200 0.852194 
524455101176091 -0.035694 0.238627 -0.464301 0.852178 
524455121744737 -0.035603 0.238679 -0.464399 0.852114 
524455142312810 -0.035417 0.238759 -0.464554 0.852015 
524455162881455 -0.035230 0.238924 -0.464654 0.851922 
524455183450206 -0.035148 0.239113 -0.464718 0.851838 
524455204018852 -0.035055 0.239311 -0.464704 0.851793 
524455224587654 -0.035032 0.239515 -0.464561 0.851815 
524455245156300 -0.034889 0.239674 -0.464546 0.851784 
524455265724685 -0.034732 0.239911 -0.464494 0.851752 
524455286293696 -0.034633 0.239986 -0.464542 0.851709 
524455306862394 -0.034563 0.239970 -0.464562 0.851706 
524455327430726 -0.034420 0.240003 -0.464553 0.851707 
524455347999372 -0.034331 0.240014 -0.464555 0.851706 
524455368568071 -0.034348 0.239946 -0.464601 0.851699 
524455389136717 -0.034350 0.239956 -0.464594 0.851700 
524455409705311 -0.034377 0.240022 -0.464544 0.851708 
524455430273956 -0.034460 0.240056 -0.464511 0.851713 
524455450842654 -0.034537 0.240040 -0.464515 0.851712 
524455471411300 -0.034605 0.240034 -0.464512 0.851713 
524455491979790 -0.034666 0.239914 -0.464590 0.851701 
524455512548540 -0.034664 0.239856 -0.464632 0.851695 
524455533117394 -0.034656 0.239894 -0.464606 0.851699 
524455553686040 -0.034718 0.239888 -0.464603 0.851700 
524455574254893 -0.034802 0.239917 -0.464574 0.851704 
524455594823383 -0.034758 0.240027 -0.464501 0.851715 
524455615391925 -0.034731 0.239995 -0.464526 0.851711 
524455635960571 -0.034622 0.240045 -0.464502 0.851714 
524455656529269 -0.034557 0.240119 -0.464457 0.851721 
524455677097915 -0.034288 0.239792 -0.464715 0.851683 
524455697666404 -0.033947 0.239390 -0.465025 0.851640 
524455718235050 -0.033957 0.239170 -0.465180 0.851617 
524455738805258 -0.034190 0.239033 -0.465226 0.851621 
524455759373904 -0.034714 0.239136 -0.464943 0.851726 
524455779942133 -0.035278 0.239122 -0.464722 0.851827 
524455800510779 -0.035580 0.238752 -0.464767 0.851894 
524455821079007 -0.035691 0.238243 -0.464960 0.851926 
524455841647653 -0.035672 0.237827 -0.465100 0.851967 
524455862216092 -0.035579 0.237613 -0.465189 0.851982 
524455882784790 -0.035343 0.237494 -0.465333 0.851947 
524455903353956 -0.035189 0.237586 -0.465397 0.851892 
524455923922602 -0.034685 0.237942 -0.465468 0.851775 
524455944491456 -0.033945 0.237847 -0.466019 0.851530 
524455965060206 -0.034045 0.238288 -0.465706 0.851573 
524455985627757 -0.033674 0.238669 -0.465744 0.851461 
524456006197758 -0.033284 0.238983 -0.466024 0.851235 
524456026766404 -0.033201 0.239387 -0.466217 0.851019 
524456047335936 -0.033184 0.239752 -0.466271 0.850887 
524456067904634 -0.033229 0.240141 -0.466337 0.850740 
524456088472915 -0.033172 0.240250 -0.466861 0.850424 
524456109041560 -0.033976 0.240242 -0.467247 0.850182 
524456129610050 -0.034818 0.240510 -0.467401 0.849988 
524456150178696 -0.035148 0.240810 -0.467900 0.849614 
524456170747550 -0.035473 0.241171 -0.468418 0.849213 
524456191316196 -0.035874 0.241463 -0.468933 0.848829 
524456211884841 -0.036379 0.241238 -0.469600 0.848502 
524456232453487 -0.036968 0.241675 -0.469886 0.848194 
524456253021924 -0.037184 0.241950 -0.469969 0.848061 
524456273590570 -0.037281 0.241853 -0.470496 0.847792 
524456294158904 -0.038019 0.241254 -0.470753 0.847787 
524456314727550 -0.038214 0.240551 -0.470886 0.847904 
524456335296717 -0.038544 0.239672 -0.470973 0.848090 
524456355865363 -0.039462 0.239000 -0.471032 0.848205 
524456376434269 -0.040786 0.238129 -0.471105 0.848346 
524456397002914 -0.042254 0.236545 -0.471459 0.848521 
524456417571559 -0.043685 0.234344 -0.471940 0.848792 
524456438140257 -0.044577 0.232355 -0.471354 0.849617 
524456458708695 -0.043974 0.232239 -0.470298 0.850265 
524456479277393 -0.044163 0.232253 -0.469975 0.850431 
524456499846092 -0.044467 0.232499 -0.469399 0.850665 
524456520414790 -0.044380 0.234426 -0.468137 0.850837 
524456540983383 -0.045359 0.236269 -0.467016 0.850891 
524456561552028 -0.046014 0.235704 -0.467287 0.850864 
524456582120727 -0.047018 0.235487 -0.467357 0.850831 
524456602689373 -0.049960 0.234742 -0.468067 0.850478 
524456623258227 -0.053925 0.232344 -0.469038 0.850360 
524456643827289 -0.056820 0.229348 -0.469104 0.850948 
524456664395987 -0.058413 0.226182 -0.468372 0.852090 
524456684964685 -0.059600 0.224564 -0.466281 0.853581 
524456705533071 -0.059988 0.222473 -0.464126 0.855274 
524456726101403 -0.060148 0.220706 -0.460778 0.857528 
524456746670153 -0.060171 0.219764 -0.457457 0.859544 
524456767239111 -0.059818 0.220912 -0.453398 0.861423 
524456787807809 -0.057747 0.222676 -0.449701 0.863047 
524456808375883 -0.054622 0.224095 -0.446057 0.864772 
524456828944529 -0.051410 0.226253 -0.441095 0.866949 
524456849513956 -0.048871 0.228868 -0.436162 0.868904 
524456870082133 -0.046464 0.231888 -0.432299 0.870165 
524456890650674 -0.043748 0.235646 -0.429228 0.870816 
524456911219424 -0.039682 0.239490 -0.427029 0.871043 
524456931787914 -0.034958 0.241635 -0.424640 0.871821 
524456952356560 -0.030242 0.244911 -0.416711 0.874903 
524456972925050 -0.025489 0.247661 -0.407722 0.878509 
524456993493800 -0.021655 0.248769 -0.398375 0.882577 
524457014061404 -0.018222 0.248859 -0.387588 0.887419 
524457034630050 -0.015583 0.249530 -0.373895 0.893137 
524457055198904 -0.013102 0.250237 -0.359669 0.898804 
524457075767654 -0.010103 0.251210 -0.347474 0.903356 
524457096336821 -0.008104 0.253311 -0.336990 0.906756 
524457116905466 -0.006537 0.255755 -0.330379 0.908513 
524457137474945 -0.003751 0.255815 -0.329750 0.908741 
524457158043643 -0.002368 0.256247 -0.327588 0.909405 
524457178612914 -0.001330 0.256863 -0.326076 0.909777 
524457199181612 -0.000039 0.258110 -0.324679 0.909925 
524457219750153 0.001592 0.260032 -0.322223 0.910249 
524457240318851 0.003839 0.262351 -0.318218 0.910985 
524457260888123 0.006513 0.264126 -0.311821 0.912668 
524457281456821 0.009930 0.266395 -0.302470 0.915121 
524457302024008 0.013925 0.269575 -0.291416 0.917721 
524457322593591 0.017026 0.274871 -0.279197 0.919894 
524457343160882 0.020586 0.283226 -0.265727 0.921275 
524457363729580 0.026084 0.293901 -0.248868 0.922500 
524457384299737 0.035722 0.293977 -0.236380 0.925433 
524457404868435 0.041993 0.285363 -0.225235 0.930631 
524457425435570 0.044027 0.276664 -0.215594 0.935435 
524457446003695 0.045178 0.274203 -0.212759 0.936752 
524457466572393 0.056969 0.285859 -0.210710 0.933081 
524457487143122 0.080548 0.304645 -0.204857 0.926681 
524457507711299 0.116369 0.305454 -0.206915 0.922140 
524457528278851 0.157411 0.276179 -0.209653 0.924658 
524457548847549 0.190886 0.255036 -0.193636 0.927914 
524457569418904 0.204920 0.268919 -0.172763 0.925118 
524457589986403 0.211228 0.284218 -0.171959 0.919257 
524457610554007 0.211954 0.290670 -0.173079 0.916859 
524457631122705 0.208519 0.291598 -0.172016 0.917552 
524457651693069 0.201404 0.283929 -0.174308 0.921107 
524457672261403 0.187740 0.286349 -0.173606 0.923374 
524457692830310 0.168948 0.301033 -0.168133 0.923346 
524457713398538 0.150467 0.312018 -0.161792 0.924028 
524457733967862 0.132700 0.310581 -0.157672 0.927938 
524457754536143 0.113429 0.305052 -0.151795 0.933293 
524457775105414 0.095838 0.300274 -0.144949 0.937891 
524457795673174 0.084829 0.291720 -0.145849 0.941505 
524457816242393 0.080085 0.275336 -0.154319 0.945496 
524457836811039 0.078403 0.249018 -0.167124 0.950743 
524457857379008 0.084525 0.206574 -0.185686 0.956924 
524457877947706 0.101114 0.152691 -0.203122 0.961875 
524457898516351 0.123188 0.108178 -0.210228 0.963808 
524457919084840 0.139247 0.105832 -0.202226 0.963594 
524457939654319 0.141237 0.125127 -0.207615 0.959839 
524457960222236 0.130167 0.139557 -0.226586 0.955112 
524457980791351 0.117480 0.157870 -0.239428 0.950763 
524458001361716 0.108587 0.169056 -0.253259 0.946303 
524458021929319 0.105077 0.157674 -0.270291 0.943949 
524458042498121 0.111142 0.146395 -0.271027 0.944860 
524458063065674 0.121445 0.144375 -0.262104 0.946419 
524458083634320 0.132665 0.138684 -0.262383 0.945686 
524458104202809 0.142393 0.124863 -0.267150 0.944862 
524458124771455 0.149555 0.105253 -0.274846 0.943936 
524458145340830 0.153072 0.090188 -0.282154 0.942775 
524458165909893 0.154543 0.087072 -0.289961 0.940456 
524458186478643 0.156101 0.090141 -0.299735 0.936838 
524458207046716 0.158856 0.088188 -0.309982 0.933220 
524458227615466 0.162340 0.077973 -0.319162 0.930431 
524458248183852 0.165567 0.064704 -0.326117 0.928466 
524458268752602 0.168745 0.047094 -0.335446 0.925626 
524458289322028 0.172642 0.026097 -0.347480 0.921288 
524458309890465 0.176103 0.008204 -0.359034 0.916523 
524458330459527 0.175024 -0.006166 -0.370624 0.912122 
524458351028277 0.168529 -0.021654 -0.384890 0.907187 
524458371596455 0.159041 -0.039728 -0.400330 0.901589 
524458392165205 0.151484 -0.058334 -0.415056 0.895198 
524458412733851 0.148149 -0.073888 -0.429934 0.887552 
524458433302392 0.148319 -0.080590 -0.444875 0.879541 
524458453871611 0.148910 -0.083703 -0.462925 0.869781 
524458474440309 0.151482 -0.086002 -0.480973 0.859256 
524458495009683 0.156859 -0.086076 -0.495804 0.849803 
524458515577861 0.162479 -0.090693 -0.511266 0.839036 
524458536146403 0.166602 -0.104136 -0.528559 0.825848 
524458556715153 0.170300 -0.120024 -0.546427 0.811178 
524458577285882 0.175251 -0.125617 -0.563314 0.797612 
524458597854371 0.178319 -0.116008 -0.577206 0.788402 
524458618422601 0.172269 -0.100810 -0.588438 0.783519 
524458638990153 0.159227 -0.086386 -0.599329 0.779736 
524458659560882 0.146272 -0.075889 -0.610520 0.774668 
524458680129632 0.138130 -0.075234 -0.622662 0.766519 
524458700696298 0.134410 -0.085526 -0.633611 0.757071 
524458721264996 0.136066 -0.099422 -0.642200 0.747784 
524458741834893 0.142736 -0.111084 -0.647433 0.740349 
524458762403643 0.150118 -0.117963 -0.648391 0.736980 
524458782972445 0.155701 -0.119918 -0.647014 0.736716 
524458803541247 0.161002 -0.115328 -0.644938 0.738128 
524458824108435 0.166455 -0.105445 -0.642624 0.740411 
524458844677185 0.172040 -0.097158 -0.640961 0.741709 
524458865246247 0.177396 -0.096680 -0.638985 0.742214 
524458885814528 0.183167 -0.101649 -0.636681 0.742129 
524458906383278 0.187329 -0.110250 -0.634137 0.742040 
524458926952288 0.190677 -0.119986 -0.630891 0.742443 
524458947521038 0.195266 -0.128870 -0.628195 0.742048 
524458968090101 0.200295 -0.137889 -0.625013 0.741773 
524458988658851 0.207559 -0.146271 -0.621442 0.741171 
524459009229997 0.217335 -0.152678 -0.616779 0.740971 
524459029798799 0.228646 -0.157457 -0.611322 0.741089 
524459050365621 0.237112 -0.165288 -0.604746 0.742118 
524459070934371 0.243696 -0.176995 -0.599444 0.741587 
524459091505621 0.250308 -0.190417 -0.595209 0.739468 
524459112074371 0.258169 -0.203674 -0.591897 0.735883 
524459132639268 0.266996 -0.215966 -0.588572 0.731884 
524459153208018 0.275171 -0.227759 -0.583807 0.729093 
524459173776664 0.281191 -0.240744 -0.579413 0.726123 
524459194345362 0.285070 -0.255981 -0.576071 0.722046 
524459214913955 0.288330 -0.271571 -0.574625 0.716185 
524459235482758 0.292601 -0.285281 -0.575008 0.708777 
524459256051508 0.298598 -0.296347 -0.574967 0.701734 
524459276620258 0.304581 -0.305423 -0.572438 0.697325 
524459297189893 0.309276 -0.312513 -0.570079 0.694041 
524459317758643 0.310869 -0.319750 -0.568741 0.691125 
524459338326820 0.312344 -0.327097 -0.571011 0.685124 
524459358895570 0.315425 -0.334192 -0.575305 0.676644 
524459379465205 0.319649 -0.341787 -0.578585 0.668016 
524459400033955 0.324789 -0.350131 -0.580977 0.659080 
524459420602341 0.329344 -0.359194 -0.583584 0.649570 
524459441171091 0.333011 -0.367834 -0.587692 0.639078 
524459461739996 0.337292 -0.373046 -0.592714 0.629095 
524459482308746 0.342493 -0.373154 -0.597259 0.621881 
524459502878174 0.348517 -0.369183 -0.600679 0.617595 
524459523446924 0.354414 -0.363028 -0.602746 0.615872 
524459544016350 0.358738 -0.357860 -0.603605 0.615552 
524459564585100 0.360421 -0.355698 -0.604779 0.614669 
524459585152028 0.360861 -0.356021 -0.606899 0.612129 
524459605720725 0.362228 -0.357566 -0.608238 0.609085 
524459626289580 0.364837 -0.360125 -0.608758 0.605489 
524459646859163 0.367838 -0.362046 -0.608558 0.602723 
524459667427913 0.369914 -0.363382 -0.608097 0.601112 
524459687995466 0.370904 -0.365602 -0.607284 0.599976 
524459708564216 0.372118 -0.367573 -0.606334 0.598980 
524459729132913 0.374464 -0.368255 -0.605619 0.597822 
524459749701663 0.377412 -0.367837 -0.604954 0.596897 
524459770271038 0.379560 -0.367898 -0.604236 0.596225 
524459790839319 0.380628 -0.369288 -0.603553 0.595375 
524459811409215 0.381135 -0.371147 -0.602564 0.594897 
524459831977965 0.381982 -0.372160 -0.601526 0.594772 
524459852546247 0.383256 -0.371866 -0.600960 0.594708 
524459873114997 0.383973 -0.370956 -0.600923 0.594851 
524459893683225 0.383383 -0.370040 -0.601589 0.595129 
524459914252027 0.381939 -0.368894 -0.602582 0.595764 
524459934821090 0.380758 -0.367154 -0.603536 0.596629 
524459955389528 0.380346 -0.365624 -0.604273 0.597085 
524459975959580 0.380493 -0.365077 -0.604721 0.596872 
524459996527757 0.380422 -0.365427 -0.604946 0.596475 
524460017097339 0.379650 -0.365429 -0.605334 0.596572 
524460037666089 0.378550 -0.364582 -0.605979 0.597134 
524460058234944 0.377655 -0.362999 -0.606498 0.598138 
524460078803694 0.377084 -0.361691 -0.607155 0.598623 
524460099372184 0.376740 -0.361063 -0.607734 0.598632 
524460119940934 0.376720 -0.360557 -0.607780 0.598903 
524460140510360 0.376989 -0.359787 -0.607205 0.599778 
524460161079162 0.377356 -0.359097 -0.606582 0.600591 
524460181647288 0.377538 -0.358694 -0.606289 0.601013 
524460202215569 0.377228 -0.358425 -0.606168 0.601490 
524460222783694 0.376793 -0.358320 -0.605854 0.602141 
524460243352496 0.376874 -0.358138 -0.605202 0.602854 
524460263921402 0.377360 -0.357407 -0.604326 0.603863 
524460284490152 0.377568 -0.356500 -0.604000 0.604594 
524460305058746 0.377479 -0.356052 -0.604147 0.604768 
524460325628277 0.377651 -0.355905 -0.604157 0.604736 
524460346197027 0.378133 -0.355649 -0.603585 0.605156 
524460366764944 0.378476 -0.355723 -0.603120 0.605361 
524460387333694 0.378422 -0.355449 -0.603024 0.605652 
524460407902235 0.378068 -0.354645 -0.603217 0.606152 
524460428471037 0.377454 -0.353344 -0.603391 0.607121 
524460449040673 0.376893 -0.351619 -0.603155 0.608703 
524460469609162 0.376661 -0.349838 -0.602454 0.610565 
524460490180256 0.376569 -0.348582 -0.601800 0.611983 
524460510748225 0.376380 -0.347739 -0.601216 0.613152 
524460531317392 0.376113 -0.346933 -0.600785 0.614194 
524460551886142 0.375990 -0.345425 -0.600164 0.615724 
524460572453694 0.376353 -0.343940 -0.598774 0.617683 
524460593022444 0.376727 -0.343375 -0.597464 0.619037 
524460613590309 0.376574 -0.343260 -0.597001 0.619640 
524460634159059 0.376112 -0.343301 -0.596756 0.620134 
524460654729632 0.375413 -0.343448 -0.596457 0.620764 
524460675297548 0.374554 -0.343818 -0.596465 0.621070 
524460695865256 0.373734 -0.343652 -0.596693 0.621437 
524460716434006 0.373318 -0.343314 -0.596627 0.621936 
524460737002704 0.373250 -0.343360 -0.596473 0.622100 
524460757571454 0.373209 -0.343936 -0.596341 0.621933 
524460778140048 0.373218 -0.344728 -0.596141 0.621680 
524460798709007 0.373554 -0.345438 -0.595719 0.621490 
524460819277391 0.374069 -0.345930 -0.595125 0.621475 
524460839846193 0.374690 -0.346268 -0.594557 0.621456 
524460860415204 0.375557 -0.347259 -0.593512 0.621379 
524460880983849 0.377187 -0.348504 -0.591659 0.621461 
524460901552652 0.379811 -0.350389 -0.589080 0.621253 
524460922121402 0.381780 -0.352586 -0.586333 0.621402 
524460942691089 0.380825 -0.353483 -0.587936 0.619963 
524460963259839 0.379820 -0.350313 -0.589764 0.620641 
524460983828954 0.380025 -0.347345 -0.588862 0.623036 
524461004397548 0.380307 -0.347623 -0.586177 0.625238 
524461024966142 0.377799 -0.348481 -0.586688 0.625801 
524461045535204 0.374832 -0.347026 -0.588923 0.626293 
524461066103954 0.372681 -0.343437 -0.591116 0.627489 
524461086672600 0.370863 -0.340713 -0.593017 0.628257 
524461107241402 0.369038 -0.340424 -0.593997 0.628561 
524461127809996 0.368032 -0.342196 -0.594628 0.627592 
524461148378798 0.367985 -0.344097 -0.595320 0.625922 
