# Created at Thu Nov 07 19:00:11 EST 2019 in Burnaby Canada 
524454833783487 -0.002295 -0.002904 -0.003276 
524454854354165 -0.003211 -0.000155 -0.000832 
524454874922030 0.002592 -0.002293 -0.003887 
524454895490051 -0.003211 -0.005042 -0.002970 
524454916057914 -0.001378 -0.009928 -0.004497 
524454936626508 -0.005043 -0.012066 -0.002665 
524454957194373 -0.009930 -0.011150 -0.005108 
524454977763748 -0.005043 -0.004736 -0.003276 
524454998332706 -0.005960 0.011146 0.003444 
524455018901092 -0.008403 -0.000460 -0.001749 
524455039470049 -0.012679 0.000151 0.002527 
524455060038175 -0.008098 0.004121 0.000084 
524455080606820 0.002287 0.001678 -0.007246 
524455101175571 0.009923 0.004427 -0.013355 
524455121744737 0.014504 0.026723 -0.006330 
524455142312863 0.019086 0.026723 -0.008163 
524455162881455 0.012672 0.026418 -0.006025 
524455183450311 0.004425 0.014201 -0.004497 
524455204018852 0.001065 0.010536 -0.000527 
524455224587706 -0.004738 0.015728 0.002527 
524455245156300 0.003203 0.017560 0.000084 
524455265725103 -0.000767 0.014506 -0.000221 
524455286293487 0.000454 0.003511 -0.002665 
524455306862394 0.002592 -0.001682 -0.005414 
524455327430883 0.005341 0.003511 -0.003581 
524455347999372 0.006563 0.001067 -0.005108 
524455368568228 0.004730 -0.006263 -0.005414 
524455389136717 0.001981 -0.000765 -0.005414 
524455409705415 -0.003516 -0.000155 -0.005719 
524455430273956 -0.008403 -0.002293 -0.001138 
524455450843122 0.000760 -0.005347 -0.000832 
524455471411300 0.002592 -0.005042 0.002833 
524455491979946 0.002592 -0.000460 0.000084 
524455512548540 0.002592 0.006870 0.001917 
524455533117394 -0.000462 0.007481 -0.003581 
524455553686040 -0.004433 0.000762 -0.001443 
524455574254893 -0.001684 -0.003820 -0.002970 
524455594823383 0.002287 0.005649 0.000695 
524455615392706 0.007785 0.000151 0.002833 
524455635960571 0.006258 -0.000155 0.007414 
524455656529112 0.005341 -0.006569 -0.004497 
524455677097915 0.015115 -0.029171 -0.022213 
524455697666872 0.010839 -0.031614 -0.024045 
524455718235050 -0.002295 -0.032530 -0.018853 
524455738805050 -0.004738 -0.036807 -0.006636 
524455759373904 -0.012374 -0.022451 0.006804 
524455779941925 -0.004738 -0.014510 0.011996 
524455800510779 0.001065 -0.012677 0.008636 
524455821079008 0.006258 -0.013288 0.007109 
524455841647653 0.014504 0.005649 0.008942 
524455862216404 0.026416 0.029167 0.010469 
524455882784790 0.031303 0.040468 0.008331 
524455903353331 0.018780 0.048715 -0.001138 
524455923922602 0.013282 0.053907 -0.012744 
524455944491611 0.042909 -0.009318 -0.015493 
524455965060206 0.010228 0.021226 -0.017937 
524455985628175 0.007174 0.027640 -0.035041 
524456006199216 -0.006265 0.028556 -0.032597 
524456026766404 -0.013901 0.009619 -0.025572 
524456047338175 -0.010541 0.012674 -0.028321 
524456067904634 -0.034976 0.021837 -0.046036 
524456088473488 -0.026729 0.002289 -0.045731 
524456109041560 -0.037419 -0.034058 -0.064362 
524456129610102 -0.098506 -0.026727 -0.083299 
524456150178696 -0.053302 0.006565 -0.076580 
524456170747601 -0.021537 0.027640 -0.063751 
524456191316196 -0.044444 0.016339 -0.044204 
524456211885467 -0.034060 0.010230 -0.060697 
524456232453487 -0.008098 0.017560 -0.020380 
524456253022133 -0.000157 0.033138 -0.031070 
524456273590570 -0.020926 -0.011761 0.005887 
524456294159372 -0.012679 -0.058187 0.001306 
524456314727550 -0.015428 -0.064906 0.015050 
524456335296873 -0.012985 -0.065212 -0.006025 
524456355865363 -0.038336 -0.113165 -0.024351 
524456376434269 -0.079874 -0.149511 -0.017937 
524456397002914 -0.088426 -0.196242 -0.013355 
524456417571404 -0.032838 -0.264659 0.040096 
524456438140257 0.081699 -0.169059 0.003749 
524456458708695 0.006868 -0.024284 0.015356 
524456479277393 -0.029783 -0.056049 0.010469 
524456499846561 0.024583 0.034054 0.009552 
524456520414790 0.017253 0.137901 0.060560 
524456540983383 -0.113472 0.110412 0.107902 
524456561552028 -0.072849 -0.026727 -0.006025 
524456582120309 -0.050553 -0.049329 -0.082077 
524456602689373 -0.048415 -0.224953 -0.117202 
524456623258227 -0.047193 -0.387748 -0.067722 
524456643827289 -0.020621 -0.401493 0.038568 
524456664395519 0.043826 -0.341933 0.102404 
524456684964685 0.086281 -0.238086 0.222133 
524456705532602 0.102774 -0.265881 0.311930 
524456726101820 0.073453 -0.175167 0.315290 
524456746670153 0.060625 -0.063379 0.319261 
524456767239215 0.078950 0.100333 0.363854 
524456787807809 0.114686 0.196238 0.459149 
524456808375883 0.135455 0.200209 0.547724 
524456828944529 0.082921 0.265266 0.555971 
524456849513956 0.037717 0.313524 0.442350 
524456870082133 0.020918 0.360866 0.331784 
524456890651142 -0.007792 0.436614 0.294521 
524456911219424 0.034663 0.439363 0.447237 
524456931788382 0.035274 0.206623 0.808258 
524456952356560 0.007174 0.316273 1.041914 
524456972925466 -0.014512 0.264961 1.161338 
524456993493800 -0.055745 0.073149 1.253884 
524457014062497 -0.080791 -0.050551 1.427980 
524457034630050 -0.117137 -0.007180 1.502506 
524457055200102 -0.004433 0.047798 1.288092 
524457075767654 0.085975 0.121407 1.065737 
524457096338279 0.060930 0.235334 0.700746 
524457116905466 0.118351 0.307416 0.283831 
524457137474892 0.176078 0.067957 0.256647 
524457158043643 0.082310 0.067957 0.167766 
524457178612028 0.070704 0.089642 0.121952 
524457199181612 0.038023 0.131181 0.211443 
524457219749372 0.001981 0.189824 0.383707 
524457240318851 -0.044750 0.211205 0.688223 
524457260887289 -0.033449 0.156532 0.922795 
524457281456821 -0.000157 0.234112 1.086507 
524457302024008 0.040771 0.364837 1.155229 
524457322593591 -0.096673 0.548096 1.157062 
524457343161976 -0.266799 0.801605 1.453331 
524457363729580 -0.308643 1.055725 1.865054 
524457384299580 0.205399 0.139428 1.872079 
524457404868435 0.370027 -0.698678 1.245026 
524457425435570 0.505029 -0.714256 0.139667 
524457446003799 0.507167 -0.069182 -0.668507 
524457466572393 0.844975 1.471724 0.092630 
524457487143122 1.539528 2.431392 1.059629 
524457507711299 2.325711 0.981200 2.094128 
524457528278904 3.400222 -1.793043 2.607255 
524457548847549 3.555076 -1.340392 1.908425 
524457569418123 1.689801 1.400558 0.265199 
524457589986403 0.162944 1.837021 0.113399 
524457610554736 -0.334910 0.831843 0.208389 
524457631122705 -0.454029 0.080785 0.095684 
524457651693069 -0.509007 -0.978454 -0.203334 
524457672261403 -1.316570 -0.104002 -0.308097 
524457692830310 -2.166283 1.158656 -0.063751 
524457713398538 -2.262800 0.875825 0.187619 
524457733967862 -2.041056 -0.371560 0.246873 
524457754536143 -1.902695 -0.877967 0.100266 
524457775105414 -1.322068 -0.825127 -0.361548 
524457795673174 -0.604607 -1.061838 -0.621165 
524457816242133 -0.019399 -1.736538 -0.657206 
524457836811039 0.412788 -2.668412 -0.779685 
524457857378330 1.368486 -4.085007 -0.602229 
524457877947706 2.658021 -4.931971 -0.308403 
524457898516351 3.222766 -3.971081 -0.483721 
524457919084840 2.046240 -0.290926 -1.439113 
524457939654319 0.156530 1.587788 -1.921085 
524457960222236 -1.268923 1.007467 -1.790666 
524457980791351 -1.499829 1.320840 -1.494702 
524458001361716 -1.162021 0.823902 -0.882921 
524458021930153 -0.368203 -1.119564 0.037041 
524458042498121 0.753040 -0.882243 0.645157 
524458063067497 1.239593 0.062764 0.281082 
524458083634320 1.260057 -0.198686 0.121035 
524458104202810 1.328169 -1.047177 -0.190506 
524458124771455 1.280216 -1.713936 -0.545113 
524458145340570 0.921333 -1.478142 -1.018533 
524458165909528 0.403320 -0.413710 -1.184688 
524458186478643 0.161417 0.264961 -0.856959 
524458207047289 0.362086 -0.119884 -0.529230 
524458227615466 0.664464 -0.860863 -0.381401 
524458248184112 0.808323 -1.211805 -0.542975 
524458268752602 0.956152 -1.651627 -0.786404 
524458289322028 1.147047 -1.956449 -0.945535 
524458309890465 1.039230 -1.734400 -1.100083 
524458330459319 0.507778 -1.626582 -1.286703 
524458351028277 0.020002 -1.893835 -1.274485 
524458371597080 -0.147375 -2.217593 -1.129099 
524458392165205 0.087197 -2.253634 -1.256770 
524458412733851 0.356894 -1.856267 -1.587248 
524458433302392 0.281758 -0.998918 -1.983088 
524458453871559 0.207843 -0.589334 -1.925362 
524458474440309 0.384077 -0.347737 -1.671242 
524458495009683 0.522744 -0.072542 -1.690179 
524458515577861 0.749069 -0.463496 -1.806548 
524458536147080 1.066413 -1.320844 -1.939106 
524458556715153 1.170566 -1.595122 -2.094266 
524458577285882 0.721580 -0.669662 -2.136415 
524458597854371 -0.274740 0.483650 -1.954683 
524458618422601 -1.328482 0.465019 -1.529827 
524458638990153 -1.865737 0.107968 -1.113828 
524458659558799 -1.630555 -0.103696 -0.907356 
524458680129632 -0.644313 -0.488541 -0.791291 
524458700695934 0.394768 -1.034654 -0.688055 
524458721264996 1.071911 -0.944857 -0.541753 
524458741834111 1.309232 -0.434479 -0.355134 
524458762403643 1.041062 -0.048718 -0.182259 
524458782973122 0.570697 0.200820 -0.031376 
524458803541247 0.101552 0.680043 0.019632 
524458824109788 -0.250306 1.119255 0.044983 
524458844677185 -0.154094 1.092071 0.198310 
524458865246299 0.338873 0.490370 0.273446 
524458885814945 0.745404 0.066124 0.224577 
524458906383278 0.871547 -0.290315 0.349804 
524458926952185 0.878267 -0.462579 0.357440 
524458947521038 0.926831 -0.282680 0.337892 
524458968090466 0.971424 -0.228618 0.411807 
524458988658851 1.109785 -0.007180 0.444183 
524459009228174 1.184616 0.288479 0.403866 
524459029798799 1.200193 0.490675 0.364465 
524459050365830 1.171787 0.000456 0.398368 
524459070934371 1.264944 -0.414932 0.406614 
524459091503018 1.388644 -0.563372 0.315596 
524459112074371 1.492797 -0.466550 0.211138 
524459132639163 1.529449 -0.288788 0.228547 
524459153208018 1.439041 -0.403020 0.195561 
524459173776976 1.328780 -0.671495 0.185481 
524459194345362 1.300985 -1.040763 0.143026 
524459214914683 1.282049 -1.144304 0.002222 
524459235482758 1.275024 -0.833374 -0.088491 
524459256052132 1.276245 -0.415237 -0.068638 
524459276620258 1.119864 -0.400271 -0.042982 
524459297189164 0.832147 -0.438755 -0.119645 
524459317758643 0.563672 -0.757627 -0.149883 
524459338326924 0.571613 -0.769844 -0.390564 
524459358895570 0.739906 -0.560012 -0.564050 
524459379464841 0.892622 -0.539854 -0.546640 
524459400033955 1.005021 -0.686461 -0.620860 
524459420603278 0.994026 -0.907594 -0.703021 
524459441171091 0.909421 -0.860252 -0.721653 
524459461740830 0.729827 -0.453722 -0.779990 
524459482308746 0.420118 0.085061 -0.774187 
524459502879424 0.165082 0.478458 -0.720126 
524459523446924 -0.029173 0.620484 -0.620860 
524459544015257 -0.090259 0.332156 -0.495327 
524459564585100 -0.067963 -0.027033 -0.344749 
524459585152496 0.045658 -0.055743 -0.210359 
524459605720725 0.231667 -0.045053 -0.187146 
524459626289580 0.420424 -0.039250 -0.194476 
524459646859424 0.395989 -0.025506 -0.193255 
524459667427913 0.262821 -0.018481 -0.103763 
524459687995882 0.249993 -0.054827 0.054146 
524459708564216 0.256407 -0.000460 0.064836 
524459729133226 0.244189 0.127211 -0.065584 
524459749701663 0.196542 0.158365 -0.163933 
524459770271038 0.164777 0.053907 -0.108650 
524459790839319 0.187073 -0.026422 0.019937 
524459811408799 0.184019 -0.024589 0.117675 
524459831977965 0.142175 0.022753 0.069723 
524459852546767 0.061846 0.057267 -0.062835 
524459873114997 -0.037419 -0.014815 -0.110788 
524459893683538 -0.148291 -0.049940 -0.056726 
524459914252027 -0.228620 0.000762 0.016577 
524459934821090 -0.250000 0.082312 0.005582 
524459955389528 -0.163563 0.091170 -0.043593 
524459975959580 -0.034976 0.014506 -0.069555 
524459996527757 0.016337 -0.082621 -0.037484 
524460017097705 -0.074071 -0.075291 0.008331 
524460037666089 -0.168755 0.021226 0.030322 
524460058235257 -0.206934 0.051158 0.001917 
524460078803694 -0.155622 0.041690 -0.036873 
524460099373330 -0.077431 0.061543 -0.010606 
524460119940934 -0.035892 0.111328 0.042539 
524460140510621 -0.035892 0.113161 0.056894 
524460161079162 -0.027951 0.064902 0.022686 
524460181647288 -0.023369 0.021837 0.000389 
524460202215569 -0.053302 0.031916 0.045899 
524460222785205 -0.047193 0.069789 0.106069 
524460243352496 -0.006265 0.112550 0.098739 
524460263922079 -0.019704 0.075898 0.027573 
524460284490152 -0.066130 0.041995 -0.021907 
524460305060047 -0.053302 0.047187 -0.002970 
524460325627496 -0.004127 0.087810 0.041928 
524460346197027 0.010839 0.045966 0.045593 
524460366764995 -0.029478 0.033748 0.004360 
524460387333694 -0.096062 0.047187 -0.015188 
524460407902392 -0.154094 0.065513 0.023908 
524460428471037 -0.194717 0.129349 0.079802 
524460449040673 -0.188608 0.190435 0.106985 
524460469609162 -0.164174 0.173636 0.085300 
524460490180256 -0.137296 0.139428 0.070333 
524460510748225 -0.118359 0.094835 0.082245 
524460531317601 -0.112556 0.129960 0.102709 
524460551886142 -0.110723 0.243275 0.125922 
524460572452965 -0.073460 0.209372 0.084689 
524460593022444 -0.064603 0.067040 0.055978 
524460613590673 -0.081402 0.012979 0.082856 
524460634159059 -0.056356 -0.011456 0.083772 
524460654729632 -0.040168 -0.063074 0.059032 
524460675297548 -0.057272 -0.062768 0.052618 
524460695865829 -0.064603 0.015422 0.038874 
524460716434006 -0.042917 0.033443 0.019021 
524460737002548 0.000760 -0.008096 0.015356 
524460757571454 0.048102 -0.041999 0.030627 
524460778140048 0.087808 -0.030087 0.049564 
524460798709007 0.100331 -0.000155 0.048953 
524460819277756 0.074980 0.031610 0.033376 
524460839846193 0.056043 0.099111 0.043761 
524460860415204 0.184630 0.122018 0.102098 
524460880983849 0.315355 0.130570 0.167155 
524460901552652 0.417980 0.054518 0.146386 
524460922121402 0.128125 -0.350180 -0.037484 
524460942691245 -0.248778 -0.017259 -0.061002 
524460963259839 -0.319333 0.434781 -0.029543 
524460983828954 -0.054829 0.359339 0.079496 
524461004397548 0.001371 -0.269851 0.084383 
524461024966402 -0.167839 -0.337352 0.049259 
524461045534944 -0.367592 -0.064601 -0.019464 
524461066103954 -0.458916 0.088726 -0.114453 
524461086672392 -0.361178 0.075593 -0.091546 
524461107241402 -0.165701 -0.086592 0.023297 
524461127809892 0.064595 -0.200824 0.020243 
524461148378798 0.156530 -0.144624 -0.041455 
