# Created at Thu Nov 07 19:00:11 EST 2019 in Burnaby Canada 
524454850922862 38.927849 -0.819382 -43.637024 
524454870923644 38.743393 -2.117035 -43.482342 
524454890923332 38.738373 -2.112762 -44.251095 
524454910922237 38.607918 -1.548264 -43.173134 
524454930922342 37.835594 -1.999435 -43.165966 
524454951128644 38.127022 -1.980209 -45.167656 
524454970921456 40.074402 -3.368225 -44.418613 
524454990916508 38.132713 -2.278610 -43.169025 
524455011162289 39.502289 -2.388367 -42.721062 
524455030968279 40.368492 -4.085175 -43.191853 
524455050922237 39.012642 -4.280640 -40.411182 
524455070922029 40.090500 -2.941574 -43.649685 
524455090922341 39.780281 -3.531937 -42.263233 
524455110922133 40.093513 -2.944153 -43.188435 
524455130922341 41.299767 -3.488876 -42.739185 
524455150922550 40.079430 -3.372498 -43.649864 
524455170921976 39.343666 -2.680542 -42.565968 
524455190921978 39.500282 -2.386658 -43.028564 
524455210922290 40.346680 -5.094070 -42.577274 
524455230922133 39.781303 -3.092453 -43.800552 
524455250922185 38.233963 -4.579620 -41.941452 
524455270923436 39.476807 -3.100555 -43.797611 
524455290922028 39.433517 -5.265427 -41.953514 
524455310922342 39.489220 -2.817566 -43.028744 
524455330922082 40.845360 -3.649796 -41.812336 
524455350915726 39.324226 -2.957550 -44.411083 
524455371112966 39.452316 -4.253967 -43.029343 
524455390969738 40.211205 -4.525269 -42.268063 
524455410969321 39.297371 -4.402512 -42.874184 
524455430922186 40.356087 -4.368164 -43.960724 
524455450921925 39.332268 -2.964401 -43.181084 
524455470922290 40.056618 -4.380554 -43.189034 
524455490922029 39.780281 -3.531937 -42.263233 
524455510921873 40.969788 -4.209183 -43.812794 
524455530922290 40.368492 -4.085175 -43.191853 
524455550922185 39.055588 -2.409058 -41.179153 
524455570922081 41.124367 -4.353912 -42.891827 
524455590922446 39.050568 -2.404785 -41.947903 
524455610922185 41.590515 -4.056198 -42.588615 
524455630921925 41.005318 -3.505524 -41.198742 
524455650921717 40.520065 -4.227325 -42.732132 
524455670922237 40.844719 -2.915344 -44.733284 
524455690922029 40.189743 -5.240906 -42.729614 
524455710921509 38.855034 -4.133377 -41.793407 
524455731064686 38.884895 -2.690994 -42.869057 
524455751066040 40.529129 -3.794693 -43.039452 
524455770962289 39.491226 -2.819275 -42.721245 
524455790922966 38.121300 -3.002792 -42.093075 
524455810922914 38.586456 -2.263885 -43.634686 
524455830922706 39.292351 -4.398224 -43.642937 
524455850922705 39.786331 -3.096741 -43.031803 
524455870916039 39.640785 -2.959732 -42.569027 
524455890922134 39.315826 -3.684311 -42.873886 
524455910922237 39.003609 -3.832611 -43.486004 
524455930922497 39.442261 -4.245407 -44.566841 
524455951130466 40.231667 -3.808777 -41.960262 
524455970917290 40.409416 -2.652191 -42.576256 
524455990922967 38.847656 -4.420654 -41.793526 
524456010922289 38.840622 -4.414673 -42.869774 
524456030923123 38.963684 -5.706787 -42.256783 
524456050923435 40.102554 -2.951843 -41.804688 
524456070918540 39.774918 -3.820923 -41.955853 
524456091018957 38.711525 -3.557724 -42.714195 
524456111018592 38.722939 -2.833527 -43.790142 
524456130924217 38.608910 -1.989441 -41.328316 
524456150924321 40.093513 -2.944153 -43.188435 
524456170923696 39.467743 -3.533188 -43.490295 
524456190924164 38.990532 -4.261826 -43.793682 
524456210924321 40.541534 -3.511688 -42.270584 
524456230924164 38.727966 -2.837814 -43.021393 
524456250923487 39.788338 -3.098450 -42.724304 
524456270917549 38.568985 -3.423279 -41.790165 
524456290923851 39.480812 -3.544312 -41.491543 
524456310923904 39.803757 -2.818008 -41.494183 
524456330923748 38.866447 -3.409195 -42.869354 
524456350923696 40.547585 -3.076492 -43.039154 
524456370923800 40.081078 -4.107803 -40.575165 
524456390924894 38.859070 -3.696472 -42.869476 
524456410924164 39.348686 -2.684814 -41.797215 
524456430924059 38.759491 -1.690414 -42.713413 
524456450968799 37.076004 -2.314651 -41.774986 
524456470968591 38.699463 -3.547455 -44.559193 
524456490923591 37.216537 -2.447403 -43.006512 
524456510924477 37.982147 -2.137283 -43.474995 
524456530923436 39.481178 -2.810715 -44.258743 
524456550923695 38.716553 -3.561996 -41.945442 
524456570917445 39.829948 -1.078934 -44.260963 
524456590923590 38.539497 -3.691742 -45.172787 
524456610923696 37.985168 -2.139862 -43.013744 
524456630923852 38.711525 -3.557724 -42.714195 
524456650924164 37.530418 -2.153717 -42.701832 
524456670917394 37.492523 -3.148926 -44.547253 
524456691017914 38.686035 -4.269928 -43.790741 
524456710923591 37.183998 -3.593933 -43.468243 
524456730923748 36.397263 -4.326401 -44.537441 
524456750923903 36.104172 -3.610321 -45.610455 
524456770923643 36.570297 -3.752930 -43.616177 
524456790935205 36.570297 -3.752930 -43.616177 
524456810923695 38.466362 -6.858643 -43.944103 
524456830923123 37.248352 -6.891037 -43.932343 
524456850923748 37.248352 -6.891037 -43.932343 
524456870923591 37.848633 -7.454544 -43.015965 
524456890924112 38.131660 -8.162064 -43.480453 
524456910923539 38.140724 -7.729446 -43.787773 
524456930923591 38.775879 -6.854828 -43.178295 
524456951131039 39.520691 -7.554489 -42.878445 
524456970917706 39.927124 -9.701202 -42.115005 
524456990923279 40.085083 -9.114899 -43.499985 
524457010923748 38.552177 -9.880447 -42.255581 
524457030921977 40.046822 -11.284042 -40.887135 
524457050922289 37.868690 -12.915649 -41.789715 
524457070922602 39.244308 -13.030548 -40.419254 
524457090922549 39.525673 -13.443100 -42.267372 
524457110923071 37.234543 -13.791138 -42.245441 
524457130919633 38.591034 -14.330093 -42.105164 
524457150917601 35.829750 -14.972427 -43.001442 
524457170917758 38.736572 -14.907440 -40.876873 
524457190917445 37.822754 -14.344360 -43.174065 
524457210924372 39.128578 -17.335464 -41.189804 
524457230923330 37.913948 -16.636826 -43.483994 
524457250924893 39.928741 -15.880524 -40.889053 
524457270917601 38.990089 -16.764099 -41.341846 
524457290925102 38.683243 -16.623428 -42.261341 
524457310923070 38.622528 -19.067017 -41.954865 
524457330924216 38.284142 -20.514084 -41.491272 
524457350923851 36.706291 -22.709167 -41.477474 
524457370916664 39.146988 -22.501602 -41.347183 
524457390923903 36.820961 -24.287750 -41.018356 
524457410924164 36.009392 -26.466858 -40.243156 
524457430922549 36.095551 -29.195389 -39.630764 
524457450922237 37.138161 -30.028030 -39.795166 
524457470921455 34.395653 -29.658905 -41.767277 
524457490922028 35.161934 -29.642929 -41.005875 
524457510917965 36.644157 -31.769852 -38.715221 
524457530934840 37.369156 -33.920441 -35.802223 
524457550933694 36.212807 -38.275101 -32.718735 
524457570922497 33.685562 -41.931747 -32.542961 
524457590924112 32.476250 -42.705444 -28.380253 
524457610924528 33.066467 -43.260376 -29.001377 
524457630923330 33.629837 -45.260254 -28.085594 
524457650923018 31.430954 -42.017303 -28.062164 
524457670918278 33.826698 -43.679581 -27.471405 
524457690924112 33.991051 -42.364822 -30.701084 
524457710924059 33.889458 -40.357056 -30.852524 
524457730985361 35.259377 -40.173553 -31.480694 
524457750924320 34.486061 -40.183548 -33.318340 
524457770919841 34.234917 -37.595001 -35.313072 
524457790923486 34.065575 -38.024857 -36.234283 
524457810924007 33.466995 -36.875671 -39.149174 
524457830924111 31.222168 -35.061417 -40.510094 
524457850924007 29.116150 -34.405899 -39.412964 
524457870917081 27.987343 -36.729065 -40.018635 
524457890957914 24.888702 -37.938660 -43.679714 
524457911352185 22.259834 -40.468216 -40.273243 
524457930922965 18.841560 -43.434372 -39.473354 
524457951130726 19.597439 -43.703125 -39.173325 
524457970923434 21.902653 -42.926743 -38.733822 
524457990923487 23.630417 -40.578812 -39.671535 
524458010924997 24.721992 -39.544968 -39.681404 
524458030925101 27.056068 -37.325363 -40.471306 
524458050924319 26.181152 -35.767914 -40.769325 
524458070918018 24.875923 -39.395584 -39.990314 
524458090922705 24.725021 -39.107224 -40.911224 
524458110922758 23.374550 -39.013733 -38.437935 
524458130921871 24.417152 -39.846359 -38.602333 
524458150922705 22.705170 -41.180252 -39.201706 
524458170923017 20.927803 -39.656494 -37.799652 
524458190923903 20.882862 -41.086044 -39.030254 
524458210923122 22.308792 -39.042084 -38.427643 
524458230922809 23.224976 -38.873276 -38.590153 
524458250933851 22.278927 -40.484467 -37.351994 
524458271309945 20.200439 -38.237793 -38.252953 
524458290922393 21.536129 -39.786514 -37.344345 
524458310922912 20.791317 -39.086853 -37.644196 
524458330922860 19.404957 -39.990265 -36.708824 
524458350923382 19.426109 -38.687256 -38.553284 
524458370923173 17.732235 -39.596207 -38.076225 
524458390922810 17.762100 -38.153809 -39.151875 
524458410922705 16.858318 -38.039612 -38.220493 
524458430922601 16.559864 -37.612503 -38.986122 
524458450923174 16.600124 -35.885406 -39.600407 
524458470916611 16.592747 -36.172684 -39.600525 
524458490922497 19.487499 -36.097443 -39.320953 
524458510922861 19.960693 -35.365387 -39.632565 
524458530923017 20.878891 -35.198303 -39.487572 
524458550922601 21.040859 -35.055756 -38.566483 
524458570923122 21.354092 -34.467957 -39.491684 
524458590918434 20.253777 -36.081482 -38.559551 
524458610935569 21.387978 -33.028992 -39.952335 
524458631252341 24.886017 -33.519806 -38.295132 
524458650922913 24.918243 -31.785858 -40.139416 
524458670922757 25.756302 -28.895370 -39.684315 
524458690924736 27.297615 -27.403091 -42.465916 
524458710922549 26.956215 -28.847595 -42.463577 
524458730922652 26.389816 -27.285461 -42.149532 
524458750923017 26.539375 -27.425903 -41.997314 
524458770917601 26.488708 -29.878052 -40.153336 
524458790924736 24.939705 -31.070221 -39.677864 
524458810924216 25.095314 -30.775482 -40.294212 
524458830923798 27.974312 -31.273956 -40.168636 
524458850922549 27.690613 -30.272293 -40.934025 
524458870923070 27.683235 -30.559586 -40.934147 
524458890923122 30.141014 -30.366516 -38.190105 
524458910922861 27.236526 -30.580276 -39.392231 
524458930922028 26.877670 -33.184158 -37.545372 
524458951129527 27.162384 -33.746338 -38.317303 
524458970920829 27.313293 -34.034698 -37.396397 
524458991203799 27.746567 -34.736465 -38.169857 
524459010970465 28.020874 -36.023697 -37.712086 
524459030925101 27.242157 -37.203323 -35.860214 
524459050925517 26.782722 -37.359970 -35.702114 
524459070923694 28.001060 -37.474625 -35.098934 
524459090923381 26.291740 -39.104340 -34.160923 
524459110925673 26.119690 -40.119019 -33.237373 
524459130926141 25.946304 -40.985748 -33.082516 
524459150922028 27.140816 -42.107620 -32.172253 
524459170917236 27.111954 -43.550858 -30.942852 
524459190922028 23.592415 -44.656296 -29.679466 
524459210922132 23.717163 -45.803116 -29.373913 
524459230961455 23.099083 -46.692261 -27.369644 
524459250922080 22.953884 -46.261963 -27.982994 
524459270922185 23.242599 -47.267899 -26.448853 
524459290922393 23.520943 -48.118210 -27.067154 
524459310922393 23.817047 -48.836853 -25.532894 
524459330916820 23.515556 -48.847519 -25.068707 
524459351155621 23.524948 -48.561951 -24.761082 
524459370968122 23.855591 -48.135757 -22.457596 
524459390922966 22.293522 -49.316833 -23.980873 
524459410923017 22.293522 -49.316833 -23.980873 
524459430924007 24.729507 -49.692352 -22.313324 
524459450922966 23.521568 -49.292969 -22.455135 
524459470918277 24.592003 -49.562164 -20.620541 
524459490922964 25.074585 -48.544525 -20.624531 
524459510924684 26.001839 -47.944824 -20.786861 
524459530924163 25.104103 -47.395416 -20.624054 
524459550922704 27.072266 -48.214020 -18.952274 
524459570918485 27.519318 -47.900040 -21.570313 
524459590923433 27.385185 -47.038834 -22.183483 
524459610922444 28.416702 -48.742722 -20.656994 
524459630922705 28.311417 -46.878586 -20.808491 
524459650922913 28.266792 -48.895538 -19.733082 
524459670923329 30.269531 -47.688629 -20.674213 
524459690932183 29.047485 -48.598267 -17.895313 
524459711108695 29.019646 -49.602036 -18.203232 
524459730967809 29.499878 -48.435638 -19.129662 
524459750968433 29.180954 -49.165359 -18.512020 
524459770921923 29.826195 -47.418640 -19.747181 
524459790922340 28.137688 -48.038620 -19.577503 
524459810922235 29.531410 -47.288239 -18.821682 
524459830923381 29.987144 -47.715546 -17.288773 
524459850923069 28.393875 -50.191101 -18.505093 
524459870916351 28.559875 -49.611618 -18.660072 
524459890922809 28.890533 -48.745117 -18.047653 
524459910922652 28.434135 -48.463989 -19.119373 
524459930922339 29.234299 -47.009048 -18.818623 
524459951129267 27.848961 -47.472992 -19.420574 
524459970922028 29.229271 -47.004776 -19.587372 
524459990923173 31.677666 -47.097305 -17.150955 
524460010923173 29.063583 -48.171616 -17.126385 
524460030918120 29.046494 -48.157089 -19.740131 
524460050917808 28.897919 -48.457825 -18.047535 
524460071075881 29.373810 -47.140961 -20.203903 
524460091075881 27.389862 -47.336380 -20.338604 
524460110961090 29.005554 -50.030396 -18.664665 
524460130923799 29.962685 -47.988312 -19.902641 
524460150924475 29.949257 -48.710785 -19.134193 
524460170918589 28.313087 -47.173584 -19.424862 
524460190924007 28.331535 -46.455383 -19.424564 
524460210923277 27.557198 -46.904831 -19.724892 
524460230924111 27.854324 -47.184021 -19.727951 
524460250923121 28.612564 -47.161209 -20.196552 
524460270920517 29.353355 -47.857422 -20.511703 
524460290922756 29.505928 -48.000458 -19.898232 
524460310923849 26.599754 -48.799881 -19.101852 
524460330922757 29.539810 -46.561478 -20.358883 
524460350923433 27.542442 -47.479385 -19.725132 
524460370923590 28.620605 -47.168045 -18.966553 
524460390922444 28.447563 -47.741516 -19.887821 
524460410922496 29.064629 -46.851501 -22.045845 
524460431014839 28.149101 -47.314423 -20.653454 
524460451014839 28.481445 -46.302536 -20.348473 
524460470922652 28.460983 -47.019028 -20.656273 
524460490922444 29.185333 -48.435181 -20.664223 
524460510924266 29.081718 -46.866043 -19.432095 
524460530924787 29.077347 -47.155899 -18.970963 
524460550924839 28.161514 -47.031418 -19.884583 
524460570921714 29.371460 -47.432495 -19.435272 
524460590923537 26.287888 -48.654922 -20.790100 
524460610923642 27.099464 -46.475815 -21.565300 
524460630922392 29.991539 -46.545059 -21.132042 
524460650922184 27.400261 -47.051666 -19.877232 
524460670923850 28.605179 -47.448471 -20.196674 
524460690924110 28.515991 -45.157715 -19.579243 
524460710922652 28.615921 -46.870483 -20.811432 
524460730922756 28.157501 -46.587677 -22.190655 
524460750922287 29.025375 -48.579453 -21.277813 
524460770922652 27.392220 -47.044815 -21.107235 
524460790968330 27.545143 -46.894562 -21.569893 
524460810968330 27.406647 -46.323196 -21.721935 
524460830922652 28.604156 -47.887939 -18.659355 
524460850921974 27.082680 -47.488983 -20.181973 
524460870922079 28.296654 -47.453140 -20.808731 
524460890921505 28.636383 -46.153992 -20.503632 
524460910921975 28.413689 -48.740158 -21.118244 
524460930921871 27.390854 -47.777557 -18.493782 
524460951129995 28.315437 -46.882019 -20.193493 
524460970923016 27.665504 -48.771530 -19.112141 
524460990923382 28.311073 -47.171875 -19.732361 
524461010923277 26.328804 -47.221970 -20.174503 
524461030923381 27.700386 -47.773727 -17.727970 
524461050922964 29.957657 -47.984024 -20.671391 
524461070922860 27.064575 -47.913910 -21.258404 
524461090922860 29.363403 -47.865982 -18.974201 
524461110922339 26.642387 -46.340881 -22.175835 
524461130916610 26.193329 -46.653152 -19.865292 
524461150923850 27.508919 -48.184753 -22.031685 
