# Created at Thu Nov 07 19:00:11 EST 2019 in Burnaby Canada 
524454813214841 -0.236248 -0.049320 0.878941 0.411361 
524454833784738 -0.236348 -0.049344 0.879000 0.411173 
524454854353384 -0.236484 -0.049369 0.879080 0.410921 
524454874920519 -0.236621 -0.049258 0.879133 0.410744 
524454895489269 -0.236707 -0.049314 0.879191 0.410561 
524454916057081 -0.236615 -0.049324 0.879143 0.410716 
524454936625727 -0.236498 -0.049341 0.879082 0.410912 
524454957195414 -0.236421 -0.049489 0.879069 0.410966 
524454977764060 -0.236325 -0.049564 0.879032 0.411092 
524454998332758 -0.236376 -0.049678 0.879082 0.410941 
524455018901404 -0.236311 -0.049843 0.879080 0.410964 
524455039469528 -0.236270 -0.050022 0.879093 0.410938 
524455060038174 -0.236237 -0.050200 0.879110 0.410897 
524455080607445 -0.236136 -0.050243 0.879064 0.411051 
524455101176091 -0.235997 -0.050225 0.878984 0.411303 
524455121744164 -0.236045 -0.050179 0.879001 0.411244 
524455142312810 -0.236123 -0.050061 0.879020 0.411173 
524455162881560 -0.236280 -0.049974 0.879089 0.410946 
524455183450206 -0.236452 -0.050009 0.879190 0.410627 
524455204019008 -0.236637 -0.050013 0.879292 0.410301 
524455224587654 -0.236830 -0.050061 0.879407 0.409936 
524455245156039 -0.236985 -0.049988 0.879478 0.409705 
524455265725051 -0.237214 -0.049932 0.879592 0.409335 
524455286293696 -0.237287 -0.049880 0.879621 0.409236 
524455306862080 -0.237277 -0.049796 0.879599 0.409298 
524455327430726 -0.237319 -0.049653 0.879594 0.409302 
524455347999425 -0.237337 -0.049560 0.879586 0.409321 
524455368568071 -0.237273 -0.049553 0.879549 0.409438 
524455389136665 -0.237282 -0.049559 0.879555 0.409419 
524455409705311 -0.237341 -0.049614 0.879598 0.409285 
524455430274008 -0.237366 -0.049716 0.879632 0.409186 
524455450842654 -0.237344 -0.049794 0.879636 0.409181 
524455471411144 -0.237333 -0.049867 0.879644 0.409161 
524455491979790 -0.237216 -0.049888 0.879584 0.409354 
524455512548748 -0.237162 -0.049865 0.879550 0.409462 
524455533117394 -0.237198 -0.049870 0.879571 0.409396 
524455553686092 -0.237188 -0.049936 0.879578 0.409379 
524455574254737 -0.237208 -0.050039 0.879610 0.409287 
524455594823279 -0.237314 -0.050030 0.879666 0.409105 
524455615391925 -0.237287 -0.049989 0.879643 0.409176 
524455635960623 -0.237342 -0.049889 0.879654 0.409133 
524455656529269 -0.237417 -0.049845 0.879685 0.409026 
524455677097707 -0.237134 -0.049431 0.879448 0.409749 
524455697666404 -0.236787 -0.048908 0.879154 0.410644 
524455718236612 -0.236580 -0.048839 0.879026 0.411045 
524455738805258 -0.236434 -0.049035 0.878986 0.411192 
524455759373487 -0.236498 -0.049600 0.879133 0.410771 
524455779942133 -0.236448 -0.050160 0.879218 0.410551 
524455800510362 -0.236089 -0.050303 0.879050 0.411100 
524455821079007 -0.235614 -0.050194 0.878768 0.411987 
524455841647498 -0.235237 -0.049980 0.878519 0.412759 
524455862216092 -0.235048 -0.049782 0.878375 0.413196 
524455882785310 -0.234953 -0.049491 0.878265 0.413520 
524455903353956 -0.235045 -0.049388 0.878294 0.413417 
524455923922811 -0.235445 -0.048835 0.878056 0.413761 
524455944491456 -0.235347 -0.048326 0.878258 0.413449 
524455965059111 -0.235776 -0.048473 0.878319 0.413056 
524455985629112 -0.236196 -0.048045 0.878065 0.413406 
524456006197758 -0.236528 -0.047701 0.877904 0.413598 
524456026767290 -0.236868 -0.047980 0.878287 0.412556 
524456047335936 -0.237049 -0.048889 0.879727 0.409267 
524456067904269 -0.237464 -0.048816 0.879336 0.409873 
524456088472915 -0.237581 -0.048742 0.879013 0.410507 
524456109041404 -0.237498 -0.049652 0.878984 0.410508 
524456129610050 -0.237724 -0.050448 0.878692 0.410904 
524456150178904 -0.238021 -0.050705 0.878194 0.411765 
524456170747550 -0.238353 -0.051085 0.877883 0.412189 
524456191316091 -0.238573 -0.051714 0.877896 0.411956 
524456211884841 -0.238351 -0.052039 0.877330 0.413247 
524456232453279 -0.238688 -0.052928 0.877514 0.412549 
524456253021924 -0.238951 -0.053150 0.877366 0.412682 
524456273590258 -0.238811 -0.053406 0.877419 0.412617 
524456294158904 -0.238148 -0.054172 0.877551 0.412619 
524456314728019 -0.237449 -0.054247 0.877551 0.413012 
524456335296717 -0.236577 -0.054404 0.877545 0.413504 
524456355865519 -0.235833 -0.055326 0.877753 0.413367 
524456376434269 -0.234867 -0.056625 0.877962 0.413296 
524456397002913 -0.233180 -0.058018 0.878219 0.413512 
524456417571559 -0.230832 -0.059512 0.878906 0.413157 
524456438140049 -0.228839 -0.060072 0.879338 0.413265 
524456458708695 -0.228835 -0.059191 0.879423 0.413214 
524456479277446 -0.228794 -0.059541 0.879857 0.412261 
524456499846092 -0.229024 -0.059843 0.880022 0.411739 
524456520414737 -0.230889 -0.060126 0.880537 0.409548 
524456540983383 -0.232598 -0.061471 0.880943 0.407503 
524456561552081 -0.232049 -0.061865 0.880546 0.408614 
524456582120727 -0.231815 -0.062663 0.880186 0.409400 
524456602689841 -0.230671 -0.066261 0.881142 0.407418 
524456623258539 -0.227777 -0.070777 0.882394 0.405574 
524456643827341 -0.224426 -0.073905 0.883812 0.403791 
524456664395987 -0.221120 -0.075342 0.885055 0.402624 
524456684964425 -0.219259 -0.076856 0.887206 0.398602 
524456705532758 -0.216989 -0.077515 0.889520 0.394539 
524456726101403 -0.215263 -0.077402 0.891259 0.391571 
524456746670465 -0.214372 -0.077211 0.892755 0.388678 
524456767239111 -0.215509 -0.077048 0.894487 0.384073 
524456787807237 -0.217371 -0.075294 0.896115 0.379550 
524456808375883 -0.218981 -0.072455 0.897822 0.375117 
524456828944737 -0.221432 -0.069292 0.899368 0.370546 
524456849513487 -0.224348 -0.066609 0.900335 0.366917 
524456870082029 -0.227649 -0.064087 0.900717 0.364386 
524456890650674 -0.231683 -0.061369 0.900666 0.362432 
524456911219268 -0.235719 -0.058021 0.901364 0.358627 
524456931787914 -0.237942 -0.054708 0.903783 0.351520 
524456952356352 -0.241525 -0.050615 0.906684 0.342094 
524456972925050 -0.244601 -0.046433 0.909965 0.331630 
524456993492758 -0.245946 -0.043191 0.913856 0.320175 
524457014061404 -0.246237 -0.040377 0.918491 0.306776 
524457034630206 -0.247142 -0.037805 0.922958 0.292643 
524457055198904 -0.248151 -0.034800 0.926661 0.280195 
524457075768123 -0.249483 -0.031091 0.929267 0.270657 
524457096336821 -0.251883 -0.028055 0.930507 0.264432 
524457116906299 -0.254568 -0.025464 0.930490 0.262172 
524457137474945 -0.254806 -0.023001 0.930988 0.260396 
524457158044216 -0.255349 -0.021561 0.931394 0.258528 
524457178612914 -0.256061 -0.020326 0.931404 0.257888 
524457199181403 -0.257384 -0.019342 0.931658 0.255720 
524457219750153 -0.259397 -0.018232 0.932161 0.251905 
524457240319425 -0.261821 -0.017098 0.933464 0.244546 
524457260888123 -0.263765 -0.015255 0.935242 0.235621 
524457281456195 -0.266296 -0.012299 0.937140 0.225175 
524457302024893 -0.269802 -0.008447 0.938701 0.214419 
524457322592185 -0.275343 -0.005482 0.939625 0.203130 
524457343160882 -0.283956 -0.003154 0.940259 0.187811 
524457363731039 -0.295056 0.000481 0.940617 0.167874 
524457384299737 -0.296016 0.008559 0.943238 0.150345 
524457404866403 -0.287990 0.016037 0.947175 0.140226 
524457425434997 -0.279251 0.022364 0.949375 0.142147 
524457446003695 -0.276526 0.027605 0.948411 0.152606 
524457466573903 -0.288741 0.039868 0.943961 0.154846 
524457487142601 -0.308980 0.061867 0.937426 0.148110 
524457507710153 -0.313659 0.091989 0.935555 0.133763 
524457528278851 -0.290078 0.130030 0.940572 0.119463 
524457548848852 -0.270605 0.168088 0.941195 0.112570 
524457569417758 -0.281643 0.187048 0.934375 0.112402 
524457589985309 -0.297901 0.191447 0.928809 0.109160 
524457610554007 -0.305598 0.189799 0.927175 0.104561 
524457631123903 -0.306613 0.185736 0.927977 0.101728 
524457651692705 -0.298522 0.179063 0.931752 0.103240 
524457672261142 -0.300015 0.165025 0.934037 0.101652 
524457692829840 -0.313634 0.144213 0.933870 0.093398 
524457713398799 -0.323599 0.123609 0.934383 0.083266 
524457733967445 -0.321116 0.104664 0.938258 0.074846 
524457754535674 -0.313909 0.085930 0.943077 0.068433 
524457775104476 -0.307052 0.071193 0.946552 0.068478 
524457795673695 -0.297329 0.062387 0.949873 0.073791 
524457816242393 -0.280674 0.058703 0.954555 0.081252 
524457836810206 -0.254433 0.058489 0.960973 0.091506 
524457857379008 -0.213060 0.066505 0.969319 0.102969 
524457877947393 -0.161278 0.086764 0.976392 0.114539 
524457898516038 -0.118266 0.113538 0.978199 0.127470 
524457919084892 -0.113794 0.132820 0.973771 0.145532 
524457939653590 -0.131494 0.135329 0.968376 0.163227 
524457960224216 -0.146013 0.122882 0.965423 0.177592 
524457980792914 -0.164002 0.108755 0.962337 0.187569 
524458001360673 -0.175631 0.097595 0.960517 0.192447 
524458021929319 -0.165852 0.091627 0.963127 0.191006 
524458042496976 -0.155765 0.097579 0.965343 0.185278 
524458063065674 -0.153801 0.109262 0.964646 0.184023 
524458083634007 -0.148950 0.121026 0.963795 0.185111 
524458104202809 -0.135878 0.131922 0.963240 0.190530 
524458124772028 -0.116586 0.140899 0.962482 0.200459 
524458145341195 -0.100815 0.146291 0.960409 0.214594 
524458165909893 -0.096986 0.148522 0.957395 0.227881 
524458186478018 -0.100500 0.149643 0.954976 0.235642 
524458207046716 -0.099673 0.151913 0.953555 0.240252 
524458227615154 -0.090455 0.155730 0.952581 0.245267 
524458248183852 -0.077365 0.160043 0.950985 0.253038 
524458268753017 -0.059778 0.164680 0.948436 0.264152 
524458289321715 -0.038997 0.170192 0.944796 0.277261 
524458309890830 -0.021022 0.175036 0.940261 0.291257 
524458330459527 -0.005931 0.175032 0.935530 0.306778 
524458351027757 0.009972 0.169622 0.931586 0.321367 
524458371596455 0.028338 0.161459 0.927732 0.335322 
524458392164944 0.047358 0.155266 0.922572 0.350016 
524458412733642 0.063402 0.152930 0.915313 0.367143 
524458433302861 0.070736 0.153264 0.906705 0.386513 
524458453871611 0.073679 0.154116 0.898473 0.404432 
524458474440413 0.075006 0.157217 0.891299 0.418621 
524458495009163 0.074401 0.162722 0.883714 0.432477 
524458515577653 0.078516 0.168700 0.874317 0.448268 
524458536146403 0.091563 0.173830 0.862587 0.466201 
524458556716923 0.107304 0.178588 0.848815 0.485906 
524458577285569 0.112687 0.183832 0.836064 0.504485 
524458597852757 0.103044 0.186111 0.827424 0.519726 
524458618421507 0.088566 0.178872 0.822602 0.532434 
524458638992080 0.074884 0.164949 0.820251 0.542560 
524458659560882 0.064746 0.151535 0.818127 0.550920 
524458680127548 0.063711 0.143809 0.814774 0.558036 
524458700696298 0.073332 0.141433 0.810030 0.564333 
524458721266143 0.086018 0.144913 0.805523 0.568097 
524458741834893 0.096115 0.153216 0.801896 0.569429 
524458762403799 0.101915 0.161443 0.799695 0.569242 
524458782972445 0.103287 0.167197 0.799290 0.567902 
524458803539685 0.098233 0.171967 0.800296 0.565954 
524458824108435 0.087904 0.176349 0.802138 0.563691 
524458844677497 0.078696 0.181230 0.804479 0.560158 
524458865245830 0.077319 0.186650 0.805802 0.556656 
524458885814528 0.081522 0.192968 0.805835 0.553848 
524458906383538 0.089401 0.198128 0.806110 0.550399 
524458926952288 0.098761 0.202486 0.806046 0.547298 
524458947521351 0.106829 0.208144 0.806071 0.543611 
524458968090101 0.114844 0.214342 0.806465 0.538964 
524458988661351 0.121784 0.222811 0.806876 0.533361 
524459009229997 0.126674 0.233450 0.806977 0.527487 
524459029796871 0.129945 0.245329 0.806842 0.521472 
524459050365621 0.137232 0.254380 0.806115 0.516369 
524459070936871 0.148518 0.262026 0.804195 0.512401 
524459091505621 0.161302 0.269989 0.801258 0.508992 
524459112070518 0.173512 0.279334 0.797483 0.505853 
524459132639268 0.184320 0.289749 0.793865 0.501846 
524459153207914 0.195632 0.298867 0.789683 0.498807 
524459173776664 0.208717 0.305717 0.784859 0.496961 
524459194345258 0.224316 0.310602 0.779051 0.496275 
524459214913955 0.240091 0.315026 0.772096 0.496973 
524459235482758 0.252770 0.321104 0.765562 0.496905 
524459256051508 0.262154 0.329026 0.760045 0.495328 
524459276621143 0.270810 0.335730 0.754970 0.493931 
524459297189893 0.278565 0.340174 0.749696 0.494611 
524459317758070 0.287320 0.341067 0.744157 0.497343 
524459338326820 0.295215 0.342637 0.737344 0.501769 
524459358896455 0.301476 0.346827 0.730053 0.505812 
524459379465205 0.308044 0.352283 0.722620 0.508750 
524459400033591 0.316095 0.357999 0.713591 0.512551 
524459420602341 0.325602 0.362590 0.703046 0.517917 
524459441171246 0.334005 0.366931 0.692774 0.523322 
524459461739996 0.338119 0.372297 0.684263 0.528067 
524459482309424 0.336726 0.378367 0.678924 0.531523 
524459502878174 0.331445 0.384584 0.676010 0.534088 
524459523447600 0.324636 0.389885 0.674619 0.536181 
524459544016350 0.320099 0.392802 0.672955 0.538864 
524459564583278 0.318767 0.393461 0.670838 0.541805 
524459585152028 0.318774 0.394151 0.668892 0.543701 
524459605720725 0.319836 0.395939 0.666464 0.544760 
524459626290413 0.321657 0.399165 0.663574 0.544861 
524459646859163 0.323440 0.402204 0.660568 0.545223 
524459667426716 0.324764 0.404242 0.658646 0.545255 
524459687995466 0.326960 0.405379 0.657320 0.544698 
524459708564163 0.328467 0.407052 0.656681 0.543312 
524459729132913 0.328647 0.409666 0.655806 0.542296 
524459749701767 0.328286 0.412276 0.654355 0.542288 
524459770270517 0.328626 0.414029 0.652969 0.542418 
524459790840465 0.330192 0.414999 0.651680 0.542275 
524459811409215 0.332175 0.415541 0.650869 0.541623 
524459831977497 0.333191 0.416409 0.650525 0.540745 
524459852546247 0.333241 0.417276 0.649802 0.540915 
524459873114475 0.333112 0.417228 0.648844 0.542179 
524459893683225 0.332773 0.416142 0.648508 0.543622 
524459914252028 0.331851 0.414530 0.649122 0.544684 
524459934820778 0.330208 0.413208 0.650098 0.545522 
524459955390257 0.328754 0.412631 0.650579 0.546263 
524459975959007 0.328441 0.412532 0.650084 0.547114 
524459996528537 0.329038 0.412300 0.649388 0.547758 
524460017097339 0.329193 0.411466 0.649411 0.548264 
524460037666194 0.328447 0.410295 0.650033 0.548851 
524460058234944 0.326976 0.409241 0.651049 0.549312 
524460078803382 0.325922 0.408397 0.651328 0.550235 
524460099372184 0.325137 0.408149 0.651646 0.550507 
524460119941610 0.324088 0.408517 0.652658 0.549653 
524460140510360 0.323336 0.408683 0.653423 0.549063 
524460161078069 0.322876 0.408779 0.653825 0.548784 
524460181646819 0.322769 0.408677 0.653801 0.548952 
524460202214944 0.322611 0.408279 0.654155 0.548918 
524460222783694 0.322362 0.407981 0.655021 0.548253 
524460243352652 0.321998 0.408184 0.655908 0.547255 
524460263921402 0.321706 0.408222 0.656187 0.547063 
524460284489944 0.321363 0.407892 0.656110 0.547603 
524460305059527 0.320994 0.407708 0.656203 0.547845 
524460325628277 0.320412 0.408198 0.656737 0.547181 
524460346196142 0.320433 0.408404 0.656676 0.547088 
524460366764944 0.321128 0.408240 0.655966 0.547655 
524460387333485 0.321456 0.407692 0.655445 0.548492 
524460407902235 0.321057 0.406978 0.655460 0.549239 
524460428471610 0.320023 0.406090 0.656155 0.549670 
524460449040360 0.318189 0.405512 0.657933 0.549035 
524460469610672 0.316653 0.404958 0.659432 0.548534 
524460490179422 0.315798 0.404457 0.660263 0.548397 
524460510748642 0.315320 0.403928 0.660910 0.548283 
524460531317392 0.314504 0.403621 0.661959 0.547710 
524460551884892 0.312486 0.403781 0.664145 0.546100 
524460572453694 0.311100 0.403922 0.665811 0.544756 
524460593021507 0.311379 0.403575 0.665874 0.544777 
524460613590309 0.311916 0.402919 0.665574 0.545322 
524460634159996 0.312310 0.402217 0.665618 0.545561 
524460654728746 0.312721 0.401369 0.665938 0.545559 
524460675296454 0.313362 0.400383 0.665967 0.545881 
524460695865256 0.313075 0.399697 0.666603 0.545772 
524460716433902 0.312770 0.399257 0.667098 0.545665 
524460737002704 0.313101 0.398973 0.666866 0.545966 
524460757571455 0.313696 0.398963 0.666664 0.545877 
524460778140205 0.314280 0.399196 0.666677 0.545355 
524460798708641 0.314892 0.399641 0.666548 0.544834 
524460819277391 0.315575 0.400010 0.666169 0.544632 
524460839846297 0.315693 0.400789 0.666338 0.543783 
524460860415099 0.315982 0.402227 0.667029 0.541701 
524460880983850 0.316284 0.404586 0.668041 0.538512 
524460901552652 0.317899 0.407393 0.667684 0.535882 
524460922122287 0.323796 0.406484 0.662519 0.539440 
524460942691089 0.325809 0.404754 0.659797 0.542854 
524460963259943 0.321362 0.404610 0.662426 0.542410 
524460983828745 0.316993 0.405688 0.666608 0.539043 
524461004397392 0.319718 0.404049 0.665313 0.540263 
524461024966402 0.321715 0.400837 0.664611 0.542329 
524461045535204 0.320058 0.398107 0.665816 0.543841 
524461066103798 0.316665 0.395680 0.667109 0.546009 
524461086672600 0.313940 0.393784 0.668195 0.547623 
524461107241246 0.313508 0.392161 0.668946 0.548118 
524461127809996 0.315312 0.391311 0.668073 0.548756 
