# Created at Thu Nov 07 19:33:01 EST 2019 in Burnaby Canada 
526424984344792 9.083211 -2.603582 -3.135072 
526425004915572 9.062860 -2.615553 -3.023747 
526425025486042 9.114334 -2.577247 -2.942348 
526425046056614 9.200521 -2.530562 -2.938756 
526425066627657 9.235236 -2.452754 -2.914815 
526425087198958 9.168201 -2.372552 -2.905239 
526425107769636 9.089196 -2.333049 -2.985441 
526425128340676 9.040116 -2.378537 -3.024944 
526425148911614 9.161018 -2.457542 -3.068038 
526425169482811 9.170595 -2.499439 -3.143452 
526425190053542 9.071239 -2.499439 -3.087190 
526425210624636 9.072437 -2.506622 -3.097964 
526425231195417 9.076029 -2.507819 -3.091979 
526425251767084 9.053284 -2.513803 -3.070432 
526425272337395 9.119122 -2.519789 -3.058461 
526425292908698 9.141867 -2.483877 -3.047688 
526425313479374 9.115531 -2.492257 -3.036914 
526425334050625 9.103561 -2.489862 -3.035717 
526425354621510 9.099970 -2.465922 -3.057264 
526425375192135 9.086802 -2.433601 -3.036914 
526425395763385 9.125107 -2.456345 -3.048885 
526425416333958 9.146654 -2.465922 -3.068038 
526425436905364 9.131092 -2.452754 -3.028535 
526425457476406 9.095181 -2.462330 -3.035717 
526425478047135 9.119122 -2.518592 -3.039308 
526425498617917 9.095181 -2.507818 -3.060855 
526425519188958 9.070044 -2.497045 -3.051279 
526425539759791 9.101166 -2.477892 -3.054870 
526425560331719 9.169399 -2.479089 -3.062052 
526425580901875 9.143064 -2.463528 -3.021353 
526425601472812 9.104757 -2.452754 -3.030929 
526425622043645 9.127501 -2.479089 -3.023747 
526425642614844 9.110743 -2.477892 -3.020156 
526425663185520 9.115531 -2.497045 -3.065643 
526425683756667 9.087999 -2.489862 -3.075220 
526425704327551 9.105955 -2.518592 -3.096767 
526425724898437 9.109547 -2.515001 -3.077614 
526425745469531 9.102364 -2.491060 -3.058461 
526425766040833 9.096378 -2.458739 -3.053673 
526425786610677 9.020964 -2.420434 -3.063249 
526425807182447 8.999417 -2.368961 -2.989032 
526425827753750 9.177778 -2.455148 -3.010579 
526425848325051 9.251994 -2.530562 -3.058461 
526425868895990 9.060467 -2.464725 -3.082402 
526425889468854 8.924003 -2.412055 -3.058461 
526425910038958 8.955126 -2.435996 -2.998609 
526425930608645 9.174187 -2.518592 -3.078811 
526425951179062 9.262769 -2.501833 -3.112329 
526425971750051 9.250797 -2.494651 -3.042900 
526425992321302 9.164610 -2.461133 -3.052476 
526426012893072 8.981462 -2.342626 -2.971076 
526426033463073 9.103560 -2.327064 -2.911224 
526426054036406 9.340576 -2.458739 -2.998609 
526426074607343 9.332197 -2.505424 -3.009382 
526426095178281 9.212492 -2.398887 -2.979456 
526426115746926 9.159822 -2.330655 -2.954318 
526426136317552 9.182566 -2.347414 -2.949530 
526426156889061 9.176580 -2.432404 -2.941150 
526426177459635 9.196930 -2.565277 -2.947135 
526426198033801 9.153836 -2.601188 -3.060855 
526426218602969 9.102364 -2.516198 -3.051279 
526426239172760 9.087999 -2.453951 -3.058461 
526426259743332 9.117925 -2.404872 -3.052476 
526426280314843 9.143063 -2.422828 -3.084796 
526426300885781 9.077226 -2.380931 -3.077614 
526426321458645 9.052087 -2.329458 -3.083599 
526426342029114 9.087999 -2.408463 -3.085993 
526426362600677 9.030540 -2.452754 -3.089585 
526426383171353 9.010191 -2.447966 -3.078811 
526426403742292 9.110743 -2.501833 -3.114723 
526426424312760 9.103560 -2.500636 -3.117116 
526426444883385 9.153836 -2.835810 -4.049618 
526426465453020 9.284315 -2.388113 -1.587287 
526426486024166 9.079619 -2.447966 -3.852105 
526426506595051 8.898865 -2.309108 -3.010579 
526426527166198 9.014978 -2.311502 -2.468316 
526426547736875 9.156231 -2.650267 -3.882031 
526426568308541 8.932383 -2.273197 -3.040505 
526426588881562 9.091590 -2.492257 -3.624665 
526426609451822 8.999416 -2.243270 -3.144649 
526426630022292 8.856968 -2.124763 -2.453951 
526426650592082 9.047298 -2.723287 -3.374482 
526426671162864 8.965900 -2.500636 -3.603119 
526426691735155 9.001812 -2.592809 -3.472640 
526426712304739 9.129895 -2.519789 -3.716838 
526426732878228 8.769585 -1.587287 -1.625593 
526426753448750 8.458351 -1.267675 -2.390508 
526426774019791 9.364517 -3.361315 -4.105879 
526426794590624 9.146654 -3.064446 -3.166196 
526426815160937 9.299877 -1.504691 -1.938023 
526426835732759 8.590027 -2.219329 -3.738385 
526426856303229 9.625474 -3.144649 -3.477428 
526426876873853 9.568016 -2.397690 -2.564080 
526426897444999 8.943156 -1.827894 -3.235624 
526426918014687 9.189748 -2.932771 -3.077614 
526426938585677 9.735602 -2.892071 -3.003397 
526426959156770 9.358532 -3.039308 -2.583233 
526426979727551 9.243616 -2.832219 -2.558095 
526427000299634 9.132290 -2.649070 -2.927983 
526427020869999 8.733673 -2.362976 -3.068038 
526427041442187 9.019768 -2.009846 -3.072826 
526427062012916 8.902456 -2.307911 -3.323009 
526427082582708 8.248867 -3.074023 -3.746765 
526427103153332 10.246742 -2.602385 -2.898057 
526427123725207 10.535232 -2.935165 -2.376143 
526427144296406 8.576859 -1.927249 -2.942347 
526427164866821 7.975940 -1.638761 -2.568868 
526427185437864 8.616362 -2.475498 -2.895662 
526427206009999 8.836618 -2.573656 -3.023747 
526427226579947 9.359729 -2.054137 -3.246398 
526427247150207 10.306595 -2.567671 -3.429546 
526427267721093 11.127771 -2.185812 -3.099161 
526427288292291 8.842604 -1.531026 -2.517395 
526427308863227 9.387261 -2.515001 -2.957909 
526427329435572 10.651344 -2.639494 -3.403211 
526427350006510 10.220407 -3.757538 -3.214077 
526427370577863 12.337988 -3.143452 -2.701740 
526427391148749 14.920023 -2.303123 -2.735258 
526427411720520 12.507969 -2.507818 -3.090781 
526427432290624 11.442595 -3.254777 -3.633045 
526427452862030 8.690578 -3.724020 -2.901648 
526427473432759 6.736994 -3.154225 -3.512143 
526427494003229 4.812139 -1.578908 -3.940686 
526427514574166 4.816927 0.284898 -3.315827 
526427535144635 3.197319 0.310036 -2.890874 
526427555716561 2.152295 -0.505155 -4.256707 
526427576287082 4.146579 -0.289686 -3.809011 
526427596859322 5.416648 -2.396493 -2.866933 
526427617429998 5.633314 -3.342162 -4.441053 
526427638002291 7.388189 -1.042630 -5.727881 
526427658572603 9.192142 -1.973934 -2.444375 
526427679142394 9.682932 -3.763523 -5.312505 
526427699713281 7.498317 -3.485808 -2.479089 
526427720285259 15.343779 -4.722360 -3.200910 
526427740855884 17.002890 -4.643354 -4.618217 
526427761427185 10.732744 -6.065449 -6.069040 
526427781997603 5.901453 -5.262229 -3.923928 
526427802569166 4.742709 -4.475767 -2.183418 
526427823139947 5.511215 -5.246667 -1.714175 
526427843710208 8.180635 -5.201180 -2.214541 
526427864280936 12.381082 -3.920337 -6.082208 
526427884852551 9.623079 -1.475962 -6.339574 
526427905422551 9.910372 -2.706529 -2.329458 
526427925995884 8.022625 -1.151561 -1.565741 
526427946566249 9.383670 -0.718230 -4.397959 
526427967137029 11.130165 -2.923195 -0.629648 
526427987708384 9.410006 -4.052012 -3.798238 
526428008278958 10.358068 -4.563152 -5.101825 
526428028850103 9.447113 -2.651464 -1.191064 
526428049421145 5.502836 -4.068771 -3.840134 
526428069992186 7.846659 -1.717766 -3.258368 
526428090562707 12.223071 -2.232497 -2.373749 
526428111134687 10.632193 -4.713981 -2.102019 
526428131703696 7.714983 -4.630187 -1.447233 
526428152274374 6.593348 -4.388383 -2.708923 
526428172845937 6.929719 -3.441517 -2.139127 
526428193416353 11.264235 -1.173108 -1.829092 
526428213987707 9.729617 -1.466385 -1.936826 
526428234558800 6.936901 -3.882031 -2.710120 
526428255130050 8.830633 -5.859557 -2.750819 
526428275700885 9.983392 -4.474570 -3.400817 
526428296272499 11.308525 -3.418773 -3.258368 
526428316843019 11.784951 -3.166196 -3.421167 
526428337414113 14.293966 -2.562883 -2.918406 
526428357985832 17.354822 -2.853765 -2.634706 
526428378555832 18.526733 -3.525311 -2.819051 
526428399126874 19.138424 -4.894735 -4.412324 
526428419698124 16.544418 -8.745643 -1.888944 
526428440268384 10.237166 2.752017 6.747767 
526428460840519 -6.223460 -4.784606 -5.357993 
526428481411978 -9.664977 -2.213344 -5.469318 
526428501982498 -6.751359 -0.621269 -6.989572 
526428522552759 5.292155 2.501833 -5.695560 
526428543124217 6.817196 -0.914546 -6.401820 
526428563698956 5.298141 -3.403212 -4.921070 
526428584266613 -0.914546 -1.443642 -13.581722 
526428604838437 -4.341698 7.353474 -2.822642 
526428625408540 4.160944 -7.155962 1.912885 
526428645980520 21.622303 -5.806887 -5.866739 
526428666550831 18.963657 2.084063 -14.660263 
526428687121822 6.783679 -5.653664 -11.039188 
526428707692343 7.653934 -5.216742 -4.281846 
526428728264216 6.942886 -5.439393 -5.697955 
526428748834270 8.654667 -5.289761 -6.192337 
526428769405937 12.069849 -5.730275 -4.002933 
526428789976196 13.750505 -2.616750 -7.615628 
526428810548280 12.688724 0.891802 -13.169937 
526428831118749 10.329339 -2.520986 -7.468391 
526428851689738 11.605393 -1.799165 -4.454221 
526428872260311 9.048496 0.077808 -9.484222 
526428892831456 -0.931305 -1.315557 -9.577592 
526428913402759 2.854963 -3.156619 -7.606051 
526428933974738 3.992160 -2.790322 -4.492526 
526428954544165 -4.243540 0.221454 -3.769508 
526428975115206 -2.082866 1.540602 -7.546199 
526428995689113 0.090976 0.767309 -6.471249 
526429016258591 3.971810 -1.071359 -11.156500 
526429036828436 13.106494 -0.341159 -10.768656 
526429057399582 8.100433 -2.177433 -4.298604 
526429077970987 5.317293 -2.724484 -6.259371 
526429098542186 4.555970 -2.944742 -11.076298 
526429119112342 6.420973 0.977989 -10.739926 
526429139688957 4.328530 -1.778815 -5.815266 
526429160255311 0.282504 -6.733403 -3.163802 
526429180825467 1.191064 -5.744640 -9.518936 
526429201397029 6.802832 1.477159 -13.122055 
526429221967811 8.069309 1.198246 -8.093251 
526429242539842 2.888480 -6.825576 -5.589024 
526429263109686 1.420898 -8.548130 -5.280185 
526429283680780 4.563152 -4.617020 -2.622735 
526429304252029 10.684862 -0.286095 -4.536817 
526429324824113 11.749040 -0.799629 -5.842798 
526429345394061 12.493605 -4.770242 -8.566086 
526429365965102 10.206043 -5.030002 -8.800707 
526429386535363 7.877782 -5.383131 -9.521330 
526429407106248 7.194267 -4.830094 -7.140400 
526429427677758 8.545735 -4.848050 -5.220332 
526429448248488 11.796921 -2.808278 -4.184885 
526429468819999 14.923615 -1.347878 -5.809280 
526429489391873 16.459431 -2.335443 -5.790128 
526429509963176 16.704823 -4.250722 -4.034057 
526429530534582 15.267168 -6.143257 -3.088387 
526429551105466 15.646632 -6.841137 -3.934701 
526429571675311 15.380888 -8.254852 -5.501639 
526429592246091 -1.793180 -10.970958 -1.379001 
526429612816769 -13.400968 -10.943426 0.292080 
526429633387654 -3.992160 -1.398154 -9.578789 
526429653959112 3.764720 2.471907 -6.987177 
526429674529998 5.439393 0.459667 -3.996948 
526429695100884 7.369036 -1.272463 -4.959375 
526429715671977 7.251725 -3.017762 -4.200446 
526429736242811 7.457618 -2.783140 -3.483414 
526429756814165 10.164146 -1.442444 -1.070162 
526429777385102 13.072977 0.830752 -6.946477 
526429797955988 11.720310 2.131945 -12.575004 
526429818527082 8.205774 -1.660307 -5.126963 
526429839098695 8.515809 -2.599991 -4.114259 
526429859669165 7.232573 -3.021353 -4.119047 
526429880240467 9.686523 -0.841526 -4.184885 
526429900811404 12.290106 2.957909 -7.359460 
526429921383175 10.982928 0.478820 -5.529171 
526429941954112 7.511485 -3.111131 -4.038845 
526429962524633 6.813605 -2.562883 -3.668956 
526429983095467 7.766457 -2.658647 -4.290225 
526430003667186 8.554114 -1.618411 -4.468585 
526430024237967 9.500980 -2.139127 -5.057533 
526430044810727 8.770781 -3.440320 -2.835810 
526430065380311 12.573807 -2.189403 -2.880101 
526430085950519 14.265238 -0.472834 -4.614625 
526430106521613 12.110548 -1.976329 -4.380003 
526430127093280 8.819860 -2.450360 -4.122638 
526430147663748 7.318760 -3.725218 -4.083136 
526430168234842 11.000884 -3.812602 -3.709656 
526430188805883 11.772982 -4.606246 -2.640691 
526430209377029 7.993896 -6.592151 -3.400817 
526430229948070 3.849711 -6.687915 -3.610301 
526430250519530 4.196855 -3.682124 -3.684518 
526430271090727 4.844459 -0.362706 -4.397960 
526430291661768 5.846389 -1.005522 -6.504766 
526430312233123 3.502566 -2.451557 -8.081280 
526430332803956 2.497045 -4.029268 -6.144454 
526430353375154 5.475304 -8.970688 -5.392707 
526430373945155 9.741588 -7.299607 -1.797968 
526430394516351 9.800243 -1.216202 -5.861951 
526430415087342 10.908710 -0.658377 -9.427961 
526430435658487 9.492601 -2.752017 -7.973546 
526430456229529 6.081011 -4.134609 -5.726685 
526430476800518 5.624935 -5.330461 -3.702474 
526430497371456 6.848320 -2.256438 -6.023553 
526430517942706 7.880177 0.301656 -7.995092 
526430538513539 6.726220 -1.414912 -7.282848 
526430559084737 6.632851 -9.198128 -7.612037 
526430579655571 4.974937 -8.192606 -5.474107 
526430600226717 4.528438 -6.702279 -5.948138 
526430620797706 5.565083 -6.321618 -4.436265 
526430641369216 8.673820 -8.440395 -2.432404 
526430661939685 9.053285 -5.231106 -3.046491 
526430682511456 7.269681 -4.402748 -5.498048 
526430703082029 5.685985 -3.261960 -5.356796 
526430723653123 5.164071 -4.050815 -5.165268 
526430744223904 4.761863 -4.548787 -4.555970 
526430764795050 7.790397 -4.681660 -7.047029 
526430785366143 8.020231 -4.277058 -3.818588 
526430805937133 7.944817 -5.516004 -4.470979 
526430826508175 7.533031 -2.301926 -8.305128 
526430847079580 8.252459 -4.856429 -5.996020 
526430867650363 8.403286 -4.532029 -0.697880 
526430888221248 7.954393 -5.093445 1.497509 
526430908792341 9.299877 -4.901917 -3.543266 
526430929363695 11.732281 -5.544733 -7.736530 
526430949934529 8.539750 -4.739119 -0.810402 
526430970505934 7.375021 -4.522452 -2.967485 
526430991076613 2.932771 -12.950876 -4.473373 
526431011647862 3.855696 -5.117386 -1.477159 
526431032218695 9.699692 -4.093909 -3.295477 
526431052789789 13.295628 -4.038845 -2.847780 
526431073360883 11.847198 -4.541605 -2.147506 
526431093932028 10.182102 -2.254044 -0.153222 
526431114503331 10.362856 -1.443642 -1.588484 
526431135073956 9.716450 -2.529365 -3.518128 
526431155646663 6.078617 -5.307716 -3.852105 
526431176216091 4.334516 -6.345559 -2.975865 
526431196787497 6.884231 -6.817196 -3.149437 
526431217358280 8.453562 -7.364248 -3.253580 
526431237929320 8.575662 -7.837082 -1.185079 
526431258500206 7.624007 -8.921609 -1.912885 
526431279071508 1.972737 -7.300804 -0.690697 
526431299641715 3.259565 -11.465338 1.592076 
526431320213487 10.829706 -6.046296 -6.698689 
526431340784321 14.156305 -0.763717 -6.602924 
526431361355987 6.134878 -9.302271 -2.031393 
526431381926612 4.559561 -9.589562 -0.392632 
526431402497707 5.992429 -8.989841 -2.018225 
526431423068747 14.703358 -6.066646 -2.729273 
526431443639789 21.811438 -3.179363 -1.706992 
526431464210727 17.418266 -6.440125 -0.039503 
526431484782028 12.124913 -9.347758 0.952851 
526431505353018 8.564888 -8.466730 1.455612 
526431525924060 9.617094 -5.111401 1.303587 
526431546495102 11.783754 -1.163532 1.062980 
526431567066664 11.576664 1.341892 1.613623 
526431587637237 8.550524 0.161602 2.030196 
526431608208384 4.824109 -0.597328 1.928447 
526431628779528 4.435068 -0.624860 2.028999 
526431649350830 5.615358 -0.052670 2.218132 
526431669921508 6.121710 0.354327 5.567476 
526431690492548 4.955785 -1.593273 6.914157 
526431711063695 4.219599 -1.194655 6.978798 
526431731635154 4.634975 0.570993 5.256244 
526431752205831 5.498048 1.971540 2.096034 
526431772777080 5.759005 2.469513 0.165193 
526431793348122 4.453024 3.024944 2.078078 
526431813919217 4.611034 2.409661 5.378343 
526431834489945 3.799435 2.044560 6.936901 
526431855061143 4.330925 2.031393 7.402553 
526431875632237 5.110204 3.477428 7.396568 
526431896203174 6.205503 4.627793 7.035059 
526431916774372 6.565816 5.363978 7.124838 
526431937345466 6.167198 5.759005 8.171059 
526431957916665 6.616092 3.868864 8.894076 
526431978487289 5.428619 3.075220 10.082747 
526431999058643 3.631848 2.520986 9.662582 
526432019629581 2.736455 2.443178 8.173453 
526432040200986 3.074023 2.730470 5.678802 
526432060771508 2.629918 4.370427 4.128623 
526432081342914 3.514537 5.391510 7.219405 
526432101913799 3.075220 3.139861 8.783948 
526432122484945 1.881762 2.313896 9.376488 
526432143056143 0.763717 1.788392 6.364712 
526432163627237 0.101749 2.933968 4.341698 
526432184198226 1.744101 4.602654 6.757344 
526432204769007 1.972737 5.147312 10.221604 
526432225340101 -0.056261 3.858090 9.316635 
526432245911612 -1.489129 2.614356 9.791864 
526432266482445 -2.520986 1.844653 10.923076 
526432287053539 -3.160210 2.430010 12.776108 
526432307624893 -2.497045 3.696488 12.363126 
526432328196039 -1.086921 4.773832 10.620222 
526432348766611 0.701471 6.983586 8.241685 
526432369337758 0.977989 7.194267 6.991965 
526432389908851 0.016759 5.694364 6.256977 
526432410479840 -0.016759 5.848783 7.369036 
526432431051195 3.299068 8.329069 8.629528 
526432451622132 7.594081 9.524921 7.615628 
526432472193278 5.706334 6.393441 9.760740 
526432492763956 3.198516 5.581841 8.631923 
526432513335049 1.389774 5.417846 9.477039 
526432533906143 0.622466 4.298604 9.876854 
526432554477341 1.144379 4.129821 9.942692 
526432575048019 0.960034 4.457812 9.506967 
526432595619319 1.162335 5.009652 7.874190 
526432616190622 1.896126 5.572265 6.847122 
526432636761820 2.007452 6.009188 7.066183 
526432657332445 1.951190 5.676408 8.171059 
526432677903747 2.079275 5.568674 8.368572 
526432698474685 2.261226 5.444180 7.960378 
526432719045831 2.795110 5.447772 7.839476 
526432739616716 2.504227 5.505230 8.240488 
526432760188070 2.323473 5.533959 7.590490 
526432780759007 2.110398 5.650073 7.565352 
526432801330049 1.930841 5.656058 7.509090 
526432821901247 1.690234 5.769778 7.418115 
526432842472289 2.084063 6.037917 7.361854 
526432863043121 2.147506 6.028341 7.518667 
526432883614684 1.912885 5.925394 8.075295 
526432904185362 1.422095 5.867936 8.436804 
526432924756300 1.899717 5.797310 8.555312 
526432945327444 2.198980 5.822448 8.153103 
526432965898643 2.281576 5.992429 7.815536 
526432986469476 2.388113 5.712319 7.510288 
526433007040570 0.476426 5.921803 7.499515 
526433027611560 -0.201104 6.984783 7.087729 
526433048182914 1.307178 6.646018 6.679535 
526433068753850 1.748889 6.314435 6.824378 
526433089325153 1.267675 6.289297 6.830364 
526433109895883 1.432868 6.042705 7.316366 
526433130467445 1.416109 6.053479 7.519864 
526433151038070 1.432868 6.076222 8.021428 
526433171609268 1.496312 6.092981 8.074099 
526433192180310 1.441247 6.169592 7.913693 
526433212751402 1.296404 6.185154 7.896935 
526433233322081 1.151561 6.181563 7.868206 
526433253893382 0.963625 6.183957 7.638372 
526433274464371 1.230567 6.307253 7.567746 
526433295035518 1.294010 6.292889 7.331927 
526433315606716 1.317951 6.146849 7.686254 
526433336177496 1.440050 6.033129 7.924467 
526433356748590 1.204232 5.994823 8.019033 
526433377319788 1.250916 6.003202 7.825112 
526433397891404 1.237749 6.126499 7.539017 
526433418462340 1.274858 6.162410 7.772441 
526433439034111 1.197049 6.213883 8.218941 
526433459604372 1.260493 6.158819 8.127966 
526433480175673 1.311966 6.163608 7.748501 
526433500746611 1.321543 6.079814 7.451632 
526433521317549 1.210217 6.067843 7.468391 
526433541888746 1.278449 6.049888 7.704210 
526433562459580 1.256902 6.092981 7.779624 
526433583031351 1.289222 6.151637 7.797580 
526433603601976 1.259296 6.118119 7.826309 
526433624173225 1.203035 6.134878 7.871797 
526433644744632 1.137197 6.072631 7.810747 
526433665314945 1.219793 6.058267 7.761668 
526433685886194 1.305981 6.116922 7.764062 
526433706457444 1.226976 6.090587 7.917284 
526433727028799 1.315557 6.136075 7.920876 
526433747599423 1.283237 6.106149 7.679071 
526433768170309 1.144379 6.097770 7.503105 
526433788741924 1.061783 6.142060 7.628796 
526433809312757 1.144379 6.156425 7.778427 
526433829883434 1.279646 6.154031 7.971152 
526433850454788 1.365833 6.158819 7.934043 
526433871025674 1.222187 6.090587 7.820323 
526433891596767 1.145576 6.058267 7.764062 
526433912167705 1.173108 6.085799 7.653934 
526433932739112 1.256902 6.174381 7.669496 
526433953309996 1.265281 6.192337 7.749698 
526433973881038 1.176699 6.187548 7.744909 
526433994452288 1.122832 6.155228 7.717378 
526434015023069 1.188670 6.148046 7.632387 
526434035594215 1.204232 6.149243 7.619219 
526434056165049 1.209020 6.131287 7.735333 
526434076736298 1.192261 6.156425 7.874190 
526434097307236 1.249720 6.134878 7.955590 
526434117878329 1.232961 6.139667 7.703012 
526434138449684 1.102483 6.121711 7.890949 
526434159020881 1.101285 6.089390 7.667101 
526434179591455 0.794841 6.424564 6.784876 
526434200163279 0.754141 6.314435 7.756880 
526434220733590 1.004324 6.526313 9.001811 
526434241305414 1.768042 6.312041 9.026949 
526434261875726 1.601652 6.205504 6.808817 
526434282447079 1.023477 6.009188 5.737458 
526434303018433 0.854693 5.810477 7.110474 
