# Created at Thu Nov 07 19:33:01 EST 2019 in Burnaby Canada 
526424968916510 0.644699 -0.484831 0.547529 0.222518 
526424989486823 0.644718 -0.485034 0.547548 0.221974 
526425010057760 0.644684 -0.485235 0.547582 0.221549 
526425030628438 0.644703 -0.485418 0.547510 0.221268 
526425051199428 0.644861 -0.485639 0.547235 0.221005 
526425071770417 0.645055 -0.485811 0.546922 0.220836 
526425092341407 0.645272 -0.485852 0.546683 0.220702 
526425112912395 0.645514 -0.485845 0.546455 0.220575 
526425133483385 0.645679 -0.485902 0.546282 0.220394 
526425154054323 0.645751 -0.486006 0.546188 0.220189 
526425174625313 0.645867 -0.486202 0.545970 0.219954 
526425195196198 0.645840 -0.486379 0.545919 0.219768 
526425215767188 0.645812 -0.486505 0.545910 0.219594 
526425236338176 0.645799 -0.486583 0.545899 0.219489 
526425256909166 0.645756 -0.486649 0.545930 0.219391 
526425277480156 0.645712 -0.486690 0.545972 0.219325 
526425298051093 0.645672 -0.486671 0.546030 0.219339 
526425318622292 0.645604 -0.486637 0.546131 0.219363 
526425339192916 0.645603 -0.486548 0.546223 0.219333 
526425359763906 0.645722 -0.486459 0.546187 0.219274 
526425380335000 0.645809 -0.486345 0.546181 0.219286 
526425400905729 0.645842 -0.486324 0.546146 0.219324 
526425421477187 0.645893 -0.486338 0.546074 0.219320 
526425442048177 0.645879 -0.486316 0.546100 0.219344 
526425462618698 0.645828 -0.486302 0.546172 0.219348 
526425483189688 0.645784 -0.486334 0.546217 0.219294 
526425503760572 0.645786 -0.486389 0.546194 0.219223 
526425524331510 0.645806 -0.486429 0.546152 0.219177 
526425544902709 0.645821 -0.486424 0.546135 0.219188 
526425565473646 0.645810 -0.486403 0.546157 0.219212 
526425586044479 0.645768 -0.486337 0.546236 0.219285 
526425606615416 0.645743 -0.486317 0.546275 0.219304 
526425627186354 0.645728 -0.486324 0.546293 0.219291 
526425647757291 0.645729 -0.486338 0.546287 0.219273 
526425668328333 0.645751 -0.486399 0.546235 0.219201 
526425688899322 0.645754 -0.486416 0.546224 0.219179 
526425709470312 0.645746 -0.486436 0.546228 0.219151 
526425730041301 0.645725 -0.486428 0.546258 0.219155 
526425750611510 0.645737 -0.486412 0.546249 0.219179 
526425771182447 0.645823 -0.486391 0.546145 0.219232 
526425791754583 0.645949 -0.486384 0.545968 0.219315 
526425812325520 0.645891 -0.486184 0.546117 0.219561 
526425832896771 0.645795 -0.485903 0.546434 0.219675 
526425853467761 0.645882 -0.485657 0.546571 0.219621 
526425874039739 0.646108 -0.485487 0.546453 0.219628 
526425894610729 0.646344 -0.485246 0.546331 0.219767 
526425915179843 0.646461 -0.484850 0.546438 0.220029 
526425935750781 0.646667 -0.484440 0.546499 0.220180 
526425956322135 0.646871 -0.484043 0.546557 0.220309 
526425976893073 0.647041 -0.483686 0.546674 0.220304 
526425997463906 0.647389 -0.483434 0.546515 0.220230 
526426018037187 0.647579 -0.483170 0.546454 0.220399 
526426038608124 0.647519 -0.482784 0.546721 0.220762 
526426059179114 0.647481 -0.482540 0.546943 0.220857 
526426079747551 0.647472 -0.482414 0.547123 0.220708 
526426100318385 0.647513 -0.482242 0.547294 0.220541 
526426120889322 0.647577 -0.482069 0.547427 0.220404 
526426141460468 0.647636 -0.481946 0.547522 0.220263 
526426162031406 0.647610 -0.481977 0.547599 0.220079 
526426182603802 0.647551 -0.482214 0.547605 0.219716 
526426203174740 0.647669 -0.482652 0.547290 0.219195 
526426223744113 0.647809 -0.483114 0.546858 0.218838 
526426244315103 0.647915 -0.483564 0.546427 0.218608 
526426264886562 0.647947 -0.483903 0.546147 0.218462 
526426285457552 0.647918 -0.484223 0.545958 0.218313 
526426306029895 0.647883 -0.484489 0.545793 0.218237 
526426326600885 0.647847 -0.484646 0.545693 0.218246 
526426347172134 0.647839 -0.484780 0.545623 0.218149 
526426367743124 0.647835 -0.484849 0.545628 0.217994 
526426388313541 0.647778 -0.484783 0.545801 0.217877 
526426408884531 0.647713 -0.484673 0.546039 0.217717 
526426429453802 0.647660 -0.484616 0.546219 0.217553 
526426450024791 0.650203 -0.486462 0.542273 0.215712 
526426470595885 0.648045 -0.487328 0.543150 0.218031 
526426491166822 0.649072 -0.489543 0.540103 0.217581 
526426511737656 0.649205 -0.490074 0.539459 0.217588 
526426532308593 0.648147 -0.489358 0.541194 0.218042 
526426552880312 0.649670 -0.489859 0.539455 0.216692 
526426573453280 0.650537 -0.490610 0.537750 0.216631 
526426594023073 0.651556 -0.492677 0.534860 0.216031 
526426614594063 0.651543 -0.493356 0.534075 0.216462 
526426635163645 0.649020 -0.492097 0.537489 0.218447 
526426655734635 0.647479 -0.490454 0.540680 0.218841 
526426676305520 0.647718 -0.489523 0.541334 0.218601 
526426696876458 0.647455 -0.490175 0.541387 0.217786 
526426717449531 0.648417 -0.490128 0.540921 0.216182 
526426738020521 0.647868 -0.487537 0.543090 0.218239 
526426758591405 0.645618 -0.488650 0.543547 0.221257 
526426779161718 0.643796 -0.492148 0.542039 0.222510 
526426799732708 0.642307 -0.492662 0.543044 0.223224 
526426820304010 0.639265 -0.489844 0.547760 0.226607 
526426840875000 0.638063 -0.486978 0.551442 0.227245 
526426861445780 0.637635 -0.485160 0.553723 0.226789 
526426882016770 0.637741 -0.483240 0.555087 0.227253 
526426902586406 0.638535 -0.482910 0.553907 0.228601 
526426923157396 0.639454 -0.483679 0.551844 0.229395 
526426943728593 0.641174 -0.486245 0.547699 0.229100 
526426964299322 0.641642 -0.488400 0.545299 0.228932 
526426984870729 0.641163 -0.488401 0.546005 0.228591 
526427005441718 0.640527 -0.487799 0.547645 0.227731 
526427026014530 0.639755 -0.487331 0.549135 0.227318 
526427046584687 0.639298 -0.487171 0.549749 0.227461 
526427067154479 0.639587 -0.487220 0.549669 0.226735 
526427087725102 0.642144 -0.490174 0.545774 0.222513 
526427108297135 0.643674 -0.493133 0.542644 0.219182 
526427128868125 0.643453 -0.494602 0.541972 0.218182 
526427149438645 0.642955 -0.494247 0.542879 0.218196 
526427170009635 0.642129 -0.492546 0.544900 0.219437 
526427190580728 0.641555 -0.489499 0.547275 0.222009 
526427211151718 0.641065 -0.487367 0.548751 0.224456 
526427231721874 0.639913 -0.487182 0.550203 0.224593 
526427252292864 0.638941 -0.489203 0.550414 0.222438 
526427272864009 0.639783 -0.490834 0.548526 0.221086 
526427293434946 0.640345 -0.491042 0.547714 0.221009 
526427314007239 0.641021 -0.490448 0.547457 0.221006 
526427334578228 0.644545 -0.488311 0.544688 0.222327 
526427355149530 0.648675 -0.484879 0.542046 0.224273 
526427375720467 0.651217 -0.480207 0.541610 0.227982 
526427396291353 0.654786 -0.473788 0.540599 0.233525 
526427416862395 0.660399 -0.467338 0.537971 0.236761 
526427437433488 0.667839 -0.463756 0.531599 0.237327 
526427458004478 0.672953 -0.461856 0.528175 0.234210 
526427478574947 0.678247 -0.465091 0.522391 0.225344 
526427499145416 0.687279 -0.473457 0.508679 0.211499 
526427519716406 0.696767 -0.483179 0.490419 0.201352 
526427540287811 0.698974 -0.485448 0.485613 0.199889 
526427560858801 0.697421 -0.484873 0.488300 0.200163 
526427581430727 0.691963 -0.482334 0.497013 0.203765 
526427602001717 0.679511 -0.477076 0.516480 0.209552 
526427622573333 0.667957 -0.476685 0.532107 0.208487 
526427643144322 0.668007 -0.484660 0.527193 0.202333 
526427663714010 0.665644 -0.493208 0.524405 0.196631 
526427684285051 0.664082 -0.502999 0.520804 0.186413 
526427704856665 0.657206 -0.516581 0.520868 0.172974 
526427725427655 0.648130 -0.528003 0.523368 0.165002 
526427745998332 0.644993 -0.532600 0.523387 0.162442 
526427766569322 0.648507 -0.535616 0.517218 0.158239 
526427787140676 0.652090 -0.538605 0.511280 0.152563 
526427807711666 0.652067 -0.540222 0.511627 0.145627 
526427828281718 0.647143 -0.537742 0.521704 0.140938 
526427848852707 0.639528 -0.532107 0.536588 0.141207 
526427869423280 0.634815 -0.529360 0.543775 0.145250 
526427889994269 0.632517 -0.535283 0.541410 0.142375 
526427910566978 0.629074 -0.536545 0.544463 0.141231 
526427931137968 0.621288 -0.537694 0.550505 0.147753 
526427951709113 0.613531 -0.537892 0.556218 0.157713 
526427972280103 0.603266 -0.528908 0.571994 0.170732 
526427992850832 0.592968 -0.523315 0.585038 0.179610 
526428013421822 0.589452 -0.516169 0.592400 0.187560 
526428033992916 0.591191 -0.500471 0.599234 0.202338 
526428054563905 0.596545 -0.491278 0.599228 0.209061 
526428075134426 0.601018 -0.488172 0.598087 0.206777 
526428095706457 0.606203 -0.490077 0.591110 0.207200 
526428116275103 0.612310 -0.491516 0.583484 0.207447 
526428136846093 0.612058 -0.487864 0.585987 0.209745 
526428157417082 0.614402 -0.487152 0.584121 0.209756 
526428177988072 0.620057 -0.492901 0.574670 0.205746 
526428198559582 0.621946 -0.493785 0.571123 0.207793 
526428219130779 0.620686 -0.491583 0.572582 0.212707 
526428239701769 0.619517 -0.488516 0.575705 0.214744 
526428260273228 0.620361 -0.487416 0.576070 0.213825 
526428280844218 0.622987 -0.490626 0.571453 0.211222 
526428301414843 0.626542 -0.494725 0.565123 0.208157 
526428321985832 0.631821 -0.498774 0.556640 0.205376 
526428342556561 0.638745 -0.499986 0.547209 0.206352 
526428363127550 0.647785 -0.497575 0.536700 0.211531 
526428383698853 0.659255 -0.491994 0.524795 0.218896 
526428404269843 0.678782 -0.485894 0.500842 0.228734 
526428424840207 0.694818 -0.472903 0.483968 0.243651 
526428445412238 0.711274 -0.453887 0.469256 0.260528 
526428465983228 0.734979 -0.435110 0.452529 0.256326 
526428486554217 0.747928 -0.426767 0.441703 0.251739 
526428507124946 0.753136 -0.429047 0.433626 0.246321 
526428527695935 0.752535 -0.432982 0.431079 0.245739 
526428548267342 0.759823 -0.428739 0.424908 0.241464 
526428568838332 0.780658 -0.418617 0.406752 0.223354 
526428589409269 0.804506 -0.418584 0.377331 0.187556 
526428609980259 0.800367 -0.443667 0.364465 0.172445 
526428630551561 0.776922 -0.474473 0.379202 0.165754 
526428651122550 0.752243 -0.497555 0.396192 0.172054 
526428671693072 0.744878 -0.516692 0.386481 0.169760 
526428692264061 0.747168 -0.534327 0.366003 0.149254 
526428712834999 0.746658 -0.550517 0.351907 0.124875 
526428733405989 0.742435 -0.566101 0.343675 0.101027 
526428753976925 0.732341 -0.580083 0.346057 0.086161 
526428774547967 0.719288 -0.588041 0.360943 0.080966 
526428795119426 0.712340 -0.589408 0.371277 0.085581 
526428815690467 0.716077 -0.588962 0.361377 0.098814 
526428836260988 0.723698 -0.583525 0.349126 0.117777 
526428856832030 0.735475 -0.569944 0.337499 0.142600 
526428877403488 0.756193 -0.550797 0.314853 0.160193 
526428897974478 0.779290 -0.532135 0.288510 0.162179 
526428918546456 0.796075 -0.521842 0.261084 0.160560 
526428939115935 0.805706 -0.516568 0.242414 0.158839 
526428959686925 0.812405 -0.512614 0.232555 0.152131 
526428980259268 0.814303 -0.514190 0.228222 0.142950 
526429000830310 0.810588 -0.518682 0.235857 0.135236 
526429021400207 0.804418 -0.527209 0.240605 0.130651 
526429041971300 0.799472 -0.536539 0.235110 0.133024 
526429062542915 0.799047 -0.536680 0.237460 0.130818 
526429083113957 0.797397 -0.535168 0.249373 0.124764 
526429103689634 0.792767 -0.542171 0.254298 0.113582 
526429124260676 0.787039 -0.551803 0.253876 0.107852 
526429144826197 0.780501 -0.559162 0.260405 0.101711 
526429165397238 0.768274 -0.568370 0.281155 0.087545 
526429185968488 0.751374 -0.585998 0.295671 0.067998 
526429206539529 0.737462 -0.605387 0.294497 0.054140 
526429227110415 0.729380 -0.614968 0.296556 0.043292 
526429247681457 0.718964 -0.623204 0.307070 0.020397 
526429268252706 -0.700597 0.634454 -0.326496 0.005688 
526429288823748 -0.673488 0.646504 -0.357666 0.022812 
526429309394738 -0.644503 0.653680 -0.396121 0.020152 
526429329965779 -0.619697 0.651727 -0.437266 0.005092 
526429350536040 0.598846 -0.646338 0.472660 0.014963 
526429371107134 0.581227 -0.642013 0.498604 0.037270 
526429391678435 0.569818 -0.640330 0.511953 0.056472 
526429412249477 0.565714 -0.635791 0.520155 0.071948 
526429432820207 0.564295 -0.626054 0.530797 0.088777 
526429453391717 0.568326 -0.609171 0.541414 0.113074 
526429473963853 0.581433 -0.586480 0.545497 0.142864 
526429494534895 0.604104 -0.558943 0.540284 0.175313 
526429515106143 0.634874 -0.528499 0.524738 0.205603 
526429535677185 0.669793 -0.493968 0.504002 0.230986 
526429556246821 0.705638 -0.455777 0.477458 0.257635 
526429576817810 0.737924 -0.418945 0.445410 0.285593 
526429597388331 0.752601 -0.396508 0.430386 0.301897 
526429617959373 0.761915 -0.394902 0.419337 0.296132 
526429638530727 0.770280 -0.396779 0.406580 0.289702 
526429659101561 0.771399 -0.401864 0.399585 0.289447 
526429679672603 0.771194 -0.405725 0.397738 0.287144 
526429700243540 0.772090 -0.408037 0.398185 0.280771 
526429720814582 0.772617 -0.412968 0.399490 0.270054 
526429741385623 0.775648 -0.419374 0.397300 0.254262 
526429761956821 0.776269 -0.425582 0.399685 0.237777 
526429782527759 0.775730 -0.418583 0.411860 0.231090 
526429803098800 0.776349 -0.414062 0.416559 0.228722 
526429823669842 0.773370 -0.422526 0.418119 0.220332 
526429844240884 0.766229 -0.430239 0.427937 0.211323 
526429864812081 0.754076 -0.439638 0.443972 0.202426 
526429885383123 0.741973 -0.449946 0.456199 0.197249 
526429905954789 0.734273 -0.461216 0.457859 0.196185 
526429926525830 0.726791 -0.468612 0.462188 0.196368 
526429947096144 0.717969 -0.472869 0.473392 0.191876 
526429967667186 0.704028 -0.477574 0.491242 0.186943 
526429988238644 0.687063 -0.486182 0.507781 0.183657 
526430008809686 0.670741 -0.497908 0.518942 0.181360 
526430029380988 0.659231 -0.510217 0.524414 0.173446 
526430049952029 0.645377 -0.518234 0.536757 0.163746 
526430070522290 0.629344 -0.528786 0.546974 0.158529 
526430091093332 0.616198 -0.542820 0.548367 0.157925 
526430111664425 0.610016 -0.551425 0.547324 0.155715 
526430132235467 0.610246 -0.554728 0.545330 0.149972 
526430152806560 0.614383 -0.556550 0.540803 0.142541 
526430173377601 0.622736 -0.552253 0.536107 0.140735 
526430193948747 0.634824 -0.541936 0.530770 0.146926 
526430214519789 0.649850 -0.532310 0.520792 0.152042 
526430235091404 0.667628 -0.526781 0.505121 0.147065 
526430255662446 0.684660 -0.524479 0.488654 0.131831 
526430276233800 0.693306 -0.521560 0.483248 0.117361 
526430296804841 0.692083 -0.526032 0.482273 0.108284 
526430317375831 0.693582 -0.536702 0.471851 0.090835 
526430337946873 0.699698 -0.543932 0.458421 0.066406 
526430358517028 0.701880 -0.549640 0.451103 0.042026 
526430379088019 0.699878 -0.551351 0.453341 0.025799 
526430399659061 0.698035 -0.558118 0.448437 0.012457 
526430420230205 0.697179 -0.568249 0.437061 0.003538 
526430440801196 -0.699676 0.577275 -0.420945 0.003586 
526430461372081 -0.702547 0.585053 -0.405063 0.008059 
526430481943175 -0.702429 0.587754 -0.401324 0.008855 
526430502514216 -0.699982 0.585611 -0.408732 0.004793 
526430523085258 0.696835 -0.578891 0.423402 0.006041 
526430543656249 0.690895 -0.571501 0.442471 0.016423 
526430564227290 0.684371 -0.563624 0.462096 0.020783 
526430584798383 0.681267 -0.550439 0.481953 0.024788 
526430605369425 0.680799 -0.540499 0.493694 0.025291 
526430625940362 0.684500 -0.531263 0.498650 0.023817 
526430646511404 0.688053 -0.524450 0.500962 0.023902 
526430667083227 0.692656 -0.519484 0.499675 0.026254 
526430687653747 0.701715 -0.515765 0.490854 0.025401 
526430708224581 0.714909 -0.511419 0.476303 0.022153 
526430728795623 0.726916 -0.505772 0.464243 0.016313 
526430749366820 0.730901 -0.494307 0.470419 0.012257 
526430769937862 0.728105 -0.487918 0.481164 0.016773 
526430790508852 0.721817 -0.481197 0.496883 0.023169 
526430811079893 0.717728 -0.470589 0.512581 0.025925 
526430831650988 0.716474 -0.455464 0.527623 0.028823 
526430852222082 0.712356 -0.440987 0.544525 0.039657 
526430872793018 0.702885 -0.435804 0.559626 0.053326 
526430893364060 0.692969 -0.430091 0.575537 0.059751 
526430913935206 0.688483 -0.419935 0.588173 0.060862 
526430934506247 0.689194 -0.411738 0.593127 0.060717 
526430955077238 0.681531 -0.397064 0.611324 0.064318 
526430975648332 0.673094 -0.392457 0.623639 0.063258 
526430996219372 0.674269 -0.397011 0.620591 0.051105 
526431016790414 0.675306 -0.394281 0.622673 0.027970 
526431037361508 0.678737 -0.386497 0.624445 0.002214 
526431057932549 -0.685088 0.375151 -0.624297 0.013037 
526431078504008 -0.687981 0.366821 -0.625938 0.018059 
526431099074633 -0.682133 0.364483 -0.633674 0.017430 
526431119645675 -0.674897 0.368182 -0.639299 0.015901 
526431140216716 -0.673225 0.374014 -0.637565 0.019823 
526431160787758 -0.676633 0.382787 -0.627907 0.037081 
526431181358957 -0.680037 0.391168 -0.616669 0.065246 
526431201929998 -0.684946 0.395312 -0.604306 0.096903 
526431222500883 -0.689529 0.398396 -0.591155 0.127934 
526431243071925 -0.690915 0.395389 -0.585221 0.154335 
526431263642340 -0.694741 0.386252 -0.581503 0.173201 
526431284213434 -0.689594 0.379786 -0.585599 0.193120 
526431304784998 -0.671914 0.382778 -0.600216 0.204335 
526431325356039 -0.657848 0.399856 -0.609375 0.189767 
526431345927654 -0.653295 0.405699 -0.614605 0.175712 
526431366498331 -0.647404 0.400886 -0.623574 0.176959 
526431387069372 -0.633897 0.403257 -0.636418 0.174728 
526431407640414 -0.619947 0.411924 -0.646813 0.166183 
526431428211404 -0.615043 0.407527 -0.658586 0.148022 
526431448782446 -0.615001 0.386609 -0.677551 0.115026 
526431469353643 -0.609790 0.358945 -0.702523 0.076005 
526431489924685 -0.597327 0.330107 -0.729918 0.038068 
526431510495779 -0.580875 0.306282 -0.754165 0.003257 
526431531066820 0.570793 -0.280839 0.771068 0.027906 
526431551637862 0.572316 -0.248210 0.779360 0.058703 
526431572208956 0.578429 -0.209345 0.782928 0.092837 
526431592780153 0.575721 -0.169615 0.789018 0.131253 
526431613351247 0.561137 -0.137702 0.797383 0.174196 
526431633922133 0.542256 -0.113231 0.803429 0.218262 
526431654493174 0.525804 -0.092840 0.805387 0.257414 
526431675064372 0.505696 -0.070699 0.807730 0.294694 
526431695635414 0.480418 -0.046472 0.812746 0.326316 
526431716206456 0.451909 -0.018157 0.821376 0.347549 
526431736777549 0.423064 0.014569 0.832767 0.356798 
526431757348799 0.397654 0.043574 0.844810 0.355343 
526431777919789 0.371861 0.060264 0.855646 0.354906 
526431798490570 0.345341 0.064377 0.863529 0.361818 
526431819061768 0.323923 0.065645 0.868030 0.370524 
526431839632862 0.314016 0.068379 0.869089 0.376035 
526431860203799 0.314374 0.074460 0.867663 0.377870 
526431880774841 0.319351 0.082260 0.864732 0.378796 
526431901346091 0.322183 0.090070 0.861224 0.382595 
526431921917133 0.318697 0.097012 0.857954 0.391071 
526431942487966 0.308081 0.104499 0.854897 0.404125 
526431963059008 0.294056 0.113521 0.851313 0.419416 
526431983630206 0.275817 0.127669 0.846896 0.436339 
526432004201299 0.255135 0.148829 0.842644 0.450231 
526432024772133 0.235380 0.174157 0.838404 0.459723 
526432045343175 0.222113 0.194796 0.833942 0.466112 
526432065914424 0.217030 0.203199 0.829562 0.472689 
526432086485466 0.205274 0.208668 0.824307 0.484602 
526432107056560 0.183025 0.216220 0.820027 0.497299 
526432127627810 0.154934 0.229691 0.817814 0.504399 
526432148198903 0.131993 0.238446 0.820413 0.502637 
526432168769945 0.119832 0.233713 0.827107 0.496902 
526432189340726 0.119071 0.223806 0.831442 0.494407 
526432209911819 0.124913 0.217995 0.827813 0.501598 
526432230483070 0.134669 0.210958 0.820015 0.514720 
526432251054164 0.145728 0.204084 0.810812 0.528864 
526432271625518 0.158384 0.199216 0.802796 0.539209 
526432292196612 0.170678 0.200031 0.797277 0.543329 
526432312767706 0.179379 0.207138 0.795272 0.540795 
526432333338330 0.181598 0.218276 0.796728 0.533481 
526432353909476 0.189247 0.226679 0.801298 0.520311 
526432374480518 0.206714 0.227988 0.803460 0.509650 
526432395051820 0.227033 0.220335 0.803393 0.504449 
526432415622861 0.236801 0.208990 0.805505 0.501408 
526432436193955 0.232366 0.201665 0.813051 0.494253 
526432456764997 0.223720 0.197846 0.821778 0.485271 
526432477335674 0.208269 0.194833 0.825474 0.487091 
526432497906768 0.195249 0.191292 0.827826 0.489887 
526432518477966 0.191079 0.188798 0.827093 0.493722 
526432539048644 0.194792 0.187240 0.824169 0.497738 
526432559619685 0.205109 0.186664 0.819640 0.501275 
526432580191247 0.218273 0.187000 0.813949 0.504851 
526432600762289 0.231598 0.186207 0.808744 0.507565 
526432621333122 0.241969 0.183449 0.804098 0.511100 
526432641904164 0.249283 0.179668 0.799622 0.515928 
526432662475310 0.254222 0.177068 0.794840 0.521773 
526432683046404 0.257482 0.176634 0.790314 0.527169 
526432703617341 0.258686 0.177763 0.786599 0.531736 
526432724188435 0.260861 0.179982 0.783026 0.535189 
526432744759632 0.262776 0.183331 0.778673 0.539450 
526432765330673 0.264174 0.186312 0.775456 0.542373 
526432785901872 0.264778 0.188847 0.773240 0.544362 
526432806472914 0.264500 0.191596 0.771891 0.545449 
526432827043746 0.263410 0.194080 0.771516 0.545629 
526432847614788 0.260852 0.195940 0.771914 0.545631 
526432868186039 0.257833 0.197023 0.772553 0.545771 
526432888757081 0.256141 0.198234 0.772531 0.546160 
526432909328069 0.256384 0.199859 0.771826 0.546450 
526432929899163 0.257037 0.203446 0.770185 0.547135 
526432950470101 0.257444 0.208445 0.768042 0.548073 
526432971041194 0.256466 0.214370 0.766027 0.549065 
526432991612185 0.254127 0.220729 0.763658 0.550931 
526433012183227 0.252718 0.225932 0.760497 0.553835 
526433032754475 0.253084 0.229022 0.758257 0.555467 
526433053325517 0.252235 0.231660 0.758785 0.554037 
526433073896560 0.250974 0.233132 0.759798 0.552601 
526433094467602 0.250237 0.232751 0.760694 0.551863 
526433115038695 0.249710 0.231594 0.761089 0.552044 
526433135609789 0.249616 0.229600 0.761485 0.552373 
526433156180935 0.249780 0.227769 0.761266 0.553359 
526433176751976 0.249401 0.226714 0.760912 0.554448 
526433197322758 0.248253 0.226079 0.760637 0.555599 
526433217893800 0.247040 0.226364 0.760368 0.556391 
526433238464996 0.246469 0.227055 0.760282 0.556480 
526433259036143 0.247102 0.227032 0.760080 0.556485 
526433279607185 0.247378 0.226392 0.759589 0.557293 
526433300178174 0.246611 0.225001 0.759434 0.558406 
526433320749215 0.245726 0.223736 0.759453 0.559279 
526433341320413 0.245161 0.223125 0.759639 0.559518 
526433361891507 0.245305 0.223038 0.759724 0.559373 
526433382462965 0.245460 0.223010 0.759728 0.559312 
526433403034007 0.245172 0.222308 0.760032 0.559304 
526433423605049 0.244927 0.221313 0.760306 0.559434 
526433444176090 0.245106 0.221180 0.760174 0.559587 
526433464747236 0.245316 0.222214 0.759937 0.559407 
526433485318330 0.245338 0.223564 0.759886 0.558929 
526433505889371 0.245279 0.224038 0.760033 0.558565 
526433526460413 0.245321 0.223452 0.760122 0.558661 
526433547032028 0.245058 0.222870 0.759980 0.559202 
526433567603070 0.244564 0.222820 0.759895 0.559553 
526433588173850 0.244027 0.222996 0.759936 0.559662 
526433608744944 0.243747 0.223175 0.759956 0.559684 
526433629315622 0.243804 0.223439 0.759813 0.559749 
526433649886663 0.243744 0.223519 0.759663 0.559947 
526433670458069 0.243660 0.223288 0.759767 0.559934 
526433691029163 0.243626 0.222971 0.760008 0.559748 
526433711600048 0.243657 0.223067 0.760091 0.559584 
526433732171142 0.243896 0.223796 0.760024 0.559280 
526433752742028 0.244102 0.224668 0.759911 0.558994 
526433773313590 0.244023 0.225196 0.759880 0.558859 
526433793884111 0.243629 0.225405 0.759888 0.558935 
526433814455153 0.243344 0.225260 0.760069 0.558870 
526433835026299 0.243377 0.225000 0.760142 0.558862 
526433855597340 0.243682 0.224896 0.759982 0.558989 
526433876168382 0.244074 0.225039 0.759744 0.559083 
526433896739424 0.244268 0.225377 0.759552 0.559124 
526433917310621 0.244109 0.225821 0.759587 0.558966 
526433937881715 0.244015 0.226111 0.759817 0.558578 
526433958452810 0.244158 0.226244 0.759922 0.558319 
526433979023694 0.244434 0.226395 0.759832 0.558258 
526433999594736 0.244518 0.226688 0.759698 0.558285 
526434020165726 0.244285 0.227040 0.759672 0.558279 
526434040736767 0.243985 0.227059 0.759894 0.558101 
526434061307861 0.243737 0.226629 0.760116 0.558081 
526434081878903 0.243587 0.226384 0.760143 0.558210 
526434102450362 0.243196 0.226799 0.760098 0.558273 
526434123021403 0.242908 0.227154 0.760355 0.557905 
526434143592080 0.242995 0.229300 0.759767 0.557790 
526434164163122 0.243197 0.231790 0.759561 0.556953 
526434184734267 0.243824 0.231675 0.760230 0.555812 
526434205305309 0.244938 0.228857 0.760570 0.556024 
526434225876351 0.245618 0.227365 0.759887 0.557269 
526434246447392 0.244786 0.231421 0.758390 0.558004 
526434267019110 0.243171 0.235887 0.759152 0.555800 
526434287590152 0.241246 0.233901 0.761857 0.553774 
