# Created at Thu Nov 07 19:33:01 EST 2019 in Burnaby Canada 
526424968916510 9.039273 -2.392869 -2.955692 
526424989486823 9.035429 -2.402013 -2.960022 
526425010057760 9.032329 -2.410008 -2.962986 
526425030628541 9.029754 -2.414767 -2.966959 
526425051199428 9.026415 -2.417167 -2.975150 
526425071770729 9.023668 -2.417335 -2.983336 
526425092341407 9.021879 -2.416252 -2.989617 
526425112912447 9.020343 -2.414558 -2.995615 
526425133483385 9.018445 -2.415104 -3.000883 
526425154054582 9.016515 -2.417595 -3.004676 
526425174625313 9.013610 -2.420106 -3.011361 
526425195196406 9.011663 -2.423981 -3.014073 
526425215767188 9.010136 -2.427567 -3.015752 
526425236338854 9.009180 -2.429688 -3.016899 
526425256909166 9.008466 -2.432113 -3.017077 
526425277480469 9.008072 -2.433980 -3.016750 
526425298051093 9.008437 -2.434330 -3.015375 
526425318622396 9.009068 -2.434916 -3.013019 
526425339192812 9.009560 -2.435227 -3.011292 
526425359763906 9.009417 -2.434159 -3.012584 
526425380335000 9.009898 -2.432350 -3.012608 
526425400905729 9.010075 -2.431169 -3.013032 
526425421477239 9.009743 -2.430459 -3.014597 
526425442048177 9.010056 -2.430238 -3.013838 
526425462618853 9.010394 -2.430938 -3.012262 
526425483189688 9.010118 -2.432580 -3.011760 
526425503760624 9.009405 -2.433851 -3.012867 
526425524331510 9.008832 -2.434375 -3.014161 
526425544903907 9.008858 -2.433957 -3.014418 
526425565473646 9.009153 -2.433681 -3.013758 
526425586044688 9.010118 -2.432995 -3.011428 
526425606615416 9.010448 -2.433010 -3.010427 
526425627186563 9.010409 -2.433485 -3.010159 
526425647757291 9.010226 -2.433804 -3.010449 
526425668328282 9.009386 -2.434773 -3.012178 
526425688899322 9.009152 -2.435124 -3.012593 
526425709470208 9.008930 -2.435760 -3.012745 
526425730041301 9.009089 -2.435993 -3.012082 
526425750612135 9.009260 -2.435380 -3.012066 
526425771182447 9.009276 -2.433133 -3.013833 
526425791754218 9.009153 -2.429771 -3.016909 
526425812325520 9.011896 -2.426173 -3.011610 
526425832896770 9.014763 -2.425174 -3.003828 
526425853467761 9.015862 -2.424146 -3.001358 
526425874040625 9.016115 -2.420135 -3.003829 
526425894610729 9.017395 -2.413604 -3.005242 
526425915180416 9.020797 -2.406555 -3.000683 
526425935750781 9.023420 -2.399941 -2.998090 
526425956321822 9.025863 -2.393711 -2.995721 
526425976893073 9.027571 -2.390336 -2.993269 
526425997464843 9.027493 -2.385558 -2.997308 
526426018034844 9.029228 -2.379181 -2.997155 
526426038608124 9.033731 -2.373215 -2.988300 
526426059179114 9.035987 -2.371659 -2.982711 
526426079750051 9.036238 -2.373954 -2.980122 
526426100318541 9.036520 -2.375666 -2.977905 
526426120889322 9.036844 -2.376517 -2.976243 
526426141460416 9.036819 -2.377636 -2.975424 
526426162031406 9.035919 -2.381147 -2.975346 
526426182604530 9.032958 -2.388622 -2.978345 
526426203174740 9.027160 -2.396455 -2.989611 
526426223744166 9.021794 -2.401249 -3.001936 
526426244315103 9.017199 -2.404457 -3.013158 
526426264886718 9.014056 -2.407143 -3.020406 
526426285457552 9.011295 -2.410790 -3.025730 
526426306030363 9.009248 -2.413200 -3.029903 
526426326600885 9.008348 -2.413969 -3.031968 
526426347173228 9.007019 -2.415991 -3.034303 
526426367743124 9.005861 -2.418773 -3.035523 
526426388314010 9.006055 -2.421446 -3.032815 
526426408884531 9.006396 -2.424834 -3.029090 
526426429453906 9.006303 -2.428242 -3.026636 
526426450024791 8.973532 -2.423002 -3.126529 
526426470595937 8.987558 -2.420258 -3.088128 
526426491166822 8.964869 -2.415929 -3.156708 
526426511737969 8.960411 -2.414704 -3.170272 
526426532308593 8.972581 -2.422532 -3.129618 
526426552880312 8.955747 -2.421829 -3.178008 
526426573453280 8.945771 -2.410455 -3.214542 
526426594023593 8.922572 -2.407664 -3.280435 
526426614594063 8.919447 -2.401748 -3.293242 
526426635163801 8.950299 -2.406946 -3.204550 
526426655734635 8.971328 -2.421922 -3.133682 
526426676306926 8.975871 -2.420352 -3.121863 
526426696876458 8.968711 -2.439251 -3.127726 
526426717449999 8.957376 -2.450571 -3.151273 
526426738020521 8.987798 -2.420008 -3.087629 
526426758591509 9.003311 -2.407673 -3.051867 
526426779161823 8.992120 -2.422485 -3.073069 
526426799732708 8.998093 -2.435157 -3.045444 
526426820304479 9.044994 -2.421372 -2.914691 
526426840875000 9.071500 -2.423094 -2.829647 
526426861445155 9.082950 -2.432752 -2.784264 
526426882016770 9.097031 -2.418555 -2.750454 
526426902586614 9.102191 -2.383351 -2.764083 
526426923157396 9.097277 -2.358065 -2.801688 
526426943728957 9.072513 -2.342282 -2.893719 
526426964299322 9.055404 -2.342449 -2.946689 
526426984871354 9.055886 -2.355664 -2.934648 
526427005441718 9.058768 -2.378571 -2.907147 
526427026014530 9.063125 -2.396396 -2.878795 
526427046584687 9.066560 -2.400800 -2.864272 
526427067154479 9.061957 -2.408379 -2.872461 
526427087725102 9.013001 -2.444583 -2.993361 
526427108297499 8.970576 -2.481346 -3.089026 
526427128868125 8.956346 -2.504044 -3.111916 
526427149438540 8.961123 -2.511019 -3.092482 
526427170009635 8.982480 -2.500333 -3.038712 
526427190581770 9.017808 -2.460672 -2.965573 
526427211151718 9.045223 -2.423270 -2.912405 
526427231721977 9.051527 -2.438509 -2.879916 
526427252292864 9.031919 -2.493623 -2.894246 
526427272864270 9.011410 -2.506352 -2.946704 
526427293434946 9.007427 -2.499292 -2.964826 
526427314007291 9.008846 -2.487547 -2.970385 
526427334578228 9.015069 -2.406105 -3.018206 
526427355149634 9.029123 -2.301549 -3.057479 
526427375720467 9.064960 -2.189231 -3.033836 
526427396292239 9.112684 -2.024492 -3.005130 
526427416862395 9.138287 -1.864386 -3.030869 
526427437433749 9.121836 -1.726679 -3.159284 
526427458004478 9.092887 -1.693196 -3.259276 
526427478574999 9.004761 -1.767562 -3.458380 
526427499145416 8.820887 -1.872659 -3.854283 
526427519716406 8.610180 -1.895913 -4.294263 
526427540288124 8.560548 -1.883320 -4.397786 
526427560858801 8.582865 -1.905744 -4.344303 
526427581430624 8.672940 -1.936388 -4.147396 
526427602001717 8.844142 -2.039933 -3.713517 
526427622572656 8.920271 -2.243515 -3.400851 
526427643144322 8.830521 -2.360458 -3.552538 
526427663714479 8.748450 -2.505681 -3.654664 
526427684285051 8.622442 -2.709988 -3.805242 
526427704856665 8.466535 -3.047724 -3.898660 
526427725427655 8.361780 -3.322437 -3.900311 
526427745998904 8.317951 -3.412370 -3.916352 
526427766569322 8.241020 -3.420773 -4.068696 
526427787140988 8.150741 -3.449843 -4.223079 
526427807711666 8.086282 -3.558511 -4.256694 
526427828281562 8.108252 -3.713485 -4.078806 
526427848852707 8.204246 -3.828838 -3.768387 
526427869423489 8.278493 -3.837265 -3.593375 
526427889994269 8.211332 -3.917811 -3.659942 
526427910567655 8.203924 -3.987076 -3.601283 
526427931137968 8.266379 -4.005152 -3.434546 
526427951709374 8.357017 -3.970200 -3.250874 
526427972280103 8.538968 -3.913536 -2.817915 
526427992850728 8.647547 -3.915914 -2.460884 
526428013421822 8.747608 -3.828919 -2.233630 
526428033992916 8.934370 -3.535863 -1.960890 
526428054563905 9.025511 -3.327857 -1.906805 
526428075134426 9.030044 -3.289011 -1.952208 
526428095706457 9.019693 -3.218231 -2.111523 
526428116275259 9.007148 -3.133624 -2.285184 
526428136846093 9.041441 -3.089205 -2.208972 
526428157417655 9.043052 -3.053418 -2.251720 
526428177988072 8.977813 -3.053425 -2.499170 
526428198559478 8.979219 -2.996440 -2.562296 
526428219131196 9.021278 -2.931151 -2.489030 
526428239701769 9.052810 -2.906756 -2.401624 
526428260272706 9.053363 -2.905460 -2.401106 
526428280844218 9.015033 -2.918091 -2.526720 
526428301415155 8.964323 -2.925544 -2.693044 
526428321985832 8.907039 -2.900358 -2.902235 
526428342556666 8.878943 -2.780988 -3.098524 
526428363127550 8.883245 -2.550162 -3.279483 
526428383699530 8.897949 -2.233707 -3.465178 
526428404269843 8.847615 -1.727849 -3.860651 
526428424840207 8.855268 -1.168484 -4.048365 
526428445412238 8.865601 -0.542945 -4.156528 
526428465983280 8.710837 -0.166823 -4.501541 
526428486554217 8.586620 -0.004350 -4.737121 
526428507124478 8.478093 -0.010452 -4.928714 
526428527695935 8.449468 -0.033787 -4.977523 
526428548267707 8.362716 0.025414 -5.121984 
526428568838332 8.061719 0.080211 -5.583246 
526428589409529 7.493727 -0.138369 -6.324184 
526428609980259 7.221887 -0.464478 -6.618081 
526428630552239 7.320779 -1.003088 -6.447512 
526428651122550 7.524422 -1.327840 -6.147384 
526428671693541 7.366650 -1.436505 -6.311839 
526428692264061 6.927739 -1.648451 -6.742361 
526428712835935 6.501804 -1.970976 -7.071929 
526428733405989 6.126182 -2.344749 -7.289886 
526428753977655 5.950921 -2.699626 -7.312246 
526428774547967 6.025841 -3.020666 -7.122865 
526428795119999 6.176576 -3.096361 -6.959371 
526428815690467 6.216859 -2.786629 -7.053775 
526428836261457 6.303464 -2.323952 -7.143947 
526428856832030 6.462504 -1.715706 -7.173755 
526428877403227 6.400282 -1.025457 -7.359022 
526428897974478 6.102362 -0.532339 -7.658210 
526428918546456 5.719825 -0.165289 -7.964086 
526428939115831 5.440063 0.054019 -8.159239 
526428959686925 5.235056 0.085923 -8.291996 
526428980260311 5.086613 -0.018532 -8.384295 
526429000830310 5.125494 -0.249368 -8.356885 
526429021400207 5.147076 -0.426610 -8.336426 
526429041971300 5.086435 -0.388277 -8.375429 
526429062542811 5.098459 -0.449334 -8.365059 
526429083113957 5.209666 -0.666271 -8.281656 
526429103684165 5.161839 -0.938079 -8.285276 
526429124260676 5.086183 -1.082763 -8.314371 
526429144826509 5.101806 -1.298849 -8.273751 
526429165397238 5.212455 -1.815040 -8.105944 
526429185968749 5.138804 -2.396163 -8.001343 
526429206539529 4.902442 -2.713648 -8.048141 
526429227112030 4.764564 -2.957608 -8.044991 
526429247681457 4.579378 -3.465718 -7.949118 
526429268253175 4.415599 -4.140990 -7.715249 
526429288823748 4.435274 -4.836574 -7.287406 
526429309394634 4.748937 -5.333342 -6.721119 
526429329965779 5.249572 -5.651256 -6.056045 
526429350536769 5.741234 -5.816071 -5.420509 
526429371107134 6.153269 -5.853549 -4.903431 
526429391677966 6.430833 -5.798471 -4.603531 
526429412249477 6.668581 -5.688006 -4.398524 
526429432820207 6.964795 -5.535089 -4.126112 
526429453391717 7.386013 -5.208333 -3.806635 
526429473963592 7.864087 -4.645551 -3.570066 
526429494534895 8.323439 -3.845793 -3.478596 
526429515106300 8.665237 -2.879068 -3.577011 
526429535677185 8.858879 -1.848511 -3.778049 
526429556247082 8.911047 -0.702500 -4.033625 
526429576817810 8.793159 0.473538 -4.315845 
526429597388383 8.700719 1.109262 -4.386047 
526429617959373 8.560077 1.177400 -4.637803 
526429638530831 8.397011 1.212679 -4.918334 
526429659101769 8.326993 1.229769 -5.031824 
526429679672603 8.301025 1.178194 -5.086770 
526429700243696 8.276800 1.065128 -5.150774 
526429720814582 8.241045 0.856542 -5.246132 
526429741385674 8.135508 0.600182 -5.442766 
526429761956821 8.070032 0.283999 -5.564559 
526429782527811 8.163499 0.134656 -5.432269 
526429803098800 8.200329 0.099763 -5.377271 
526429823670519 8.168097 -0.122942 -5.425629 
526429844240884 8.214388 -0.435287 -5.338984 
526429864811977 8.311777 -0.834393 -5.136977 
526429885383123 8.379556 -1.155447 -4.961691 
526429905954737 8.368541 -1.316417 -4.940137 
526429926525830 8.393208 -1.448804 -4.860600 
526429947096143 8.445738 -1.688525 -4.689219 
526429967667186 8.534286 -2.020009 -4.388156 
526429988239477 8.593921 -2.367134 -4.087981 
526430008809686 8.598024 -2.681920 -3.879648 
526430029381405 8.516188 -3.005226 -3.822767 
526430049952029 8.458622 -3.383067 -3.630008 
526430070522498 8.395717 -3.715995 -3.445824 
526430091093332 8.308733 -3.929544 -3.419651 
526430111664998 8.232520 -4.056407 -3.455657 
526430132235467 8.158726 -4.138210 -3.532817 
526430152806561 8.072660 -4.185655 -3.671897 
526430173377601 8.072327 -4.087924 -3.781112 
526430193948852 8.170317 -3.812256 -3.857852 
526430214519789 8.225234 -3.499363 -4.033655 
526430235091248 8.133711 -3.293137 -4.378171 
526430255662446 7.917980 -3.256387 -4.782459 
526430276233592 7.771766 -3.347512 -4.956231 
526430296804841 7.663577 -3.505862 -5.014869 
526430317375622 7.374972 -3.731273 -5.278048 
526430337946873 6.999539 -3.979261 -5.598421 
526430358516977 6.663018 -4.284478 -5.780815 
526430379088070 6.501964 -4.548199 -5.762702 
526430399659061 6.275809 -4.738291 -5.859456 
526430420230205 6.015799 -4.822775 -6.059817 
526430440801196 5.736003 -4.815264 -6.331026 
526430461372185 5.488997 -4.759060 -6.587310 
526430481943175 5.426939 -4.748368 -6.646181 
526430502514425 5.556413 -4.760396 -6.529570 
526430523085258 5.855319 -4.724731 -6.289877 
526430543656248 6.179893 -4.737125 -5.961456 
526430564227290 6.432355 -4.829293 -5.610091 
526430584798436 6.707413 -4.871904 -5.238850 
526430605369425 6.860264 -4.895930 -5.013685 
526430625940935 6.942705 -4.876094 -4.918634 
526430646511404 7.006344 -4.830446 -4.873226 
526430667083227 7.055712 -4.734414 -4.896186 
526430687653747 7.012542 -4.615817 -5.068419 
526430708224842 6.900803 -4.466992 -5.347455 
526430728795623 6.780639 -4.372642 -5.574347 
526430749366820 6.862462 -4.384999 -5.463404 
526430769937862 7.031796 -4.365048 -5.260285 
526430790508904 7.253139 -4.361510 -4.953746 
526430811079893 7.454897 -4.366084 -4.640281 
526430831650883 7.671866 -4.308312 -4.330279 
526430852222082 7.950905 -4.155638 -3.960322 
526430872793279 8.170772 -4.048307 -3.608336 
526430893364060 8.326409 -4.042852 -3.239854 
526430913935414 8.443583 -4.022491 -2.948871 
526430934506247 8.507817 -3.969071 -2.834414 
526430955077601 8.672518 -3.901098 -2.395674 
526430975648332 8.719912 -3.965248 -2.100082 
526430996219580 8.605023 -4.156497 -2.201701 
526431016790414 8.463593 -4.444757 -2.186804 
526431037361508 8.329568 -4.704114 -2.158704 
526431057932549 8.292642 -4.768727 -2.159104 
526431078503747 8.316213 -4.747040 -2.115796 
526431099075050 8.353243 -4.763160 -1.925103 
526431119645675 8.347548 -4.827026 -1.785682 
526431140216768 8.273095 -4.938700 -1.826343 
526431160787758 8.054560 -5.206251 -2.046803 
526431181358905 7.724409 -5.601380 -2.264605 
526431201929998 7.366965 -5.987217 -2.459967 
526431222501091 6.995082 -6.349363 -2.631500 
526431243071925 6.733560 -6.629742 -2.622228 
526431263642340 6.611542 -6.765342 -2.586123 
526431284213434 6.481840 -6.974040 -2.349240 
526431304785154 6.375865 -7.198970 -1.921863 
526431325356039 6.374265 -7.227519 -1.817171 
526431345927654 6.476937 -7.141922 -1.792381 
526431366498331 6.526594 -7.149948 -1.565953 
526431387069424 6.530513 -7.205922 -1.263915 
526431407640414 6.522113 -7.246381 -1.059432 
526431428211508 6.761388 -7.049625 -0.869947 
526431448782446 7.300560 -6.525120 -0.543153 
526431469353486 7.867087 -5.854839 -0.013430 
526431489924685 8.304929 -5.171830 0.671356 
526431510495779 8.572541 -4.567534 1.348907 
526431531066820 8.785928 -3.934760 1.869632 
526431551638331 9.034081 -3.135142 2.174086 
526431572208956 9.263419 -2.161435 2.384877 
526431592780050 9.346062 -1.142749 2.741469 
526431613351247 9.246256 -0.236403 3.259027 
526431633922549 9.029546 0.537024 3.788049 
526431654493174 8.774488 1.188124 4.215104 
526431675064267 8.420007 1.802856 4.692931 
526431695635414 7.955601 2.333947 5.237510 
526431716206821 7.403975 2.787973 5.794717 
526431736777549 6.808074 3.198546 6.292043 
526431757348799 6.285236 3.493430 6.667992 
526431777919789 5.821094 3.599827 7.023282 
526431798490935 5.392077 3.541023 7.386274 
526431819061612 5.037723 3.471614 7.664178 
526431839632862 4.848311 3.481528 7.780953 
526431860204216 4.798091 3.597054 7.759504 
526431880774841 4.805131 3.767746 7.673669 
526431901345831 4.766259 3.939057 7.611635 
526431921917133 4.618716 4.076918 7.629980 
526431942487340 4.337417 4.194092 7.730899 
526431963059008 3.976027 4.314411 7.857955 
526431983630466 3.488849 4.481099 7.994878 
526432004201299 2.902378 4.712677 8.095509 
526432024772393 2.300238 4.986151 8.125121 
526432045343175 1.852123 5.216714 8.094808 
526432065914528 1.647322 5.318233 8.072987 
526432086485466 1.335426 5.324668 8.126187 
526432107056560 0.834736 5.262724 8.232699 
526432127627810 0.212834 5.217000 8.301085 
526432148199008 -0.226784 5.138079 8.349796 
526432168769945 -0.333790 4.959241 8.453691 
526432189340831 -0.228502 4.804296 8.546165 
526432209911819 -0.116522 4.768296 8.568556 
526432230483279 0.036221 4.752411 8.578094 
526432251054164 0.200548 4.757090 8.573229 
526432271625205 0.386995 4.811766 8.536247 
526432292196612 0.537303 4.946751 8.450523 
526432312767706 0.600864 5.133553 8.334025 
526432333338330 0.553836 5.311006 8.225380 
526432353909476 0.660971 5.493776 8.096416 
526432374480518 0.978561 5.659047 7.949087 
526432395051559 1.397433 5.718105 7.843523 
526432415622861 1.685866 5.630511 7.850197 
526432436193851 1.750530 5.468407 7.950004 
526432456764997 1.722806 5.318151 8.057269 
526432477335622 1.510605 5.144082 8.211388 
526432497906768 1.332143 4.981912 8.341243 
526432518477810 1.271460 4.913007 8.391433 
526432539048904 1.320863 4.928290 8.374824 
526432559619685 1.462089 5.017339 8.298132 
526432580191038 1.632923 5.146602 8.186357 
526432600762289 1.819949 5.259205 8.074586 
526432621333226 1.977138 5.318760 7.998257 
526432641904164 2.091501 5.340284 7.954708 
526432662475310 2.151118 5.362028 7.924124 
526432683046404 2.164837 5.400181 7.894423 
526432703617705 2.137061 5.440355 7.874382 
526432724188435 2.116989 5.502327 7.836653 
526432744759685 2.073492 5.580161 7.793127 
526432765330673 2.035946 5.643875 7.757060 
526432785902080 1.999295 5.690971 7.732143 
526432806472914 1.954646 5.730278 7.714509 
526432827044007 1.908942 5.755718 7.707012 
526432847614788 1.852360 5.758024 7.719088 
526432868186247 1.797759 5.745303 7.741444 
526432888757081 1.757541 5.747396 7.749120 
526432909328017 1.739130 5.773319 7.733990 
526432929899163 1.699562 5.831529 7.699036 
526432950470466 1.637418 5.907388 7.654542 
526432971041194 1.544684 5.982647 7.615265 
526432991612289 1.421179 6.052032 7.584428 
526433012183227 1.315311 6.115119 7.552859 
526433032754632 1.268765 6.163229 7.521651 
526433053325517 1.236493 6.188543 7.506225 
526433073896872 1.213283 6.194313 7.505253 
526433094467602 1.214202 6.181117 7.515976 
526433115039111 1.219970 6.160829 7.531684 
526433135609789 1.240621 6.133435 7.550644 
526433156180987 1.257434 6.111712 7.565463 
526433176751976 1.256660 6.095603 7.578577 
526433197323121 1.239973 6.078037 7.595414 
526433217893800 1.213961 6.071700 7.604679 
526433238465048 1.197091 6.075829 7.604055 
526433259036142 1.205780 6.081510 7.598140 
526433279607185 1.210899 6.076734 7.601146 
526433300178227 1.209035 6.052319 7.620896 
526433320749215 1.205950 6.028069 7.640581 
526433341320205 1.204083 6.014735 7.651374 
526433361891507 1.208236 6.014700 7.650747 
526433382463225 1.211131 6.015700 7.649504 
526433403034007 1.216043 6.003375 7.658403 
526433423605154 1.224067 5.987665 7.669414 
526433444176090 1.226884 5.987816 7.668846 
526433464747236 1.218307 6.003640 7.657835 
526433485318330 1.205678 6.021466 7.645828 
526433505889267 1.201914 6.026793 7.642222 
526433526460413 1.208959 6.019354 7.646972 
526433547031456 1.208363 6.009779 7.654593 
526433567603070 1.199613 6.004939 7.659767 
526433588174163 1.189395 6.002356 7.663385 
526433608744944 1.183269 6.002156 7.664488 
526433629315778 1.180241 6.006397 7.661633 
526433649886663 1.176874 6.007218 7.661508 
526433670457861 1.178718 6.003245 7.664337 
526433691029163 1.183657 5.998315 7.667436 
526433711600465 1.184188 5.999671 7.666293 
526433732171142 1.180753 6.011403 7.657626 
526433752742028 1.174993 6.024793 7.647983 
526433773313590 1.168468 6.031007 7.644085 
526433793884476 1.160004 6.030210 7.646001 
526433814455153 1.158502 6.025432 7.649996 
526433835026507 1.162229 6.022183 7.651988 
526433855597340 1.166602 6.023879 7.649987 
526433876168486 1.169310 6.029715 7.644975 
526433896739424 1.167403 6.036219 7.640132 
526433917310778 1.161030 6.040494 7.637723 
526433937881715 1.159257 6.042938 7.636059 
526433958452757 1.161587 6.045712 7.633511 
526433979023642 1.163894 6.050298 7.629524 
526433999594736 1.161164 6.055127 7.626108 
526434020166091 1.153748 6.057678 7.625208 
526434040736767 1.150921 6.054804 7.627917 
526434061307965 1.153077 6.046573 7.634118 
526434081878903 1.153097 6.042008 7.637728 
526434102450049 1.142233 6.044019 7.637770 
526434123021403 1.136904 6.045548 7.637354 
526434143592341 1.112423 6.075313 7.617314 
526434164163122 1.091035 6.109694 7.592870 
526434184735048 1.110010 6.112427 7.587918 
526434205305309 1.158026 6.085085 7.602703 
526434225876403 1.175594 6.073197 7.609509 
526434246447392 1.108335 6.121291 7.581014 
526434267018069 1.049267 6.163061 7.555535 
526434287590152 1.064343 6.115321 7.592129 
