# Created at Thu Nov 07 19:33:01 EST 2019 in Burnaby Canada 
526424968916510 0.029016 0.021380 0.018326 
526424989487500 0.013744 -0.009468 0.022907 
526425010057760 0.002749 -0.017410 0.017410 
526425030628542 -0.005803 -0.036957 0.011301 
526425051199428 -0.013439 -0.063530 0.013134 
526425071770729 -0.005803 -0.071777 0.013134 
526425092341407 0.001527 -0.061697 0.014661 
526425112912447 0.002749 -0.043677 0.015272 
526425133483385 0.002138 -0.032070 0.018326 
526425154054479 0.000000 -0.024435 0.021991 
526425174625313 -0.006414 -0.028100 0.018937 
526425195196406 0.001222 -0.013439 0.019548 
526425215767188 0.001833 -0.006720 0.017410 
526425236338124 -0.001833 -0.004276 0.010996 
526425256909166 0.000305 -0.002138 0.010079 
526425277480469 0.006109 -0.006414 0.007025 
526425298051093 0.006414 -0.003054 0.005803 
526425318622396 0.009774 0.001222 0.003360 
526425339193229 0.012523 -0.002138 0.000916 
526425359763906 0.006109 -0.012828 -0.000305 
526425380334843 0.002749 -0.007330 0.001222 
526425400905729 0.001222 -0.009468 0.002749 
526425421476666 -0.003054 -0.012828 0.006109 
526425442048177 0.000611 -0.006720 0.008552 
526425462619114 0.003971 0.000000 0.009468 
526425483189688 0.002443 -0.006720 0.006720 
526425503760625 0.001527 -0.010385 0.006414 
526425524331510 0.000916 -0.011606 0.003360 
526425544902500 0.003971 -0.007636 0.001833 
526425565473646 0.006109 -0.005498 0.004581 
526425586044636 0.004887 -0.000916 0.003665 
526425606615416 0.006414 -0.004581 0.007330 
526425627186406 0.002138 -0.010079 0.007636 
526425647757291 0.000916 -0.012523 0.006720 
526425668328229 0.002749 -0.014050 0.007330 
526425688899322 0.001833 -0.003665 0.004581 
526425709470260 0.000611 0.000305 0.002749 
526425730041301 -0.000611 0.001833 0.001527 
526425750612239 -0.001222 -0.003971 0.000611 
526425771182447 -0.007636 -0.012217 -0.001222 
526425791754218 -0.006720 -0.014050 -0.004581 
526425812325520 0.015577 0.015577 -0.007025 
526425832896770 0.029322 0.019853 -0.004887 
526425853467761 0.014355 -0.001222 -0.009468 
526425874040625 0.006109 -0.011301 -0.019853 
526425894610729 0.007636 -0.002443 -0.032070 
526425915180416 0.019242 0.015577 -0.043677 
526425935750781 0.016799 0.007025 -0.045815 
526425956321822 0.023213 0.005803 -0.040012 
526425976893073 0.023824 -0.004276 -0.025656 
526425997464843 0.000000 -0.027183 -0.023824 
526426018034844 -0.001222 -0.006720 -0.021380 
526426038608124 0.012828 0.021991 -0.018021 
526426059179114 0.018326 0.004581 -0.008247 
526426079750051 0.024129 -0.010996 0.002749 
526426100318541 0.025656 -0.010385 0.012523 
526426120889322 0.022602 -0.012828 0.018326 
526426141460312 0.010385 -0.016188 0.021991 
526426162031406 0.003054 -0.020464 0.022907 
526426182602395 -0.003971 -0.037568 0.025962 
526426203174740 -0.021380 -0.058948 0.028711 
526426223745677 -0.030543 -0.062308 0.028711 
526426244315103 -0.026267 -0.056810 0.029627 
526426264886040 -0.019853 -0.040317 0.034819 
526426285457552 -0.016188 -0.028100 0.037874 
526426306028489 -0.011606 -0.021075 0.034514 
526426326600885 -0.000305 -0.010079 0.029932 
526426347171822 0.005803 -0.016188 0.022907 
526426367743124 0.013439 -0.009468 0.014966 
526426388314061 0.023518 0.008858 0.011301 
526426408884531 0.021380 0.015577 0.011912 
526426429455469 0.015272 0.011606 0.014661 
526426450024791 -0.343611 -0.316733 0.046731 
526426470595937 -0.143248 -0.024129 0.040012 
526426491166822 -0.098960 -0.242819 0.028711 
526426511737969 -0.008552 -0.099266 0.018326 
526426532308593 0.103236 0.075747 0.025962 
526426552880312 -0.080940 -0.144775 0.012217 
526426573453280 -0.166155 -0.186008 0.026878 
526426594023593 -0.148135 -0.279165 0.044593 
526426614594063 -0.082467 -0.080634 0.035430 
526426635164062 0.171042 0.315206 0.008552 
526426655734635 0.187841 0.358883 -0.022297 
526426676305519 0.019242 0.131641 -0.014050 
526426696876458 0.138972 -0.022602 0.042455 
526426717448957 0.076053 -0.071471 0.047037 
526426738020521 -0.270918 0.379958 -0.046120 
526426758591509 -0.343306 0.269391 0.083078 
526426779162395 -0.110872 -0.071166 0.106901 
526426799732708 0.009163 0.140804 0.059254 
526426820303645 0.294131 0.594982 -0.140193 
526426840875000 0.266337 0.404698 -0.062614 
526426861445989 0.184176 0.199142 -0.009774 
526426882016770 -0.023824 0.172875 -0.057116 
526426902587707 -0.146913 -0.026878 -0.121257 
526426923157396 -0.230601 -0.142331 -0.069333 
526426943728385 -0.275195 -0.430965 0.000611 
526426964299322 -0.053145 -0.289244 0.010079 
526426984870260 0.113010 0.017410 0.031154 
526427005441718 0.107818 0.112399 0.090408 
526427026012708 0.053145 0.138666 0.086437 
526427046584687 0.070249 0.058948 0.019853 
526427067155677 0.070555 -0.056810 0.029322 
526427087725102 -0.095295 -0.608421 0.215330 
526427108296040 -0.120340 -0.505491 0.252593 
526427128868125 0.014661 -0.165850 0.124006 
526427149439114 0.078496 0.077580 0.031154 
526427170009635 0.122784 0.248622 -0.076969 
526427190581770 0.040012 0.378736 -0.222049 
526427211151718 -0.002749 0.284358 -0.196698 
526427231721977 0.021075 0.169820 0.095906 
526427252292864 0.028405 -0.087659 0.302989 
526427272864062 -0.044899 -0.288023 0.113315 
526427293434946 0.029016 -0.120035 -0.016799 
526427314006718 0.120340 -0.072998 -0.092851 
526427334578228 0.046426 -0.280692 -0.441350 
526427355149634 -0.020159 -0.221133 -0.577573 
526427375720467 0.079107 0.066279 -0.628580 
526427396292239 0.178678 0.054978 -0.910188 
526427416862395 0.082467 -0.186314 -0.872009 
526427437433853 0.079718 -0.715017 -0.779463 
526427458004478 0.172569 -0.580321 -0.284968 
526427478574999 0.161268 -1.087950 0.303294 
526427499145937 -0.269391 -2.068999 0.682336 
526427519716406 -0.383928 -2.353356 0.354912 
526427540287395 -0.091019 -0.542142 0.013439 
526427560858801 0.045509 0.358272 0.119424 
526427581429790 0.168599 1.108719 0.119729 
526427602001717 0.525955 2.293186 0.318261 
526427622572707 0.397062 1.659414 0.917519 
526427643144322 -0.330478 -0.683252 0.806952 
526427663715312 -0.086132 -0.579405 0.860403 
526427684285051 -0.250760 -0.751058 1.244026 
526427704856041 -0.145080 -0.515264 1.972177 
526427725427655 0.212581 -0.188452 1.517388 
526427745998644 0.214414 -0.260839 0.478002 
526427766569322 -0.091324 -0.851545 0.063835 
526427787140311 -0.001222 -0.912937 0.113926 
526427807711666 0.387594 -0.393397 0.393091 
526427828282708 0.734259 0.693331 0.485332 
526427848852707 0.627053 1.508836 0.351553 
526427869423697 0.067806 1.020144 0.075442 
526427889994269 -0.062919 -0.304516 0.596204 
526427910567655 -0.377820 0.481667 0.629802 
526427931137968 -0.359494 1.119410 0.329256 
526427951708749 -0.044288 1.123686 -0.083383 
526427972280103 0.353080 2.247982 -0.401338 
526427992850728 0.634688 1.753793 -0.163406 
526428013421822 0.589484 1.065654 -0.629802 
526428033992916 0.543975 1.244942 -1.707672 
526428054563905 0.374460 0.209527 -1.240055 
526428075134426 -0.139583 -0.157909 -0.140804 
526428095706457 -0.296880 -0.766024 -0.255952 
526428116275415 -0.241597 -0.875064 -0.414472 
526428136846093 0.153327 0.336281 -0.317955 
526428157417655 -0.163101 -0.158214 -0.193644 
526428177988072 -0.511599 -1.165224 0.117591 
526428198559478 -0.312152 -0.272140 -0.151494 
526428219130571 0.109039 0.338114 -0.334754 
526428239701769 0.245262 0.403171 -0.227547 
526428260272810 -0.040928 0.013744 -0.060476 
526428280844218 -0.212581 -0.601396 0.105374 
526428301415260 -0.255952 -0.825584 0.129503 
526428321985832 -0.336281 -1.043662 -0.007636 
526428342556874 -0.381180 -1.003651 -0.472809 
526428363127550 -0.379652 -0.968831 -1.074206 
526428383698592 -0.542753 -0.977384 -1.496619 
526428404269843 -0.855516 -2.073580 -2.446208 
526428424840884 -0.515875 -1.087339 -3.015839 
526428445412238 0.551305 -0.898887 -3.603186 
526428465983280 0.064752 -1.734856 -2.226296 
526428486554217 -0.318261 -1.098640 -0.793513 
526428507125259 -0.283136 -0.866817 0.186008 
526428527695935 0.624915 -0.233961 -0.151800 
526428548266977 1.437976 -0.795957 -1.223562 
526428568838332 1.249829 -2.700938 -1.224478 
526428589409373 -0.669813 -4.357298 1.864665 
526428609980259 -0.959363 -1.773340 3.262323 
526428630552239 -0.405309 1.050993 3.761705 
526428651122550 -0.282830 1.765704 2.288605 
526428671693541 -0.264810 -1.044273 1.112690 
526428692264061 -0.044288 -2.859152 1.368948 
526428712835154 0.342695 -2.569908 1.870773 
526428733405989 0.392786 -1.879631 2.324951 
526428753977655 0.606589 -0.529009 2.048840 
526428774547967 1.004567 0.860708 1.325882 
526428795119999 0.306043 1.028391 0.341473 
526428815690467 -1.115439 -0.184787 -0.936150 
526428836261457 -1.358563 -0.218079 -2.025933 
526428856832030 -1.215926 0.013744 -3.256825 
526428877402810 -1.252578 -1.146899 -3.732994 
526428897974478 -1.191797 -2.022879 -2.418413 
526428918546456 -1.138652 -2.406196 -1.621846 
526428939116092 -0.561385 -1.720195 -1.214094 
526428959686925 -0.045815 -1.078787 -0.200364 
526428980257966 0.353385 -0.733343 0.493884 
526429000830310 0.568715 0.322231 1.317024 
526429021401300 0.135307 0.239764 1.436754 
526429041971300 -0.131030 -0.504574 -0.130420 
526429062542342 0.401644 -0.058643 -0.156687 
526429083113957 0.656680 0.675922 0.891557 
526429103684946 0.605978 -0.090713 1.500895 
526429124260676 0.285579 -0.325285 1.027474 
526429144831718 0.525038 0.238543 1.178663 
526429165397238 1.327104 1.170111 2.483165 
526429185968228 1.422704 0.469144 3.083645 
526429206539529 0.897971 -0.833525 1.895208 
526429227110571 0.864068 -0.498771 1.238223 
526429247681457 1.629176 -0.183259 2.302349 
526429268252446 2.101375 0.680503 3.371973 
526429288823748 2.411083 2.142608 3.482540 
526429309394790 2.276387 3.413512 2.037234 
526429329965779 2.008829 4.236958 0.790459 
526429350536769 1.361923 4.213439 0.222049 
526429371107134 0.788321 3.524995 -0.238543 
526429391677966 0.358578 2.113592 -0.601702 
526429412249477 0.174096 1.445917 -0.875064 
526429432820207 0.475253 1.566563 -1.329853 
526429453391717 0.618806 1.680183 -2.427577 
526429473963592 0.421802 1.244331 -3.605324 
526429494534895 0.119119 0.474642 -4.715265 
526429515106300 0.015577 -0.638659 -5.497477 
526429535677185 -0.131947 -1.170417 -5.729911 
526429556247082 -0.813061 -1.368337 -6.046034 
526429576817810 -1.606880 -1.584888 -5.922639 
526429597388488 -1.143233 -0.441044 -3.245219 
526429617959373 -0.059254 -1.267850 -0.601091 
526429638530831 -0.393702 -1.413846 -0.015272 
526429659101769 -0.171042 -0.593760 0.056505 
526429679672603 0.270919 -0.273667 0.134696 
526429700243644 0.400422 -0.315512 0.359494 
526429720814582 0.711963 -0.487470 0.678671 
526429741385571 0.956003 -1.115439 0.809396 
526429761956821 1.742797 -0.762665 0.666759 
526429782527863 0.858570 0.771522 0.337197 
526429803098800 -0.186008 0.419359 0.395229 
526429823669842 0.365603 -0.301462 1.043968 
526429844240884 0.429743 0.462730 1.515861 
526429864811925 0.396757 1.141706 2.037539 
526429885383123 -0.038790 0.988074 1.912617 
526429905954165 -0.203418 0.161268 1.200960 
526429926525830 0.182954 0.411112 0.735176 
526429947096872 0.360105 0.909272 1.143233 
526429967667186 0.240375 1.666439 1.751655 
526429988238227 -0.016188 1.714086 1.973093 
526430008809686 0.153938 1.142928 1.746157 
526430029380728 0.302683 0.237626 1.741881 
526430049952029 0.113010 1.033889 2.121533 
526430070522445 -0.365297 1.167973 2.156658 
526430091093332 -0.191812 0.226325 1.477071 
526430111664998 0.238848 -0.336281 0.748004 
526430132235467 0.363465 -0.630107 0.388815 
526430152806561 0.394008 -1.022588 0.123089 
526430173377601 0.297186 -0.846353 -0.681725 
526430193948748 0.091019 -0.580932 -1.676518 
526430214519789 0.079718 -1.109941 -1.967595 
526430235091248 0.225104 -2.129474 -1.456301 
526430255662446 0.312457 -2.561967 -0.436157 
526430276233487 0.029627 -1.054963 0.610865 
526430296804841 0.386372 -0.476169 0.817032 
526430317375675 0.779158 -1.959960 0.949589 
526430337946873 0.650266 -2.445292 1.152702 
526430358516873 0.785267 -1.810298 1.374751 
526430379088070 0.721737 -0.524427 1.240972 
526430399659061 0.122173 -0.843910 1.488983 
526430420230102 -0.261145 -1.330769 1.152091 
526430440801196 -0.745560 -1.631314 0.862541 
526430461372238 -0.873231 -1.503033 0.541837 
526430481943175 -0.300545 -0.351553 0.218079 
526430502514216 0.263894 0.799316 -0.109039 
526430523085258 0.413555 1.767843 -0.550084 
526430543656300 0.899804 2.002720 -0.681420 
526430564227290 1.445917 1.607491 -0.707076 
526430584798332 1.416595 1.690874 -0.956309 
526430605369425 1.216537 0.769690 -0.803898 
526430625940466 0.606589 0.225409 -0.626136 
526430646511404 0.237626 0.029932 -0.571769 
526430667082446 0.184787 -0.367435 -0.788626 
526430687653747 0.058643 -1.226006 -0.839328 
526430708224789 -0.131030 -1.843590 -0.912632 
526430728795623 0.108428 -1.672548 -0.761137 
526430749366664 0.355218 0.560774 -0.229074 
526430769937862 0.344833 1.228449 -0.383318 
526430790508905 0.988990 1.438586 -0.719599 
526430811079893 1.352760 1.245248 -0.868344 
526430831651247 0.851240 1.611461 -0.794124 
526430852222082 -0.080329 2.382067 -0.906523 
526430872793123 0.255952 1.907120 -0.780685 
526430893364060 1.113301 1.496313 -0.532674 
526430913935414 1.075427 1.169195 -0.515875 
526430934506247 0.699746 0.419359 -0.523817 
526430955077601 0.878118 2.029903 -0.671340 
526430975648332 1.054658 1.197906 0.072082 
526430996219580 1.448666 -1.182329 0.473726 
526431016790414 2.260200 -1.053436 0.999069 
526431037361508 1.971566 -0.892473 1.033278 
526431057932549 0.893390 -0.525954 0.232739 
526431078503747 0.013134 0.222049 -0.075442 
526431099075050 -0.049785 1.083369 0.186925 
526431119645675 0.223882 0.670424 0.428827 
526431140216716 0.554971 -0.524733 0.616668 
526431160787758 0.842382 -1.781282 1.380860 
526431181358852 1.362534 -2.242790 2.009745 
526431201929998 1.368032 -2.295019 2.044564 
526431222501040 1.309999 -2.288910 2.001498 
526431243071925 1.685987 -1.604742 1.342375 
526431263642966 1.192102 -0.985325 0.501520 
526431284213434 0.754723 0.931263 1.175915 
526431304784476 -0.113315 3.215897 1.592830 
526431325356039 -0.475558 1.498146 0.489303 
526431345927081 0.141110 0.195782 -0.405309 
526431366498331 0.149356 1.528994 -0.012828 
526431387069372 -0.087354 2.301127 0.364075 
526431407640414 -0.077885 1.632536 0.287717 
526431428211508 -0.147218 1.597411 -1.248302 
526431448782446 -0.043982 2.328616 -3.311192 
526431469353487 0.373849 3.085172 -4.168235 
526431489924685 0.617890 3.685041 -4.103789 
526431510495675 1.007010 3.317912 -3.429700 
526431531066820 1.284343 2.304793 -3.312109 
526431551638331 1.155145 1.235168 -4.023460 
526431572208956 0.737619 0.922711 -4.881725 
526431592780050 0.016799 1.853974 -5.273595 
526431613351247 -0.575129 2.728427 -4.921737 
526431633922549 -0.631329 2.789514 -4.367072 
526431654493174 -0.602313 2.274555 -3.836841 
526431675064267 -0.130114 2.625496 -3.557981 
526431695635414 0.635910 3.304167 -2.845102 
526431716206299 1.414457 3.908618 -1.936441 
526431736777549 1.822515 4.136470 -1.296560 
526431757348799 1.106276 3.414734 -1.088866 
526431777919789 -0.295964 2.792263 -1.156978 
526431798490935 -1.135292 2.494161 -0.894001 
526431819061612 -0.914770 1.989281 -0.674089 
526431839632862 -0.171042 0.997542 -0.395229 
526431860203903 0.521373 0.135612 -0.373544 
526431880774841 0.719293 -0.316733 -0.573907 
526431901345935 0.485332 -0.196088 -0.931263 
526431921917133 0.049785 0.295048 -1.293811 
526431942488226 -0.239459 0.923322 -1.629787 
526431963059008 -0.195171 1.301447 -1.833205 
526431983630050 0.220217 1.999666 -1.831372 
526432004201299 0.752585 2.524093 -1.794110 
526432024772341 1.095586 2.501185 -1.865886 
526432045343175 0.948673 1.598633 -1.791972 
526432065914268 0.292299 0.396451 -1.334129 
526432086485466 -0.224493 1.026864 -1.368032 
526432107056560 -0.477085 2.249204 -1.206152 
526432127627810 -0.252287 3.140456 -0.871704 
526432148198903 -0.418442 2.403142 -0.287412 
526432168769945 -1.041830 0.587652 -0.049480 
526432189340987 -0.882394 -0.918741 -0.632550 
526432209911819 -0.167682 -1.293812 -1.267544 
526432230482862 -0.055589 -1.597717 -1.292590 
526432251054164 0.073915 -1.512806 -0.940732 
526432271625205 0.394008 -1.295949 -0.254120 
526432292196612 0.901942 -0.733038 0.429132 
526432312767706 1.220202 0.037263 0.847575 
526432333338330 1.145982 0.774271 0.886365 
526432353909476 1.109941 -0.187230 0.703105 
526432374480518 1.022893 -1.465159 0.680809 
526432395051456 0.510683 -1.794415 1.155451 
526432415622861 -0.233350 -0.656985 1.647502 
526432436193591 -0.760527 0.538172 1.301447 
526432456764997 -0.943786 0.471588 0.225409 
526432477335622 -1.119715 1.104138 -0.412334 
526432497906768 -1.069319 0.694553 -0.644157 
526432518477810 -0.492357 -0.015272 -0.602313 
526432539049060 0.041539 -0.611781 -0.495411 
526432559619685 0.492662 -1.077260 -0.384539 
526432580190779 0.741895 -1.201571 -0.259007 
526432600762289 0.628580 -1.277318 -0.202807 
526432621333382 0.269086 -1.148120 -0.284663 
526432641904164 0.004276 -0.964555 -0.381790 
526432662475206 0.012217 -0.672257 -0.425467 
526432683046404 0.119119 -0.388510 -0.420886 
526432703617445 0.119729 -0.156687 -0.463646 
526432724188435 0.242513 -0.233350 -0.524427 
526432744759477 0.364686 -0.064446 -0.470060 
526432765330673 0.308181 -0.009468 -0.334448 
526432785901767 0.238237 0.071471 -0.205251 
526432806472914 0.213192 0.182343 -0.116981 
526432827044007 0.140193 0.233656 -0.048869 
526432847614788 -0.015882 0.297186 -0.072693 
526432868185882 -0.118813 0.251371 -0.120646 
526432888757081 -0.018937 0.141415 -0.135917 
526432909328122 0.141415 0.003665 -0.115759 
526432929899163 0.330172 0.076969 -0.215330 
526432950470310 0.433103 0.199753 -0.256563 
526432971041194 0.401949 0.299935 -0.384234 
526432991612289 0.331089 0.324369 -0.610559 
526433012183227 0.316428 0.252898 -0.482889 
526433032754632 0.286496 0.263283 0.028711 
526433053325517 0.151494 0.254120 0.067195 
526433073896872 0.025656 0.164323 0.010690 
526433094467602 -0.097738 -0.004887 0.013439 
526433115039111 -0.133779 -0.044593 -0.001833 
526433135609789 -0.179594 -0.153938 -0.016188 
526433156180987 -0.136528 -0.132252 -0.018326 
526433176751976 -0.106290 -0.047037 -0.055283 
526433197322913 -0.121868 0.045204 -0.066584 
526433217893800 -0.049175 0.109039 -0.056810 
526433238465048 0.015882 0.039095 -0.066279 
526433259036090 0.025351 -0.113010 -0.045204 
526433279607185 -0.045509 -0.086743 -0.051007 
526433300178279 -0.173180 -0.030849 -0.040623 
526433320749215 -0.157298 0.011606 0.002749 
526433341320257 -0.080329 0.014966 0.012523 
526433361891507 0.007330 -0.023518 0.021991 
526433382462548 0.011301 -0.011912 0.024129 
526433403034007 -0.080940 -0.026878 0.021380 
526433423605101 -0.100182 -0.047953 0.019548 
526433444176090 0.007941 -0.009163 0.032070 
526433464747132 0.106290 0.058643 0.022907 
526433485318330 0.109956 0.067501 -0.002749 
526433505889371 0.025351 -0.000305 -0.019242 
526433526460413 -0.054062 -0.063835 -0.007941 
526433547031507 -0.063530 -0.004581 -0.010690 
526433567603070 -0.032987 0.041539 -0.011606 
526433588174111 -0.026267 0.051007 -0.021380 
526433608744944 -0.004276 0.019242 -0.022297 
526433629315986 0.027183 -0.008858 -0.017104 
526433649886663 0.010385 0.000916 0.006720 
526433670457861 -0.019242 0.003971 0.029322 
526433691029163 -0.032681 0.000611 0.029322 
526433711600465 0.025656 0.009163 0.029627 
526433732171142 0.085826 0.033292 0.004276 
526433752742028 0.076053 0.038484 -0.007636 
526433773313590 0.013134 0.021991 -0.003665 
526433793884476 -0.023824 0.025656 0.009468 
526433814455153 -0.035430 -0.004581 0.008552 
526433835026507 -0.006720 -0.027794 -0.009468 
526433855597340 0.020769 -0.019853 -0.017104 
526433876168642 0.046426 -0.021991 0.002138 
526433896739424 0.052840 0.010690 0.024435 
526433917310517 0.025045 0.048869 0.025351 
526433937881715 0.003054 0.026267 0.012828 
526433958452705 0.010385 -0.007941 0.003360 
526433979023851 0.022907 -0.020769 0.011301 
526433999594736 0.026573 0.003665 0.014050 
526434020165830 0.004887 0.046426 0.008247 
526434040736767 -0.032070 0.018937 0.005192 
526434061307809 -0.053145 -0.012828 0.007025 
526434081878903 -0.018326 0.002749 0.018021 
526434102449997 0.034819 0.078191 0.008858 
526434123021403 0.003360 0.036957 -0.001833 
526434143592445 0.210137 0.134696 0.000000 
526434164163122 0.229685 0.130114 0.007025 
526434184734215 -0.109650 -0.162490 0.036652 
526434205305309 -0.186008 -0.350942 0.078802 
526434225876351 0.016188 -0.135612 0.077885 
526434246447392 0.439517 0.512210 -0.020464 
526434267018486 0.187841 0.482583 -0.017715 
526434287590152 -0.329562 -0.077885 0.034819 
526434308161193 -0.400116 -0.304516 0.114232 
