# Created at Thu Nov 07 19:33:01 EST 2019 in Burnaby Canada 
526424990915885 -24.337292 155.261978 -3.658920 
526425010915937 -24.482491 155.692261 -4.272270 
526425030915208 -24.637424 155.543732 -4.117110 
526425050921198 -22.799355 156.023239 -4.134570 
526425070921823 -24.923147 156.106766 -3.498930 
526425090921771 -26.921175 155.482986 -4.095060 
526425110922136 -24.168932 156.132996 -4.582530 
526425130922499 -25.259520 154.657990 -2.727840 
526425150921718 -22.837275 154.147385 -2.597850 
526425170922395 -23.612942 153.845840 -3.666870 
526425190921667 -25.246096 155.380463 -3.496290 
526425210921406 -24.196787 154.688904 -3.199380 
526425230924428 -25.111965 154.519257 -2.883120 
526425250922240 -23.440922 153.979828 -1.208280 
526425270921301 -24.480480 155.690552 -3.964770 
526425290922083 -23.455997 153.992661 -3.514530 
526425310932135 -24.991920 153.229691 -2.731380 
526425330932448 -22.965361 155.443787 -3.979590 
526425350921875 -24.464386 156.117203 -3.195840 
526425370921614 -26.014727 155.072922 -3.489060 
526425390921562 -22.798365 155.582077 -2.289750 
526425410921458 -21.162197 154.044861 -1.999080 
526425430921198 -23.432867 154.413300 -1.669350 
526425450921979 -24.209551 153.672287 -1.201050 
526425470921771 -23.590126 154.853882 -4.127700 
526425490921980 -24.204166 154.401611 -3.199500 
526425510921459 -25.419481 154.513718 -3.341430 
526425530916718 -24.205187 153.962143 -1.662180 
526425550922135 -23.876175 155.563980 -4.124460 
526425570922136 -22.382881 153.867966 -1.833630 
526425590921875 -23.419441 155.135788 -2.437800 
526425610921354 -24.662264 154.097076 -2.272710 
526425630922135 -24.971460 153.946182 -2.423580 
526425650918593 -24.222616 153.683411 -3.199800 
526425670933177 -23.412062 155.423080 -2.437680 
526425690933281 -23.849686 156.275345 -2.894160 
526425710921614 -22.999247 154.004822 -3.518940 
526425730915624 -25.425524 154.078537 -2.572860 
526425750921822 -24.967426 154.383072 -3.499650 
526425770921718 -23.566652 155.567810 -3.358650 
526425790921562 -23.730976 155.133667 -3.511110 
526425810921874 -23.940914 153.123810 -4.432980 
526425830922083 -22.353674 155.604477 -4.139160 
526425850922395 -24.939587 155.386856 -3.191730 
526425870916094 -23.581066 155.286499 -4.435020 
526425890918177 -23.388586 156.136993 -1.668630 
526425910917135 -25.128405 153.799362 -2.575920 
526425930916458 -24.365145 153.817902 -2.275770 
526425951129010 -24.684734 153.382294 -2.888010 
526425970921406 -22.976116 154.425461 -1.673760 
526425990921927 -24.522091 153.671036 -2.428110 
526426010916614 -24.351376 154.833633 -4.120350 
526426030915625 -23.627026 153.417480 -4.128300 
526426050917968 -23.917440 153.837738 -3.663930 
526426070917395 -23.926500 153.405106 -3.356610 
526426090923489 -25.096531 155.240021 -3.344070 
526426110915103 -25.094175 155.531586 -4.112700 
526426130915260 -23.114925 155.584229 -4.131810 
526426150921458 -24.479820 155.396439 -2.734890 
526426170921510 -23.455997 153.992661 -3.514530 
526426190921093 -23.745060 154.705322 -3.972540 
526426210922969 -22.217537 154.741562 -3.218490 
526426230917396 -24.626011 156.267914 -5.193060 
526426250918644 -24.201811 154.693176 -3.968130 
526426270921717 -24.662264 154.097076 -2.272710 
526426290916458 -24.470430 155.682007 -2.427270 
526426310916041 -25.107601 154.809113 -3.344250 
526426330917135 -25.875240 154.060394 -1.492200 
526426350917291 -25.257509 154.656281 -2.420340 
526426370917603 -25.407074 154.796738 -2.572560 
526426390918489 -25.264891 154.368988 -2.420460 
526426410917969 -23.622345 153.119949 -2.283420 
526426430917083 -24.671310 154.104767 -3.656460 
526426450916614 -23.543175 156.281738 -2.589600 
526426470915468 -24.194117 154.393051 -1.662000 
526426490915468 -24.474796 155.392151 -1.966140 
526426510922031 -24.496260 154.676529 -2.427690 
526426530915521 -23.720926 155.125107 -1.973610 
526426550921927 -25.274940 154.377533 -3.957960 
526426570922135 -24.352741 154.100891 -1.506900 
526426590917812 -24.165930 155.690109 -2.430210 
526426610917395 -24.165272 155.395981 -1.200330 
526426630919167 -24.492226 155.113419 -3.503760 
526426650916041 -25.092525 154.796280 -1.038000 
526426670916093 -25.107601 154.809113 -3.344250 
526426690916614 -22.842646 153.858398 -2.290470 
526426710915364 -24.466396 156.118912 -3.503340 
526426730939425 -24.503296 154.682510 -3.503940 
526426750918229 -22.348650 155.600204 -3.370410 
526426770918072 -22.823851 154.869858 -3.366300 
526426790917499 -22.823851 154.869858 -3.366300 
526426810916562 -23.433512 155.147751 -4.590300 
526426830916405 -24.201151 154.399048 -2.738250 
526426850917187 -23.602531 154.570862 -4.896570 
526426870923333 -22.205776 155.759003 -5.370570 
526426890923020 -22.725258 153.304962 -5.367180 
526426910922968 -25.173000 152.663055 -4.882650 
526426930922188 -23.496901 152.999985 -5.821200 
526426951129115 -21.234631 151.904800 -4.613730 
526426970921457 -22.434511 152.737656 -5.216610 
526426990921666 -23.174641 153.139786 -3.671580 
526427010916458 -22.134722 152.162643 -3.682290 
526427030916197 -20.912355 152.484894 -4.155180 
526427050919896 -21.922081 154.757339 -4.605180 
526427070923177 -22.133026 152.748322 -5.680800 
526427090915312 -23.933535 153.411087 -4.432860 
526427110915415 -25.114635 154.815094 -4.420500 
526427130916301 -22.687712 154.006927 -2.445630 
526427150916093 -23.767876 153.697266 -3.511710 
526427170915833 -25.852411 155.508774 -3.644100 
526427190916249 -24.369165 153.821320 -2.890770 
526427210917135 -23.939924 152.682632 -2.588160 
526427230916197 -24.557627 152.967361 -5.042160 
526427250921405 -23.626005 153.856949 -5.665620 
526427270921666 -24.559637 152.969070 -5.349660 
526427290922082 -23.500277 152.268967 -3.515250 
526427310921300 -23.448301 153.692535 -1.208400 
526427330916405 -22.959990 155.732773 -4.286970 
526427350916926 -22.839285 154.149094 -2.905350 
526427370916926 -20.387865 154.494308 -1.698750 
526427390917603 -19.519650 152.795792 -1.862040 
526427410917916 -18.440491 153.106277 -0.949710 
526427430916822 -15.663075 155.055939 -2.666640 
526427450917551 -15.172801 155.773453 -0.364500 
526427470928072 -13.466505 157.405731 -1.763760 
526427490927552 -11.004690 158.035690 -0.095790 
526427510916197 -13.299210 156.516312 3.923160 
526427530916562 -8.790390 159.636520 6.341790 
526427550921614 -7.847700 160.957001 5.718510 
526427570916040 -8.785710 159.338959 8.186670 
526427590922811 -8.576086 161.936249 6.802530 
526427610923540 -8.910435 160.926086 6.190050 
526427630917498 -11.968500 160.856186 4.220700 
526427650924270 -11.695530 159.716873 3.909780 
526427670924374 -13.946385 161.536285 1.626360 
526427690916614 -13.573846 157.950592 2.850450 
526427710922760 -17.217104 158.431366 2.270970 
526427730917238 -17.157751 160.142227 4.577940 
526427750917030 -18.526320 160.251114 4.283730 
526427770916926 -20.334211 160.626602 5.531550 
526427790916926 -18.518280 160.244278 5.513730 
526427810917291 -19.214476 162.076813 8.135610 
526427830928176 -20.065620 158.757111 7.372830 
526427850927186 -22.119286 162.010132 6.318540 
526427870916249 -25.137436 163.374084 4.811040 
526427890915988 -27.106951 163.900253 4.061640 
526427910915415 -28.173046 163.578644 5.148060 
526427930918176 -29.500338 165.854141 2.702250 
526427951136145 -31.625116 166.378830 1.493070 
526427970917394 -30.537888 167.563141 0.253260 
526427990923905 -29.727001 164.592361 -3.600570 
526428010923541 -29.414101 165.327209 -5.140710 
526428030917343 -30.181023 166.045685 -8.823060 
526428050917551 -26.440172 164.000870 -10.398210 
526428070917291 -25.109850 162.163177 -9.182220 
526428090916978 -24.884176 159.302750 -9.955110 
526428110918905 -21.992115 158.793167 -7.830780 
526428130916248 -20.603086 159.400772 -7.228770 
526428150922343 -20.774805 158.239029 -5.690280 
526428170916093 -18.047056 157.735657 -5.409480 
526428190915728 -18.310289 159.453812 -5.867070 
526428210916092 -17.147310 157.184570 -5.264790 
526428230916248 -16.374990 157.635727 -5.271960 
526428250916717 -15.169427 156.504486 -2.670450 
526428270917342 -14.989650 158.099670 -4.670010 
526428290917187 -15.023520 157.101028 -5.900430 
526428310922864 -15.324016 156.649200 -3.591420 
526428330916718 -13.591231 158.992828 -3.760380 
526428350922395 -13.886356 158.829971 -1.758750 
526428370922342 -13.111035 158.838257 0.386400 
526428390915675 -9.736381 159.786636 0.815670 
526428410915989 -9.563701 159.626526 4.504140 
526428430916718 -5.439871 160.165070 4.772130 
526428450922655 -4.238310 159.477570 5.067570 
526428470918123 -1.540770 157.238541 7.500150 
526428490916926 2.388195 155.754395 9.152520 
526428510916561 3.777570 156.655258 8.678400 
526428530916300 3.818490 158.088242 9.294000 
526428550916352 3.479085 156.201721 11.294910 
526428570920102 4.082715 155.928925 11.596410 
526428590916821 6.808755 154.399551 15.566791 
526428610918697 7.603515 154.684860 19.557060 
526428630917186 9.784650 156.313904 20.920891 
526428650917239 6.751065 156.957092 19.874340 
526428670923019 4.637685 157.765640 19.280279 
526428690923072 4.632315 157.476654 19.587660 
526428710922395 5.570610 157.626648 22.807650 
526428730916560 6.413701 160.512863 24.031502 
526428750922343 5.527005 160.612518 27.576630 
526428770916822 6.352650 162.779678 28.953930 
526428790922238 3.173850 163.412842 28.985100 
526428810923853 0.463560 165.075577 26.859779 
526428830916926 3.355635 165.006317 27.293041 
526428850916457 1.888785 161.529343 26.074829 
526428870922967 3.827130 160.589355 23.749050 
526428890915883 8.163555 157.838272 22.936470 
526428910940415 10.870154 156.031891 25.061729 
526428930941352 13.278975 154.798782 25.960169 
526428951173644 16.289085 153.441681 26.237671 
526428970915987 17.787750 152.034668 28.221119 
526428990916300 17.984264 153.322083 29.911442 
526429010916820 17.041590 152.441910 28.843651 
526429030919737 16.510065 155.001831 30.541861 
526429050922238 15.442305 154.975189 30.244650 
526429070922134 17.080486 153.436279 30.842821 
526429090923019 15.635805 156.265167 31.473721 
526429110922498 15.132780 154.971375 29.478840 
526429130921249 15.132780 154.971375 29.478840 
526429150927343 11.701456 157.020004 31.819801 
526429170915363 12.465735 157.477997 30.582630 
526429190915311 10.057905 158.269897 31.529011 
526429210915832 6.464295 160.763351 30.642870 
526429230916352 1.849860 164.217697 32.688690 
526429250916040 4.370025 166.559372 36.509884 
526429270937082 2.771415 169.238831 37.449692 
526429290937342 0.582270 173.060654 36.704609 
526429310916456 -5.335320 179.210266 38.303551 
526429330917186 -9.897030 186.436005 33.739681 
526429350915936 -13.379251 193.825180 30.703079 
526429370915988 -20.915535 198.548340 23.244869 
526429390921196 -20.942295 199.745346 14.635350 
526429410921456 -22.470121 200.736816 9.884220 
526429430915779 -23.772963 198.281357 6.512460 
526429450921457 -25.492968 197.394623 2.992020 
526429470922186 -23.606627 194.150391 1.741530 
526429490916873 -22.859835 188.005005 0.500130 
526429510916145 -22.913206 180.404694 -1.042020 
526429530917967 -18.330658 175.069366 -0.628620 
526429550916977 -12.880246 167.742233 0.697620 
526429570916196 -8.750116 161.803940 4.036440 
526429590915935 0.913695 158.461884 5.785860 
526429610915102 1.873755 153.736435 8.233590 
526429630915362 5.169600 152.256592 6.201840 
526429650915779 5.278230 150.242859 7.429530 
526429670915206 6.674640 151.137726 8.031660 
526429690915311 5.286270 150.236023 8.659531 
526429710916821 6.619606 148.395752 10.336770 
526429730915207 7.301055 150.992340 11.254471 
526429750921040 6.663885 150.119431 10.337490 
526429770921352 6.685335 150.394730 12.490110 
526429790921977 6.587400 151.665497 15.720870 
526429810921353 5.691030 152.947617 13.270230 
526429830915259 2.777820 152.154175 12.990360 
526429850915415 2.818740 153.587158 13.605961 
526429870915832 1.907925 153.707367 13.461090 
526429890915571 -1.598850 153.618484 12.726150 
526429910915675 -6.244786 156.806061 11.081850 
526429930916612 -6.567735 156.079773 11.084491 
526429951129476 -7.581810 158.502701 9.404550 
526429970915207 -10.390020 161.876526 8.818920 
526429990915571 -11.196211 160.426697 7.595670 
526430010915988 -14.626455 164.676117 1.635030 
526430030915311 -18.404505 166.312210 -0.787500 
526430050916456 -17.248201 169.345901 1.202220 
526430070917134 -18.541592 173.500656 -3.395310 
526430090915519 -19.085176 176.070831 -3.542100 
526430110922082 -20.188770 180.931580 -5.219550 
526430130915884 -20.818562 180.345963 -6.136410 
526430150921925 -19.540171 182.969025 -7.069590 
526430170921405 -18.811140 181.255325 -5.232660 
526430190915101 -18.286982 183.411819 -3.391170 
526430210915311 -16.702139 179.716599 -2.486400 
526430230915778 -15.883575 176.005417 -2.343030 
526430250922342 -14.801416 175.873032 0.721620 
526430270922498 -13.465051 174.470505 1.169040 
526430290921976 -12.714226 173.325363 4.082460 
526430310922394 -12.091816 173.623734 4.999200 
526430330915831 -12.632730 175.898087 6.389790 
526430350947237 -10.752076 177.515594 8.371560 
526430370946196 -10.566631 178.372086 10.061700 
526430390921299 -11.120970 179.923950 12.220740 
526430410921873 -11.213521 181.924026 13.453051 
526430430915571 -9.815745 183.551651 11.441730 
526430450921769 -9.782235 183.816696 15.439350 
526430470921561 -10.037101 185.380920 16.826700 
526430490921612 -7.021651 183.432144 20.178959 
526430510921091 -8.673256 184.248611 20.349241 
526430530921404 -8.678281 184.252884 19.580492 
526430550921508 -8.848966 183.970932 17.890589 
526430570921457 -9.329520 183.391907 16.511011 
526430590921561 -10.086061 183.954788 14.981100 
526430610921456 -9.547154 181.682144 13.283010 
526430630914945 -9.527685 182.839828 11.745990 
526430650921300 -10.913700 182.229675 11.605230 
526430670921091 -13.234350 180.732513 11.626680 
526430690921456 -11.707815 181.209930 10.535910 
526430710945883 -10.352685 179.938217 13.289640 
526430731329164 -9.940215 178.226700 13.284511 
526430750920987 -6.736620 177.719208 16.482151 
526430770921925 -7.953600 178.126297 14.956591 
526430790921404 -6.744660 177.726059 15.252151 
526430810921612 -9.607215 178.944443 14.819370 
526430830914737 -11.353711 177.346359 10.068630 
526430850921299 -12.538501 178.606705 10.080930 
526430870921613 -12.141749 177.642456 4.848600 
526430890921404 -12.782955 176.332642 5.007690 
526430910921456 -12.221564 175.215134 2.233830 
526430930915570 -13.114576 176.787949 -0.831690 
526430951128487 -11.667885 173.957352 -1.155090 
526430970921872 -14.591475 173.319519 -3.587400 
526430990921613 -12.126286 174.680511 -4.225380 
526431010921664 -12.931470 173.229843 -5.294880 
526431030921352 -12.871440 175.086899 -3.449100 
526431050921560 -13.889537 177.513260 -5.744040 
526431070941872 -14.541150 175.478394 -4.355250 
526431091334164 -14.683681 175.612869 -3.431220 
526431110921977 -13.511281 174.509827 -5.903460 
526431130915050 -13.226552 174.387955 -8.366461 
526431150921143 -14.856691 175.920059 -7.734630 
526431170921247 -16.975456 175.999283 -6.330240 
526431190921404 -15.982471 178.597977 -4.339230 
526431210921196 -14.681986 180.761902 -0.198840 
526431230922238 -13.210441 184.381653 1.173180 
526431250921977 -14.814450 185.891510 5.802510 
526431270921925 -16.795395 185.253159 7.820130 
526431290920465 -16.276230 188.294601 5.510730 
526431310920934 -17.850706 186.830505 3.218580 
526431330914789 -23.629110 188.431931 -2.413590 
526431350921039 -24.909496 186.250916 -3.478980 
526431370921404 -25.211639 186.534363 -4.244670 
526431390921404 -28.287151 185.745422 -6.060570 
526431410921195 -31.162771 186.974930 -8.492101 
526431430949841 -33.749310 187.932083 -12.156690 
526431451326091 -34.417336 186.057953 -13.842840 
526431470921091 -31.847864 185.555664 -14.483069 
526431490922081 -31.847864 185.555664 -14.483069 
526431510921508 -27.644911 183.371674 -14.678941 
526431530915206 -25.087172 182.732590 -16.549229 
526431550921612 -21.324497 182.136993 -20.430029 
526431570922289 -19.846275 180.453827 -20.445450 
526431590921612 -15.507512 177.553986 -20.335590 
526431610921717 -11.771025 175.219330 -21.449612 
526431630914685 -10.207306 171.101761 -22.082520 
526431650921351 -6.523155 166.609955 -22.736191 
526431670921820 -4.137435 165.836838 -27.065071 
526431690921559 -1.169250 163.047607 -27.556921 
526431710921716 2.493435 157.840164 -28.672140 
526431730921768 3.324435 155.292618 -31.142040 
526431750921508 5.432805 154.928665 -33.007801 
526431770921559 10.118340 153.762314 -33.207661 
526431790933955 10.543260 153.654755 -37.517132 
526431811322029 12.809580 153.436752 -39.076801 
526431830915466 15.387795 153.954498 -42.330360 
526431850921508 17.047455 153.571533 -42.961712 
526431870915466 18.116566 153.890594 -43.586880 
526431890915414 17.819101 153.876511 -42.507690 
526431910921456 18.889877 153.900589 -41.749229 
526431930915414 19.470705 153.060089 -42.677971 
526431951128799 20.810760 151.801208 -42.230492 
526431970921508 20.491516 151.658875 -43.918858 
526431990921352 25.510035 150.769943 -40.892788 
526432010921716 25.959421 150.935135 -42.588390 
526432030915883 29.384356 148.158051 -43.084652 
526432050921560 31.370325 148.792114 -44.333523 
526432070920518 32.582954 148.535492 -44.037899 
526432090921352 34.966290 146.590210 -44.216011 
526432110921872 35.887501 146.754730 -43.609772 
526432130916404 38.921459 147.285446 -47.021492 
526432150915362 40.712547 145.456482 -45.194912 
526432171309945 42.590210 147.516891 -45.365459 
526432190915466 43.325314 147.119034 -47.679241 
526432210915987 43.357189 148.559708 -48.447392 
526432230914944 43.359856 148.263885 -46.910011 
526432250922029 44.111057 148.292679 -48.454861 
526432270921924 43.535252 149.128937 -46.757374 
526432290922445 42.572460 147.825546 -49.209091 
526432310921925 42.795464 149.824310 -46.288471 
526432330916195 42.151909 148.222946 -45.360748 
526432350921142 43.266243 143.940170 -44.298061 
526432370921768 42.258522 146.210907 -44.440563 
526432390921351 42.508007 143.917343 -43.829460 
526432410915257 41.024071 145.018265 -42.430531 
526432430928122 39.834919 145.988800 -41.957100 
526432450921612 38.028378 146.656677 -41.631660 
526432470921663 37.251030 146.209763 -42.393242 
526432490921091 37.893253 147.959045 -44.089649 
526432510914060 39.540180 147.440170 -46.104809 
526432531309216 39.878204 148.153641 -43.801201 
526432550914945 39.545208 147.435898 -45.336060 
526432570914998 39.111271 148.431778 -45.792480 
526432590914529 38.805408 147.690948 -43.176090 
526432610915310 38.035110 147.678406 -44.552490 
526432630915153 37.603848 148.378448 -43.471531 
526432650921664 37.086704 145.775650 -42.545700 
526432670921664 36.644371 146.044815 -41.464920 
526432690921456 36.023640 145.891815 -42.689102 
526432710921143 35.712105 145.889694 -43.762409 
526432730914893 38.302364 145.956833 -43.479900 
526432750920779 37.860359 146.078918 -41.784180 
526432770915205 37.890873 146.786865 -39.938881 
526432790920986 38.607197 145.817856 -42.867901 
526432810921664 37.530361 144.918274 -41.166721 
526432830915257 37.987114 144.930435 -41.171131 
526432850921090 38.180294 146.807785 -42.248070 
526432870915257 37.548813 145.636475 -41.166420 
526432890915414 38.178284 146.809494 -42.555569 
526432910915206 39.099152 146.680740 -40.873203 
526432930916143 38.286587 144.942795 -41.942822 
526432951128590 38.722862 143.798157 -40.563961 
526432970914528 38.923756 145.815704 -41.025841 
526432990921299 39.650112 144.397842 -40.726292 
526433010921091 41.148121 143.284958 -39.972721 
526433030914998 42.063961 143.160492 -39.059101 
526433050922237 42.227955 143.741638 -39.521580 
526433070921559 39.660164 144.389282 -39.188789 
526433090921559 42.246403 144.459839 -39.521278 
526433110921404 42.081421 144.319870 -40.903622 
526433130915570 41.800396 145.025696 -40.131630 
526433150921404 42.261841 145.180618 -39.982231 
526433170922289 42.842670 144.340118 -40.910973 
526433190921872 41.789326 144.594788 -40.131813 
526433210921663 41.909370 143.305206 -39.980068 
526433230916456 42.661232 143.039902 -40.295040 
526433251292757 41.800743 145.318970 -41.207760 
526433270914944 41.820858 145.742188 -39.823833 
526433290915049 41.186039 145.160812 -41.509441 
526433310915258 42.232319 144.031509 -39.982708 
526433330914944 42.715919 145.488617 -41.524021 
526433350921142 41.784302 144.599060 -40.900562 
526433370921402 41.018028 144.583084 -41.661961 
526433390921507 42.540184 144.330307 -40.600533 
526433410921819 42.258179 145.917618 -43.364429 
526433430916194 39.634682 143.677078 -40.265339 
526433450921611 40.424789 145.140564 -41.502090 
526433470922028 42.695114 144.478851 -40.755692 
526433490915726 42.960705 143.052261 -41.066730 
526433510915621 41.747402 143.162659 -40.901161 
526433530918538 42.692085 144.041092 -39.525867 
526433550922340 41.740025 142.875366 -40.901283 
526433570922028 41.025063 144.577103 -40.585712 
526433590941247 42.097862 145.039780 -41.210819 
526433611308121 42.123344 145.751999 -40.134270 
526433630915621 41.474083 144.008682 -39.514111 
526433650922497 41.909370 143.305206 -39.980068 
526433670915517 41.778934 144.310059 -40.593182 
526433690915205 43.618336 144.641678 -39.841953 
526433710922027 41.466042 144.015533 -40.744110 
526433730916090 42.700489 144.767853 -41.063068 
526433750922288 42.673996 144.056488 -42.293369 
526433770921351 42.231976 143.738220 -38.906582 
526433790921820 41.167591 144.442612 -41.509739 
526433810922341 40.204441 142.405670 -41.194260 
526433830915153 41.369476 146.019043 -40.126801 
526433850921611 41.369476 146.019043 -40.126801 
526433870915986 41.330219 144.291061 -39.358772 
526433890922236 44.508690 143.804977 -40.004879 
526433910922497 41.756462 143.595276 -41.208481 
526433930926299 41.776924 144.311768 -40.900681 
526433951129319 41.466042 144.015533 -40.744110 
526433971296350 42.707523 144.761871 -39.986820 
526433990915831 42.993225 143.758469 -38.913929 
526434010915621 41.290653 143.150513 -40.896751 
526434030915309 40.582397 144.993301 -40.119873 
526434050921611 43.262867 143.209137 -41.992111 
526434070921663 41.767864 143.879150 -40.593361 
526434090921455 41.440212 143.010056 -40.744530 
526434110921924 43.461391 144.494827 -39.994289 
526434130917549 41.166573 144.003159 -39.972420 
526434150923070 42.079411 144.321579 -41.211121 
526434170922080 42.143131 146.322266 -39.365280 
526434190922236 41.311111 143.867004 -40.588951 
526434210921663 41.800743 145.318970 -41.207760 
526434230915569 43.620361 145.080276 -41.225521 
526434250922184 40.537800 143.857010 -42.426601 
526434270922392 42.238361 144.466690 -40.751282 
526434290922495 43.443287 144.069901 -41.070721 
526434310939058 44.162262 142.364761 -40.771290 
