# Created at Thu Nov 07 17:59:55 EST 2019 in Burnaby Canada 
520839706080077 9.176580 -2.200177 -3.003397 
520839726648411 9.183763 -2.119975 -3.018959 
520839747216796 9.184959 -2.165462 -2.984244 
520839767785598 9.247207 -2.194191 -2.941150 
520839788353879 9.299877 -2.190600 -2.925589 
520839808923150 9.307059 -2.157083 -2.908830 
520839829491066 9.280724 -2.127157 -2.894465 
520839850059712 9.314241 -2.069698 -2.851372 
520839870628827 9.356138 -2.030196 -2.842992 
520839891197264 9.323817 -2.060122 -2.842992 
520839911765338 9.291498 -2.074487 -2.844189 
520839932333827 9.289103 -2.075684 -2.842992 
520839952902212 9.302271 -2.106807 -2.854963 
520839973470650 9.302271 -2.141521 -2.875313 
520839994039296 9.281921 -2.157083 -2.880101 
520840014607837 9.260374 -2.140324 -2.872919 
520840035176275 9.247207 -2.145113 -2.880101 
520840055745077 9.259177 -2.173842 -2.896860 
520840076313514 9.266359 -2.154689 -2.896860 
520840096882004 9.243615 -2.127157 -2.892071 
520840117450390 9.250798 -2.121171 -2.886086 
520840138019295 9.251994 -2.148704 -2.898057 
520840158587733 9.251995 -2.153492 -2.907633 
520840179156067 9.253191 -2.145113 -2.889677 
520840199724608 9.257979 -2.140324 -2.889677 
520840220293202 9.257980 -2.129551 -2.896860 
520840240861534 9.273541 -2.134339 -2.887283 
520840261430129 9.280724 -2.133142 -2.865736 
520840281998879 9.262768 -2.129551 -2.863342 
520840302567160 9.274738 -2.112792 -2.860948 
520840323136066 9.281921 -2.124763 -2.860948 
520840343704400 9.286709 -2.130748 -2.853766 
520840364273254 9.257980 -2.136733 -2.847780 
520840384841692 9.267556 -2.137930 -2.845387 
520840405409764 9.268753 -2.147507 -2.858554 
520840425978462 9.289103 -2.147507 -2.857357 
520840446546952 9.267555 -2.147507 -2.857357 
520840467115493 9.262768 -2.124763 -2.857357 
520840487684504 9.254389 -2.130748 -2.846583 
520840508252576 9.278330 -2.152295 -2.858554 
520840528823410 9.291496 -2.125960 -2.860948 
520840549390389 9.271148 -2.111595 -2.841795 
520840569959399 9.175383 -2.056531 -2.826234 
520840590528097 9.169399 -2.064910 -2.808278 
520840611095909 9.254389 -2.148704 -2.859751 
520840631664087 9.461479 -2.215738 -2.862145 
520840652232421 9.244812 -2.074487 -2.763987 
520840672800910 9.268753 -2.033787 -2.780746 
520840693369660 9.368109 -2.128354 -2.815460 
520840713938566 9.344168 -2.244467 -2.883692 
520840734506483 9.360926 -2.191797 -2.862145 
520840755074921 9.044905 -2.050546 -2.783140 
520840775643409 9.052088 -2.086457 -2.856160 
520840796212055 10.087535 -2.592809 -3.072826 
520840816781066 9.687720 -2.377340 -3.093176 
520840837349504 9.232841 -2.155886 -2.866933 
520840857918566 8.894077 -1.936826 -2.840598 
520840878487264 8.679805 -1.760860 -2.893268 
520840899055545 8.938368 -1.886550 -2.933968 
520840919625753 9.255586 -2.033787 -3.003397 
520840940193670 9.370502 -2.182221 -3.087190 
520840960760909 9.296286 -2.161871 -3.167393 
520840981329712 9.222069 -2.092443 -3.097964 
520841001897472 9.163413 -2.134339 -3.060855 
520841022465962 9.096378 -2.197783 -3.105146 
520841043034607 9.133486 -2.195388 -3.121905 
520841063602993 9.189748 -2.157083 -3.117116 
520841084171586 9.194536 -2.103216 -3.087190 
520841104740336 9.205309 -2.093639 -3.083599 
520841125308827 9.213689 -2.096034 -3.074023 
520841145877213 9.165807 -2.057728 -2.942348 
520841166446013 9.110743 -1.939220 -2.882495 
520841187014399 9.307059 -1.904505 -3.048885 
520841207583150 9.800243 -1.886550 -3.015368 
520841228151847 9.430355 -2.336640 -3.452291 
520841248720181 8.815072 -2.614356 -2.463528 
520841269288671 8.563692 -1.927250 -4.132215 
520841289857524 9.569212 -1.562149 -2.392902 
520841310425649 9.882839 -2.577247 -3.561222 
520841330996275 9.339379 -2.067304 -3.190137 
520841351563044 9.157428 -2.099625 -3.230836 
520841372131483 8.734869 -2.003861 -3.068038 
520841392699920 8.246473 -1.995481 -3.012973 
520841413271170 9.499784 -2.413251 -3.425955 
520841433838826 9.357335 -1.865003 -2.912421 
520841454407993 9.424370 -2.201374 -3.205698 
520841474976223 9.030540 -2.157083 -3.476231 
520841495545232 9.340576 -2.388113 -3.230836 
520841516113775 9.591956 -1.481947 -3.204501 
520841536681379 8.440395 -2.219329 -2.829825 
520841557248513 9.180172 -1.570529 -3.319418 
520841577817681 9.099970 -1.654322 -2.990229 
520841598385858 9.017373 -2.570065 -3.050082 
520841618954243 9.277133 -2.620341 -3.404408 
520841639522836 9.808622 -2.322276 -3.437926 
520841660091222 9.527315 -2.133142 -3.190136 
520841680660076 8.781553 -2.192994 -3.300265 
520841701228357 9.225659 -2.534153 -3.571995 
520841721797211 7.717377 -1.979920 -2.911224 
520841742365493 10.043243 -1.979920 -3.498975 
520841762934086 10.523261 -1.863806 -3.910760 
520841783502837 8.491868 -1.787195 -3.221260 
520841804071223 8.690578 -1.875776 -2.959106 
520841824639763 9.347759 -2.252847 -4.400353 
520841845209191 10.025289 -2.196586 -2.877707 
520841865777889 8.421243 -1.310769 -3.743173 
520841886346066 8.019033 -1.264084 -3.015368 
520841906914607 7.876585 -0.881028 -3.364906 
520841927485129 9.499784 -2.920801 -3.251186 
520841948053306 10.280260 -3.054870 -3.619877 
520841968620492 10.087535 -2.661041 -4.031662 
520841989190128 9.193338 -2.287561 -4.390777 
520842009757315 8.356602 -1.842259 -4.107077 
520842030325284 7.732939 -1.285631 -3.010579 
520842050894191 8.344631 -2.210950 -2.512607 
520842071462576 8.658258 -2.111595 -2.118777 
520842092031534 10.741124 -3.530099 -3.467852 
520842112599711 9.629065 -3.279915 -5.134145 
520842133169868 8.543341 -1.620805 -4.353669 
520842153737784 7.390583 -1.709387 -2.367764 
520842174306378 8.402090 -2.263620 -3.039308 
520842194874763 9.775105 -2.647873 -3.606710 
520842215443773 9.645823 -3.197319 -3.788661 
520842236011795 10.342506 -3.372088 -3.379270 
520842256580441 10.573537 -3.508552 -3.075220 
520842277149190 9.247207 -2.303123 -3.880834 
520842297718306 8.001078 -2.043363 -3.750356 
520842318285753 7.961576 -2.492257 -3.491793 
520842338855440 9.820593 -2.506621 -2.996214 
520842359422107 10.841677 -3.482217 -3.297871 
520842379991170 9.979800 -2.984244 -2.716105 
520842400560441 9.637444 -2.200177 -2.730470 
520842421129138 8.663046 -2.331852 -4.618217 
520842441697732 9.736799 -2.449163 -4.648143 
520842462266118 9.311848 -2.688573 -5.010849 
520842482834868 9.275936 -1.960767 -2.869327 
520842503403514 8.584041 -1.004324 -0.745762 
520842523973565 8.113600 -2.584430 -2.210950 
520842544542108 9.534498 -2.684982 -3.593542 
520842565110909 8.204576 -2.210950 -4.948602 
520842585678670 6.357529 -1.216202 -3.222457 
520842606246170 5.737457 -0.649998 -1.963161 
520842626814451 6.628062 -1.097694 -2.644282 
520842647383826 7.646751 -1.985905 -3.297871 
520842667951742 10.116264 -4.103485 -4.819321 
520842688520440 9.072437 -1.875776 -4.758271 
520842709088827 9.698494 -2.712514 -5.548324 
520842729658253 8.927593 -3.522916 -1.947599 
520842750226378 8.562494 -1.638761 -2.951924 
520842770794919 7.983122 -1.896126 -4.075953 
520842791363253 6.543072 -2.734061 -3.060855 
520842811931847 8.670229 -4.216008 -3.325403 
520842832500336 14.389730 -4.354866 -4.229176 
520842853071795 13.460820 -3.719233 -2.741243 
520842873637993 5.697955 -1.068965 -4.231570 
520842894207002 7.804762 -1.387380 -2.960303 
520842914775232 7.492332 -1.930841 -2.015831 
520842935345388 11.316905 -3.323009 -2.772367 
520842955913774 11.738266 -3.688109 -3.063250 
520842976482732 10.107885 -3.100358 -3.267945 
520842997049659 7.633584 -1.547785 -2.330655 
520843017618774 5.010849 -1.880564 -2.960303 
520843038186795 9.556046 -0.412982 -2.395296 
520843058754242 10.645360 -1.720160 -2.905239 
520843079322836 10.276669 -2.379734 -1.965555 
520843099892888 10.281457 -3.597133 -1.790786 
520843120462263 9.089195 -3.269142 -3.115920 
520843141031012 9.456690 -1.910491 -5.056336 
520843161599555 10.241955 -2.657450 0.150828 
520843182167212 9.032934 -2.119975 -2.349808 
520843202735492 8.987446 -2.046955 -2.579641 
520843223303981 9.388458 -2.289956 -1.987102 
520843243873982 10.015713 -2.736455 -2.286365 
520843264441013 9.812214 -2.543730 -1.537011 
520843285010128 9.703283 -2.599991 -0.727806 
520843305578930 9.923540 -2.407266 -2.702938 
520843326147783 9.910372 -2.781943 -1.918870 
520843346715701 9.380079 -3.141057 -1.155153 
520843367283982 9.915160 -2.590415 -1.760860 
520843387852783 10.676483 -3.135072 -1.520253 
520843408421898 11.067919 -2.912421 -0.567401 
520843428990597 10.461014 -3.461867 -0.781673 
520843449560076 9.204112 -2.584430 -0.465652 
520843470128565 7.658722 -2.737652 -0.866664 
520843490696742 8.157892 -3.290689 -0.687106 
520843511264242 9.404019 -4.599064 -0.602116 
520843531833045 9.079619 -4.547591 -0.873846 
520843552401273 8.032202 -4.686448 -0.304051 
520843572969919 7.481559 -3.566010 -0.361509 
520843593539034 7.673086 -1.790786 -1.355060 
520843614109399 7.173917 -1.569332 -1.053403 
520843634677575 8.313508 -3.781479 -3.437926 
520843655245023 8.776766 -4.759469 -0.223848 
520843675813304 12.709074 -3.369694 -1.095300 
520843696383149 9.905583 -2.125960 -2.074486 
520843716951638 8.484686 -2.839401 -1.671081 
520843737521898 9.335789 -6.082208 -1.363439 
520843758088774 9.248404 -5.429816 -1.481947 
520843778657679 9.335789 -5.204771 -1.669884 
520843799226430 9.125108 -5.762596 -1.565741 
520843819794606 8.803101 -6.900990 -1.285631 
520843840362315 9.365715 -6.467658 -1.165926 
520843860930649 9.925933 -4.800168 -2.044560 
520843881499868 10.000151 -6.859093 -2.176236 
520843902067210 8.513415 -7.960379 -1.067768 
520843922638357 9.014978 -6.183957 -0.395026 
520843943206273 8.658258 -4.584700 -0.602116 
520843963773044 9.217280 -4.761863 -0.603313 
520843984341637 8.129162 -6.692703 0.690698 
520844004910231 7.076956 -5.012046 -0.217863 
520844025478929 7.741318 -3.053673 -1.311966 
520844046047367 7.717378 -4.502103 0.301656 
520844066616065 7.865811 -4.344092 -0.038306 
520844087184658 7.966364 -4.569137 0.124493 
520844107753253 7.488741 -4.804956 0.219060 
520844128321743 7.937634 -5.126963 -0.963625 
520844148890388 8.481094 -5.920606 -0.324400 
520844169459137 9.004206 -6.231839 -0.310036 
520844190027680 9.783484 -4.657720 0.894196 
520844210596950 8.871333 -2.935165 -0.875043 
520844231164920 10.805765 -3.730006 -0.287292 
520844251733876 8.816269 -6.595742 1.405336 
520844272302106 9.043708 -8.985053 4.123835 
520844292870856 5.219135 -10.921879 1.659110 
520844313439398 6.995557 -8.946747 1.627987 
520844334008096 7.067380 -8.695366 -2.260029 
520844354576481 9.047298 -8.623544 -4.256707 
520844375145232 10.635784 -7.771245 -3.700080 
520844395713773 11.343240 -5.885892 -2.055334 
520844416282888 11.739463 -4.991696 -3.209289 
520844436851637 12.754560 -4.441053 -2.534154 
520844457419814 12.889828 -4.502103 0.013168 
520844477988201 12.636053 -4.312969 3.393635 
520844498557576 12.622886 -2.625129 4.290225 
520844519126220 13.059809 -0.872649 3.993357 
520844539693773 15.166615 1.452021 3.387650 
520844560262679 16.515690 2.687376 2.631114 
520844580831117 14.022236 0.450091 3.030929 
520844601400023 11.149318 -2.094836 5.390313 
520844621968356 10.276669 -2.329458 5.140130 
520844642537106 10.204845 -1.398154 2.623932 
520844663105648 9.222068 -2.074486 -0.007182 
520844683674137 5.814069 -3.809011 0.798432 
520844704242887 2.708923 -3.854499 1.760860 
520844724812054 2.420434 0.384253 1.637564 
520844745380648 3.660577 2.407266 0.756535 
520844765949242 5.707531 4.578714 0.232228 
520844786517835 5.204771 4.868400 0.702668 
520844807086585 3.679730 4.881567 1.067768 
520844827654971 1.088118 4.402748 2.863342 
520844848223201 1.665096 4.309378 4.880370 
520844868791793 2.906436 5.526777 7.005133 
520844889360283 4.091515 5.208362 7.477967 
520844909928929 5.458545 5.362782 8.163877 
520844930498878 5.326869 5.800901 7.916088 
520844951067887 4.540408 6.355135 7.372627 
520844971634658 5.888286 5.976868 6.572998 
520844992203200 5.687181 5.852374 8.247670 
520845012771951 4.681660 4.824109 9.648218 
520845033340387 3.386453 4.435068 9.931918 
520845053909085 2.894465 4.815730 9.772711 
520845074477575 2.050546 4.879173 8.976673 
520845095046533 1.157547 4.900721 7.705407 
520845115614866 0.763718 5.150903 6.385061 
520845136186116 1.165926 5.347219 6.107346 
520845156753513 0.341159 5.313703 5.791325 
520845177321064 -0.743368 5.563886 5.476501 
520845197889294 -1.030660 5.646482 5.996020 
520845218458043 -0.500367 5.743443 6.705871 
520845239026481 1.062980 6.424564 7.439662 
520845259594919 2.538942 7.191873 8.405681 
520845280163513 1.687840 7.369036 8.874925 
520845300732158 0.248986 6.520328 7.718575 
520845321301116 0.715836 6.792058 7.545002 
520845341870179 1.285631 5.925394 8.734869 
520845362439138 1.055798 5.106613 9.309453 
520845383006637 0.355524 5.545930 8.908442 
520845403576585 0.131675 5.871527 8.654667 
520845424145127 -0.470440 6.511949 8.652273 
520845444714658 -0.875043 6.423367 8.672623 
520845465282782 -0.921728 5.939759 8.363784 
520845485850126 0.147237 5.735064 8.964703 
520845506418721 0.444105 5.779354 7.643160 
520845526987419 -0.300459 6.380273 8.020231 
520845547555647 -1.088118 6.240218 7.688648 
520845568124658 -1.708189 6.039114 8.065719 
520845588692575 -1.326331 5.623738 8.563690 
520845609261689 -1.108468 5.901453 8.436804 
520845629829762 -0.821176 6.253386 7.859826 
520845650398408 -0.671545 6.152834 7.307986 
520845670966898 -0.604510 6.004400 7.084138 
520845691535596 -0.381859 6.100164 7.181099 
520845712104242 0.241804 6.563422 7.603658 
520845732673095 0.995945 6.956054 8.327873 
520845753241376 0.806811 6.663974 8.047763 
520845773810075 -0.106537 6.388652 6.911763 
520845794378617 -0.277715 6.532298 6.429352 
520845814946533 0.092173 6.987177 6.802832 
520845835515751 0.505155 6.911763 7.100897 
520845856084554 0.811599 6.853108 7.319957 
520845876653096 0.921728 7.160749 7.160749 
520845897222105 1.058192 7.240952 7.205040 
520845917790595 0.752944 7.003936 6.829166 
520845938358929 0.563810 7.011118 6.419776 
520845958927523 0.842723 7.120049 6.379076 
520845979496117 1.273661 7.407341 7.135612 
520846000064866 1.495115 7.200252 7.674284 
520846020633408 0.903772 6.978798 7.406145 
520846041201742 0.478820 6.898596 6.905778 
520846061770492 0.220257 6.952463 6.417382 
520846082340231 0.499170 7.024286 6.574195 
520846102907991 1.023477 7.149976 6.873457 
520846123478304 1.395760 7.233769 7.339109 
520846144046272 1.198246 7.051818 7.598869 
520846164614918 0.514731 6.810014 7.455224 
520846185182678 0.183149 6.663974 7.319957 
520846205751012 0.451288 6.757343 7.352277 
520846226319919 0.806811 6.932113 7.249331 
520846246889189 0.982778 7.009921 7.386992 
520846267456689 1.029462 7.027877 7.483953 
520846288025752 0.743368 6.847123 7.485149 
520846308593824 0.450091 6.672353 7.665904 
520846329163356 0.324400 6.556239 7.628796 
520846349731376 0.359115 6.690309 7.169128 
520846370300751 0.670348 6.898596 7.062591 
520846390868564 0.802023 6.910566 7.068577 
520846411437939 0.784067 6.905778 7.197858 
520846432006325 0.687106 6.820787 7.341504 
520846452574814 0.511140 6.771708 7.055409 
520846473143460 0.517125 6.862684 6.843531 
520846493712106 0.821176 7.002739 7.142794 
520846514280440 0.933698 6.851911 7.416918 
520846534849866 0.507549 6.760935 7.088926 
520846555418355 0.323203 6.768117 6.831561 
520846575987418 0.420164 6.873458 6.899793 
520846596555595 0.852299 6.939295 7.276863 
520846617124137 0.873846 6.908172 7.357065 
520846637693303 0.614086 6.863881 7.136808 
520846658261898 0.453682 6.929719 6.982389 
520846678830023 0.494381 6.884231 7.043439 
520846699399450 0.590145 6.847122 7.206237 
520846719968043 1.031857 6.996754 7.498317 
520846740536168 1.416109 6.892611 8.306326 
520846761105439 0.263351 6.203110 6.883034 
520846781673721 -0.651195 7.652737 5.731472 
520846802241533 0.942078 7.928058 7.116458 
520846822809762 1.325134 7.250528 8.087266 
520846843378616 -0.040700 6.569407 7.256514 
520846863946845 -0.645210 6.733403 5.842798 
520846884517730 0.159208 6.908172 7.418115 
520846905085751 1.438853 6.211489 8.517006 
