# Created at Thu Nov 07 17:59:55 EST 2019 in Burnaby Canada 
520839706080077 0.000000 0.000000 0.000000 
520839726648411 0.000000 0.000000 0.000000 
520839747216796 0.000000 0.000000 0.000000 
520839767785598 0.000000 0.000000 0.000000 
520839788353879 0.000000 0.000000 0.000000 
520839808923150 0.000000 0.000000 0.000000 
520839829491066 0.000000 0.000000 0.000000 
520839850059712 0.000000 0.000000 0.000000 
520839870628827 0.000000 0.000000 0.000000 
520839891197264 0.000000 0.000000 0.000000 
520839911765338 0.000000 0.000000 0.000000 
520839932333827 0.000000 0.000000 0.000000 
520839952902212 0.000000 0.000000 0.000000 
520839973470650 0.000000 0.000000 0.000000 
520839994039296 0.000000 0.000000 0.000000 
520840014607837 0.000000 0.000000 0.000000 
520840035176275 0.000000 0.000000 0.000000 
520840055745077 0.000000 0.000000 0.000000 
520840076313514 0.000000 0.000000 0.000000 
520840096882004 0.000000 0.000000 0.000000 
520840117450390 0.000000 0.000000 0.000000 
520840138019295 0.000000 0.000000 0.000000 
520840158587733 0.000000 0.000000 0.000000 
520840179156067 0.000000 0.000000 0.000000 
520840199724608 0.000000 0.000000 0.000000 
520840220293202 0.000000 0.000000 0.000000 
520840240861534 0.000000 0.000000 0.000000 
520840261430129 0.000000 0.000000 0.000000 
520840281998879 0.000000 0.000000 0.000000 
520840302567160 0.000000 0.000000 0.000000 
520840323136066 0.000000 0.000000 0.000000 
520840343704400 0.000000 0.000000 0.000000 
520840364273254 0.000000 0.000000 0.000000 
520840384841692 0.000000 0.000000 0.000000 
520840405409764 0.000000 0.000000 0.000000 
520840425978462 0.000000 0.000000 0.000000 
520840446546952 0.000000 0.000000 0.000000 
520840467115493 0.000000 0.000000 0.000000 
520840487684504 0.000000 0.000000 0.000000 
520840508252576 0.000000 0.000000 0.000000 
520840528823410 0.000000 0.000000 0.000000 
520840549390389 0.000000 0.000000 0.000000 
520840569959399 0.000000 0.000000 0.000000 
520840590528097 0.000000 0.000000 0.000000 
520840611095909 0.000000 0.000000 0.000000 
520840631664087 0.000000 0.000000 0.000000 
520840652232421 0.000000 0.000000 0.000000 
520840672800910 0.000000 0.000000 0.000000 
520840693369660 0.000000 0.000000 0.000000 
520840713938566 0.000000 0.000000 0.000000 
520840734506483 0.000000 0.000000 0.000000 
520840755074921 0.000000 0.000000 0.000000 
520840775643409 0.000000 0.000000 0.000000 
520840796212055 0.000000 0.000000 0.000000 
520840816781066 0.000000 0.000000 0.000000 
520840837349504 0.000000 0.000000 0.000000 
520840857918566 0.000000 0.000000 0.000000 
520840878487264 0.000000 0.000000 0.000000 
520840899055545 0.000000 0.000000 0.000000 
520840919625753 0.000000 0.000000 0.000000 
520840940193670 0.000000 0.000000 0.000000 
520840960760909 0.000000 0.000000 0.000000 
520840981329712 0.000000 0.000000 0.000000 
520841001897472 0.000000 0.000000 0.000000 
520841022465962 0.000000 0.000000 0.000000 
520841043034607 0.000000 0.000000 0.000000 
520841063602993 0.000000 0.000000 0.000000 
520841084171586 0.000000 0.000000 0.000000 
520841104740336 0.000000 0.000000 0.000000 
520841125308827 0.000000 0.000000 0.000000 
520841145877213 0.000000 0.000000 0.000000 
520841166446013 0.000000 0.000000 0.000000 
520841187014399 0.000000 0.000000 0.000000 
520841207583150 0.000000 0.000000 0.000000 
520841228151847 0.000000 0.000000 0.000000 
520841248720181 0.000000 0.000000 0.000000 
520841269288671 0.000000 0.000000 0.000000 
520841289857524 0.000000 0.000000 0.000000 
520841310425649 0.000000 0.000000 0.000000 
520841330996275 0.000000 0.000000 0.000000 
520841351563044 0.000000 0.000000 0.000000 
520841372131483 0.000000 0.000000 0.000000 
520841392699920 0.000000 0.000000 0.000000 
520841413271170 0.000000 0.000000 0.000000 
520841433838826 0.000000 0.000000 0.000000 
520841454407993 0.000000 0.000000 0.000000 
520841474976223 0.000000 0.000000 0.000000 
520841495545232 0.000000 0.000000 0.000000 
520841516113775 0.000000 0.000000 0.000000 
520841536681379 0.000000 0.000000 0.000000 
520841557248513 0.000000 0.000000 0.000000 
520841577817681 0.000000 0.000000 0.000000 
520841598385858 0.000000 0.000000 0.000000 
520841618954243 0.000000 0.000000 0.000000 
520841639522836 0.000000 0.000000 0.000000 
520841660091222 0.000000 0.000000 0.000000 
520841680660076 0.000000 0.000000 0.000000 
520841701228357 0.000000 0.000000 0.000000 
520841721797211 0.000000 0.000000 0.000000 
520841742365493 0.000000 0.000000 0.000000 
520841762934086 0.000000 0.000000 0.000000 
520841783502837 0.000000 0.000000 0.000000 
520841804071223 0.000000 0.000000 0.000000 
520841824639763 0.000000 0.000000 0.000000 
520841845209191 0.000000 0.000000 0.000000 
520841865777889 0.000000 0.000000 0.000000 
520841886346066 0.000000 0.000000 0.000000 
520841906914607 0.000000 0.000000 0.000000 
520841927485129 0.000000 0.000000 0.000000 
520841948053306 0.000000 0.000000 0.000000 
520841968620492 0.000000 0.000000 0.000000 
520841989190128 0.000000 0.000000 0.000000 
520842009757315 0.000000 0.000000 0.000000 
520842030325284 0.000000 0.000000 0.000000 
520842050894191 0.000000 0.000000 0.000000 
520842071462576 0.000000 0.000000 0.000000 
520842092031534 0.000000 0.000000 0.000000 
520842112599711 0.000000 0.000000 0.000000 
520842133169868 0.000000 0.000000 0.000000 
520842153737784 0.000000 0.000000 0.000000 
520842174306378 0.000000 0.000000 0.000000 
520842194874763 0.000000 0.000000 0.000000 
520842215443773 0.000000 0.000000 0.000000 
520842236011795 0.000000 0.000000 0.000000 
520842256580441 0.000000 0.000000 0.000000 
520842277149190 0.000000 0.000000 0.000000 
520842297718306 0.000000 0.000000 0.000000 
520842318285753 0.000000 0.000000 0.000000 
520842338855440 0.000000 0.000000 0.000000 
520842359422107 0.000000 0.000000 0.000000 
520842379991170 0.000000 0.000000 0.000000 
520842400560441 0.000000 0.000000 0.000000 
520842421129138 0.000000 0.000000 0.000000 
520842441697732 0.000000 0.000000 0.000000 
520842462266118 0.000000 0.000000 0.000000 
520842482834868 0.000000 0.000000 0.000000 
520842503403514 0.000000 0.000000 0.000000 
520842523973565 0.000000 0.000000 0.000000 
520842544542108 0.000000 0.000000 0.000000 
520842565110909 0.000000 0.000000 0.000000 
520842585678670 0.000000 0.000000 0.000000 
520842606246170 0.000000 0.000000 0.000000 
520842626814451 0.000000 0.000000 0.000000 
520842647383826 0.000000 0.000000 0.000000 
520842667951742 0.000000 0.000000 0.000000 
520842688520440 0.000000 0.000000 0.000000 
520842709088827 0.000000 0.000000 0.000000 
520842729658253 0.000000 0.000000 0.000000 
520842750226378 0.000000 0.000000 0.000000 
520842770794919 0.000000 0.000000 0.000000 
520842791363253 0.000000 0.000000 0.000000 
520842811931847 0.000000 0.000000 0.000000 
520842832500336 0.000000 0.000000 0.000000 
520842853071795 0.000000 0.000000 0.000000 
520842873637993 0.000000 0.000000 0.000000 
520842894207002 0.000000 0.000000 0.000000 
520842914775232 0.000000 0.000000 0.000000 
520842935345388 0.000000 0.000000 0.000000 
520842955913774 0.000000 0.000000 0.000000 
520842976482732 0.000000 0.000000 0.000000 
520842997049659 0.000000 0.000000 0.000000 
520843017618774 0.000000 0.000000 0.000000 
520843038186795 0.000000 0.000000 0.000000 
520843058754242 0.000000 0.000000 0.000000 
520843079322836 0.000000 0.000000 0.000000 
520843099892888 0.000000 0.000000 0.000000 
520843120462263 0.000000 0.000000 0.000000 
520843141031012 0.000000 0.000000 0.000000 
520843161599555 0.000000 0.000000 0.000000 
520843182167212 0.000000 0.000000 0.000000 
520843202735492 0.000000 0.000000 0.000000 
520843223303981 0.000000 0.000000 0.000000 
520843243873982 0.000000 0.000000 0.000000 
520843264441013 0.000000 0.000000 0.000000 
520843285010128 0.000000 0.000000 0.000000 
520843305578930 0.000000 0.000000 0.000000 
520843326147783 0.000000 0.000000 0.000000 
520843346715701 0.000000 0.000000 0.000000 
520843367283982 0.000000 0.000000 0.000000 
520843387852783 0.000000 0.000000 0.000000 
520843408421898 0.000000 0.000000 0.000000 
520843428990597 0.000000 0.000000 0.000000 
520843449560076 0.000000 0.000000 0.000000 
520843470128565 0.000000 0.000000 0.000000 
520843490696742 0.000000 0.000000 0.000000 
520843511264242 0.000000 0.000000 0.000000 
520843531833045 0.000000 0.000000 0.000000 
520843552401273 0.000000 0.000000 0.000000 
520843572969919 0.000000 0.000000 0.000000 
520843593539034 0.000000 0.000000 0.000000 
520843614109399 0.000000 0.000000 0.000000 
520843634677575 0.000000 0.000000 0.000000 
520843655245023 0.000000 0.000000 0.000000 
520843675813304 0.000000 0.000000 0.000000 
520843696383149 0.000000 0.000000 0.000000 
520843716951638 0.000000 0.000000 0.000000 
520843737521898 0.000000 0.000000 0.000000 
520843758088774 0.000000 0.000000 0.000000 
520843778657679 0.000000 0.000000 0.000000 
520843799226430 0.000000 0.000000 0.000000 
520843819794606 0.000000 0.000000 0.000000 
520843840362315 0.000000 0.000000 0.000000 
520843860930649 0.000000 0.000000 0.000000 
520843881499868 0.000000 0.000000 0.000000 
520843902067210 0.000000 0.000000 0.000000 
520843922638357 0.000000 0.000000 0.000000 
520843943206273 0.000000 0.000000 0.000000 
520843963773044 0.000000 0.000000 0.000000 
520843984341637 0.000000 0.000000 0.000000 
520844004910231 0.000000 0.000000 0.000000 
520844025478929 0.000000 0.000000 0.000000 
520844046047367 0.000000 0.000000 0.000000 
520844066616065 0.000000 0.000000 0.000000 
520844087184658 0.000000 0.000000 0.000000 
520844107753253 0.000000 0.000000 0.000000 
520844128321743 0.000000 0.000000 0.000000 
520844148890388 0.000000 0.000000 0.000000 
520844169459137 0.000000 0.000000 0.000000 
520844190027680 0.000000 0.000000 0.000000 
520844210596950 0.000000 0.000000 0.000000 
520844231164920 0.000000 0.000000 0.000000 
520844251733876 0.000000 0.000000 0.000000 
520844272302106 0.000000 0.000000 0.000000 
520844292870856 0.000000 0.000000 0.000000 
520844313439398 0.000000 0.000000 0.000000 
520844334008096 0.000000 0.000000 0.000000 
520844354576481 0.000000 0.000000 0.000000 
520844375145232 0.000000 0.000000 0.000000 
520844395713773 0.000000 0.000000 0.000000 
520844416282888 0.000000 0.000000 0.000000 
520844436851637 0.000000 0.000000 0.000000 
520844457419814 0.000000 0.000000 0.000000 
520844477988201 0.000000 0.000000 0.000000 
520844498557576 0.000000 0.000000 0.000000 
520844519126220 0.000000 0.000000 0.000000 
520844539693773 0.000000 0.000000 0.000000 
520844560262679 0.000000 0.000000 0.000000 
520844580831117 0.000000 0.000000 0.000000 
520844601400023 0.000000 0.000000 0.000000 
520844621968356 0.000000 0.000000 0.000000 
520844642537106 0.000000 0.000000 0.000000 
520844663105648 0.000000 0.000000 0.000000 
520844683674137 0.000000 0.000000 0.000000 
520844704242887 0.000000 0.000000 0.000000 
520844724812054 0.000000 0.000000 0.000000 
520844745380648 0.000000 0.000000 0.000000 
520844765949242 0.000000 0.000000 0.000000 
520844786517835 0.000000 0.000000 0.000000 
520844807086585 0.000000 0.000000 0.000000 
520844827654971 0.000000 0.000000 0.000000 
520844848223201 0.000000 0.000000 0.000000 
520844868791793 0.000000 0.000000 0.000000 
520844889360283 0.000000 0.000000 0.000000 
520844909928929 0.000000 0.000000 0.000000 
520844930498878 0.000000 0.000000 0.000000 
520844951067887 0.000000 0.000000 0.000000 
520844971634658 0.000000 0.000000 0.000000 
520844992203200 0.000000 0.000000 0.000000 
520845012771951 0.000000 0.000000 0.000000 
520845033340387 0.000000 0.000000 0.000000 
520845053909085 0.000000 0.000000 0.000000 
520845074477575 0.000000 0.000000 0.000000 
520845095046533 0.000000 0.000000 0.000000 
520845115614866 0.000000 0.000000 0.000000 
520845136186116 0.000000 0.000000 0.000000 
520845156753513 0.000000 0.000000 0.000000 
520845177321064 0.000000 0.000000 0.000000 
520845197889294 0.000000 0.000000 0.000000 
520845218458043 0.000000 0.000000 0.000000 
520845239026481 0.000000 0.000000 0.000000 
520845259594919 0.000000 0.000000 0.000000 
520845280163513 0.000000 0.000000 0.000000 
520845300732158 0.000000 0.000000 0.000000 
520845321301116 0.000000 0.000000 0.000000 
520845341870179 0.000000 0.000000 0.000000 
520845362439138 0.000000 0.000000 0.000000 
520845383006637 0.000000 0.000000 0.000000 
520845403576585 0.000000 0.000000 0.000000 
520845424145127 0.000000 0.000000 0.000000 
520845444714658 0.000000 0.000000 0.000000 
520845465282782 0.000000 0.000000 0.000000 
520845485850126 0.000000 0.000000 0.000000 
520845506418721 0.000000 0.000000 0.000000 
520845526987419 0.000000 0.000000 0.000000 
520845547555647 0.000000 0.000000 0.000000 
520845568124658 0.000000 0.000000 0.000000 
520845588692575 0.000000 0.000000 0.000000 
520845609261689 0.000000 0.000000 0.000000 
520845629829762 0.000000 0.000000 0.000000 
520845650398408 0.000000 0.000000 0.000000 
520845670966898 0.000000 0.000000 0.000000 
520845691535596 0.000000 0.000000 0.000000 
520845712104242 0.000000 0.000000 0.000000 
520845732673095 0.000000 0.000000 0.000000 
520845753241376 0.000000 0.000000 0.000000 
520845773810075 0.000000 0.000000 0.000000 
520845794378617 0.000000 0.000000 0.000000 
520845814946533 0.000000 0.000000 0.000000 
520845835515751 0.000000 0.000000 0.000000 
520845856084554 0.000000 0.000000 0.000000 
520845876653096 0.000000 0.000000 0.000000 
520845897222105 0.000000 0.000000 0.000000 
520845917790595 0.000000 0.000000 0.000000 
520845938358929 0.000000 0.000000 0.000000 
520845958927523 0.000000 0.000000 0.000000 
520845979496117 0.000000 0.000000 0.000000 
520846000064866 0.000000 0.000000 0.000000 
520846020633408 0.000000 0.000000 0.000000 
520846041201742 0.000000 0.000000 0.000000 
520846061770492 0.000000 0.000000 0.000000 
520846082340231 0.000000 0.000000 0.000000 
520846102907991 0.000000 0.000000 0.000000 
520846123478304 0.000000 0.000000 0.000000 
520846144046272 0.000000 0.000000 0.000000 
520846164614918 0.000000 0.000000 0.000000 
520846185182678 0.000000 0.000000 0.000000 
520846205751012 0.000000 0.000000 0.000000 
520846226319919 0.000000 0.000000 0.000000 
520846246889189 0.000000 0.000000 0.000000 
520846267456689 0.000000 0.000000 0.000000 
520846288025752 0.000000 0.000000 0.000000 
520846308593824 0.000000 0.000000 0.000000 
520846329163356 0.000000 0.000000 0.000000 
520846349731376 0.000000 0.000000 0.000000 
520846370300751 0.000000 0.000000 0.000000 
520846390868564 0.000000 0.000000 0.000000 
520846411437939 0.000000 0.000000 0.000000 
520846432006325 0.000000 0.000000 0.000000 
520846452574814 0.000000 0.000000 0.000000 
520846473143460 0.000000 0.000000 0.000000 
520846493712106 0.000000 0.000000 0.000000 
520846514280440 0.000000 0.000000 0.000000 
520846534849866 0.000000 0.000000 0.000000 
520846555418355 0.000000 0.000000 0.000000 
520846575987418 0.000000 0.000000 0.000000 
520846596555595 0.000000 0.000000 0.000000 
520846617124137 0.000000 0.000000 0.000000 
520846637693303 0.000000 0.000000 0.000000 
520846658261898 0.000000 0.000000 0.000000 
520846678830023 0.000000 0.000000 0.000000 
520846699399450 0.000000 0.000000 0.000000 
520846719968043 0.000000 0.000000 0.000000 
520846740536168 0.000000 0.000000 0.000000 
520846761105439 0.000000 0.000000 0.000000 
520846781673721 0.000000 0.000000 0.000000 
520846802241533 0.000000 0.000000 0.000000 
520846822809762 0.000000 0.000000 0.000000 
520846843378616 0.000000 0.000000 0.000000 
520846863946845 0.000000 0.000000 0.000000 
520846884517730 0.000000 0.000000 0.000000 
520846905085751 0.000000 0.000000 0.000000 
