# Created at Thu Nov 07 17:59:55 EST 2019 in Burnaby Canada 
520839700937941 -0.050396 0.205251 0.040317 
520839721506328 -0.040317 0.193033 0.034514 
520839742074660 -0.021075 0.141415 0.024435 
520839762643463 -0.017410 0.125838 0.017104 
520839783211744 -0.020159 0.107207 0.013134 
520839803780805 -0.018021 0.085521 0.008552 
520839824348983 -0.012217 0.061392 0.008858 
520839844917525 -0.009163 0.043982 0.008858 
520839865486691 -0.005803 0.043982 0.007941 
520839886055233 -0.005498 0.043066 0.007636 
520839906623203 -0.006109 0.029016 0.006109 
520839927191483 -0.003665 0.017410 0.007941 
520839947760077 -0.002749 0.010079 0.009163 
520839968328514 -0.002138 0.000305 0.007941 
520839988897160 -0.000611 -0.004581 0.007636 
520840009465702 -0.001833 -0.013439 0.007025 
520840030034140 0.000305 -0.011912 0.005803 
520840050602941 -0.000611 -0.010079 0.008247 
520840071171379 -0.001222 -0.009774 0.005803 
520840091739816 0.000305 -0.008247 0.006414 
520840112308254 0.002749 0.000916 0.006720 
520840132877160 0.000000 0.006109 0.007025 
520840153445597 -0.000305 0.004887 0.005192 
520840174013931 0.001222 0.010079 0.004276 
520840194582473 0.000305 0.015272 0.005803 
520840215151066 -0.000611 0.015882 0.006414 
520840235719503 0.000611 0.014966 0.006414 
520840256287994 -0.002138 0.016493 0.005803 
520840276856743 -0.000305 0.015882 0.003665 
520840297425077 0.000916 0.014355 0.006720 
520840317993931 -0.001222 0.012217 0.005803 
520840338562264 -0.002443 0.008858 0.005498 
520840359131119 0.001222 0.007025 0.004276 
520840379699557 -0.000305 0.002443 0.006720 
520840400267837 0.000000 0.000916 0.005803 
520840420836275 0.000305 -0.005192 0.003971 
520840441404817 0.000916 -0.004581 0.003054 
520840461973357 -0.002443 -0.008552 0.005192 
520840482542160 0.001833 -0.006109 0.004276 
520840503110441 0.001222 -0.004276 0.006414 
520840523681326 0.000000 0.000916 0.007330 
520840544248254 0.000000 0.000611 0.006720 
520840564818201 0.002443 0.010690 0.003054 
520840585385961 0.006414 0.019242 0.003054 
520840605953774 0.011912 0.023824 0.007330 
520840626521951 -0.002138 -0.002138 0.007636 
520840647090128 -0.007025 -0.011301 0.000916 
520840667658775 0.000611 -0.011301 0.001527 
520840688227576 0.004887 -0.001222 0.003054 
520840708796431 0.004887 -0.021075 0.007330 
520840729364348 -0.002749 -0.062919 0.006720 
520840749932785 0.000000 -0.042150 -0.001833 
520840770501639 0.032987 -0.029627 -0.006414 
520840791069920 -0.000916 -0.164017 0.004887 
520840811638930 -0.047953 -0.142331 -0.015272 
520840832207369 -0.044288 -0.175929 -0.010385 
520840852776431 -0.049785 -0.176540 -0.022907 
520840873345128 -0.024435 -0.125227 -0.015272 
520840893913410 0.022297 -0.080329 0.004887 
520840914481951 0.037874 -0.040012 0.001222 
520840935051534 0.041844 -0.029322 -0.007636 
520840955618774 0.041539 -0.042761 -0.008552 
520840976187577 0.029627 -0.040623 -0.009468 
520840996755336 0.020769 -0.023518 -0.009774 
520841017323827 0.010385 -0.026573 -0.008552 
520841037892472 0.006414 -0.032070 -0.006109 
520841058460857 0.009468 -0.027794 -0.006414 
520841079029920 0.012523 -0.021991 -0.005498 
520841099598201 0.010385 -0.002138 -0.005803 
520841120166691 0.007636 0.000916 -0.004276 
520841140735077 0.001527 0.015882 -0.008858 
520841161303774 -0.051924 0.040317 -0.012523 
520841181872263 -0.110567 -0.026878 0.014355 
520841202441014 -0.138361 -0.144775 0.077274 
520841223009712 0.018937 -0.133474 0.055589 
520841243577993 0.061392 0.013744 -0.017410 
520841264146535 0.134085 0.034514 -0.073609 
520841284715389 0.141721 -0.143248 0.057421 
520841305283514 -0.022602 -0.028711 0.019548 
520841325854139 -0.017410 -0.162795 0.039401 
520841346420909 0.017410 -0.142637 0.078191 
520841366989348 -0.024435 -0.154243 0.053756 
520841387557784 0.009774 0.071777 -0.053451 
520841408129035 0.024435 -0.085216 -0.058338 
520841428696691 -0.137750 -0.002443 -0.046426 
520841449265857 -0.116064 0.076053 -0.039095 
520841469834035 0.128892 0.036652 0.000000 
520841490403097 0.149967 0.025045 0.003665 
520841510971639 0.179594 -0.124006 0.090103 
520841531539191 -0.022602 0.056200 -0.010690 
520841552106378 -0.177456 -0.191506 0.137750 
520841572675546 -0.093157 -0.040928 0.143553 
520841593243722 -0.050091 0.023213 0.014050 
520841613812108 0.011301 -0.131030 -0.043982 
520841634380493 0.043677 -0.197920 -0.029322 
520841654949086 -0.017715 -0.157298 -0.035736 
520841675517941 0.028100 -0.066890 -0.088270 
520841696086222 0.195171 0.044288 -0.128587 
520841716655075 -0.017410 -0.310930 -0.426078 
520841737223357 0.150884 -0.021991 -0.118202 
520841757791847 0.138055 -0.025045 0.018326 
520841778360702 -0.203723 -0.289550 -0.000305 
520841798929087 -0.154549 -0.175624 0.013744 
520841819497576 0.053145 -0.079107 -0.027183 
520841840067108 -0.039095 -0.111788 0.029932 
520841860635753 0.110872 -0.018631 0.008858 
520841881204139 0.129198 -0.105069 0.088575 
520841901772472 0.302073 -0.121868 0.179900 
520841922342994 0.261756 0.059865 0.164323 
520841942911170 0.254120 0.177762 0.110567 
520841963478722 0.206167 0.055894 0.069333 
520841984047993 -0.009163 -0.105985 0.000916 
520842004615179 -0.148135 -0.380569 0.003971 
520842025183148 -0.110567 -0.295048 0.141110 
520842045752055 0.076969 -0.063224 0.275500 
520842066320389 0.386983 0.361021 0.551305 
520842086889398 0.499687 0.633772 0.276111 
520842107457576 0.118813 0.226020 -0.068111 
520842128027681 -0.148440 -0.188757 0.020159 
520842148595648 -0.015882 -0.103542 0.051313 
520842169164242 0.093768 0.065057 0.105680 
520842189732576 0.072387 -0.058032 0.063224 
520842210301638 0.047647 -0.321926 0.090713 
520842230869659 0.054062 -0.231823 0.039401 
520842251438253 0.254120 0.172875 -0.139277 
520842272007055 0.240070 0.207694 -0.062003 
520842292576171 -0.073915 -0.120340 -0.014661 
520842313143565 -0.182649 -0.481972 -0.091019 
520842333713253 -0.024435 -0.146913 -0.061697 
520842354282055 0.120035 0.240375 -0.180205 
520842374849034 0.148135 0.637437 -0.175318 
520842395418305 0.324675 0.889114 -0.242819 
520842415986951 0.232434 0.115453 -0.101404 
520842436555597 -0.000916 -0.375071 -0.058948 
520842457123982 -0.244957 -1.239444 0.126144 
520842477692628 -0.899498 -1.455996 0.097433 
520842498261327 0.050396 -1.000291 -0.037263 
520842518831378 0.466701 0.006414 0.090713 
520842539399972 0.654847 0.455400 -0.065057 
520842559968774 0.526565 -0.146302 -0.406530 
520842580536535 0.237016 -0.229380 -0.282525 
520842601103826 0.533285 0.320093 0.028100 
520842621672263 0.919351 0.960890 0.192728 
520842642241795 0.831998 1.334434 0.084299 
520842662809555 0.500909 1.065654 -0.034208 
520842683378304 -0.319788 -0.130114 -0.397062 
520842703946691 -1.203709 -0.701884 -0.111177 
520842724515805 -0.179900 -0.527787 0.232129 
520842745084243 0.392786 0.023213 0.314901 
520842765652731 0.096822 -0.005192 0.145080 
520842786221065 -0.027794 0.056810 -0.105069 
520842806789660 0.158519 0.192728 -0.114843 
520842827358149 0.191201 -0.064446 0.120035 
520842847929607 -0.091935 0.655458 -0.156992 
520842868495805 -0.063225 -0.009468 0.088881 
520842889064815 -0.140499 -0.256563 0.148746 
520842909633097 -0.000916 0.071471 0.130420 
520842930203252 0.014050 0.365297 0.071166 
520842950771638 0.106290 0.740979 -0.094684 
520842971340597 0.048564 0.822224 -0.252593 
520842991907524 0.016799 1.000291 -0.204334 
520843012476638 -0.273057 0.957225 -0.419969 
520843033044659 -0.009163 0.084299 -0.057116 
520843053612107 0.143859 0.257174 0.083994 
520843074180701 0.126144 0.124922 -0.035736 
520843094750752 0.273667 0.622471 -0.274889 
520843115320127 0.388205 0.505491 -0.262061 
520843135888877 -0.400727 -0.791375 -0.411723 
520843156457420 -0.117591 -0.222966 -0.059865 
520843177025076 0.011301 0.115148 -0.014661 
520843197593356 -0.092851 0.129198 -0.073609 
520843218161794 -0.137750 0.183259 -0.135001 
520843238731847 -0.120035 0.321009 0.000611 
520843259298825 -0.014966 0.473726 0.087965 
520843279868148 0.132863 1.082147 0.163101 
520843300436743 0.189979 1.090699 0.215941 
520843321005596 0.062919 0.842688 0.210748 
520843341573513 0.096211 0.914464 0.256563 
520843362141794 0.110872 1.044273 0.365908 
520843382710648 0.038790 1.017701 0.456927 
520843403279711 -0.047037 1.116355 0.613003 
520843423848461 -0.144775 0.818559 0.988379 
520843444420335 -0.293826 0.667675 1.213177 
520843464986430 -0.311541 0.432492 1.130405 
520843485554555 -0.238237 0.572686 0.772133 
520843506122054 -0.193339 0.463341 0.444404 
520843526690857 -0.175318 0.097433 0.549167 
520843547259138 -0.281914 -0.319177 0.896749 
520843567828669 -0.407752 -0.816115 1.279456 
520843588396899 -0.445626 -2.304487 1.001207 
520843608967211 -0.386066 -3.448026 0.550389 
520843629535387 -0.325285 -1.667661 0.498466 
520843650102836 -0.186619 0.061392 0.638048 
520843670671117 0.198531 0.833220 0.229685 
520843691240961 -0.015577 0.221744 -0.287106 
520843711809502 -0.026573 0.079107 -0.007636 
520843732379763 -0.050091 0.058032 0.048564 
520843752946639 -0.009468 -0.006109 0.204640 
520843773515543 0.029016 -0.197309 0.263894 
520843794084242 0.206167 -0.074831 0.453262 
520843814652419 0.471893 0.338419 0.822224 
520843835220128 0.688444 0.717766 1.088256 
520843855788513 0.662483 1.015868 0.867733 
520843876357732 0.588874 1.037248 0.419359 
520843896925023 0.752891 0.918741 0.451124 
520843917496170 0.621249 0.903469 0.312457 
520843938064085 0.663094 0.787099 -0.080634 
520843958631169 0.387899 0.582765 -0.562912 
520843979199502 0.226631 0.488997 -0.888197 
520843999768149 0.687528 -0.158214 -0.510988 
520844020336742 0.717155 -0.237932 -0.453567 
520844040905492 0.865595 -0.335976 -0.391870 
520844061473929 0.842688 -0.342084 -0.489608 
520844082042523 0.552833 -0.233961 -0.689361 
520844102611066 0.377209 0.109956 -0.523206 
520844123179658 0.729373 0.294742 0.090408 
520844143748252 1.674075 -1.163086 0.217468 
520844164317002 2.458425 -1.872606 0.389732 
520844184885493 2.988961 -2.075413 0.566577 
520844205454762 3.004233 -1.172860 0.802676 
520844226022732 3.311803 -0.315206 1.274569 
520844246591378 3.481013 0.011606 1.182329 
520844267159971 2.931845 -0.013134 1.372613 
520844287728618 3.348455 -1.880547 1.174387 
520844308297210 4.375624 -2.211636 1.434616 
520844328865908 4.588511 -2.186285 1.826791 
520844349434346 3.247968 -1.991419 2.303265 
520844370004607 1.192408 -0.944397 1.789223 
520844390571585 0.169210 -0.406530 1.311527 
520844411140700 0.070249 -0.914464 0.680503 
520844431709450 -0.122784 -1.419955 -0.193339 
520844452277627 -0.816726 -0.922711 -0.829860 
520844472846065 -1.095280 0.491135 -1.249829 
520844493415440 -0.831692 1.377500 -1.663996 
520844513983408 -0.462730 1.358563 -2.281885 
520844534551638 -0.014661 0.464868 -3.239110 
520844555120231 0.314290 -0.760221 -4.706102 
520844575688929 0.074525 -0.997542 -5.876519 
520844596257836 -0.296880 0.145080 -6.329169 
520844616826169 -0.194255 1.538157 -6.569545 
520844637394971 0.337808 1.729358 -7.283034 
520844657963512 0.657901 0.256258 -8.146492 
520844678532002 0.395229 -0.962417 -8.173065 
520844699100700 -0.554971 -0.058643 -6.916516 
520844719670023 -1.491426 1.184772 -5.408291 
520844740238460 -2.076024 1.614516 -4.320646 
520844760806950 -2.235765 1.598633 -4.209774 
520844781375700 -2.284328 1.624900 -4.330114 
520844801944450 -2.654818 1.466075 -3.832871 
520844822512783 -3.223839 0.875064 -2.538754 
520844843081012 -3.539045 0.769995 -0.755945 
520844863649606 -3.256215 2.085798 0.245568 
520844884218096 -2.606560 3.360672 0.603840 
520844904786741 -1.854891 3.732689 0.625525 
520844925357575 -1.334739 3.686263 0.603534 
520844945925752 -1.200349 2.916574 0.631329 
520844966492523 -1.324355 1.308167 0.475558 
520844987061064 -1.254716 1.220202 -0.075442 
520845007629763 -0.960279 1.965152 -0.477696 
520845028198200 -0.541532 2.362825 -0.532979 
520845048767054 -0.052229 2.178955 -0.641713 
520845069335387 0.521068 1.993863 -0.700662 
520845089904397 0.931263 1.600771 -0.669202 
520845110472731 1.164308 0.713490 -0.550695 
520845131043981 1.130405 -0.402560 -0.561079 
520845151611378 0.722958 -0.705549 -0.700051 
520845172178876 0.248622 -0.544280 -0.547029 
520845192747106 -0.142331 -0.532063 -0.271224 
520845213315856 -0.197920 -0.665537 0.007330 
520845233884346 -0.076969 -1.109330 0.197920 
520845254452783 0.039095 -1.246164 -0.090103 
520845275021377 0.219300 -0.789543 -0.365603 
520845295589971 0.282219 -0.463646 -0.241292 
520845316158929 -0.002749 -0.637132 -0.201585 
520845336727991 -0.240681 -0.360105 -0.401644 
520845357296950 -0.301767 0.375682 -0.460897 
520845377864502 -0.301767 0.869261 -0.332921 
520845398434450 -0.201891 0.862541 -0.189368 
520845419002991 0.020159 0.512515 -0.122173 
520845439572522 0.304516 0.168599 -0.015577 
520845460140595 0.447458 -0.143248 0.089186 
520845480707939 0.501825 -0.059865 0.078802 
520845501276533 0.249538 0.505796 -0.140804 
520845521845283 -0.145691 0.710741 -0.218079 
520845542413512 -0.396146 1.023809 -0.163101 
520845562982523 -0.471282 0.988074 0.058948 
520845583550388 -0.152411 0.647211 0.278249 
520845604119501 0.408058 0.093157 0.375987 
520845624687574 0.839939 -0.488386 0.399811 
520845645256221 0.896444 -0.749226 0.391870 
520845665824763 0.704327 -0.686612 0.464868 
520845686394033 0.492968 -0.515264 0.536645 
520845706962054 0.359799 -0.427605 0.521373 
520845727530908 0.380874 -0.331089 0.339030 
520845748099189 0.464563 -0.010385 0.130725 
520845768667887 0.365603 0.227853 0.180511 
520845789236481 0.202502 0.216857 0.348804 
520845809804606 0.140499 0.054367 0.405003 
520845830373564 0.168904 -0.118813 0.381485 
520845850942366 0.263894 -0.182954 0.357967 
520845871510908 0.324064 -0.241292 0.304821 
520845892079970 0.339946 -0.286801 0.173486 
520845912648460 0.260839 -0.130420 0.110872 
520845933216742 0.045509 0.009774 0.167988 
520845953785335 -0.144469 0.082467 0.192422 
520845974353981 -0.178678 0.040317 0.129809 
520845994922575 0.003971 -0.023518 -0.018021 
520846015491273 0.204640 -0.111483 -0.078191 
520846036059866 0.230296 -0.138055 -0.030849 
520846056628304 0.071471 -0.064446 0.078191 
520846077198096 -0.181121 0.054978 0.195171 
520846097765804 -0.336586 0.179594 0.186619 
520846118336116 -0.351553 0.178373 0.064446 
520846138904084 -0.220522 0.127365 -0.084910 
520846159472783 -0.095600 0.054367 -0.091630 
520846180040491 -0.043677 -0.029322 0.008552 
520846200608825 -0.014050 -0.044593 0.088881 
520846221177731 -0.057116 0.008858 0.082772 
520846241747053 -0.110261 0.080634 0.039095 
520846262314502 -0.134696 0.158214 -0.027794 
520846282883565 -0.098044 0.152105 -0.051007 
520846303451688 0.025045 0.023518 -0.052840 
520846324021220 0.159741 -0.015577 -0.013744 
520846344589189 0.163101 0.028405 0.066890 
520846365158564 0.120646 -0.003971 0.102931 
520846385726429 0.111483 -0.064141 0.059254 
520846406295699 0.097738 -0.091935 0.004276 
520846426864137 0.054062 0.041539 -0.034208 
520846447432575 -0.022297 0.200364 0.007330 
520846468001325 -0.056505 0.164628 0.053145 
520846488569918 -0.006109 -0.003971 0.028405 
520846509138304 0.069028 -0.020769 -0.043982 
520846529707679 0.063224 0.050702 -0.035430 
520846550276168 0.031765 0.000916 0.021380 
520846570845283 0.027183 -0.083994 0.066890 
520846591413407 0.024435 -0.091935 0.037874 
520846611981949 0.038179 -0.026878 -0.011606 
520846632551168 0.042150 0.016493 -0.018021 
520846653119711 0.017715 0.004581 0.013744 
520846673687835 -0.033292 0.020769 0.024129 
520846694257314 -0.079412 0.053451 0.061697 
520846714825908 -0.078802 0.100793 0.059254 
520846735393981 -0.011912 0.314290 -0.003971 
520846755963252 0.215941 0.756556 -0.071471 
520846776531533 0.060170 0.054672 0.114843 
520846797098876 -0.067501 -0.431881 0.014966 
520846817667575 -0.023213 -0.396146 -0.253203 
520846838236220 0.064752 -0.394619 -0.259618 
520846858804709 -0.165850 -0.456621 0.047647 
520846879375282 -0.414777 -0.465784 0.229685 
520846899943616 -0.369573 -0.040317 0.177151 
