# Created at Thu Nov 07 17:59:55 EST 2019 in Burnaby Canada 
520839700937941 -0.054193 0.209200 0.034103 
520839721506328 -0.044114 0.196983 0.028300 
520839742074660 -0.024872 0.145365 0.018221 
520839762643463 -0.021207 0.129788 0.010891 
520839783211744 -0.023955 0.111156 0.006920 
520839803781014 -0.021817 0.089471 0.002338 
520839824348983 -0.016014 0.065342 0.002644 
520839844917577 -0.012960 0.047932 0.002644 
520839865486691 -0.009600 0.047932 0.001728 
520839886055129 -0.009295 0.047016 0.001422 
520839906623203 -0.009906 0.032966 -0.000105 
520839927191691 -0.007462 0.021359 0.001728 
520839947760077 -0.006546 0.014029 0.002949 
520839968328462 -0.005935 0.004255 0.001728 
520839988897160 -0.004408 -0.000632 0.001422 
520840009465702 -0.005630 -0.009489 0.000811 
520840030034140 -0.003491 -0.007962 -0.000410 
520840050602941 -0.004408 -0.006130 0.002033 
520840071171379 -0.005019 -0.005824 -0.000410 
520840091739816 -0.003491 -0.004297 0.000200 
520840112308254 -0.001048 0.004866 0.000506 
520840132877160 -0.003797 0.010058 0.000811 
520840153445597 -0.004102 0.008837 -0.001021 
520840174013931 -0.002575 0.014029 -0.001938 
520840194582525 -0.003491 0.019221 -0.000410 
520840215151066 -0.004408 0.019832 0.000200 
520840235719399 -0.003186 0.018916 0.000200 
520840256287994 -0.005935 0.020443 -0.000410 
520840276856743 -0.004102 0.019832 -0.002548 
520840297425077 -0.002881 0.018305 0.000506 
520840317993931 -0.005019 0.016167 -0.000410 
520840338562264 -0.006240 0.012807 -0.000716 
520840359130754 -0.002575 0.010975 -0.001938 
520840379699557 -0.004102 0.006393 0.000506 
520840400267576 -0.003797 0.004866 -0.000410 
520840420836275 -0.003491 -0.001243 -0.002243 
520840441404921 -0.002881 -0.000632 -0.003159 
520840461973357 -0.006240 -0.004602 -0.001021 
520840482542369 -0.001964 -0.002159 -0.001938 
520840503110441 -0.002575 -0.000326 0.000200 
520840523680076 -0.003797 0.004866 0.001117 
520840544248254 -0.003797 0.004560 0.000506 
520840564817263 -0.001353 0.014640 -0.003159 
520840585385961 0.002617 0.023192 -0.003159 
520840605953774 0.008115 0.027773 0.001117 
520840626521951 -0.005935 0.001812 0.001422 
520840647090285 -0.010822 -0.007351 -0.005297 
520840667658775 -0.003186 -0.007351 -0.004686 
520840688227576 0.001090 0.002728 -0.003159 
520840708796431 0.001090 -0.017125 0.001117 
520840729364764 -0.006546 -0.058969 0.000506 
520840749932785 -0.003797 -0.038200 -0.008046 
520840770501274 0.029190 -0.025677 -0.012628 
520840791069920 -0.004713 -0.160068 -0.001327 
520840811638930 -0.051750 -0.138382 -0.021485 
520840832207369 -0.048085 -0.171979 -0.016598 
520840852776431 -0.053582 -0.172590 -0.029121 
520840873345128 -0.028231 -0.121278 -0.021485 
520840893913410 0.018500 -0.076379 -0.001327 
520840914481951 0.034077 -0.036062 -0.004992 
520840935051534 0.038047 -0.025372 -0.013849 
520840955618774 0.037742 -0.038811 -0.014766 
520840976187577 0.025830 -0.036673 -0.015682 
520840996755545 0.016972 -0.019569 -0.015987 
520841017323827 0.006588 -0.022623 -0.014766 
520841037892472 0.002617 -0.028121 -0.012322 
520841058460857 0.005671 -0.023845 -0.012628 
520841079029451 0.008726 -0.018042 -0.011711 
520841099598201 0.006588 0.001812 -0.012017 
520841120166691 0.003839 0.004866 -0.010490 
520841140735077 -0.002270 0.019832 -0.015071 
520841161303878 -0.055720 0.044267 -0.018736 
520841181872263 -0.114363 -0.022928 0.008142 
520841202440754 -0.142158 -0.140825 0.071061 
520841223009712 0.015140 -0.129524 0.049375 
520841243578046 0.057595 0.017694 -0.023623 
520841264146535 0.130288 0.038463 -0.079823 
520841284715389 0.137924 -0.139298 0.051208 
520841305283514 -0.026399 -0.024761 0.013334 
520841325854139 -0.021207 -0.158846 0.033187 
520841346420909 0.013613 -0.138687 0.071977 
520841366989348 -0.028231 -0.150294 0.047542 
520841387557784 0.005977 0.075726 -0.059664 
520841408129035 0.020638 -0.081266 -0.064551 
520841428696691 -0.141547 0.001506 -0.052639 
520841449265857 -0.119861 0.080002 -0.045309 
520841469834035 0.125096 0.040602 -0.006214 
520841490403097 0.146170 0.028995 -0.002548 
520841510971639 0.175797 -0.120056 0.083889 
520841531539191 -0.026399 0.060149 -0.016904 
520841552106378 -0.181253 -0.187556 0.131536 
520841572675546 -0.096954 -0.036978 0.137340 
520841593243722 -0.053888 0.027162 0.007836 
520841613812108 0.007504 -0.127081 -0.050196 
520841634380649 0.039880 -0.193971 -0.035535 
520841654949086 -0.021512 -0.153348 -0.041949 
520841675517680 0.024303 -0.062940 -0.094484 
520841696086222 0.191374 0.048237 -0.134801 
520841716655075 -0.021207 -0.306981 -0.432292 
520841737223357 0.147087 -0.018042 -0.124416 
520841757791951 0.134259 -0.021096 0.012112 
520841778360702 -0.207520 -0.285600 -0.006519 
520841798929502 -0.158346 -0.171674 0.007531 
520841819497576 0.049348 -0.075157 -0.033397 
520841840067056 -0.042892 -0.107839 0.023719 
520841860635753 0.107075 -0.014682 0.002644 
520841881203930 0.125401 -0.101119 0.082362 
520841901772472 0.298276 -0.117918 0.173686 
520841922342994 0.257959 0.063814 0.158109 
520841942911170 0.250323 0.181711 0.104353 
520841963478305 0.202370 0.059844 0.063120 
520841984047993 -0.012960 -0.102035 -0.005297 
520842004615179 -0.151932 -0.376619 -0.002243 
520842025183148 -0.114363 -0.291098 0.134896 
520842045752056 0.073172 -0.059275 0.269286 
520842066320389 0.383186 0.364971 0.545092 
520842086889398 0.495890 0.637722 0.269897 
520842107457576 0.115016 0.229970 -0.074325 
520842128027681 -0.152237 -0.184808 0.013945 
520842148595648 -0.019679 -0.099592 0.045099 
520842169164242 0.089971 0.069007 0.099466 
520842189732576 0.068591 -0.054083 0.057011 
520842210301638 0.043851 -0.317976 0.084500 
520842230869659 0.050265 -0.227874 0.033187 
520842251438253 0.250323 0.176824 -0.145491 
520842272007055 0.236273 0.211644 -0.068216 
520842292576171 -0.077712 -0.116391 -0.020874 
520842313143565 -0.186445 -0.478023 -0.097232 
520842333713253 -0.028231 -0.142963 -0.067911 
520842354282055 0.116238 0.244325 -0.186419 
520842374849034 0.144338 0.641387 -0.181532 
520842395418253 0.320878 0.893063 -0.249032 
520842415986951 0.228637 0.119403 -0.107617 
520842436555597 -0.004713 -0.371121 -0.065162 
520842457123982 -0.248754 -1.235495 0.119930 
520842477692732 -0.903295 -1.452046 0.091219 
520842498261327 0.046599 -0.996341 -0.043476 
520842518831378 0.462904 0.010364 0.084500 
520842539399972 0.651050 0.459349 -0.071271 
520842559968774 0.522768 -0.142352 -0.412744 
520842580536535 0.233219 -0.225430 -0.288739 
520842601104035 0.529488 0.324043 0.021886 
520842621672263 0.915554 0.964840 0.186514 
520842642241639 0.828201 1.338384 0.078086 
520842662809555 0.497112 1.069603 -0.040422 
520842683378304 -0.323585 -0.126165 -0.403276 
520842703946691 -1.207506 -0.697934 -0.117391 
520842724516118 -0.183697 -0.523838 0.225915 
520842745084243 0.388989 0.027162 0.308687 
520842765652628 0.093025 -0.001243 0.138867 
520842786221065 -0.031591 0.060760 -0.111282 
520842806789660 0.154722 0.196677 -0.121056 
520842827358149 0.187404 -0.060497 0.113821 
520842847929607 -0.095732 0.659407 -0.163206 
520842868495805 -0.067021 -0.005519 0.082667 
520842889064815 -0.144296 -0.252614 0.142532 
520842909633097 -0.004713 0.075421 0.124206 
520842930203252 0.010253 0.369247 0.064952 
520842950771638 0.102494 0.744929 -0.100898 
520842971340597 0.044767 0.826174 -0.258806 
520842991907524 0.013002 1.004241 -0.210548 
520843012476638 -0.276853 0.961175 -0.426183 
520843033044659 -0.012960 0.088249 -0.063329 
520843053612107 0.140062 0.261124 0.077780 
520843074180701 0.122347 0.128871 -0.041949 
520843094750752 0.269870 0.626421 -0.281103 
520843115319971 0.384408 0.509440 -0.268275 
520843135888877 -0.404524 -0.787426 -0.417936 
520843156457420 -0.121388 -0.219016 -0.066078 
520843177025076 0.007504 0.119098 -0.020874 
520843197593565 -0.096648 0.133148 -0.079823 
520843218161794 -0.141547 0.187209 -0.141215 
520843238731847 -0.123832 0.324959 -0.005603 
520843259298825 -0.018763 0.477675 0.081751 
520843279867940 0.129066 1.086097 0.156887 
520843300436743 0.186182 1.094649 0.209727 
520843321005596 0.059122 0.846637 0.204535 
520843341573513 0.092414 0.918414 0.250350 
520843362142211 0.107075 1.048223 0.359694 
520843382710648 0.034993 1.021650 0.450713 
520843403279398 -0.050833 1.120305 0.606789 
520843423848461 -0.148572 0.822508 0.982165 
520843444420335 -0.297623 0.671625 1.206964 
520843464986430 -0.315338 0.436442 1.124192 
520843485553513 -0.242034 0.576635 0.765919 
520843506122054 -0.197136 0.467291 0.438190 
520843526690857 -0.179115 0.101383 0.542954 
520843547259138 -0.285711 -0.315227 0.890536 
520843567827784 -0.411549 -0.812166 1.273242 
520843588396899 -0.449423 -2.300538 0.994994 
520843608967211 -0.389863 -3.444076 0.544175 
520843629535387 -0.329082 -1.663711 0.492252 
520843650102836 -0.190416 0.065342 0.631835 
520843670671117 0.194734 0.837169 0.223472 
520843691240961 -0.019374 0.225694 -0.293320 
520843711809502 -0.030370 0.083057 -0.013849 
520843732379763 -0.053888 0.061982 0.042350 
520843752946639 -0.013265 -0.002159 0.198426 
520843773515543 0.025219 -0.193360 0.257680 
520843794084242 0.202370 -0.070881 0.447048 
520843814652419 0.468096 0.342369 0.816010 
520843835220128 0.684648 0.721716 1.082042 
520843855788513 0.658686 1.019818 0.861520 
520843876357732 0.585077 1.041198 0.413145 
520843896925023 0.749094 0.922690 0.444910 
520843917496170 0.617453 0.907419 0.306244 
520843938064085 0.659297 0.791049 -0.086848 
520843958630908 0.384102 0.586715 -0.569126 
520843979199502 0.222834 0.492947 -0.894411 
520843999768044 0.683731 -0.154264 -0.517202 
520844020336742 0.713358 -0.233982 -0.459781 
520844040905179 0.861798 -0.332026 -0.398083 
520844061473929 0.838891 -0.338135 -0.495822 
520844082042523 0.549036 -0.230012 -0.695575 
520844102611066 0.373412 0.113905 -0.529419 
520844123179555 0.725576 0.298692 0.084194 
520844143748252 1.670278 -1.159137 0.211254 
520844164316951 2.454628 -1.868656 0.383518 
520844184885493 2.985164 -2.071463 0.560363 
520844205454762 3.000436 -1.168911 0.796463 
520844226022732 3.308006 -0.311257 1.268356 
520844246591741 3.477216 0.015556 1.176115 
520844267159971 2.928048 -0.009184 1.366399 
520844287728669 3.344658 -1.876597 1.168174 
520844308297210 4.371827 -2.207686 1.428402 
520844328865908 4.584713 -2.182335 1.820577 
520844349434346 3.244171 -1.987469 2.297052 
520844370003097 1.188611 -0.940447 1.783009 
520844390571585 0.165413 -0.402581 1.305313 
520844411140700 0.066453 -0.910515 0.674290 
520844431709450 -0.126581 -1.416005 -0.199552 
520844452277627 -0.820523 -0.918761 -0.836073 
520844472846065 -1.099077 0.495085 -1.256043 
520844493415440 -0.835489 1.381450 -1.670209 
520844513983408 -0.466527 1.362513 -2.288099 
520844534551638 -0.018458 0.468818 -3.245324 
520844555120491 0.310493 -0.756271 -4.712316 
520844575688929 0.070729 -0.993592 -5.882732 
520844596257836 -0.300677 0.149030 -6.335383 
520844616826169 -0.198052 1.542107 -6.575758 
520844637394971 0.334011 1.733308 -7.289248 
520844657963512 0.654104 0.260207 -8.152705 
520844678532002 0.391433 -0.958468 -8.179278 
520844699100700 -0.558768 -0.054693 -6.922729 
520844719669867 -1.495223 1.188722 -5.414505 
520844740238460 -2.079821 1.618465 -4.326860 
520844760807210 -2.239562 1.602583 -4.215988 
520844781375700 -2.288125 1.628850 -4.336328 
520844801944399 -2.658615 1.470025 -3.839084 
520844822512783 -3.227635 0.879013 -2.544967 
520844843081013 -3.542842 0.773945 -0.762159 
520844863649606 -3.260011 2.089747 0.239354 
520844884218096 -2.610357 3.364622 0.597626 
520844904786741 -1.858688 3.736639 0.619312 
520844925356637 -1.338536 3.690213 0.597321 
520844945925752 -1.204146 2.920523 0.625115 
520844966492575 -1.328152 1.312116 0.469345 
520844987061064 -1.258513 1.224152 -0.081655 
520845007629658 -0.964076 1.969101 -0.483910 
520845028198200 -0.545328 2.366775 -0.539193 
520845048766898 -0.056026 2.182904 -0.647927 
520845069335387 0.517271 1.997812 -0.706876 
520845089904397 0.927466 1.604721 -0.675416 
520845110472731 1.160511 0.717440 -0.556908 
520845131043981 1.126608 -0.398610 -0.567293 
520845151611378 0.719162 -0.701599 -0.706265 
520845172178876 0.244825 -0.540331 -0.553243 
520845192747106 -0.146128 -0.528114 -0.277438 
520845213315856 -0.201717 -0.661587 0.001117 
520845233884346 -0.080766 -1.105381 0.191707 
520845254452783 0.035298 -1.242214 -0.096316 
520845275021324 0.215504 -0.785593 -0.371816 
520845295589971 0.278423 -0.459697 -0.247505 
520845316158929 -0.006546 -0.633182 -0.207799 
520845336727991 -0.244478 -0.356155 -0.407857 
520845357296168 -0.305564 0.379631 -0.467111 
520845377864502 -0.305564 0.873210 -0.339135 
520845398434450 -0.205688 0.866491 -0.195582 
520845419002991 0.016362 0.516465 -0.128387 
520845439572522 0.300719 0.172548 -0.021791 
520845460140595 0.443661 -0.139298 0.082973 
520845480707939 0.498028 -0.055915 0.072588 
520845501276533 0.245741 0.509746 -0.147018 
520845521845283 -0.149488 0.714691 -0.224292 
520845542413512 -0.399943 1.027759 -0.169315 
520845562982523 -0.475079 0.992023 0.052735 
520845583550388 -0.156208 0.651161 0.272035 
520845604119501 0.404261 0.097106 0.369774 
520845624687574 0.836142 -0.484437 0.393597 
520845645256221 0.892647 -0.745276 0.385656 
520845665824763 0.700530 -0.682662 0.458654 
520845686394033 0.489171 -0.511315 0.530431 
520845706962054 0.356002 -0.423656 0.515159 
520845727530908 0.377077 -0.327139 0.332816 
520845748099189 0.460766 -0.006435 0.124511 
520845768667887 0.361806 0.231802 0.174297 
520845789236481 0.198705 0.220807 0.342590 
520845809804970 0.136702 0.058317 0.398790 
520845830373564 0.165107 -0.114864 0.375271 
520845850942366 0.260097 -0.179004 0.351753 
520845871510908 0.320267 -0.237342 0.298608 
520845892079970 0.336149 -0.282851 0.167272 
520845912648460 0.257042 -0.126470 0.104658 
520845933216742 0.041713 0.013723 0.161774 
520845953785335 -0.148266 0.086416 0.186209 
520845974353981 -0.182475 0.044267 0.123595 
520845994922731 0.000174 -0.019569 -0.024234 
520846015491273 0.200843 -0.107533 -0.084404 
520846036059554 0.226499 -0.134106 -0.037062 
520846056628304 0.067674 -0.060497 0.071977 
520846077198044 -0.184918 0.058927 0.188958 
520846097765804 -0.340383 0.183544 0.180406 
520846118336116 -0.355350 0.182322 0.058233 
520846138904084 -0.224319 0.131315 -0.091124 
520846159472783 -0.099397 0.058317 -0.097843 
520846180040491 -0.047474 -0.025372 0.002338 
520846200608825 -0.017847 -0.040644 0.082667 
520846221177731 -0.060913 0.012807 0.076559 
520846241747053 -0.114058 0.084584 0.032882 
520846262314502 -0.138493 0.162164 -0.034008 
520846282883565 -0.101841 0.156055 -0.057221 
520846303451688 0.021249 0.027468 -0.059053 
520846324021220 0.155944 -0.011627 -0.019958 
520846344589189 0.159304 0.032355 0.060676 
520846365158564 0.116849 -0.000021 0.096717 
520846385726429 0.107686 -0.060191 0.053040 
520846406295751 0.093941 -0.087986 -0.001938 
520846426864137 0.050265 0.045488 -0.040422 
520846447432679 -0.026093 0.204313 0.001117 
520846468001325 -0.060302 0.168578 0.046932 
520846488569918 -0.009906 -0.000021 0.022192 
520846509138304 0.065231 -0.016820 -0.050196 
520846529707679 0.059428 0.054651 -0.041644 
520846550276168 0.027968 0.004866 0.015167 
520846570845283 0.023387 -0.080044 0.060676 
520846591413407 0.020638 -0.087986 0.031660 
520846611981949 0.034382 -0.022928 -0.017820 
520846632551168 0.038353 0.020443 -0.024234 
520846653119711 0.013918 0.008531 0.007531 
520846673687835 -0.037089 0.024719 0.017916 
520846694257314 -0.083209 0.057400 0.055484 
520846714825856 -0.082598 0.104742 0.053040 
520846735393981 -0.015709 0.318240 -0.010184 
520846755963252 0.212144 0.760506 -0.077685 
520846776531533 0.056373 0.058622 0.108629 
520846797099397 -0.071297 -0.427932 0.008753 
520846817667575 -0.027010 -0.392196 -0.259417 
520846838235960 0.060955 -0.390669 -0.265831 
520846858804709 -0.169647 -0.452672 0.041434 
520846879375542 -0.418574 -0.461835 0.223471 
520846899943616 -0.373370 -0.036367 0.170937 
