# Created at Thu Nov 07 17:59:55 EST 2019 in Burnaby Canada 
520839700937941 0.002685 0.014541 -0.066661 
520839721506275 -0.081943 -0.016217 -0.036154 
520839742074660 -0.082360 0.065615 -0.077900 
520839762643463 -0.088051 0.020821 -0.066643 
520839783211744 -0.031979 -0.007980 -0.043462 
520839803780181 0.015402 -0.005213 -0.043781 
520839824348983 0.018744 0.027723 -0.038589 
520839844917577 -0.010247 0.057103 -0.032637 
520839865486691 0.020428 0.113756 0.001718 
520839886055181 0.057646 0.147886 0.001476 
520839906623203 0.022614 0.113449 -0.004240 
520839927191691 -0.010512 0.095680 -0.008884 
520839947760077 -0.013141 0.091511 -0.009743 
520839968328462 -0.000138 0.058360 -0.021521 
520839988897160 -0.000037 0.022872 -0.040168 
520840009465702 -0.019137 0.006899 -0.041460 
520840030034140 -0.038898 0.022596 -0.031513 
520840050602941 -0.049895 0.017341 -0.036082 
520840071171379 -0.036349 -0.011368 -0.049787 
520840091739816 -0.027944 0.007365 -0.047183 
520840112308254 -0.049252 0.033768 -0.041836 
520840132877160 -0.041201 0.038363 -0.036351 
520840153445597 -0.039216 0.010049 -0.048167 
520840174013931 -0.038786 0.004581 -0.058300 
520840194582525 -0.037443 0.012255 -0.042401 
520840215151066 -0.032680 0.016263 -0.044462 
520840235719400 -0.032650 0.025992 -0.053281 
520840256287994 -0.017693 0.020086 -0.045769 
520840276856743 -0.011389 0.019871 -0.026903 
520840297425077 -0.029378 0.022611 -0.026951 
520840317993931 -0.017756 0.037699 -0.026511 
520840338562264 -0.010973 0.024387 -0.027727 
520840359131119 -0.006680 0.017286 -0.021777 
520840379699557 -0.034567 0.010787 -0.016272 
520840400267732 -0.024449 0.008980 -0.014152 
520840420836275 -0.022503 -0.001187 -0.026030 
520840441404817 -0.002180 -0.001894 -0.023766 
520840461973357 -0.022720 -0.002371 -0.021857 
520840482542369 -0.026552 0.019226 -0.020646 
520840503110441 -0.033740 0.012691 -0.009373 
520840523679764 -0.009699 -0.008569 -0.021369 
520840544248254 0.003116 0.017054 -0.023651 
520840564818149 -0.017618 0.029711 -0.006994 
520840585385961 -0.111045 0.081513 0.003886 
520840605953514 -0.114641 0.071358 0.015640 
520840626521951 -0.028704 -0.012091 -0.034720 
520840647090285 0.172628 -0.078074 -0.034061 
520840667658775 -0.042356 0.060027 0.063454 
520840688227472 -0.018088 0.096847 0.044589 
520840708796431 0.079569 0.002472 0.012661 
520840729364348 0.057117 -0.110129 -0.042552 
520840749932785 0.073233 -0.057245 -0.013091 
520840770501379 -0.233775 0.080530 0.067220 
520840791069920 -0.209975 0.042617 0.024108 
520840811638930 0.805013 -0.455213 -0.158478 
520840832207369 0.401011 -0.237617 -0.139102 
520840852776431 -0.043110 -0.024164 0.118363 
520840873345128 -0.362826 0.182756 0.163430 
520840893913410 -0.553345 0.347629 0.120343 
520840914483462 -0.283002 0.215669 0.082178 
520840935051534 0.034019 0.065895 0.015386 
520840955619035 0.145686 -0.080228 -0.060587 
520840976187577 0.070642 -0.059202 -0.130450 
520840996755545 -0.002942 0.007978 -0.056107 
520841017323827 -0.058791 -0.035097 -0.014491 
520841037892472 -0.120440 -0.097357 -0.051775 
520841058460857 -0.079634 -0.093767 -0.062117 
520841079029607 -0.021983 -0.055227 -0.052477 
520841099598201 -0.017234 -0.003114 -0.022406 
520841120166535 -0.006981 0.004560 -0.019239 
520841140735077 -0.000484 -0.000806 -0.012879 
520841161303878 -0.050224 0.029429 0.109042 
520841181872263 -0.100048 0.137551 0.172205 
520841202441014 0.104596 0.170852 0.037269 
520841223009712 0.587876 0.192482 0.091484 
520841243578046 0.208654 -0.249792 -0.339548 
520841264146535 -0.398757 -0.516517 0.615123 
520841284715389 -0.617765 0.182741 -0.998714 
520841305283514 0.376933 0.530365 0.721541 
520841325854139 0.678809 -0.463832 -0.401990 
520841346420909 0.142619 0.058597 -0.005085 
520841366989348 -0.026446 0.032291 -0.015598 
520841387557784 -0.441390 0.113269 0.128208 
520841408129035 -0.896328 0.107130 0.191122 
520841428696691 0.342795 -0.318884 -0.208851 
520841449265857 0.186678 0.205808 0.284926 
520841469834035 0.242423 -0.119412 -0.020634 
520841490403097 -0.148298 -0.063843 -0.292819 
520841510971639 0.167477 -0.258597 -0.031308 
520841531539191 0.400360 0.621225 -0.014663 
520841552106378 -0.729438 -0.102764 0.401283 
520841572675546 0.018711 0.562640 -0.076715 
520841593243722 -0.062643 0.474345 0.248472 
520841613812108 -0.138242 -0.448099 0.211173 
520841634380649 0.132384 -0.499861 -0.107845 
520841654949086 0.669129 -0.210094 -0.111039 
520841675517941 0.386108 -0.036868 0.146793 
520841696086222 -0.366905 -0.108427 0.019270 
520841716655075 0.079764 -0.529743 -0.192868 
520841737223357 -1.425204 0.011262 0.462948 
520841757791951 0.898113 0.022740 -0.125714 
520841778360702 1.390869 0.122469 -0.472943 
520841798929086 -0.624869 0.188285 0.253959 
520841819497576 -0.420020 0.096498 0.525559 
520841840067056 0.244647 -0.277822 -0.889280 
520841860635753 0.918728 -0.212264 0.628597 
520841881204086 -0.671255 0.694539 -0.221972 
520841901772472 -1.052363 0.791339 0.512822 
520841922342994 -1.186698 1.216450 0.139646 
520841942911170 0.425890 -0.781994 0.207534 
520841963479816 1.198888 -0.885484 -0.180380 
520841984047993 1.008098 -0.491101 -0.569673 
520842004615179 0.140212 -0.128338 -0.847536 
520842025183148 -0.665774 0.331967 -0.502092 
520842045752056 -1.266480 0.939235 0.599064 
520842066320389 -0.652620 0.142220 1.006362 
520842086888982 -0.369077 0.325134 1.251205 
520842107457576 1.685766 -1.093773 -0.145655 
520842128027681 0.584177 -0.847203 -1.761087 
520842148595648 -0.489896 0.814832 -0.956302 
520842169164242 -1.634243 0.747248 1.007189 
520842189732576 -0.613009 0.207315 0.340491 
520842210301638 0.782672 -0.157431 -0.169422 
520842230869659 0.667940 -0.693682 -0.310289 
520842251438253 1.337858 -0.873144 0.053270 
520842272007055 1.542800 -1.000664 0.304401 
520842292576171 0.222397 0.194484 -0.473225 
520842313143565 -0.989734 0.420858 -0.243412 
520842333713461 -1.017200 -0.042414 0.042792 
520842354280806 0.810766 -0.082446 0.484918 
520842374849034 1.768866 -1.076208 0.056590 
520842395419242 0.830612 -0.600366 0.452962 
520842415986951 0.472856 0.177307 0.402902 
520842436555597 -0.478142 0.032857 -1.407665 
520842457123982 0.682696 -0.078712 -1.188339 
520842477692732 0.368252 -0.366816 -1.232488 
520842498261327 0.407582 0.355274 1.083861 
520842518831378 -0.279635 1.357960 3.167330 
520842539399972 -0.786037 -0.182565 1.578356 
520842559968774 0.622527 -0.316505 0.195161 
520842580536535 -0.700216 0.122208 -1.124226 
520842601106378 -2.558516 1.156420 0.514287 
520842621672263 -3.225001 1.816170 1.542628 
520842642241013 -2.410753 1.433104 0.568051 
520842662809555 -1.455049 0.566252 -0.309634 
520842683378304 0.996492 -1.638624 -1.781855 
520842703946691 -0.008194 0.486846 -1.522644 
520842724516118 0.661034 -0.318495 -2.195167 
520842745084243 -0.095784 -1.039561 1.374085 
520842765652367 -0.451388 0.872326 0.363390 
520842786221065 -1.035416 0.589205 -0.766436 
520842806789660 -2.482463 -0.259447 0.203233 
520842827358149 -0.343682 -1.699165 -0.059384 
520842847929607 5.297320 -1.865282 -1.075443 
520842868495805 4.351148 -1.212430 0.414865 
520842889064503 -3.370861 1.447793 -1.015622 
520842909633097 -1.256264 1.146463 0.240611 
520842930203252 -1.581401 0.612705 1.110077 
520842950771638 2.180161 -0.787970 0.207723 
520842971340597 2.526157 -1.193203 -0.240064 
520842991907524 0.824577 -0.641521 -0.633232 
520843012476638 -1.712637 0.810840 0.132871 
520843033044659 -4.321178 0.462895 -0.510550 
520843053612107 0.213705 1.942625 -0.002459 
520843074182003 1.288210 0.630192 -0.540390 
520843094750752 0.872059 -0.070487 0.264184 
520843115320127 0.837235 -1.316133 0.320503 
520843135888877 -0.336959 -1.082168 -0.829122 
520843156457420 0.037793 0.256612 -2.708051 
520843177025076 0.812322 -0.491565 2.463319 
520843197593200 -0.404509 0.025719 -0.058575 
520843218161794 -0.462620 0.064356 -0.316986 
520843238731847 -0.076399 -0.184502 0.216610 
520843259298825 0.530539 -0.612839 -0.174049 
520843279868096 0.287743 -0.382233 0.355503 
520843300436743 0.147395 -0.388584 0.936824 
520843321005596 0.347790 -0.152894 -1.201549 
520843341573513 0.318152 -0.473174 -0.599843 
520843362142211 -0.219834 -0.754819 -0.047970 
520843382710648 0.315081 -0.113858 -0.852865 
520843403279972 1.084210 -0.536878 -0.826523 
520843423848461 1.512051 -0.122096 -0.027263 
520843444420335 0.965808 -0.435822 -0.353523 
520843464986430 -0.221051 0.654562 -0.101605 
520843485554555 -1.709433 0.644602 -0.594597 
520843506122054 -1.175744 0.174048 -0.488579 
520843526690388 0.108707 -1.025849 -0.408041 
520843547259138 -0.146428 -0.802054 -0.595273 
520843567827836 -1.080987 -0.700267 0.159628 
520843588396899 -1.507561 0.596329 0.565328 
520843608967211 -1.173645 2.449335 0.236293 
520843629535387 -1.561605 2.734020 0.863690 
520843650102523 -0.366201 0.624218 -1.507768 
520843670671117 0.085154 -0.305006 1.531340 
520843691240961 3.962782 1.026376 0.618148 
520843711809502 1.149347 2.255221 -0.371379 
520843732379763 -0.268549 1.539786 0.025594 
520843752946639 0.597570 -1.659456 0.333144 
520843773515543 0.537860 -0.955140 0.245779 
520843794083929 0.665962 -0.639801 0.051443 
520843814652419 0.518910 -1.031394 0.049806 
520843835220128 0.280639 -1.947994 0.134006 
520843855788513 0.900828 -1.339836 0.007342 
520843876356429 1.475057 0.410104 -1.108988 
520843896925023 1.573944 -1.551344 -1.474343 
520843917496170 0.109303 -2.579145 -0.587774 
520843938064085 0.592158 -0.808637 -0.124207 
520843958631012 0.169844 0.689766 -0.473070 
520843979199502 0.629369 0.354127 -0.581738 
520843999768200 -0.510192 -1.660137 0.665182 
520844020336742 -1.601761 -0.061719 -0.273523 
520844040905232 -0.973228 1.815059 -1.388305 
520844061473929 -1.041738 0.274602 0.201824 
520844082042523 -0.956431 0.304082 -0.149131 
520844102611066 -0.901088 -0.018234 -0.042217 
520844123179710 -1.362571 -0.240888 -0.069658 
520844143748252 -0.895741 -0.531207 -1.192789 
520844164317002 -0.320992 -1.257937 -0.445858 
520844184885493 0.251890 -1.465303 -0.344916 
520844205454762 1.103436 0.246330 0.766860 
520844226022732 0.319161 2.165392 -1.281071 
520844246591741 2.367528 1.526269 -1.061607 
520844267159971 0.525452 -1.154848 0.309359 
520844287728669 0.836406 -3.407994 2.952084 
520844308297210 -2.864081 -5.190398 0.348330 
520844328865805 -0.928095 -3.032360 0.127923 
520844349434346 -0.630921 -2.502435 -3.823523 
520844370004607 1.542185 -2.179381 -5.797316 
520844390571585 3.277101 -1.127322 -5.175017 
520844411140700 4.030685 0.853340 -3.385421 
520844431709450 4.342053 1.711847 -4.286661 
520844452277627 5.198494 2.139119 -3.341731 
520844472846065 5.147752 1.888337 -0.722145 
520844493415440 4.677561 1.812325 2.530492 
520844513983305 4.389161 3.112902 3.241667 
520844534551638 4.449689 4.282700 2.852483 
520844555120491 6.050979 5.713593 2.343672 
520844575688929 6.898345 5.785748 1.763737 
520844596257836 4.065780 2.266368 2.136668 
520844616826169 1.066459 -1.623610 4.161453 
520844637394919 0.285655 -3.359060 3.538243 
520844657963512 0.533497 -4.080957 0.989413 
520844678532002 0.107184 -6.321568 -1.422782 
520844699100700 -2.595108 -9.244241 -0.661158 
520844719669919 -4.980947 -10.087885 -0.076437 
520844740238460 -4.595556 -6.383417 -0.720929 
520844760807106 -2.648072 -4.793833 -2.134026 
520844781375700 0.163996 -2.987333 -3.189209 
520844801944450 0.377821 -2.889638 -3.279387 
520844822512783 -0.661068 -2.817670 -3.494573 
520844843081013 -3.040354 -2.992928 -2.306417 
520844863649606 -2.249217 -2.685153 -0.941036 
520844884218096 -0.661893 -1.087520 0.555937 
520844904786741 0.952317 -1.101687 0.521006 
520844925357211 2.772954 -0.711121 0.811526 
520844945925752 3.000172 -0.054832 0.264574 
520844966492576 2.355391 0.729514 -0.493799 
520844987061064 3.893334 0.551357 -1.481462 
520845007629763 4.055150 0.567624 0.013862 
520845028198200 3.494423 -0.381260 1.280934 
520845048767002 2.632353 -0.769541 1.507710 
520845069335387 2.549603 -0.483762 1.375134 
520845089904397 2.045876 -0.579003 0.672729 
520845110472731 1.331551 -0.749194 -0.462365 
520845131043981 0.933876 -0.681123 -1.642930 
520845151611378 1.300087 -0.597640 -1.826602 
520845172178876 0.453002 -0.666278 -2.103396 
520845192747106 -0.679828 -0.389848 -2.424935 
520845213315856 -1.069557 -0.272993 -1.920569 
520845233884346 -0.738967 -0.161472 -1.211284 
520845254452783 0.630751 0.510583 -0.462277 
520845275021377 2.014503 1.233021 0.535082 
520845295589971 1.113988 1.355626 1.038541 
520845316158929 -0.399113 0.502843 -0.110110 
520845336727991 0.060374 0.804441 -0.307499 
520845357296950 0.745270 -0.018464 0.836084 
520845377864502 0.695564 -0.786713 1.358630 
520845398434450 0.160122 -0.313272 0.923195 
520845419002991 0.036409 0.009211 0.666499 
520845439572522 -0.532086 0.597293 0.696736 
520845460140595 -0.964698 0.434309 0.767758 
520845480707940 -1.024301 -0.129159 0.518191 
520845501276533 0.144421 -0.371717 1.143584 
520845521845283 0.581556 -0.301517 -0.194710 
520845542413512 0.024094 0.363015 0.136827 
520845562982523 -0.605622 0.298245 -0.243707 
520845583550388 -1.146726 0.119081 0.120705 
520845604119501 -0.790265 -0.364530 0.665988 
520845624687574 -0.696048 -0.224543 0.635435 
520845645256221 -0.573756 -0.017402 0.166421 
520845665824763 -0.588282 -0.228548 -0.295090 
520845686394033 -0.667591 -0.450951 -0.452191 
520845706962054 -0.576204 -0.406761 -0.305105 
520845727530752 -0.047228 0.000284 0.168923 
520845748099189 0.685584 0.321907 0.950919 
520845768667887 0.505055 -0.023673 0.715324 
520845789236481 -0.420193 -0.325110 -0.392704 
520845809804397 -0.634579 -0.198235 -0.852317 
520845830373564 -0.332223 0.233785 -0.452728 
520845850942366 0.005109 0.122378 -0.116147 
520845871510908 0.233439 0.019539 0.149667 
520845892079970 0.277029 0.278470 0.041228 
520845912648460 0.378261 0.320946 0.123100 
520845933216742 0.051709 0.079759 -0.245799 
520845953785335 -0.150556 0.110710 -0.674141 
520845974353981 0.116729 0.246906 -0.737635 
520845994922731 0.545485 0.531141 0.019122 
520846015491273 0.759378 0.291980 0.584938 
520846036059970 0.153036 0.036829 0.349353 
520846056628304 -0.289523 -0.051799 -0.139699 
520846077197053 -0.563658 0.031783 -0.652143 
520846097765804 -0.282129 0.155412 -0.543828 
520846118336116 0.259461 0.332581 -0.295989 
520846138904084 0.660571 0.445894 0.135576 
520846159472783 0.482925 0.275844 0.378699 
520846180040491 -0.203663 0.040923 0.227670 
520846200608825 -0.550030 -0.100720 0.090074 
520846221177731 -0.289177 0.002861 0.113161 
520846241747053 0.074021 0.194157 -0.006859 
520846262314502 0.277537 0.290705 0.108693 
520846282883512 0.353732 0.321497 0.188433 
520846303451688 0.079507 0.136060 0.191221 
520846324020595 -0.205661 -0.060264 0.380575 
520846344589189 -0.323768 -0.192747 0.352956 
520846365158252 -0.292416 -0.072348 -0.087454 
520846385726429 0.002377 0.116582 -0.172238 
520846406295751 0.117203 0.110740 -0.146849 
520846426864137 0.107930 0.094666 -0.010796 
520846447432679 0.039747 0.013108 0.122206 
520846468001325 -0.113813 -0.025517 -0.168719 
520846488569918 -0.107235 0.064976 -0.369248 
520846509138304 0.194634 0.188226 -0.058622 
520846529707679 0.310384 0.027133 0.215704 
520846550276168 -0.113269 -0.065530 -0.104808 
520846570845283 -0.307376 -0.058986 -0.345921 
520846591413407 -0.220253 0.042267 -0.264513 
520846611981949 0.203976 0.099377 0.113770 
520846632551168 0.224213 0.060207 0.192463 
520846653119711 -0.034173 0.013500 -0.025082 
520846673688668 -0.187010 0.082208 -0.178886 
520846694257314 -0.140799 0.048060 -0.125957 
520846714825283 -0.035792 0.023037 0.023081 
520846735393981 0.439247 0.169040 0.298714 
520846755963252 0.915345 0.031592 1.090668 
520846776531533 -0.235920 -0.642995 -0.314408 
520846797099397 -1.208995 0.813187 -1.463954 
520846817667575 0.360906 1.083995 -0.077763 
520846838236064 0.720029 0.392250 0.901855 
520846858804709 -0.714998 -0.261871 0.052889 
520846879375542 -1.412305 -0.032125 -1.405437 
520846899943616 -0.633794 0.200262 0.118122 
