# Created at Thu Nov 07 17:59:55 EST 2019 in Burnaby Canada 
520839710924660 -2.670915 155.063293 6.125790 
520839730917473 -0.066885 156.146194 4.563720 
520839750917733 -0.795615 156.832184 6.723870 
520839770916639 -1.417365 156.239700 7.037010 
520839790917265 -2.044140 155.651489 6.581400 
520839810928462 -1.839900 157.519455 7.195710 
520839830917264 -3.132690 155.055420 5.361450 
520839850918253 -0.054825 156.135941 6.408720 
520839870917889 -0.054825 156.135941 6.408720 
520839890918671 -3.090765 156.487549 6.130800 
520839910917578 -1.010265 154.239151 7.339260 
520839931009504 -2.800366 155.626953 7.357500 
520839951124035 -2.652465 155.781494 6.126090 
520839970920598 -2.364405 155.069687 6.430350 
520839990920546 -2.309055 157.224289 6.431250 
520840010917681 -2.638050 156.062790 7.202460 
520840030922629 -0.359325 156.127838 6.411660 
520840050917629 -2.810416 155.635513 5.820000 
520840070917733 -2.480085 156.649109 5.817480 
520840090917368 -3.222885 157.347061 5.825130 
520840110916952 -3.264150 155.620804 6.285660 
520840130918097 -3.097815 156.053223 6.745620 
520840150917525 -1.395885 157.395660 5.807490 
520840170917160 -2.458621 157.364746 6.279030 
520840190917681 -2.015955 156.948532 5.813190 
520840210917160 -3.403305 156.486282 4.903740 
520840230917004 -4.126666 157.461273 6.756510 
520840250917004 -2.782230 156.932556 5.051790 
520840270917004 -1.549815 157.246246 6.116400 
520840290917004 -2.650455 155.779785 6.433590 
520840310916587 -1.379445 158.115555 5.500290 
520840330930754 -2.466660 157.371582 5.049030 
520840350930754 -2.620590 157.222168 5.357940 
520840370917681 -2.303685 157.513290 6.123870 
520840390930286 -2.048820 155.949036 4.736520 
520840410917265 -2.823495 155.206314 5.512320 
520840430919087 -2.803036 155.922806 5.820120 
520840450918097 -3.256770 155.908096 6.285780 
520840470925232 -1.881825 156.087341 6.426360 
520840490923306 -2.017965 156.950241 5.505690 
520840510917680 -1.593765 155.375519 6.730620 
520840530918879 -0.834525 155.397491 6.415770 
520840550918045 -1.715820 156.666794 6.271380 
520840570919556 -1.741650 155.661301 6.270960 
520840590917992 -1.589730 155.812408 5.654550 
520840610918306 -0.209761 155.987381 6.563880 
520840630916899 -1.573290 156.532318 5.347350 
520840650917889 -2.675940 155.067566 5.357040 
520840670916848 -2.779215 156.929993 5.513040 
520840690918253 -0.741930 159.281738 5.341140 
520840710918410 -2.451240 157.652023 6.279150 
520840730925493 -0.998850 154.963348 6.263310 
520840750917160 -0.219151 155.701797 6.256260 
520840770917524 -2.362395 155.067978 6.737850 
520840790917159 -2.359380 155.065399 7.199100 
520840810917941 -0.811050 156.111404 7.184820 
520840830917525 -0.049800 156.131653 7.177470 
520840850917629 -1.420380 156.242264 6.575760 
520840870918201 -0.707775 154.248978 7.028821 
520840890917837 -1.415355 156.237976 7.344510 
520840910917576 -2.632005 156.497986 6.433890 
520840930918722 -0.684960 155.257034 6.567990 
520840951125857 -0.394215 154.689728 6.718560 
520840970925702 -0.807015 156.548309 6.108750 
520840990917733 -1.568265 156.528046 6.116100 
520841010917212 -2.472705 156.936386 5.817600 
520841030925806 0.694020 155.873169 5.632500 
520841050929659 -3.053865 157.923950 6.131400 
520841071286170 -2.015955 156.948532 5.813190 
520841090917108 -1.399260 156.664627 8.113440 
520841110917159 -1.540770 157.238541 7.500150 
520841130921795 -2.333550 156.070892 7.199520 
520841150916952 -0.976036 155.971405 5.802480 
520841170917732 -0.641025 156.687439 7.644840 
520841190917576 -0.656115 156.259949 7.029660 
520841210917160 -1.902285 155.370850 6.118560 
520841230917160 -1.558875 156.813629 6.423720 
520841250918774 -1.367385 158.105286 7.345290 
520841270916744 -1.374420 158.111282 6.269040 
520841290916951 -1.682955 157.666275 7.348050 
520841310929034 -2.593095 157.932678 6.741990 
520841330917316 -0.942165 156.970047 7.032900 
520841350917367 -0.772140 157.546097 7.492920 
520841370917107 -1.708440 156.954071 6.271500 
520841390917003 -1.417365 156.239700 7.037010 
520841410924556 -1.720200 155.936615 8.423580 
520841431229034 -1.837230 157.223618 8.733090 
520841450919295 -0.928095 156.958069 9.185400 
520841470918566 0.579990 156.717270 8.094330 
520841490917472 0.144045 157.714874 7.330410 
520841510919400 -2.767155 156.919724 7.358040 
520841530918202 -1.493820 158.666397 9.038251 
520841550916951 -0.823455 155.828400 6.415950 
520841570924973 -1.546815 156.803360 8.268720 
520841590917004 -1.072605 157.974899 6.419790 
520841610916743 -1.957590 159.100571 6.275340 
520841630916586 -2.426100 158.070953 8.431830 
520841650916795 -0.822465 155.387222 8.260770 
520841670916847 0.936825 158.882523 7.631040 
520841690917055 -0.260040 159.712845 7.489410 
520841710916326 -0.758055 157.974442 7.954350 
520841730916899 0.151080 157.708893 8.406660 
520841750935128 0.907305 157.733414 7.630560 
520841770917577 -1.037070 158.678558 9.033840 
520841791194452 0.130620 156.992401 8.098860 
520841810965075 1.330170 156.306595 8.086800 
520841830918097 0.907965 157.439301 8.860440 
520841850917993 1.212135 157.594467 8.242560 
520841870917681 0.612855 157.716766 9.171000 
520841890918201 1.390200 158.163651 9.932580 
520841910917472 0.119205 156.268219 9.174810 
520841930918201 0.167175 158.135529 9.175591 
520841951136795 0.930780 158.447342 8.399611 
520841970918826 3.067635 158.352722 9.762720 
520841990919034 -1.022310 159.253113 9.034081 
520842010927003 0.174555 158.422821 9.175710 
520842030917419 0.041430 159.283173 8.716290 
520842050918879 0.058515 159.268646 11.330041 
520842070928461 1.229220 157.579941 10.856310 
520842090918409 -0.715800 159.259506 9.338640 
520842110916639 -0.675885 160.693344 9.800490 
520842130918148 0.069585 159.699585 11.330220 
520842151133617 -1.493820 158.666397 9.038251 
520842170964243 0.492810 159.006348 9.019260 
520842190918513 0.036060 158.994202 9.023670 
520842210917315 -0.063525 161.000229 9.179730 
520842230917628 1.582035 159.748627 9.778021 
520842250919503 -0.500490 161.558380 9.953130 
520842270917732 0.077985 160.426331 9.793020 
520842290918098 -0.515250 160.983810 9.952890 
520842310916899 0.991815 160.303543 10.399140 
520842330917680 -0.507870 161.271103 9.953011 
520842350918409 -0.951885 161.394897 11.341230 
520842370918930 0.083010 160.422058 10.561770 
520842390916899 -0.503190 160.973541 11.797891 
520842410917732 -0.535710 160.267319 9.645090 
520842430917472 -0.656415 161.851013 8.263470 
520842450917055 -0.996825 159.965332 10.110630 
520842470917264 -0.686280 160.408646 9.339120 
520842490986014 -0.789915 161.537445 12.262321 
520842511081743 -0.795285 161.248459 12.569700 
520842531083200 0.699375 160.285172 12.247080 
520842550988358 0.699375 160.285172 12.247080 
520842570918513 -1.233585 161.954514 12.574410 
520842590918618 -2.106480 163.950577 10.892819 
520842610917523 -0.603795 162.540146 13.491270 
520842630916951 -0.753015 162.973846 12.262920 
520842650919138 -0.585000 163.551605 12.415440 
520842670916951 -0.735555 164.133240 10.418400 
520842690918149 -3.184290 163.932480 9.058110 
520842710917108 -1.689946 163.556610 6.429480 
520842730918409 -0.782505 162.705383 8.880300 
520842750917732 -0.475995 162.711777 9.184860 
520842770919295 0.151785 163.299118 9.794221 
520842790917211 -0.768090 162.986679 9.956670 
520842810917003 -0.025290 162.288727 9.949020 
520842830916794 -0.176190 162.577087 9.028111 
520842850917627 0.888195 161.872711 11.631269 
520842871026743 0.155790 162.855362 12.100290 
520842891027212 -1.696335 162.828140 8.274180 
520842910937263 0.870090 161.447769 10.554840 
520842930917472 -1.250325 162.262314 8.884530 
520842951172524 -0.478665 163.007599 7.647480 
520842970919972 -0.181215 162.581360 8.259360 
520842990917888 -0.489075 162.282562 8.877180 
520843010917993 0.603855 163.608795 7.944930 
520843030918045 -0.661095 162.148560 6.418590 
520843050917315 -2.511570 161.386017 5.667180 
520843070916378 -2.980725 161.090866 4.902720 
520843090917679 -1.418970 162.859314 4.119990 
520843110918513 -0.541695 161.593430 3.649380 
520843130919450 -0.846195 161.585327 3.652320 
520843150918304 -1.441785 161.851273 4.580820 
520843170917785 -0.531990 161.291626 6.263010 
520843190917524 -0.867000 160.575577 4.420650 
520843210923356 0.039780 160.018478 5.641590 
520843230977992 -0.678525 161.869827 4.880970 
520843250979451 -0.701655 161.449158 3.035790 
520843270917315 0.652485 160.618637 3.944700 
520843290918669 -0.254295 161.175735 2.723760 
520843310917785 -0.877050 160.584122 2.883150 
520843330917784 -1.627890 161.288925 1.660800 
520843350918201 -3.013890 161.119080 -0.171030 
520843370917420 -1.590630 163.458908 -1.105800 
520843390917992 -3.336495 160.686035 -1.244520 
520843410918305 -1.650660 161.601852 -2.951580 
520843430918097 -5.288895 162.078354 -2.762310 
520843450919190 -3.746580 163.569778 -5.390160 
520843470920024 -6.321405 164.223404 -6.133620 
520843490917732 -7.045755 165.639557 -6.125670 
520843510917367 -7.214760 165.502975 -8.123011 
520843530918200 -9.286215 167.743668 -7.947720 
520843550918096 -9.321750 167.040009 -10.561769 
520843570925284 -9.611835 167.313202 -9.482461 
520843590934711 -12.647777 167.664810 -9.760380 
520843610934867 -11.825160 169.394226 -7.153260 
520843630918564 -12.162915 166.772385 -2.077650 
520843650917680 -10.145775 167.820267 -0.251340 
520843670917523 -9.992190 167.676376 0.515880 
520843690918670 -12.998940 169.324203 -0.376500 
520843710918460 -12.259155 168.628815 -0.845400 
520843730920961 -11.516701 167.637589 0.223080 
520843750918149 -11.027070 169.089554 -0.395730 
520843770918616 -10.923120 167.373367 -1.012920 
520843790919190 -10.888576 168.518219 -0.243690 
520843810918825 -11.500261 168.357498 -0.084120 
520843830918773 -13.164944 168.744751 -0.221520 
520843850918201 -12.847365 169.182053 0.083220 
520843870917107 -13.238702 171.756271 -0.065040 
520843890917002 -13.989527 172.901398 -2.978460 
520843910917888 -14.906371 173.026733 -4.045830 
520843930923513 -15.314460 175.468399 -6.192900 
520843951125908 -17.763195 175.267685 -7.553190 
520843971438825 -16.830570 176.156372 -8.022901 
520843990917158 -16.365421 176.895264 -9.564510 
520844010917106 -18.349695 176.846893 -10.314150 
520844030917262 -16.064924 177.347122 -11.873520 
520844050927680 -16.404676 175.167328 -8.796480 
520844070917419 -16.988176 176.303665 -9.405121 
520844090917158 -17.010992 175.295624 -8.944290 
520844110917159 -15.321136 176.207977 -10.036350 
520844130921533 -16.724941 174.585526 -8.947530 
520844150917158 -18.548912 174.974655 -10.159711 
520844170917002 -18.646500 176.538696 -8.005080 
520844190916691 -18.692461 174.669662 -7.698360 
520844210917523 -19.048618 177.213974 -2.465370 
520844230916899 -17.610285 179.540970 -1.093890 
520844250917627 -17.358736 183.570343 -1.708680 
520844270917158 -18.190725 186.559067 -1.083600 
520844290917940 -17.589090 186.728317 -2.780670 
520844310917262 -17.335215 190.168625 -0.781950 
520844330917731 -15.408585 194.095505 -0.797970 
520844350916429 -17.022301 195.907150 1.217730 
520844370917262 -13.878360 199.279892 3.342210 
520844390917262 -13.801575 201.269485 7.186800 
520844410917835 -13.876021 203.694489 9.495540 
520844430917523 -12.116100 206.015060 13.477830 
520844450916741 -9.765615 208.073929 15.762870 
520844470917159 -8.099940 207.245529 17.745090 
520844490918930 -7.337670 207.705261 16.200420 
520844510917523 -8.295436 206.397598 14.517450 
520844530916638 -7.009696 203.863922 11.735640 
520844550917315 -8.476545 200.386948 10.517430 
520844570916846 -7.800136 197.984131 7.126560 
520844590916898 -7.842450 190.374405 7.275660 
520844610917575 -7.433685 183.515518 3.730650 
520844630917158 -6.670125 177.943008 2.796990 
520844650919658 -5.406241 168.516083 0.472080 
520844670918721 -2.350515 164.171402 -3.711900 
520844690918617 1.531455 155.375061 -3.755310 
520844710917158 6.308850 151.622116 -3.035220 
520844730918721 11.918581 145.173706 -4.016340 
520844750917523 15.355949 143.560257 -7.125870 
520844770917784 17.387175 140.473114 -10.069019 
520844790917210 22.327919 138.035797 -12.732360 
520844810917523 24.537899 136.104385 -16.137751 
520844830917523 28.163401 135.491959 -17.710831 
520844850917106 30.097067 134.849487 -21.881491 
520844870916898 30.390869 135.600586 -26.342882 
520844890917002 29.215832 137.880096 -28.790161 
520844910917366 33.124054 137.147491 -33.133743 
520844930919763 33.481228 139.606003 -34.673161 
520844951130700 33.664379 141.932251 -38.978672 
520844970917314 35.659412 142.998947 -40.534863 
520844990918096 33.966541 142.089142 -39.904049 
520845010917679 36.750000 144.473953 -42.389553 
520845030916846 37.806034 144.363770 -43.322399 
520845051309086 38.716202 144.978043 -46.098480 
520845070916794 42.185745 143.777557 -45.979080 
520845090917054 42.077763 145.056885 -44.285820 
520845110917158 45.552662 143.705078 -42.782730 
520845130919658 44.950367 143.829941 -42.315540 
520845150920336 44.950367 143.829941 -42.315540 
520845170917470 45.552662 143.705078 -42.782730 
520845190916898 46.722675 141.429825 -41.104198 
520845210917106 45.813873 141.548309 -40.941570 
520845230917158 45.698853 142.833603 -40.324558 
520845250916638 45.244457 143.113022 -41.088779 
520845270917106 44.759537 142.244141 -42.007229 
520845290917210 43.951984 140.061600 -40.617031 
520845310916742 44.742077 141.084778 -40.162712 
520845330917627 45.201164 140.948151 -39.244678 
520845350921898 44.287998 140.776779 -38.620922 
520845370921742 43.691746 141.336853 -38.922302 
520845390916846 46.746151 142.143753 -40.335148 
520845411272054 46.837696 140.144531 -41.721210 
520845430918200 46.575123 141.568573 -40.948921 
520845450918981 47.181778 141.733536 -41.877239 
520845470918564 46.850101 140.427551 -40.952343 
520845490917783 47.984959 143.185913 -41.115238 
520845510917367 47.979584 142.896912 -40.807861 
520845530924606 47.483925 141.450073 -41.111549 
520845550922210 48.270660 142.182541 -40.042351 
520845570919502 49.048351 142.922699 -40.356899 
520845590916950 47.660309 141.873932 -39.114094 
520845610924189 49.154968 140.910660 -39.436710 
520845630917262 48.079170 140.890869 -40.963921 
520845650916637 48.829006 140.186935 -39.895321 
520845670917106 47.934284 140.733749 -39.271259 
520845690919762 48.234749 140.304962 -38.198132 
520845710924190 46.847401 139.842712 -39.107582 
520845730919189 44.896320 140.646774 -38.165611 
520845750917574 46.437271 141.405472 -38.180012 
520845771223825 44.293667 140.038055 -34.931221 
520845790963721 44.124660 139.901489 -36.928558 
520845810917678 44.436539 140.196884 -36.931381 
520845830916532 45.909737 138.517960 -37.715549 
520845850918096 43.663528 139.159164 -34.771950 
520845870916689 42.738304 138.998077 -35.993191 
520845890917262 43.958309 139.028763 -35.697449 
520845910918408 43.643070 138.442688 -35.079750 
520845930917262 42.566250 137.983429 -35.069641 
520845951126377 44.088749 138.023926 -35.084339 
520845970917939 41.828476 138.677078 -34.293240 
520845990918096 44.147133 140.616272 -36.313263 
520846010916950 43.508942 139.303909 -35.692921 
520846030917471 42.756752 139.716278 -35.992893 
520846050917523 42.728897 138.272171 -34.609741 
520846070916950 42.713806 137.844696 -35.224922 
520846090918095 44.451271 139.890778 -33.549000 
520846110917470 43.650448 138.729980 -35.079632 
520846131152001 43.499554 139.018326 -36.000542 
520846150965543 45.454308 137.917603 -35.251381 
520846170917314 43.190674 138.280045 -33.845402 
520846190917887 43.483109 138.298416 -35.693340 
520846210917991 43.954281 138.591858 -34.621380 
520846230917888 42.582348 138.410049 -34.300713 
520846250917627 42.141373 139.411942 -35.833382 
520846270917314 44.295677 140.036346 -34.623718 
520846290917938 42.592754 139.135101 -35.530411 
520846310918355 45.024059 139.057114 -35.707741 
520846330918772 43.517342 140.030640 -37.230118 
520846350918043 41.805000 137.963165 -35.062290 
520846370918512 43.961327 139.026199 -35.236202 
520846390917418 43.185989 138.577606 -35.690281 
520846410918512 45.020027 138.620209 -34.631672 
520846430976220 44.743038 139.762924 -34.935749 
520846450927105 43.488136 138.294128 -34.924591 
520846470920648 42.591091 139.430084 -36.914040 
520846491105179 43.185989 138.577606 -35.690281 
520846510965075 43.345951 138.721878 -35.076691 
520846530965648 42.720497 137.545425 -33.072540 
520846550918616 43.370445 139.875259 -35.844959 
520846570918877 44.081367 137.736633 -35.084461 
520846590918668 44.878502 138.753815 -33.553890 
520846610918095 43.197407 139.301788 -36.766232 
520846630919449 43.370445 139.875259 -35.844959 
520846650919138 41.807011 137.961441 -34.754791 
520846670918252 45.188385 139.491241 -35.555283 
520846690919293 43.193027 138.571609 -34.614029 
520846710919502 44.164558 140.895004 -34.775642 
520846730919189 43.222893 140.013992 -35.689678 
520846750918616 42.757744 139.275101 -34.148067 
520846770926065 42.728897 138.272171 -34.609741 
520846790918356 43.348980 139.159622 -36.306511 
520846810921429 42.721859 138.278168 -35.685989 
520846830919606 43.956303 139.030472 -36.004951 
520846851063876 41.973019 138.540924 -34.909771 
520846871063876 44.104847 138.450546 -34.315411 
520846890963772 42.609196 139.855011 -35.837612 
520846910926481 41.994137 138.963287 -33.372089 
