# Created at Thu Nov 07 17:59:55 EST 2019 in Burnaby Canada 
520839710924660 45.002232 190.324265 -6.960118 
520839730917473 45.002232 190.324265 -6.960118 
520839750917733 45.002232 190.324265 -6.960118 
520839770916639 45.002232 190.324265 -6.960118 
520839790917265 45.002232 190.324265 -6.960118 
520839810928462 45.002232 190.324265 -6.960118 
520839830917264 45.002232 190.324265 -6.960118 
520839850918253 45.002232 190.324265 -6.960118 
520839870917889 45.002232 190.324265 -6.960118 
520839890918671 45.002232 190.324265 -6.960118 
520839910917578 45.002232 190.324265 -6.960118 
520839931009504 45.002232 190.324265 -6.960118 
520839951124035 45.002232 190.324265 -6.960118 
520839970920598 45.002232 190.324265 -6.960118 
520839990920546 45.002232 190.324265 -6.960118 
520840010917681 45.002232 190.324265 -6.960118 
520840030922629 45.002232 190.324265 -6.960118 
520840050917629 45.002232 190.324265 -6.960118 
520840070917733 45.002232 190.324265 -6.960118 
520840090917368 45.002232 190.324265 -6.960118 
520840110916952 45.002232 190.324265 -6.960118 
520840130918097 45.002232 190.324265 -6.960118 
520840150917525 45.002232 190.324265 -6.960118 
520840170917160 45.002232 190.324265 -6.960118 
520840190917681 45.002232 190.324265 -6.960118 
520840210917160 45.002232 190.324265 -6.960118 
520840230917004 45.002232 190.324265 -6.960118 
520840250917004 45.002232 190.324265 -6.960118 
520840270917004 45.002232 190.324265 -6.960118 
520840290917004 45.002232 190.324265 -6.960118 
520840310916587 45.002232 190.324265 -6.960118 
520840330930754 45.002232 190.324265 -6.960118 
520840350930754 45.002232 190.324265 -6.960118 
520840370917681 45.002232 190.324265 -6.960118 
520840390930286 45.002232 190.324265 -6.960118 
520840410917265 45.002232 190.324265 -6.960118 
520840430919087 45.002232 190.324265 -6.960118 
520840450918097 45.002232 190.324265 -6.960118 
520840470925232 45.002232 190.324265 -6.960118 
520840490923306 45.002232 190.324265 -6.960118 
520840510917680 45.002232 190.324265 -6.960118 
520840530918879 45.002232 190.324265 -6.960118 
520840550918045 45.002232 190.324265 -6.960118 
520840570919556 45.002232 190.324265 -6.960118 
520840590917992 45.002232 190.324265 -6.960118 
520840610918306 45.002232 190.324265 -6.960118 
520840630916899 45.002232 190.324265 -6.960118 
520840650917889 45.002232 190.324265 -6.960118 
520840670916848 45.002232 190.324265 -6.960118 
520840690918253 45.002232 190.324265 -6.960118 
520840710918410 45.002232 190.324265 -6.960118 
520840730925493 45.002232 190.324265 -6.960118 
520840750917160 45.002232 190.324265 -6.960118 
520840770917524 45.002232 190.324265 -6.960118 
520840790917159 45.002232 190.324265 -6.960118 
520840810917941 45.002232 190.324265 -6.960118 
520840830917525 45.002232 190.324265 -6.960118 
520840850917629 45.002232 190.324265 -6.960118 
520840870918201 45.002232 190.324265 -6.960118 
520840890917837 45.002232 190.324265 -6.960118 
520840910917576 45.002232 190.324265 -6.960118 
520840930918722 45.002232 190.324265 -6.960118 
520840951125857 45.002232 190.324265 -6.960118 
520840970925702 45.002232 190.324265 -6.960118 
520840990917733 45.002232 190.324265 -6.960118 
520841010917212 45.002232 190.324265 -6.960118 
520841030925806 45.002232 190.324265 -6.960118 
520841050929659 45.002232 190.324265 -6.960118 
520841071286170 45.002232 190.324265 -6.960118 
520841090917108 45.002232 190.324265 -6.960118 
520841110917159 45.002232 190.324265 -6.960118 
520841130921795 45.002232 190.324265 -6.960118 
520841150916952 45.002232 190.324265 -6.960118 
520841170917732 45.002232 190.324265 -6.960118 
520841190917576 45.002232 190.324265 -6.960118 
520841210917160 45.002232 190.324265 -6.960118 
520841230917160 45.002232 190.324265 -6.960118 
520841250918774 45.002232 190.324265 -6.960118 
520841270916744 45.002232 190.324265 -6.960118 
520841290916951 45.002232 190.324265 -6.960118 
520841310929034 45.002232 190.324265 -6.960118 
520841330917316 45.002232 190.324265 -6.960118 
520841350917367 45.002232 190.324265 -6.960118 
520841370917107 45.002232 190.324265 -6.960118 
520841390917003 45.002232 190.324265 -6.960118 
520841410924556 45.002232 190.324265 -6.960118 
520841431229034 45.002232 190.324265 -6.960118 
520841450919295 45.002232 190.324265 -6.960118 
520841470918566 45.002232 190.324265 -6.960118 
520841490917472 45.002232 190.324265 -6.960118 
520841510919400 45.002232 190.324265 -6.960118 
520841530918202 45.002232 190.324265 -6.960118 
520841550916951 45.002232 190.324265 -6.960118 
520841570924973 45.002232 190.324265 -6.960118 
520841590917004 45.002232 190.324265 -6.960118 
520841610916743 45.002232 190.324265 -6.960118 
520841630916586 45.002232 190.324265 -6.960118 
520841650916795 45.002232 190.324265 -6.960118 
520841670916847 45.002232 190.324265 -6.960118 
520841690917055 45.002232 190.324265 -6.960118 
520841710916326 45.002232 190.324265 -6.960118 
520841730916899 45.002232 190.324265 -6.960118 
520841750935128 45.002232 190.324265 -6.960118 
520841770917577 45.002232 190.324265 -6.960118 
520841791194452 45.002232 190.324265 -6.960118 
520841810965075 45.002232 190.324265 -6.960118 
520841830918097 45.002232 190.324265 -6.960118 
520841850917993 45.002232 190.324265 -6.960118 
520841870917681 45.002232 190.324265 -6.960118 
520841890918201 45.002232 190.324265 -6.960118 
520841910917472 45.002232 190.324265 -6.960118 
520841930918201 45.002232 190.324265 -6.960118 
520841951136795 45.002232 190.324265 -6.960118 
520841970918826 45.002232 190.324265 -6.960118 
520841990919034 45.002232 190.324265 -6.960118 
520842010927003 45.002232 190.324265 -6.960118 
520842030917419 45.002232 190.324265 -6.960118 
520842050918879 45.002232 190.324265 -6.960118 
520842070928461 45.002232 190.324265 -6.960118 
520842090918409 45.002232 190.324265 -6.960118 
520842110916639 45.002232 190.324265 -6.960118 
520842130918148 45.002232 190.324265 -6.960118 
520842151133617 45.002232 190.324265 -6.960118 
520842170964243 45.002232 190.324265 -6.960118 
520842190918513 45.002232 190.324265 -6.960118 
520842210917315 45.002232 190.324265 -6.960118 
520842230917628 45.002232 190.324265 -6.960118 
520842250919503 45.002232 190.324265 -6.960118 
520842270917732 45.002232 190.324265 -6.960118 
520842290918098 45.002232 190.324265 -6.960118 
520842310916899 45.002232 190.324265 -6.960118 
520842330917680 45.002232 190.324265 -6.960118 
520842350918409 45.002232 190.324265 -6.960118 
520842370918930 45.002232 190.324265 -6.960118 
520842390916899 45.002232 190.324265 -6.960118 
520842410917732 45.002232 190.324265 -6.960118 
520842430917472 45.002232 190.324265 -6.960118 
520842450917055 45.002232 190.324265 -6.960118 
520842470917264 45.002232 190.324265 -6.960118 
520842490986014 45.002232 190.324265 -6.960118 
520842511081743 45.002232 190.324265 -6.960118 
520842531083200 45.002232 190.324265 -6.960118 
520842550988358 45.002232 190.324265 -6.960118 
520842570918513 45.002232 190.324265 -6.960118 
520842590918618 45.002232 190.324265 -6.960118 
520842610917523 45.002232 190.324265 -6.960118 
520842630916951 45.002232 190.324265 -6.960118 
520842650919138 45.002232 190.324265 -6.960118 
520842670916951 45.002232 190.324265 -6.960118 
520842690918149 45.002232 190.324265 -6.960118 
520842710917108 45.002232 190.324265 -6.960118 
520842730918409 45.002232 190.324265 -6.960118 
520842750917732 45.002232 190.324265 -6.960118 
520842770919295 45.002232 190.324265 -6.960118 
520842790917211 45.002232 190.324265 -6.960118 
520842810917003 45.002232 190.324265 -6.960118 
520842830916794 45.002232 190.324265 -6.960118 
520842850917627 45.002232 190.324265 -6.960118 
520842871026743 45.002232 190.324265 -6.960118 
520842891027212 45.002232 190.324265 -6.960118 
520842910937263 45.002232 190.324265 -6.960118 
520842930917472 45.002232 190.324265 -6.960118 
520842951172524 45.002232 190.324265 -6.960118 
520842970919972 45.002232 190.324265 -6.960118 
520842990917888 45.002232 190.324265 -6.960118 
520843010917993 45.002232 190.324265 -6.960118 
520843030918045 45.002232 190.324265 -6.960118 
520843050917315 45.002232 190.324265 -6.960118 
520843070916378 45.002232 190.324265 -6.960118 
520843090917679 45.002232 190.324265 -6.960118 
520843110918513 45.002232 190.324265 -6.960118 
520843130919450 45.002232 190.324265 -6.960118 
520843150918304 45.002232 190.324265 -6.960118 
520843170917785 45.002232 190.324265 -6.960118 
520843190917524 45.002232 190.324265 -6.960118 
520843210923356 45.002232 190.324265 -6.960118 
520843230977992 45.002232 190.324265 -6.960118 
520843250979451 45.002232 190.324265 -6.960118 
520843270917315 45.002232 190.324265 -6.960118 
520843290918669 45.002232 190.324265 -6.960118 
520843310917785 45.002232 190.324265 -6.960118 
520843330917784 45.002232 190.324265 -6.960118 
520843350918201 45.002232 190.324265 -6.960118 
520843370917420 45.002232 190.324265 -6.960118 
520843390917992 45.002232 190.324265 -6.960118 
520843410918305 45.002232 190.324265 -6.960118 
520843430918097 45.002232 190.324265 -6.960118 
520843450919190 45.002232 190.324265 -6.960118 
520843470920024 45.002232 190.324265 -6.960118 
520843490917732 45.002232 190.324265 -6.960118 
520843510917367 45.002232 190.324265 -6.960118 
520843530918200 45.002232 190.324265 -6.960118 
520843550918096 45.002232 190.324265 -6.960118 
520843570925284 45.002232 190.324265 -6.960118 
520843590934711 45.002232 190.324265 -6.960118 
520843610934867 45.002232 190.324265 -6.960118 
520843630918564 45.002232 190.324265 -6.960118 
520843650917680 45.002232 190.324265 -6.960118 
520843670917523 45.002232 190.324265 -6.960118 
520843690918670 45.002232 190.324265 -6.960118 
520843710918460 45.002232 190.324265 -6.960118 
520843730920961 45.002232 190.324265 -6.960118 
520843750918149 45.002232 190.324265 -6.960118 
520843770918616 45.002232 190.324265 -6.960118 
520843790919190 45.002232 190.324265 -6.960118 
520843810918825 45.002232 190.324265 -6.960118 
520843830918773 45.002232 190.324265 -6.960118 
520843850918201 45.002232 190.324265 -6.960118 
520843870917107 45.002232 190.324265 -6.960118 
520843890917002 45.002232 190.324265 -6.960118 
520843910917888 45.002232 190.324265 -6.960118 
520843930923513 45.002232 190.324265 -6.960118 
520843951125908 45.002232 190.324265 -6.960118 
520843971438825 45.002232 190.324265 -6.960118 
520843990917158 45.002232 190.324265 -6.960118 
520844010917106 45.002232 190.324265 -6.960118 
520844030917262 45.002232 190.324265 -6.960118 
520844050927680 45.002232 190.324265 -6.960118 
520844070917419 45.002232 190.324265 -6.960118 
520844090917158 45.002232 190.324265 -6.960118 
520844110917159 45.002232 190.324265 -6.960118 
520844130921533 45.002232 190.324265 -6.960118 
520844150917158 45.002232 190.324265 -6.960118 
520844170917002 45.002232 190.324265 -6.960118 
520844190916691 45.002232 190.324265 -6.960118 
520844210917523 45.002232 190.324265 -6.960118 
520844230916899 45.002232 190.324265 -6.960118 
520844250917627 45.002232 190.324265 -6.960118 
520844270917158 45.002232 190.324265 -6.960118 
520844290917940 45.002232 190.324265 -6.960118 
520844310917262 45.002232 190.324265 -6.960118 
520844330917731 45.002232 190.324265 -6.960118 
520844350916429 45.002232 190.324265 -6.960118 
520844370917262 45.002232 190.324265 -6.960118 
520844390917262 45.002232 190.324265 -6.960118 
520844410917835 45.002232 190.324265 -6.960118 
520844430917523 45.002232 190.324265 -6.960118 
520844450916741 45.002232 190.324265 -6.960118 
520844470917159 45.002232 190.324265 -6.960118 
520844490918930 45.002232 190.324265 -6.960118 
520844510917523 45.002232 190.324265 -6.960118 
520844530916638 45.002232 190.324265 -6.960118 
520844550917315 45.002232 190.324265 -6.960118 
520844570916846 45.002232 190.324265 -6.960118 
520844590916898 45.002232 190.324265 -6.960118 
520844610917575 45.002232 190.324265 -6.960118 
520844630917158 45.002232 190.324265 -6.960118 
520844650919658 45.002232 190.324265 -6.960118 
520844670918721 45.002232 190.324265 -6.960118 
520844690918617 45.002232 190.324265 -6.960118 
520844710917158 45.002232 190.324265 -6.960118 
520844730918721 45.002232 190.324265 -6.960118 
520844750917523 45.002232 190.324265 -6.960118 
520844770917784 45.002232 190.324265 -6.960118 
520844790917210 45.002232 190.324265 -6.960118 
520844810917523 45.002232 190.324265 -6.960118 
520844830917523 45.002232 190.324265 -6.960118 
520844850917106 45.002232 190.324265 -6.960118 
520844870916898 45.002232 190.324265 -6.960118 
520844890917002 45.002232 190.324265 -6.960118 
520844910917366 45.002232 190.324265 -6.960118 
520844930919763 45.002232 190.324265 -6.960118 
520844951130700 45.002232 190.324265 -6.960118 
520844970917314 45.002232 190.324265 -6.960118 
520844990918096 45.002232 190.324265 -6.960118 
520845010917679 45.002232 190.324265 -6.960118 
520845030916846 45.002232 190.324265 -6.960118 
520845051309086 45.002232 190.324265 -6.960118 
520845070916794 45.002232 190.324265 -6.960118 
520845090917054 45.002232 190.324265 -6.960118 
520845110917158 45.002232 190.324265 -6.960118 
520845130919658 45.002232 190.324265 -6.960118 
520845150920336 45.002232 190.324265 -6.960118 
520845170917470 45.002232 190.324265 -6.960118 
520845190916898 45.002232 190.324265 -6.960118 
520845210917106 45.002232 190.324265 -6.960118 
520845230917158 45.002232 190.324265 -6.960118 
520845250916638 45.002232 190.324265 -6.960118 
520845270917106 45.002232 190.324265 -6.960118 
520845290917210 45.002232 190.324265 -6.960118 
520845310916742 45.002232 190.324265 -6.960118 
520845330917627 45.002232 190.324265 -6.960118 
520845350921898 45.002232 190.324265 -6.960118 
520845370921742 45.002232 190.324265 -6.960118 
520845390916846 45.002232 190.324265 -6.960118 
520845411272054 45.002232 190.324265 -6.960118 
520845430918200 45.002232 190.324265 -6.960118 
520845450918981 45.002232 190.324265 -6.960118 
520845470918564 45.002232 190.324265 -6.960118 
520845490917783 45.002232 190.324265 -6.960118 
520845510917367 45.002232 190.324265 -6.960118 
520845530924606 45.002232 190.324265 -6.960118 
520845550922210 45.002232 190.324265 -6.960118 
520845570919502 45.002232 190.324265 -6.960118 
520845590916950 45.002232 190.324265 -6.960118 
520845610924189 45.002232 190.324265 -6.960118 
520845630917262 45.002232 190.324265 -6.960118 
520845650916637 45.002232 190.324265 -6.960118 
520845670917106 45.002232 190.324265 -6.960118 
520845690919762 45.002232 190.324265 -6.960118 
520845710924190 45.002232 190.324265 -6.960118 
520845730919189 45.002232 190.324265 -6.960118 
520845750917574 45.002232 190.324265 -6.960118 
520845771223825 45.002232 190.324265 -6.960118 
520845790963721 45.002232 190.324265 -6.960118 
520845810917678 45.002232 190.324265 -6.960118 
520845830916532 45.002232 190.324265 -6.960118 
520845850918096 45.002232 190.324265 -6.960118 
520845870916689 45.002232 190.324265 -6.960118 
520845890917262 45.002232 190.324265 -6.960118 
520845910918408 45.002232 190.324265 -6.960118 
520845930917262 45.002232 190.324265 -6.960118 
520845951126377 45.002232 190.324265 -6.960118 
520845970917939 45.002232 190.324265 -6.960118 
520845990918096 45.002232 190.324265 -6.960118 
520846010916950 45.002232 190.324265 -6.960118 
520846030917471 45.002232 190.324265 -6.960118 
520846050917523 45.002232 190.324265 -6.960118 
520846070916950 45.002232 190.324265 -6.960118 
520846090918095 45.002232 190.324265 -6.960118 
520846110917470 45.002232 190.324265 -6.960118 
520846131152001 45.002232 190.324265 -6.960118 
520846150965543 45.002232 190.324265 -6.960118 
520846170917314 45.002232 190.324265 -6.960118 
520846190917887 45.002232 190.324265 -6.960118 
520846210917991 45.002232 190.324265 -6.960118 
520846230917888 45.002232 190.324265 -6.960118 
520846250917627 45.002232 190.324265 -6.960118 
520846270917314 45.002232 190.324265 -6.960118 
520846290917938 45.002232 190.324265 -6.960118 
520846310918355 45.002232 190.324265 -6.960118 
520846330918772 45.002232 190.324265 -6.960118 
520846350918043 45.002232 190.324265 -6.960118 
520846370918512 45.002232 190.324265 -6.960118 
520846390917418 45.002232 190.324265 -6.960118 
520846410918512 45.002232 190.324265 -6.960118 
520846430976220 45.002232 190.324265 -6.960118 
520846450927105 45.002232 190.324265 -6.960118 
520846470920648 45.002232 190.324265 -6.960118 
520846491105179 45.002232 190.324265 -6.960118 
520846510965075 45.002232 190.324265 -6.960118 
520846530965648 45.002232 190.324265 -6.960118 
520846550918616 45.002232 190.324265 -6.960118 
520846570918877 45.002232 190.324265 -6.960118 
520846590918668 45.002232 190.324265 -6.960118 
520846610918095 45.002232 190.324265 -6.960118 
520846630919449 45.002232 190.324265 -6.960118 
520846650919138 45.002232 190.324265 -6.960118 
520846670918252 45.002232 190.324265 -6.960118 
520846690919293 45.002232 190.324265 -6.960118 
520846710919502 45.002232 190.324265 -6.960118 
520846730919189 45.002232 190.324265 -6.960118 
520846750918616 45.002232 190.324265 -6.960118 
520846770926065 45.002232 190.324265 -6.960118 
520846790918356 45.002232 190.324265 -6.960118 
520846810921429 45.002232 190.324265 -6.960118 
520846830919606 45.002232 190.324265 -6.960118 
520846851063876 45.002232 190.324265 -6.960118 
520846871063876 45.002232 190.324265 -6.960118 
520846890963772 45.002232 190.324265 -6.960118 
520846910926481 45.002232 190.324265 -6.960118 
