# Created at Thu Nov 07 18:05:01 EST 2019 in Burnaby Canada 
521145650588345 0.000000 0.000000 0.000000 
521145671157096 0.000000 0.000000 0.000000 
521145691727043 0.000000 0.000000 0.000000 
521145712296627 0.000000 0.000000 0.000000 
521145732867929 0.000000 0.000000 0.000000 
521145753435949 0.000000 0.000000 0.000000 
521145774006106 0.000000 0.000000 0.000000 
521145794574855 0.000000 0.000000 0.000000 
521145815146054 0.000000 0.000000 0.000000 
521145835713189 0.000000 0.000000 0.000000 
521145856284595 0.000000 0.000000 0.000000 
521145876853294 0.000000 0.000000 0.000000 
521145897423293 0.000000 0.000000 0.000000 
521145917992460 0.000000 0.000000 0.000000 
521145938561992 0.000000 0.000000 0.000000 
521145959131574 0.000000 0.000000 0.000000 
521145979701262 0.000000 0.000000 0.000000 
521146000271105 0.000000 0.000000 0.000000 
521146020840376 0.000000 0.000000 0.000000 
521146041410428 0.000000 0.000000 0.000000 
521146061980012 0.000000 0.000000 0.000000 
521146082551366 0.000000 0.000000 0.000000 
521146103119491 0.000000 0.000000 0.000000 
521146123689282 0.000000 0.000000 0.000000 
521146144258293 0.000000 0.000000 0.000000 
521146164827928 0.000000 0.000000 0.000000 
521146185397721 0.000000 0.000000 0.000000 
521146205967981 0.000000 0.000000 0.000000 
521146226536626 0.000000 0.000000 0.000000 
521146247106679 0.000000 0.000000 0.000000 
521146267675688 0.000000 0.000000 0.000000 
521146288246262 0.000000 0.000000 0.000000 
521146308815168 0.000000 0.000000 0.000000 
521146329385688 0.000000 0.000000 0.000000 
521146349955116 0.000000 0.000000 0.000000 
521146370524491 0.000000 0.000000 0.000000 
521146391094179 0.000000 0.000000 0.000000 
521146411663449 0.000000 0.000000 0.000000 
521146432232824 0.000000 0.000000 0.000000 
521146452802720 0.000000 0.000000 0.000000 
521146473372043 0.000000 0.000000 0.000000 
521146493943241 0.000000 0.000000 0.000000 
521146514512147 0.000000 0.000000 0.000000 
521146535081574 0.000000 0.000000 0.000000 
521146555651158 0.000000 0.000000 0.000000 
521146576220897 0.000000 0.000000 0.000000 
521146596790481 0.000000 0.000000 0.000000 
521146617361678 0.000000 0.000000 0.000000 
521146637931105 0.000000 0.000000 0.000000 
521146658500741 0.000000 0.000000 0.000000 
521146679070480 0.000000 0.000000 0.000000 
521146699640065 0.000000 0.000000 0.000000 
521146720213189 0.000000 0.000000 0.000000 
521146740779126 0.000000 0.000000 0.000000 
521146761347980 0.000000 0.000000 0.000000 
521146781917563 0.000000 0.000000 0.000000 
521146802486991 0.000000 0.000000 0.000000 
521146823056626 0.000000 0.000000 0.000000 
521146843626315 0.000000 0.000000 0.000000 
521146864195429 0.000000 0.000000 0.000000 
521146884765168 0.000000 0.000000 0.000000 
521146905334855 0.000000 0.000000 0.000000 
521146925906262 0.000000 0.000000 0.000000 
521146946475533 0.000000 0.000000 0.000000 
521146967044751 0.000000 0.000000 0.000000 
521146987613240 0.000000 0.000000 0.000000 
521147008183136 0.000000 0.000000 0.000000 
521147028751365 0.000000 0.000000 0.000000 
521147049323241 0.000000 0.000000 0.000000 
521147069892303 0.000000 0.000000 0.000000 
521147090461939 0.000000 0.000000 0.000000 
521147111031365 0.000000 0.000000 0.000000 
521147131601938 0.000000 0.000000 0.000000 
521147152170741 0.000000 0.000000 0.000000 
521147172741782 0.000000 0.000000 0.000000 
521147193310377 0.000000 0.000000 0.000000 
521147213879126 0.000000 0.000000 0.000000 
521147234448657 0.000000 0.000000 0.000000 
521147255020325 0.000000 0.000000 0.000000 
521147275589490 0.000000 0.000000 0.000000 
521147296159283 0.000000 0.000000 0.000000 
521147316728552 0.000000 0.000000 0.000000 
521147337298502 0.000000 0.000000 0.000000 
521147357865845 0.000000 0.000000 0.000000 
521147378435219 0.000000 0.000000 0.000000 
521147399006574 0.000000 0.000000 0.000000 
521147419576261 0.000000 0.000000 0.000000 
521147440146469 0.000000 0.000000 0.000000 
521147460714751 0.000000 0.000000 0.000000 
521147481285168 0.000000 0.000000 0.000000 
521147501854803 0.000000 0.000000 0.000000 
521147522426262 0.000000 0.000000 0.000000 
521147542993969 0.000000 0.000000 0.000000 
521147563564021 0.000000 0.000000 0.000000 
521147584133501 0.000000 0.000000 0.000000 
521147604703448 0.000000 0.000000 0.000000 
521147625272824 0.000000 0.000000 0.000000 
521147645842979 0.000000 0.000000 0.000000 
521147666415428 0.000000 0.000000 0.000000 
521147686982616 0.000000 0.000000 0.000000 
521147707552095 0.000000 0.000000 0.000000 
521147728120793 0.000000 0.000000 0.000000 
521147748690531 0.000000 0.000000 0.000000 
521147769261730 0.000000 0.000000 0.000000 
521147789830688 0.000000 0.000000 0.000000 
521147810401522 0.000000 0.000000 0.000000 
521147830969750 0.000000 0.000000 0.000000 
521147851539543 0.000000 0.000000 0.000000 
521147872109542 0.000000 0.000000 0.000000 
521147892677615 0.000000 0.000000 0.000000 
521147913247512 0.000000 0.000000 0.000000 
521147933818188 0.000000 0.000000 0.000000 
521147954387303 0.000000 0.000000 0.000000 
521147974957043 0.000000 0.000000 0.000000 
521147995527771 0.000000 0.000000 0.000000 
521148016095896 0.000000 0.000000 0.000000 
521148036665532 0.000000 0.000000 0.000000 
521148057235532 0.000000 0.000000 0.000000 
521148077804855 0.000000 0.000000 0.000000 
521148098375012 0.000000 0.000000 0.000000 
521148118943865 0.000000 0.000000 0.000000 
521148139513240 0.000000 0.000000 0.000000 
521148160083709 0.000000 0.000000 0.000000 
521148180653345 0.000000 0.000000 0.000000 
521148201222823 0.000000 0.000000 0.000000 
521148221792303 0.000000 0.000000 0.000000 
521148242363449 0.000000 0.000000 0.000000 
521148262931938 0.000000 0.000000 0.000000 
521148283502772 0.000000 0.000000 0.000000 
521148304072199 0.000000 0.000000 0.000000 
521148324642198 0.000000 0.000000 0.000000 
521148345211678 0.000000 0.000000 0.000000 
521148365780792 0.000000 0.000000 0.000000 
521148386350323 0.000000 0.000000 0.000000 
521148406922564 0.000000 0.000000 0.000000 
521148427492041 0.000000 0.000000 0.000000 
521148448059126 0.000000 0.000000 0.000000 
521148468628448 0.000000 0.000000 0.000000 
521148489199386 0.000000 0.000000 0.000000 
521148509768657 0.000000 0.000000 0.000000 
521148530337407 0.000000 0.000000 0.000000 
521148550906938 0.000000 0.000000 0.000000 
521148571477199 0.000000 0.000000 0.000000 
521148592046782 0.000000 0.000000 0.000000 
521148612616678 0.000000 0.000000 0.000000 
521148633185740 0.000000 0.000000 0.000000 
521148653754854 0.000000 0.000000 0.000000 
521148674324333 0.000000 0.000000 0.000000 
521148694897145 0.000000 0.000000 0.000000 
521148715466782 0.000000 0.000000 0.000000 
521148736034542 0.000000 0.000000 0.000000 
521148756603813 0.000000 0.000000 0.000000 
521148777174594 0.000000 0.000000 0.000000 
521148797743396 0.000000 0.000000 0.000000 
521148818313292 0.000000 0.000000 0.000000 
521148838884855 0.000000 0.000000 0.000000 
521148859455271 0.000000 0.000000 0.000000 
521148880021157 0.000000 0.000000 0.000000 
521148900590896 0.000000 0.000000 0.000000 
521148921163293 0.000000 0.000000 0.000000 
521148941732199 0.000000 0.000000 0.000000 
521148962302355 0.000000 0.000000 0.000000 
521148982871626 0.000000 0.000000 0.000000 
521149003441781 0.000000 0.000000 0.000000 
521149024010688 0.000000 0.000000 0.000000 
521149044579855 0.000000 0.000000 0.000000 
521149065149802 0.000000 0.000000 0.000000 
521149085718604 0.000000 0.000000 0.000000 
521149106288292 0.000000 0.000000 0.000000 
521149126859334 0.000000 0.000000 0.000000 
521149147428969 0.000000 0.000000 0.000000 
521149167997771 0.000000 0.000000 0.000000 
521149188567771 0.000000 0.000000 0.000000 
521149209136781 0.000000 0.000000 0.000000 
521149229706001 0.000000 0.000000 0.000000 
521149250276573 0.000000 0.000000 0.000000 
521149270845740 0.000000 0.000000 0.000000 
521149291416417 0.000000 0.000000 0.000000 
521149311986365 0.000000 0.000000 0.000000 
521149332554750 0.000000 0.000000 0.000000 
521149353124230 0.000000 0.000000 0.000000 
521149373694646 0.000000 0.000000 0.000000 
521149394264281 0.000000 0.000000 0.000000 
521149414833031 0.000000 0.000000 0.000000 
521149435402667 0.000000 0.000000 0.000000 
521149455972823 0.000000 0.000000 0.000000 
521149476542042 0.000000 0.000000 0.000000 
521149497113031 0.000000 0.000000 0.000000 
521149517682094 0.000000 0.000000 0.000000 
521149538251521 0.000000 0.000000 0.000000 
521149558822198 0.000000 0.000000 0.000000 
521149579391000 0.000000 0.000000 0.000000 
521149599961208 0.000000 0.000000 0.000000 
521149620529125 0.000000 0.000000 0.000000 
521149641100635 0.000000 0.000000 0.000000 
521149661669854 0.000000 0.000000 0.000000 
521149682239282 0.000000 0.000000 0.000000 
521149702808448 0.000000 0.000000 0.000000 
521149723380375 0.000000 0.000000 0.000000 
521149743949542 0.000000 0.000000 0.000000 
521149764518397 0.000000 0.000000 0.000000 
521149785088084 0.000000 0.000000 0.000000 
521149805658761 0.000000 0.000000 0.000000 
521149826228239 0.000000 0.000000 0.000000 
521149846797876 0.000000 0.000000 0.000000 
521149867367615 0.000000 0.000000 0.000000 
521149887936938 0.000000 0.000000 0.000000 
521149908505583 0.000000 0.000000 0.000000 
521149929075427 0.000000 0.000000 0.000000 
521149949643917 0.000000 0.000000 0.000000 
521149970214751 0.000000 0.000000 0.000000 
521149990784438 0.000000 0.000000 0.000000 
521150011354126 0.000000 0.000000 0.000000 
521150031923708 0.000000 0.000000 0.000000 
521150052495374 0.000000 0.000000 0.000000 
521150073063083 0.000000 0.000000 0.000000 
521150093634021 0.000000 0.000000 0.000000 
521150114202511 0.000000 0.000000 0.000000 
521150134772145 0.000000 0.000000 0.000000 
521150155341833 0.000000 0.000000 0.000000 
521150175911937 0.000000 0.000000 0.000000 
521150196481052 0.000000 0.000000 0.000000 
521150217051676 0.000000 0.000000 0.000000 
521150237620375 0.000000 0.000000 0.000000 
521150258190531 0.000000 0.000000 0.000000 
521150278760167 0.000000 0.000000 0.000000 
521150299331208 0.000000 0.000000 0.000000 
521150319900948 0.000000 0.000000 0.000000 
521150340470323 0.000000 0.000000 0.000000 
521150361038448 0.000000 0.000000 0.000000 
521150381608187 0.000000 0.000000 0.000000 
521150402177771 0.000000 0.000000 0.000000 
521150422746937 0.000000 0.000000 0.000000 
521150443317042 0.000000 0.000000 0.000000 
521150463886364 0.000000 0.000000 0.000000 
521150484457979 0.000000 0.000000 0.000000 
521150505027041 0.000000 0.000000 0.000000 
521150525595427 0.000000 0.000000 0.000000 
521150546165114 0.000000 0.000000 0.000000 
521150566735479 0.000000 0.000000 0.000000 
521150587304437 0.000000 0.000000 0.000000 
521150607874073 0.000000 0.000000 0.000000 
521150628443656 0.000000 0.000000 0.000000 
521150649013813 0.000000 0.000000 0.000000 
521150669583083 0.000000 0.000000 0.000000 
521150690152823 0.000000 0.000000 0.000000 
521150710722458 0.000000 0.000000 0.000000 
521150731292249 0.000000 0.000000 0.000000 
521150751861885 0.000000 0.000000 0.000000 
521150772434281 0.000000 0.000000 0.000000 
521150793002770 0.000000 0.000000 0.000000 
521150813572770 0.000000 0.000000 0.000000 
521150834142458 0.000000 0.000000 0.000000 
521150854710739 0.000000 0.000000 0.000000 
521150875280375 0.000000 0.000000 0.000000 
521150895849957 0.000000 0.000000 0.000000 
521150916419229 0.000000 0.000000 0.000000 
521150936990010 0.000000 0.000000 0.000000 
521150957558864 0.000000 0.000000 0.000000 
521150978128708 0.000000 0.000000 0.000000 
521150998698031 0.000000 0.000000 0.000000 
521151019267510 0.000000 0.000000 0.000000 
521151039839333 0.000000 0.000000 0.000000 
521151060408396 0.000000 0.000000 0.000000 
521151080976781 0.000000 0.000000 0.000000 
521151101547145 0.000000 0.000000 0.000000 
521151122116313 0.000000 0.000000 0.000000 
521151142685947 0.000000 0.000000 0.000000 
521151163255584 0.000000 0.000000 0.000000 
521151183824906 0.000000 0.000000 0.000000 
521151204394646 0.000000 0.000000 0.000000 
521151224964437 0.000000 0.000000 0.000000 
521151245534594 0.000000 0.000000 0.000000 
521151266104177 0.000000 0.000000 0.000000 
521151286675322 0.000000 0.000000 0.000000 
521151307244802 0.000000 0.000000 0.000000 
521151327813135 0.000000 0.000000 0.000000 
521151348382719 0.000000 0.000000 0.000000 
521151368952249 0.000000 0.000000 0.000000 
521151389521781 0.000000 0.000000 0.000000 
521151410092197 0.000000 0.000000 0.000000 
521151430661104 0.000000 0.000000 0.000000 
521151451230947 0.000000 0.000000 0.000000 
521151471800531 0.000000 0.000000 0.000000 
521151492370322 0.000000 0.000000 0.000000 
521151512939802 0.000000 0.000000 0.000000 
521151533509489 0.000000 0.000000 0.000000 
521151554079073 0.000000 0.000000 0.000000 
521151574649228 0.000000 0.000000 0.000000 
521151595218604 0.000000 0.000000 0.000000 
521151615788395 0.000000 0.000000 0.000000 
521151636357927 0.000000 0.000000 0.000000 
521151656928291 0.000000 0.000000 0.000000 
521151677498292 0.000000 0.000000 0.000000 
521151698069957 0.000000 0.000000 0.000000 
521151718635896 0.000000 0.000000 0.000000 
521151739206833 0.000000 0.000000 0.000000 
521151759776624 0.000000 0.000000 0.000000 
521151780346416 0.000000 0.000000 0.000000 
521151800916363 0.000000 0.000000 0.000000 
521151821485686 0.000000 0.000000 0.000000 
521151842055530 0.000000 0.000000 0.000000 
521151862625270 0.000000 0.000000 0.000000 
521151883195166 0.000000 0.000000 0.000000 
521151903764229 0.000000 0.000000 0.000000 
521151924334905 0.000000 0.000000 0.000000 
521151944904072 0.000000 0.000000 0.000000 
521151965473968 0.000000 0.000000 0.000000 
521151986043447 0.000000 0.000000 0.000000 
521152006612614 0.000000 0.000000 0.000000 
521152027182301 0.000000 0.000000 0.000000 
