# Created at Thu Nov 07 18:05:01 EST 2019 in Burnaby Canada 
521145645445220 5.027212 -2.341015 -8.088089 
521145666014648 5.026377 -2.342275 -8.088243 
521145686584595 5.025820 -2.343003 -8.088378 
521145707154231 5.026721 -2.343361 -8.087714 
521145727725481 5.027569 -2.344384 -8.086890 
521145748293501 5.028845 -2.344513 -8.086059 
521145768863658 5.030215 -2.341981 -8.085942 
521145789432459 5.031888 -2.338542 -8.085896 
521145810002043 5.033637 -2.334872 -8.085868 
521145830570741 5.034333 -2.333155 -8.085930 
521145851142147 5.032355 -2.331756 -8.087564 
521145871710846 5.029693 -2.329685 -8.089818 
521145892280897 5.028231 -2.326833 -8.091545 
521145912850012 5.026204 -2.324193 -8.093564 
521145933419544 5.023307 -2.323112 -8.095675 
521145953989126 5.020347 -2.322040 -8.097816 
521145974558866 5.017911 -2.321343 -8.099525 
521145995128657 5.015865 -2.321408 -8.100774 
521146015697929 5.015607 -2.321927 -8.100785 
521146036267980 5.016457 -2.321377 -8.100417 
521146056837616 5.017759 -2.321410 -8.099601 
521146077408918 5.019714 -2.321186 -8.098454 
521146097977043 5.022147 -2.321576 -8.096833 
521146118546835 5.024923 -2.321785 -8.095051 
521146139115897 5.027412 -2.321877 -8.093479 
521146159685897 5.029591 -2.322144 -8.092049 
521146180255273 5.032549 -2.322475 -8.090114 
521146200825533 5.037884 -2.326947 -8.085507 
521146221394231 5.041316 -2.332664 -8.081720 
521146241964283 5.042324 -2.338538 -8.079393 
521146262533240 5.042532 -2.348136 -8.076479 
521146283103814 5.044294 -2.360600 -8.071744 
521146303672772 5.045803 -2.373527 -8.067009 
521146324242981 5.046010 -2.388401 -8.062489 
521146344812668 5.041975 -2.401744 -8.061049 
521146365382043 5.039921 -2.414955 -8.058386 
521146385951783 5.039606 -2.431558 -8.053588 
521146406520741 5.029545 -2.450637 -8.054095 
521146427090377 5.014472 -2.467152 -8.058451 
521146447660012 4.998601 -2.478924 -8.064694 
521146468229595 4.983108 -2.491307 -8.070466 
521146488800845 4.969294 -2.503691 -8.075150 
521146509369751 4.956635 -2.513176 -8.079981 
521146529939387 4.944830 -2.520209 -8.085023 
521146550508710 4.933658 -2.524882 -8.090388 
521146571078449 4.923002 -2.529971 -8.095288 
521146591648085 4.917967 -2.535648 -8.096573 
521146612219282 4.918269 -2.542625 -8.094200 
521146632788658 4.919688 -2.550861 -8.090745 
521146653358293 4.921660 -2.557695 -8.087388 
521146673927616 4.925204 -2.568498 -8.081805 
521146694497617 4.930930 -2.583780 -8.073438 
521146715070741 4.938568 -2.602309 -8.062811 
521146735636731 4.946560 -2.622243 -8.051444 
521146756206834 4.952336 -2.642720 -8.041194 
521146776775167 4.956376 -2.660238 -8.032924 
521146797344334 4.958750 -2.671743 -8.027639 
521146817914230 4.959795 -2.677765 -8.024986 
521146838483919 4.959471 -2.678917 -8.024801 
521146859052981 4.953694 -2.678751 -8.028424 
521146879622720 4.937642 -2.681567 -8.037368 
521146900192407 4.915853 -2.687514 -8.048730 
521146920763814 4.892411 -2.693851 -8.060884 
521146941333085 4.871109 -2.699286 -8.071959 
521146961901991 4.856389 -2.700833 -8.080307 
521146982470792 4.857818 -2.693819 -8.081790 
521147003040949 4.878559 -2.681239 -8.073476 
521147023608969 4.900318 -2.673492 -8.062860 
521147044180845 4.923062 -2.670599 -8.049953 
521147064749907 4.943732 -2.670017 -8.037469 
521147085319387 4.964001 -2.667243 -8.025889 
521147105888969 4.975890 -2.665279 -8.019176 
521147126459543 4.987170 -2.664202 -8.012525 
521147147028345 5.001810 -2.668897 -8.001830 
521147167599334 5.021111 -2.669616 -7.989492 
521147188167929 5.043139 -2.663634 -7.977606 
521147208737876 5.040572 -2.651221 -7.983360 
521147229306210 4.980804 -2.630127 -8.027727 
521147249877877 4.878003 -2.618365 -8.094419 
521147270447095 4.815841 -2.592282 -8.139911 
521147291016887 4.738838 -2.577370 -8.189686 
521147311586104 4.694662 -2.563837 -8.219323 
521147332156054 4.707045 -2.542610 -8.218835 
521147352723397 4.766317 -2.516511 -8.192666 
521147373292772 4.905714 -2.486424 -8.119241 
521147393864282 4.906605 -2.459799 -8.126808 
521147414433866 5.065330 -2.429639 -8.038014 
521147435004021 4.914881 -2.377107 -8.146392 
521147455572303 4.833349 -2.347950 -8.203429 
521147476142720 4.821875 -2.327184 -8.216090 
521147496712407 4.798873 -2.311829 -8.233872 
521147517281678 4.799926 -2.276362 -8.243135 
521147537851521 4.813445 -2.236396 -8.246191 
521147558421573 4.781085 -2.214777 -8.270815 
521147578991053 4.764224 -2.199498 -8.284611 
521147599561052 4.798202 -2.204848 -8.263552 
521147620130376 4.874302 -2.244531 -8.208144 
521147640700531 4.948262 -2.293402 -8.150177 
521147661272980 4.995736 -2.315058 -8.115018 
521147681840220 5.007336 -2.380819 -8.088799 
521147702409647 5.018003 -2.359777 -8.088354 
521147722978240 5.079166 -2.402378 -8.037477 
521147743548136 5.085961 -2.432676 -8.024055 
521147764119334 5.100455 -2.481040 -8.000011 
521147784688240 5.115987 -2.551869 -7.967749 
521147805258137 5.128236 -2.636830 -7.932131 
521147825827354 5.136643 -2.723412 -7.897361 
521147846397095 5.157278 -2.829847 -7.846326 
521147866967094 5.177906 -2.917704 -7.800428 
521147887535532 5.200831 -3.003745 -7.752371 
521147908105064 5.221272 -3.099019 -7.700961 
521147928675740 5.232269 -3.193418 -7.654791 
521147949244855 5.204353 -3.272161 -7.640554 
521147969814595 5.156663 -3.305292 -7.658607 
521147990385375 5.125183 -3.349518 -7.660523 
521148010953448 5.137220 -3.407521 -7.626804 
521148031523084 5.166554 -3.452157 -7.586812 
521148052093084 5.168377 -3.511168 -7.558437 
521148072662408 5.186769 -3.573866 -7.516335 
521148093232616 5.166206 -3.613451 -7.511569 
521148113801626 5.029541 -3.638607 -7.591748 
521148134370792 4.967972 -3.615093 -7.643346 
521148154941261 4.993058 -3.616098 -7.626506 
521148175510897 5.028786 -3.589380 -7.615644 
521148196080480 5.031957 -3.586051 -7.615119 
521148216649855 5.003132 -3.608617 -7.623447 
521148237221001 4.878932 -3.613216 -7.701368 
521148257789490 4.867238 -3.703324 -7.665884 
521148278360376 4.990149 -3.814505 -7.531158 
521148298929751 5.073756 -3.885033 -7.438676 
521148319499750 5.139433 -3.968985 -7.348726 
521148340069283 5.145411 -4.084368 -7.281008 
521148360638293 5.030954 -4.030746 -7.390059 
521148381207928 5.022105 -4.069965 -7.374567 
521148401780116 5.052766 -4.056531 -7.361012 
521148422349593 5.103726 -4.059027 -7.324388 
521148442916678 5.233240 -4.051069 -7.236879 
521148463486000 5.306988 -4.083779 -7.164427 
521148484056938 5.267783 -4.102701 -7.182528 
521148504626209 5.291786 -4.085708 -7.174565 
521148525195011 5.321324 -4.105024 -7.141615 
521148545764490 5.341914 -4.112738 -7.121779 
521148566334751 5.359695 -4.119376 -7.104561 
521148586904386 5.378464 -4.119513 -7.090284 
521148607473084 5.395287 -4.091414 -7.093771 
521148628043292 5.423844 -4.048878 -7.096400 
521148648612406 5.457733 -4.021309 -7.086085 
521148669181885 5.508977 -3.995449 -7.061017 
521148689754698 5.517822 -3.984466 -7.060316 
521148710324334 5.522247 -3.969304 -7.065394 
521148730892094 5.647615 -3.923585 -6.991445 
521148751461365 5.835515 -3.893931 -6.852332 
521148772032198 6.288445 -3.773015 -6.510777 
521148792600948 6.413330 -3.770016 -6.389566 
521148813170844 6.484477 -3.761596 -6.322368 
521148833742615 6.493625 -3.754151 -6.317401 
521148854312823 6.503189 -3.735918 -6.318373 
521148874878709 6.555538 -3.692254 -6.289879 
521148895448448 6.649315 -3.633353 -6.225411 
521148916020845 6.643581 -3.649291 -6.222210 
521148936589751 6.592368 -3.645453 -6.278674 
521148957159907 6.608208 -3.542485 -6.320820 
521148977729178 6.604640 -3.533664 -6.329481 
521148998299334 6.623811 -3.553962 -6.298006 
521149018868240 6.636785 -3.543288 -6.290357 
521149039437303 6.596047 -3.515838 -6.348341 
521149060007354 6.623030 -3.567050 -6.291423 
521149080576989 6.661252 -3.619351 -6.220805 
521149101145844 6.852942 -3.538549 -6.056917 
521149121716887 6.640435 -3.569915 -6.271421 
521149142286521 6.491853 -3.550261 -6.435982 
521149162855323 6.234821 -3.502291 -6.710541 
521149183425323 6.197576 -3.409823 -6.792168 
521149203994073 6.138204 -3.520555 -6.789591 
521149224563553 5.898520 -3.667372 -6.923023 
521149245134125 5.538195 -3.744363 -7.174853 
521149265703292 5.151023 -3.799091 -7.429956 
521149286274021 4.901458 -3.847663 -7.572423 
521149306843917 4.803581 -3.854949 -7.631209 
521149327412250 4.758004 -3.830364 -7.672034 
521149347981782 4.747392 -3.774842 -7.706051 
521149368552198 4.756914 -3.676034 -7.747833 
521149389121833 4.818063 -3.560814 -7.763844 
521149409690635 4.864130 -3.471661 -7.775486 
521149430260219 4.829616 -3.435302 -7.813059 
521149450830479 4.841396 -3.426196 -7.809767 
521149471399594 4.879216 -3.452917 -7.774381 
521149491970583 4.969757 -3.468398 -7.709871 
521149512539646 5.141172 -3.434128 -7.612194 
521149533109073 5.337280 -3.378069 -7.501498 
521149553678448 5.570758 -3.324673 -7.354155 
521149574248552 5.818051 -3.279541 -7.180897 
521149594816990 6.091697 -3.253228 -6.962623 
521149615386677 6.458989 -3.188434 -6.654753 
521149635958187 6.842320 -3.157443 -6.275636 
521149656527406 7.140279 -3.096452 -5.966473 
521149677096313 7.328807 -2.982177 -5.793581 
521149697666000 7.343546 -2.920168 -5.806490 
521149718237927 7.461230 -2.853572 -5.688371 
521149738807094 7.259891 -2.836133 -5.951531 
521149759377198 7.175018 -2.733251 -6.100724 
521149779945636 7.188781 -2.735376 -6.083545 
521149800516990 7.062651 -2.824738 -6.189524 
521149821085791 6.965837 -3.066911 -6.183977 
521149841655428 7.295514 -3.344494 -5.635622 
521149862225167 7.758095 -3.676136 -4.740083 
521149882794490 8.053322 -4.071986 -3.838403 
521149903363135 8.314850 -4.298400 -2.925307 
521149923932823 8.669987 -3.852510 -2.481910 
521149944501469 8.837221 -3.568023 -2.311518 
521149965072980 9.048689 -3.281725 -1.876672 
521149985641990 9.286281 -2.833749 -1.380307 
521150006211782 9.526616 -2.143212 -0.905879 
521150026781208 9.718003 -1.269912 -0.343715 
521150047352926 9.799436 -0.265776 0.266095 
521150067920635 9.733946 0.789263 0.893170 
521150088491574 9.521155 1.653713 1.668296 
521150109060063 9.144350 2.266891 2.722583 
521150129630063 8.585944 2.673920 3.911792 
521150150199437 7.925004 2.923814 4.981566 
521150170769489 7.230186 3.125934 5.841518 
521150191338604 6.574885 3.279857 6.494906 
521150211909228 5.959042 3.406301 7.004093 
521150232478396 5.413174 3.651997 7.316479 
521150253048083 5.034202 3.993850 7.407858 
521150273619334 4.743117 4.327607 7.412493 
521150294188760 4.223695 4.547783 7.592659 
521150314758500 3.430183 4.728581 7.876849 
521150335327875 2.290960 5.060249 8.081818 
521150355896000 1.021572 5.555284 8.016583 
521150376465739 0.521381 5.907969 7.809896 
521150397035375 1.067532 5.895757 7.763428 
521150417604489 1.415683 5.835068 7.753594 
521150438174594 1.577731 5.611862 7.885947 
521150458743916 0.907702 5.151930 8.294823 
521150479315531 0.463522 4.672371 8.609558 
521150499884645 0.478366 4.355074 8.773533 
521150520452979 0.801591 4.148630 8.849672 
521150541022666 0.929092 4.074154 8.871778 
521150561593031 0.681016 4.114593 8.875626 
521150582161989 0.406819 4.191618 8.856365 
521150602731781 0.296712 4.211662 8.851229 
521150623301208 0.355924 4.152518 8.876953 
521150643871365 0.477144 4.086310 8.901955 
521150664440635 0.355289 4.084100 8.908664 
521150685010375 0.157842 4.143756 8.886774 
521150705580062 0.079548 4.273820 8.826015 
521150726149750 0.082955 4.448408 8.739288 
521150746719437 0.081823 4.630680 8.644102 
521150767291834 0.070742 4.839339 8.529137 
521150787860322 0.032793 5.068604 8.395151 
521150808430322 -0.008878 5.254282 8.280268 
521150829000010 -0.026974 5.420845 8.172153 
521150849568916 0.060618 5.572600 8.069253 
521150870137927 0.189651 5.691681 7.983683 
521150890707250 0.293063 5.765595 7.927321 
521150911276833 0.367399 5.783637 7.911065 
521150931847562 0.405135 5.766250 7.921907 
521150952416416 0.443422 5.743594 7.936303 
521150972986260 0.479961 5.712563 7.956547 
521150993555687 0.512089 5.667919 7.986416 
521151014125062 0.510314 5.615049 8.023789 
521151034696885 0.521778 5.558311 8.062464 
521151055265948 0.568853 5.511652 8.091259 
521151075834646 0.593883 5.452796 8.129251 
521151096404697 0.582714 5.387409 8.173534 
521151116973865 0.574756 5.353605 8.196276 
521151137543499 0.594955 5.358262 8.191792 
521151158113136 0.608493 5.389905 8.170009 
521151178682510 0.614686 5.423774 8.147099 
521151199252406 0.613309 5.465754 8.119099 
521151219821989 0.617013 5.521783 8.080816 
521151240392146 0.635482 5.586366 8.034865 
521151260961729 0.678792 5.649854 7.986787 
521151281532874 0.713098 5.699599 7.948362 
521151302102354 0.726592 5.730824 7.924653 
521151322671000 0.718687 5.747342 7.913403 
521151343240323 0.697643 5.752765 7.911345 
521151363809801 0.682013 5.746846 7.917006 
521151384379333 0.685507 5.741858 7.920324 
521151404948968 0.690899 5.741444 7.920157 
521151425518708 0.690495 5.744086 7.918276 
521151446088499 0.684519 5.749312 7.915001 
521151466658083 0.686189 5.761114 7.906271 
521151487228291 0.689732 5.773158 7.897171 
521151507797354 0.691158 5.788983 7.885453 
521151528367041 0.686100 5.806567 7.872956 
521151548936625 0.684082 5.822677 7.861225 
521151569506780 0.686005 5.836762 7.850605 
521151590076208 0.680112 5.845903 7.844314 
521151610645791 0.653810 5.856086 7.838952 
521151631215479 0.631764 5.861960 7.836370 
521151651785843 0.617887 5.865831 7.834579 
521151672355896 0.616933 5.875185 7.827642 
521151692927509 0.589002 5.899943 7.811154 
521151713494281 0.586138 5.940337 7.780696 
521151734064385 0.610507 5.967183 7.758247 
521151754634437 0.633343 5.957339 7.763980 
521151775203968 0.631280 5.926747 7.787526 
521151795773916 0.618020 5.897474 7.810777 
521151816343290 0.602079 5.902255 7.808412 
521151836913082 0.589416 5.936314 7.783518 
521151857482822 0.631065 5.970817 7.753805 
521151878052144 0.682821 5.966730 7.752565 
521151898621781 0.728073 5.954354 7.757962 
521151919192457 0.727215 5.945349 7.764945 
521151939761624 0.694312 5.923376 7.784723 
521151960331572 0.673934 5.901341 7.803228 
521151980900999 0.660353 5.883646 7.817738 
521152001470270 0.649952 5.877931 7.822906 
521152022039853 0.645851 5.880686 7.821176 
