# Created at Thu Nov 07 18:05:01 EST 2019 in Burnaby Canada 
521145645445220 0.007941 -0.004887 0.002443 
521145666014648 0.003360 -0.007636 0.005803 
521145686584595 -0.001222 -0.004887 0.007025 
521145707154231 -0.001527 -0.003971 0.003360 
521145727723918 0.003360 -0.006109 -0.002749 
521145748293501 0.003971 -0.007941 -0.010079 
521145768863658 -0.003054 -0.010690 -0.012217 
521145789432459 -0.007636 -0.010690 -0.017410 
521145810002564 -0.006109 -0.014355 -0.020159 
521145830570741 0.003665 -0.015882 -0.024435 
521145851142147 0.001833 -0.017715 -0.028100 
521145871710846 -0.001527 -0.013439 -0.033903 
521145892280897 0.002749 -0.010690 -0.038790 
521145912850012 0.008552 -0.011301 -0.038790 
521145933419544 0.011912 -0.012217 -0.033292 
521145953989126 0.007330 -0.007941 -0.023824 
521145974558866 0.003360 -0.000916 -0.016188 
521145995128657 0.000916 0.003360 -0.005498 
521146015697929 -0.002749 0.013439 0.003971 
521146036267980 -0.007330 0.013744 0.015272 
521146056837616 -0.009163 0.012217 0.022602 
521146077407825 -0.009774 0.007941 0.022907 
521146097977043 -0.010079 0.010690 0.022602 
521146118546835 -0.007330 0.007636 0.017104 
521146139115897 -0.006414 0.006414 0.007636 
521146159686106 -0.002138 -0.000611 0.004581 
521146180255273 0.006109 -0.001222 0.002749 
521146200825533 0.026267 0.010385 0.010079 
521146221394231 0.028405 0.008247 0.015882 
521146241964283 0.016493 0.021075 0.030543 
521146262533240 0.021991 0.040012 0.055894 
521146283103397 0.019853 0.051313 0.078191 
521146303672772 0.003665 0.077885 0.109956 
521146324243293 -0.017715 0.095600 0.138972 
521146344812668 -0.055894 0.105374 0.177151 
521146365381991 -0.075136 0.124922 0.212886 
521146385951783 -0.076969 0.115453 0.236099 
521146406521053 -0.101404 0.094379 0.270613 
521146427090377 -0.145080 0.098960 0.306043 
521146447660272 -0.187230 0.112705 0.331700 
521146468229595 -0.199753 0.120646 0.358578 
521146488800845 -0.202502 0.111788 0.377514 
521146509369751 -0.212581 0.103236 0.400727 
521146529939387 -0.231212 0.100487 0.426078 
521146550508710 -0.246789 0.093768 0.427605 
521146571078449 -0.244346 0.086132 0.420886 
521146591648085 -0.225104 0.094073 0.411723 
521146612219282 -0.197004 0.109039 0.401033 
521146632788658 -0.173791 0.099876 0.392786 
521146653358293 -0.154854 0.088881 0.380263 
521146673926157 -0.127060 0.101098 0.372627 
521146694497617 -0.101404 0.106596 0.353691 
521146715070741 -0.079412 0.104763 0.325285 
521146735636731 -0.062003 0.096517 0.300240 
521146756206834 -0.056505 0.088270 0.276111 
521146776775167 -0.076664 0.092546 0.255341 
521146797344334 -0.114843 0.098349 0.248622 
521146817914230 -0.145386 0.086437 0.264504 
521146838483919 -0.162795 0.055589 0.294131 
521146859052981 -0.161574 0.007330 0.307265 
521146879622616 -0.149967 -0.018326 0.314901 
521146900192407 -0.156687 0.012217 0.331394 
521146920763814 -0.175318 0.059254 0.362243 
521146941333085 -0.216857 0.097433 0.395840 
521146961901522 -0.259923 0.107818 0.409890 
521146982470792 -0.290161 0.117591 0.379652 
521147003040949 -0.256258 0.106901 0.310930 
521147023608969 -0.174707 0.028405 0.224798 
521147044180845 -0.067806 -0.004887 0.146913 
521147064749907 0.002443 -0.012828 0.085826 
521147085319335 0.012217 0.021686 0.066584 
521147105888969 -0.007636 0.040317 0.064141 
521147126459543 -0.024129 0.053145 0.043982 
521147147028345 -0.009163 0.057116 0.032987 
521147167599334 -0.001833 0.042761 0.009468 
521147188167929 0.001527 0.027183 -0.015577 
521147208736678 -0.009468 -0.167377 -0.057116 
521147229306210 -0.002443 -0.426994 -0.041844 
521147249877877 -0.051618 -0.748615 -0.059559 
521147270447095 -0.098349 -0.529925 -0.132558 
521147291016887 0.024129 -0.682947 -0.134390 
521147311586104 0.038179 -0.328645 -0.240681 
521147332156054 0.014661 -0.009468 -0.251371 
521147352723397 0.026573 0.263894 -0.316123 
521147373292772 0.022907 0.718682 -0.356745 
521147393863501 -0.011606 -0.030543 -0.207389 
521147414433866 -0.006720 0.885143 -0.266032 
521147435004021 -0.310014 -0.919657 0.044899 
521147455572303 -0.208610 -0.445931 0.049480 
521147476142720 -0.197004 -0.047037 0.159436 
521147496712407 -0.137445 -0.123089 0.066890 
521147517282303 -0.211665 0.007636 -0.011912 
521147537851521 -0.195171 0.053451 -0.081856 
521147558421573 -0.116675 -0.193950 -0.023518 
521147578991053 -0.084605 -0.095295 0.033292 
521147599561052 0.044288 0.190590 -0.005192 
521147620130376 0.254120 0.435241 0.000611 
521147640700531 0.247400 0.463952 0.094684 
521147661272980 0.183870 0.292299 -0.025351 
521147681840220 0.295964 0.095295 0.111788 
521147702409647 0.050702 0.020159 -0.189673 
521147722978345 0.186314 0.335976 -0.099876 
521147743548136 0.194255 0.075747 0.150884 
521147764119334 0.238848 0.127365 0.116370 
521147784688240 0.396451 0.113315 0.070249 
521147805258918 0.518319 0.080634 0.046731 
521147825827354 0.532369 0.053451 0.050702 
521147846397095 0.658818 0.120951 0.035125 
521147866967094 0.582765 0.087048 -0.028405 
521147887535480 0.558025 0.130420 -0.006414 
521147908105064 0.659123 0.100793 -0.053451 
521147928675428 0.700356 0.003054 -0.147218 
521147949244855 0.611476 -0.244651 -0.164323 
521147969814595 0.321926 -0.383928 -0.174402 
521147990385375 0.400727 -0.290161 -0.169210 
521148010953448 0.497549 -0.021380 -0.180205 
521148031523084 0.446542 0.049175 -0.252287 
521148052093084 0.490830 -0.085521 -0.184176 
521148072662408 0.429438 0.110872 -0.014661 
521148093232616 0.100182 -0.030543 0.154243 
521148113801522 -0.075136 -0.685085 0.235488 
521148134370792 -0.271529 -0.229074 0.239154 
521148154941208 -0.123089 0.299324 0.257174 
521148175510897 -0.291688 0.335365 0.199447 
521148196081990 -0.135307 0.058338 0.121868 
521148216649855 0.154854 -0.113010 0.253509 
521148237221001 -0.220828 -0.598037 0.372017 
521148257789490 0.224187 0.138666 0.489914 
521148278360376 0.467617 0.940732 0.392481 
521148298929751 0.285274 0.664315 0.248622 
521148319499750 0.309098 0.654847 0.363159 
521148340069283 0.405003 0.361326 0.566882 
521148360638501 -0.361021 -0.727540 0.048258 
521148381207928 0.224798 -0.120340 -0.084910 
521148401780116 0.153022 0.030238 -0.272751 
521148422349593 0.419053 0.043982 -0.552222 
521148442916678 0.378431 0.536339 -0.560468 
521148463486000 0.474642 0.279776 -0.331700 
521148484056938 0.569021 -0.696997 -0.916602 
521148504626209 0.271529 -0.115759 -0.368962 
521148525194855 0.397062 0.063835 -0.278554 
521148545764490 0.301767 -0.054062 -0.342695 
521148566334751 0.211970 0.007941 -0.195171 
521148586904386 0.164933 0.016188 -0.189979 
521148607474230 -0.015577 -0.005192 -0.219606 
521148628043292 -0.138055 0.084605 -0.200974 
521148648612198 -0.111483 0.170431 -0.104152 
521148669181885 -0.103236 0.288023 -0.098655 
521148689754698 -0.005192 0.010079 -0.095295 
521148710324334 0.051313 -0.076969 -0.203723 
521148730892094 -0.148746 0.746477 -0.208610 
521148751461365 -0.046731 1.189048 -0.195782 
521148772032198 -0.564439 3.111134 -0.338724 
521148792600948 -0.085216 0.980132 0.107207 
521148813170844 -0.162490 0.639881 0.045815 
521148833744126 -0.052534 0.091019 -0.012523 
521148854312823 -0.006720 0.020159 -0.087965 
521148874878709 -0.083078 0.271529 -0.219300 
521148895448448 -0.092851 0.535423 -0.321926 
521148916020845 0.401338 -0.187841 -0.211665 
521148936589751 0.318871 -0.552833 -0.455400 
521148957159907 -0.152105 -0.237932 -0.573907 
521148977729178 0.303905 -0.189063 -0.171042 
521148998299334 0.161268 0.079412 -0.158519 
521149018868240 0.040012 0.033598 -0.100487 
521149039437876 -0.302073 -0.244040 0.078496 
521149060007354 0.163712 0.332921 0.221133 
521149080576156 -0.000305 0.533590 0.411112 
521149101145844 -0.585208 1.509141 0.037263 
521149121717251 -1.023809 -0.923933 1.252273 
521149142286521 -0.605062 -0.919657 0.356440 
521149162855115 -1.020144 -1.672548 0.496328 
521149183425323 -0.597731 -0.208610 0.263588 
521149203994385 0.400116 -0.349109 0.328340 
521149224563553 0.638659 -1.507920 0.292604 
521149245134125 0.235183 -2.328311 0.235794 
521149265703292 0.037568 -2.367406 0.345444 
521149286273812 0.080940 -1.476765 0.268170 
521149306843917 -0.039401 -0.556192 0.082772 
521149327412302 -0.138972 -0.272140 -0.009468 
521149347981782 -0.194866 -0.197004 -0.256258 
521149368552198 -0.353080 -0.149051 -0.398589 
521149389121833 -0.381180 0.111483 -0.538783 
521149409690792 -0.220828 0.008247 -0.505185 
521149430260219 -0.026573 -0.295048 -0.141721 
521149450830479 0.099876 -0.019242 -0.161574 
521149471399594 0.266642 0.165239 -0.133169 
521149491970583 0.418137 0.367435 -0.477085 
521149512539646 0.321926 0.727540 -0.841772 
521149533109073 0.209832 0.913854 -0.857349 
521149553678761 0.153327 1.269682 -0.670119 
521149574248552 0.266337 1.329242 -0.744033 
521149594818188 0.368962 1.596189 -0.667064 
521149615386677 0.514043 2.111148 -1.083674 
521149635958187 0.616973 2.407418 -0.939205 
521149656527406 0.442877 1.958127 -0.917213 
521149677096730 0.230907 1.078787 -1.036943 
521149697666000 0.672867 -0.356134 -0.962112 
521149718237927 0.615752 0.443182 -0.949284 
521149738807094 0.341473 -1.873522 -0.634383 
521149759377198 1.040303 -1.438892 -1.528383 
521149779945636 1.129183 -0.319788 -0.977384 
521149800516313 1.999055 -1.428507 -1.224173 
521149821085791 2.679253 -0.979216 -0.699746 
521149841655427 1.562897 3.028973 0.431576 
521149862225167 1.238223 5.063152 1.199127 
521149882794490 0.570853 5.137372 1.918115 
521149903363135 2.273333 4.464505 0.499993 
521149923933032 2.056476 1.537241 -2.508211 
521149944501469 1.396131 0.563217 -2.022573 
521149965072303 1.312748 1.920253 -1.808770 
521149985641990 0.296575 2.581514 -2.300211 
521150006212667 -0.318871 2.576016 -3.322188 
521150026781208 -0.343306 2.895499 -4.155407 
521150047352093 -0.429743 3.046382 -4.806894 
521150067920635 -0.850629 3.114799 -5.170359 
521150088491574 -1.255327 3.764760 -4.499324 
521150109060063 -1.261741 5.174940 -3.512167 
521150129629698 -1.019533 6.147743 -2.638630 
521150150199437 -0.609643 6.015185 -1.844201 
521150170769489 0.058032 5.474875 -1.258076 
521150191338604 0.439823 4.758942 -0.726929 
521150211909228 0.668897 4.291019 -0.340557 
521150232477927 1.105360 3.382052 -0.728762 
521150253048083 1.250135 1.868330 -1.429729 
521150273617771 1.026864 1.006705 -1.770591 
521150294188760 0.618195 2.634049 -1.372002 
521150314758500 0.833830 4.567435 -0.739452 
521150335327875 1.992946 6.692634 -0.420275 
521150355896000 3.069901 7.397877 -0.463341 
521150376465739 2.268446 3.175580 -0.026267 
521150397035270 -0.105069 -3.044244 0.317955 
521150417604489 -0.304211 -1.882074 0.395229 
521150438174594 -1.188132 -0.574518 0.559552 
521150458743916 -2.591899 4.424493 0.456927 
521150479315531 -2.571435 2.831358 0.164017 
521150499884645 -1.734245 0.211054 0.513737 
521150520453031 -1.062905 -1.364977 0.885448 
521150541022666 -0.334143 -0.333532 0.841772 
521150561593031 0.428827 1.747684 0.820697 
521150582161989 0.536034 1.887267 0.727234 
521150602731626 0.076969 0.685696 0.087048 
521150623301208 -0.439517 -0.550084 -0.489914 
521150643871365 -0.462119 -0.986547 -0.605367 
521150664440635 0.010079 0.518624 -0.323758 
521150685011000 0.437685 1.141706 0.100487 
521150705580062 0.762359 0.532979 0.131030 
521150726149802 0.963945 -0.051007 -0.203723 
521150746719437 1.033278 -0.162490 -0.336892 
521150767291834 1.226922 -0.134696 -0.257174 
521150787860322 1.295949 -0.139888 -0.525344 
521150808430322 1.088255 -0.064752 -0.456316 
521150829000010 0.989295 -0.066584 -0.248622 
521150849568291 0.914464 -0.477085 0.167072 
521150870137927 0.720515 -0.528398 0.479223 
521150890707250 0.469755 -0.292299 0.534812 
521150911276833 0.107818 -0.276111 0.255952 
521150931847562 -0.141721 -0.182343 0.008858 
521150952416416 -0.164017 -0.295353 -0.123089 
521150972986260 -0.205861 -0.279776 -0.101709 
521150993555583 -0.262977 -0.082772 0.159741 
521151014125062 -0.286801 0.137139 0.216246 
521151034696885 -0.327118 0.087965 0.209832 
521151055265948 -0.265115 -0.110261 0.261450 
521151075834385 -0.335976 0.016493 0.252593 
521151096404697 -0.381790 0.179900 0.151494 
521151116973865 -0.191506 0.111177 0.069639 
521151137543499 0.051618 -0.107207 0.032681 
521151158113136 0.205861 -0.088881 0.009163 
521151178682510 0.223271 -0.023213 0.047342 
521151199252302 0.268475 0.009468 0.031154 
521151219821989 0.360105 -0.007636 0.042150 
521151240391730 0.412945 -0.109345 0.025351 
521151260961729 0.395535 -0.270308 0.000305 
521151281532874 0.305432 -0.230601 -0.025962 
521151302102354 0.189673 -0.109956 -0.043677 
521151322670792 0.107207 0.042150 -0.010690 
521151343240323 0.037263 0.124006 -0.006720 
521151363809801 -0.033903 0.097433 0.008858 
521151384379333 -0.030238 -0.039706 -0.013134 
521151404949593 0.000305 -0.065973 -0.036346 
521151425518708 0.023824 -0.031154 -0.032987 
521151446088499 0.040623 0.009468 -0.028100 
521151466658083 0.079412 -0.042150 -0.028100 
521151487227979 0.078802 -0.049175 -0.021991 
521151507797354 0.102931 -0.039095 -0.027183 
521151528366989 0.116675 -0.014050 -0.042150 
521151548936625 0.105069 -0.010385 -0.009468 
521151569506780 0.094073 -0.032070 -0.002138 
521151590076208 0.060170 0.024435 -0.001833 
521151610646364 0.065057 0.159130 0.003054 
521151631215479 0.070860 0.116981 -0.009163 
521151651785843 0.046426 0.017715 -0.027489 
521151672355896 0.068111 -0.028711 0.014966 
521151692927509 0.178678 0.109956 -0.013744 
521151713493448 0.277027 -0.037263 -0.027183 
521151734064385 0.152716 -0.170126 0.041539 
521151754634229 -0.118508 -0.134085 0.043066 
521151775203968 -0.186008 0.008552 0.005803 
521151795773916 -0.068111 0.021686 -0.084299 
521151816343290 0.131947 0.001222 -0.134085 
521151836913082 0.314290 -0.066890 -0.098960 
521151857482822 0.093462 -0.387288 -0.040012 
521151878052353 -0.103847 -0.452956 0.026573 
521151898621781 -0.110567 -0.291688 0.021686 
521151919192457 -0.042761 0.031765 0.035430 
521151939761624 -0.129198 0.226936 0.020769 
521151960331103 -0.140499 0.131336 0.004581 
521151980900999 -0.105680 0.076969 0.005803 
521152001470166 -0.024129 0.051007 0.000305 
521152022039853 0.028711 0.013439 0.000611 
