# Created at Thu Nov 07 18:05:01 EST 2019 in Burnaby Canada 
521145645445220 -0.010885 -0.011005 0.032043 
521145666014648 -0.013414 -0.037365 0.017482 
521145686584595 -0.004676 -0.046111 -0.003599 
521145707154231 0.031220 -0.049199 0.012974 
521145727725481 0.022008 -0.058949 0.032452 
521145748293501 0.037356 -0.053974 0.030609 
521145768863658 0.056010 -0.019280 0.019020 
521145789432459 0.050657 -0.027513 0.034647 
521145810002043 0.051735 -0.014674 0.067410 
521145830570741 0.019270 -0.035821 0.060591 
521145851142147 -0.028186 -0.077761 -0.020946 
521145871710846 -0.053040 -0.103235 -0.086152 
521145892280897 -0.062695 -0.062858 -0.045521 
521145912850012 -0.114741 -0.022882 0.001646 
521145933419544 -0.131087 -0.034049 0.002048 
521145953989126 -0.119370 -0.037686 -0.039441 
521145974558866 -0.115773 -0.050333 -0.061554 
521145995128657 -0.119435 -0.047991 -0.042747 
521146015697929 -0.109131 -0.047683 -0.021943 
521146036267980 -0.073237 0.000452 0.012239 
521146056837616 -0.034477 -0.006963 0.020063 
521146077408918 0.023373 -0.009570 0.015357 
521146097977043 0.030234 -0.032999 0.010545 
521146118546835 0.048678 -0.031452 0.018800 
521146139115897 0.029236 -0.050435 0.021074 
521146159685897 0.055414 -0.046412 0.023784 
521146180255273 0.076105 -0.012439 0.033021 
521146200825533 0.113076 -0.019553 0.025949 
521146221394231 0.090421 -0.034753 -0.017801 
521146241964283 0.003484 -0.064938 -0.124484 
521146262533240 -0.134503 -0.043206 -0.079365 
521146283103814 -0.143685 -0.054999 -0.006714 
521146303672772 -0.240963 -0.047285 -0.054133 
521146324242929 -0.255445 -0.151431 -0.191010 
521146344812668 -0.317748 -0.201179 -0.340988 
521146365382043 -0.344653 -0.161980 -0.267144 
521146385951783 -0.301979 -0.156749 -0.028054 
521146406520897 -0.490436 -0.214647 0.010880 
521146427090377 -0.547697 -0.273013 -0.139503 
521146447660012 -0.517139 -0.303693 -0.300293 
521146468229595 -0.522202 -0.295776 -0.257943 
521146488800845 -0.451733 -0.230116 -0.107115 
521146509369751 -0.376345 -0.109398 -0.006149 
521146529939387 -0.307468 -0.051197 0.042977 
521146550508710 -0.177200 -0.095805 -0.044569 
521146571078449 -0.085064 -0.145108 -0.091493 
521146591648085 -0.011598 -0.078406 0.028063 
521146612219282 0.018317 0.008070 0.112994 
521146632788658 0.072674 0.066858 0.157819 
521146653358293 0.151896 0.149839 0.115664 
521146673927876 0.142862 0.140112 0.079244 
521146694497617 0.187905 0.061302 0.049134 
521146715070741 0.267425 -0.038367 -0.002900 
521146735636731 0.279656 -0.066031 0.021930 
521146756206834 0.177118 -0.102312 0.076553 
521146776775167 0.069376 -0.170424 0.049013 
521146797344334 -0.026727 -0.192140 0.023869 
521146817914230 -0.001085 -0.120415 0.064893 
521146838483919 0.124031 0.043939 0.166436 
521146859052981 0.236109 0.117498 0.169822 
521146879622720 0.059716 0.113638 0.091706 
521146900192407 -0.260622 0.052479 -0.006131 
521146920763814 -0.487084 0.038359 -0.134399 
521146941333085 -0.507836 -0.069162 -0.222819 
521146961901991 -0.285821 -0.161551 -0.196995 
521146982470792 0.091011 -0.152401 0.020756 
521147003040949 0.562020 -0.007046 0.336868 
521147023608969 0.869155 -0.020133 0.440831 
521147044180845 0.977482 0.107748 0.362953 
521147064749907 0.890435 0.184700 0.208317 
521147085319335 0.619171 0.273841 0.164819 
521147105888969 0.246200 0.165664 0.052534 
521147126459543 0.231976 -0.052336 -0.118907 
521147147028345 0.233197 -0.149507 0.061293 
521147167599334 0.381238 -0.057159 0.174033 
521147188167929 0.476912 0.090293 0.233479 
521147208737876 0.554482 0.137750 0.438515 
521147229306210 0.400235 0.344851 -0.314224 
521147249877355 0.472036 -0.102220 0.399016 
521147270447095 0.629965 -0.190364 0.205100 
521147291016887 0.405686 0.387888 1.266786 
521147311586104 0.124041 -1.255685 -1.059682 
521147332156054 0.095273 -0.440033 -0.150411 
521147352723397 -0.602380 -0.260683 -0.124708 
521147373292772 -0.900888 -0.153079 1.430788 
521147393864282 -0.907611 0.386751 -1.162240 
521147414433866 0.032744 -0.174987 -1.319073 
521147435004021 0.657115 0.917173 0.436558 
521147455572303 -0.281732 -0.812674 -1.751051 
521147476142720 -0.393038 0.905532 2.010484 
521147496712407 0.056127 -0.530772 0.071667 
521147517282720 -0.017258 -0.731001 -0.628305 
521147537851521 -0.358612 -0.361512 0.612355 
521147558421573 -0.211389 -0.393950 -0.208390 
521147578991053 0.059048 0.544833 -0.294342 
521147599561052 0.011832 0.110787 0.119593 
521147620130376 -0.053780 0.593008 0.630487 
521147640700531 -0.438161 0.359150 0.380194 
521147661272980 -1.058985 1.206195 -0.190778 
521147681840220 0.272375 -1.361538 -0.004608 
521147702409647 -1.252917 2.047583 0.197850 
521147722978658 -1.626486 -3.951016 3.788797 
521147743548136 0.245667 3.230864 -0.999180 
521147764118605 -0.362446 0.405377 -0.249279 
521147784688240 -0.175340 0.121001 0.063444 
521147805258137 0.016313 0.740240 -0.001944 
521147825827354 0.236816 0.870390 0.012781 
521147846397095 0.280139 0.613351 0.278763 
521147866967094 1.031423 0.191406 0.029686 
521147887535532 0.226187 0.201756 -0.146130 
521147908105064 0.086685 0.448825 -0.311069 
521147928675740 0.016801 -0.198127 0.024477 
521147949244855 -0.162765 -0.376950 -0.242752 
521147969814595 0.223993 -0.633626 -0.191545 
521147990385375 0.599105 -0.221845 -0.171997 
521148010953448 0.235707 0.088778 0.447787 
521148031523084 0.866549 -0.752195 0.175119 
521148052093084 0.699311 -1.032070 -0.316546 
521148072662408 -0.396704 0.367553 0.084698 
521148093232616 -1.574247 -1.462751 0.779139 
521148113801626 -2.778288 -2.669172 -0.547792 
521148134370792 -1.098882 0.359735 -2.643888 
521148154941261 -1.222517 1.273679 -0.283360 
521148175510897 -0.165566 -0.262299 -1.140721 
521148196080427 1.066777 -1.785880 -0.154521 
521148216649855 -0.301261 6.522961 0.813413 
521148237221001 -1.466109 0.019908 1.072478 
521148257789490 1.339740 -2.077594 -0.522908 
521148278360115 0.937298 0.139812 0.755550 
521148298929751 0.578275 -0.877296 -0.668006 
521148319499750 -1.068421 -0.051371 -0.889946 
521148340069283 -1.253840 1.462597 0.214309 
521148360638553 -0.045879 0.370728 -1.022574 
521148381207928 2.166805 -4.556891 -0.966666 
521148401780116 -0.815826 2.439221 1.314844 
521148422349593 -0.768152 0.522121 -0.343072 
521148442916678 0.088449 0.927573 0.000720 
521148463486000 0.740430 0.042611 0.406765 
521148484056470 0.136364 -9.614209 -2.102812 
521148504626209 1.254350 3.607093 0.217350 
521148525195011 -2.674914 2.883521 0.865085 
521148545764490 -0.229004 -0.524745 -0.082088 
521148566334751 -0.506384 0.566506 0.057711 
521148586904386 -0.400826 0.528611 -0.006171 
521148607473240 -0.820376 0.355074 0.185013 
521148628043292 -0.772813 0.074745 0.436230 
521148648612406 -0.357012 -0.162134 0.350214 
521148669181885 0.273582 -0.491339 -0.129516 
521148689754698 0.115315 -0.673264 -0.566840 
521148710324334 -0.052639 -0.627348 -0.615560 
521148730892094 -0.462291 0.047127 0.447248 
521148751461365 -0.335952 0.177707 1.265292 
521148772032198 -0.650512 0.082853 -0.298481 
521148792600948 1.373507 0.336416 -1.053925 
521148813170844 -0.894369 -2.248526 -2.151794 
521148833742615 0.050295 -1.045366 -1.630093 
521148854312823 0.449325 0.506122 -1.277766 
521148874878709 -0.361316 0.560660 -0.146586 
521148895448448 -1.145005 0.966240 0.698966 
521148916020845 -0.349500 1.376771 0.325192 
521148936589751 -2.416256 -4.100602 -1.674829 
521148957159907 1.829243 0.171443 -0.926269 
521148977729178 -1.205864 6.249343 1.542401 
521148998299334 0.127947 -4.921482 0.926995 
521149018868240 -0.853735 0.653108 0.846670 
521149039437772 -1.147584 -0.342558 -0.348338 
521149060007354 -0.561470 -0.072734 0.199619 
521149080576989 -0.156099 0.484062 -0.541737 
521149101145844 -0.461300 2.698157 0.377595 
521149121716887 -2.741082 3.459817 -0.665879 
521149142286521 0.984274 -3.354771 -0.864586 
521149162855323 4.394082 -7.288355 -0.219451 
521149183425323 1.895199 8.374978 -2.485652 
521149203993865 -0.027074 -1.520224 6.282374 
521149224563553 -1.081681 -4.491074 0.961966 
521149245133604 1.692513 -5.252443 -2.871384 
521149265703292 2.030742 -4.869246 -4.138107 
521149286274021 0.756889 -2.789090 -0.917145 
521149306843917 -2.039510 -0.544582 1.439402 
521149327412250 -2.194036 1.131176 1.397563 
521149347981782 -0.799677 0.228306 1.181082 
521149368552198 0.238468 0.564940 0.067625 
521149389121833 0.831773 -0.261245 -0.382209 
521149409690635 1.694797 0.289831 0.278046 
521149430260219 -0.622475 4.043069 0.249734 
521149450830479 -0.210751 2.075416 0.718414 
521149471399594 -0.360040 0.674857 0.820835 
521149491970583 -1.134790 0.673091 0.288282 
521149512539646 -0.910013 -0.695353 -0.067245 
521149533109073 -1.504993 -0.941403 -0.417921 
521149553678969 -2.032758 0.383404 -0.561583 
521149574248552 -0.630237 -0.695310 -0.105847 
521149594818760 -1.064631 -0.499752 -0.245897 
521149615386677 -0.334722 -0.865827 0.296441 
521149635958187 1.741261 -4.064425 0.405962 
521149656527406 -1.541096 -3.411096 -0.395365 
521149677096573 0.009660 -3.394151 -1.697589 
521149697666000 2.090268 -1.956784 -1.978708 
521149718237927 5.622368 -2.752774 -0.281540 
521149738807094 -3.459923 -7.904335 0.535714 
521149759377198 1.985618 0.544676 0.071064 
521149779945636 1.369347 -1.838025 -1.297807 
521149800516990 -4.316327 -3.400999 -1.250533 
521149821085791 -2.319366 -1.038055 -3.691392 
521149841655428 -5.245337 -3.091563 2.719323 
521149862225167 2.320054 -3.123931 3.832722 
521149882794490 -2.545859 -6.076449 4.404906 
521149903363135 2.817410 -0.055073 -8.816185 
521149923932927 24.828529 17.955732 -3.986221 
521149944501469 2.845571 -5.171954 -9.296818 
521149965072980 -0.753659 2.269509 -2.236070 
521149985641990 2.566998 4.422994 -2.369532 
521150006211678 6.737629 6.897539 -2.231627 
521150026781208 7.203213 8.375454 -0.124353 
521150047352926 5.146479 7.406513 0.924620 
521150067920635 3.988638 5.369491 -0.718981 
521150088491574 -0.007299 0.891716 -0.923805 
521150109060063 -4.606160 -2.663257 0.250631 
521150129630063 -5.957028 -3.277159 0.492042 
521150150199437 -5.896132 -4.013049 -1.003376 
521150170769489 -6.703604 -2.952461 -2.704011 
521150191338604 -5.893282 -4.053337 -4.223005 
521150211909228 -3.436184 -4.818796 -4.880524 
521150232477927 -1.339918 -2.383238 -4.488283 
521150253048083 1.991413 -1.483758 -4.948008 
521150273618708 0.906966 -2.098342 -5.423672 
521150294188760 1.046322 -2.273741 -4.312268 
521150314758500 0.551678 -2.905538 -0.218590 
521150335327875 1.027174 -3.977073 2.995337 
521150355896000 2.201665 -4.834465 5.446200 
521150376465739 4.390810 -4.360241 1.022941 
521150397035375 3.170320 -4.983270 -11.269924 
521150417604489 -0.304063 -2.854124 -3.239479 
521150438174229 1.089687 -2.854465 1.880352 
521150458743916 3.685728 -2.931027 1.939238 
521150479315531 6.487041 -4.172008 6.050121 
521150499884645 0.982127 -1.955463 -2.991681 
521150520452979 -0.249641 -1.129310 -1.506996 
521150541022666 -0.447517 1.130081 1.324428 
521150561593031 1.329617 -0.151445 11.715307 
521150582161989 1.969006 -0.744895 4.537302 
521150602731781 1.742438 1.952229 0.213835 
521150623301208 0.387620 3.248500 -2.760207 
521150643871365 -1.400903 2.509840 -1.761518 
521150664440635 0.429718 -0.016475 3.337612 
521150685010948 0.916166 -1.651397 6.617872 
521150705580062 1.791462 -0.542315 2.896771 
521150726149750 2.828142 1.215669 1.948564 
521150746719437 0.539292 0.034380 1.198972 
521150767291834 -1.740539 -2.352425 -0.470422 
521150787860322 -1.490118 0.799693 -0.352742 
521150808430322 -0.603878 -0.826464 -1.100483 
521150829000010 -0.149808 -0.991851 -1.450236 
521150849568916 -1.957565 -0.726986 -0.925592 
521150870137927 -2.531119 -0.388766 -1.359906 
521150890707197 -1.268646 -0.638416 -0.984282 
521150911276833 0.035280 0.028301 -1.135365 
521150931847562 1.642058 0.676147 -1.831712 
521150952416416 1.185724 0.325183 -1.139644 
521150972986260 0.819692 0.225987 -0.679740 
521150993555687 0.239047 -0.027331 -0.343669 
521151014125062 -0.599416 -0.721266 0.206252 
521151034696885 0.675733 0.237610 0.231523 
521151055265948 0.053661 0.009078 -0.367348 
521151075834646 0.124177 0.077329 -0.233959 
521151096404697 0.715930 0.393838 0.095754 
521151116973865 0.945142 0.492389 0.765407 
521151137543499 0.029060 -0.141980 1.140935 
521151158113136 -0.185896 -0.187362 0.747858 
521151178682510 -0.298836 -0.249180 0.715342 
521151199252406 -0.382461 -0.351749 0.367454 
521151219821989 -0.150617 -0.175856 1.000560 
521151240392146 -0.206574 -0.334743 0.817721 
521151260961729 0.017741 -0.283846 0.085114 
521151281532874 0.167440 -0.174288 -0.194584 
521151302102354 0.393291 -0.134458 -0.283169 
521151322671000 0.319901 -0.127185 0.040723 
521151343240323 0.252677 -0.133415 -0.116973 
521151363809801 0.091442 -0.130103 -0.297413 
521151384379333 -0.028112 -0.100322 -0.257782 
521151404949124 0.065773 -0.068887 0.089385 
521151425518708 -0.033213 -0.170055 0.267986 
521151446088499 0.069713 -0.116179 0.367317 
521151466658083 -0.088833 -0.127285 0.251167 
521151487228291 -0.086466 -0.055953 0.161850 
521151507797354 -0.054430 -0.085459 0.202003 
521151528367041 -0.172677 -0.162509 0.383829 
521151548936625 -0.235291 -0.072423 0.133360 
521151569506780 -0.329395 -0.152382 0.084446 
521151590076208 -0.066081 0.015378 0.057095 
521151610645843 0.074281 0.029124 -0.076180 
521151631215479 -0.021863 -0.163139 0.098178 
521151651785843 -0.183838 -0.085005 0.111235 
521151672355896 -0.179177 -0.055171 -0.004906 
521151692927509 -0.203832 -0.031336 0.195112 
521151713494802 -0.121904 -0.118699 0.086199 
521151734064385 -0.214027 -0.120256 -0.352732 
521151754634437 -0.111279 -0.070075 -0.702297 
521151775203968 0.003205 0.025515 0.048153 
521151795773916 0.108119 -0.043910 1.089528 
521151816343290 0.113910 0.044477 1.126246 
521151836913082 -0.274848 -0.323022 0.637164 
521151857482822 -0.462694 0.101226 -1.027875 
521151878052145 -0.708538 -0.050505 -0.819994 
521151898621781 -0.105642 -0.072418 -0.457444 
521151919192457 0.268639 -0.122508 0.287757 
521151939761624 0.461029 -0.013358 0.146317 
521151960331572 0.284193 0.052816 -0.406367 
521151980900999 -0.097166 0.063074 0.139823 
521152001470270 -0.145439 -0.038813 0.507788 
521152022039853 -0.098341 -0.018902 0.541395 
