# Created at Thu Nov 07 18:05:01 EST 2019 in Burnaby Canada 
521062880185794 1013.333496 
521062920184960 1013.303711 
521062960185481 1013.335449 
521063000187355 1013.274170 
521063040186888 1013.314941 
521063080185637 1013.277832 
521063120185221 1013.268799 
521063160185012 1013.287354 
521063200185116 1013.314453 
521063240184960 1013.268799 
521063280185376 1013.299561 
521063320185793 1013.273926 
521063360185376 1013.323975 
521063400185429 1013.269287 
521063440185584 1013.350342 
521063480185064 1013.238037 
521063520185324 1013.341309 
521063560185846 1013.237549 
521063600185532 1013.326904 
521063640185949 1013.230957 
521063680185169 1013.329346 
521063720185949 1013.250977 
521063760185741 1013.334717 
521063800185585 1013.207275 
521063840186939 1013.301270 
521063880185532 1013.230469 
521063920187095 1013.325195 
521063960187043 1013.215576 
521064000186887 1013.272949 
521064040185429 1013.219482 
521064080185376 1013.275146 
521064120185584 1013.183594 
521064160185636 1013.293945 
521064200187772 1013.209473 
521064240185793 1013.291992 
521064280185064 1013.198730 
521064320186470 1013.241455 
521064360185532 1013.253906 
521064400186001 1013.258057 
521064440185897 1013.256104 
521064480186001 1013.327881 
521064520186730 1013.708252 
521064560186678 1013.561768 
521064600185689 1013.296631 
521064640185636 1013.610840 
521064680185376 1013.978027 
521064720185636 1013.345703 
521064760186053 1013.315918 
521064800186106 1013.508301 
521064840185532 1013.674805 
521064880186001 1013.588623 
521064920185897 1013.317139 
521064960186001 1013.353760 
521065000188710 1013.376709 
521065040187251 1013.376709 
521065080185740 1013.329834 
521065120185845 1013.436768 
521065160186887 1013.444824 
521065200186105 1013.286377 
521065240187043 1013.427246 
521065280187042 1013.570801 
521065320185480 1013.612549 
521065360185636 1013.177734 
521065400186886 1012.986816 
521065440185844 1012.982422 
521065480186417 1013.096191 
521065520187147 1013.038086 
521065560187511 1012.926025 
521065600186522 1012.849609 
521065640186313 1012.982666 
521065680185532 1012.832031 
521065720185220 1012.836914 
521065760185376 1012.960449 
521065800185063 1013.008057 
521065840186000 1013.162109 
521065880185063 1013.468262 
521065920185480 1013.671631 
521065960185688 1013.883545 
521066000187042 1014.398438 
521066040186157 1014.135498 
521066080189907 1013.855225 
521066120185063 1013.426025 
521066160186521 1012.899902 
521066200187355 1012.848389 
521066240186001 1012.972900 
521066280186834 1013.211426 
521066320185948 1013.667480 
521066360185740 1013.373535 
521066400186885 1013.373535 
521066440185479 1013.832031 
521066480186469 1014.565186 
521066520186834 1013.920166 
521066560185063 1013.166260 
521066600185896 1013.186035 
521066640186782 1013.341309 
521066680186886 1013.262939 
521066720185896 1013.145020 
521066760186573 1013.123535 
521066800185687 1013.044189 
521066840186000 1012.921631 
521066880185896 1012.952881 
521066920185584 1013.082275 
521066960185376 1012.893066 
521067000186781 1012.765381 
521067040187302 1012.781738 
521067080186678 1012.690674 
521067120185584 1012.703613 
521067160187042 1013.073242 
521067200186156 1013.068848 
521067240185375 1013.239746 
521067280186208 1013.291748 
521067320185375 1013.331299 
521067360185636 1013.254639 
521067400185739 1013.274414 
521067440186000 1013.252686 
521067480185792 1013.235596 
521067520188136 1013.203857 
521067560186781 1013.261475 
521067600185427 1013.330322 
521067640184959 1013.337646 
521067680185062 1013.309570 
521067720185114 1013.401123 
521067760185062 1013.204590 
521067800185375 1013.310303 
521067840184959 1013.280273 
521067880185063 1013.321289 
521067920185115 1013.484619 
521067960185792 1013.342529 
521068000187562 1013.143066 
521068040186677 1013.189697 
521068080186937 1013.243896 
521068120185115 1013.285156 
521068160185219 1013.266846 
521068200184854 1013.289551 
521068240184854 1013.287842 
521068280186677 1013.256592 
521068320185531 1013.280273 
521068360185062 1013.322021 
521068400185010 1013.317139 
521068440184958 1013.331543 
521068480185010 1013.342041 
521068520186781 1013.334473 
521068560185218 1013.291504 
521068600184957 1013.318115 
521068640185167 1013.317383 
521068680185062 1013.310547 
521068720185739 1013.266602 
521068760184906 1013.318359 
521068800184801 1013.316406 
521068840185531 1013.302490 
521068880185114 1013.326172 
521068920185895 1013.305664 
521068960185531 1013.550293 
521069000185739 1013.862305 
521069040185739 1013.550537 
521069080185791 1013.039063 
521069120186208 1013.054688 
521069160186676 1013.069580 
521069200185791 1013.191895 
521069240185634 1013.218018 
521069280185426 1013.260742 
