# Created at Thu Nov 07 18:05:01 EST 2019 in Burnaby Canada 
521145624875481 -0.885211 0.358885 -0.295601 0.014940 
521145645445064 -0.885211 0.358858 -0.295631 0.014990 
521145666014908 -0.885210 0.358871 -0.295614 0.015065 
521145686584543 -0.885210 0.358882 -0.295600 0.015109 
521145707154335 -0.885211 0.358832 -0.295656 0.015123 
521145727723918 -0.885212 0.358771 -0.295725 0.015175 
521145748293136 -0.885213 0.358708 -0.295796 0.015174 
521145768862772 -0.885215 0.358696 -0.295814 0.015025 
521145789431522 -0.885217 0.358688 -0.295828 0.014824 
521145810001158 -0.885219 0.358681 -0.295841 0.014610 
521145830571627 -0.885220 0.358684 -0.295841 0.014510 
521145851141210 -0.885217 0.358806 -0.295703 0.014444 
521145871710741 -0.885213 0.358976 -0.295514 0.014345 
521145892280428 -0.885211 0.359104 -0.295372 0.014196 
521145912849752 -0.885208 0.359255 -0.295204 0.014062 
521145933419543 -0.885204 0.359414 -0.295024 0.014019 
521145953989178 -0.885200 0.359576 -0.294840 0.013978 
521145974558762 -0.885197 0.359705 -0.294694 0.013955 
521145995128345 -0.885194 0.359801 -0.294585 0.013971 
521146015698294 -0.885194 0.359802 -0.294583 0.014001 
521146036267929 -0.885195 0.359773 -0.294616 0.013966 
521146056837876 -0.885196 0.359711 -0.294687 0.013959 
521146077407460 -0.885199 0.359624 -0.294787 0.013935 
521146097976574 -0.885202 0.359501 -0.294927 0.013941 
521146118546210 -0.885206 0.359365 -0.295081 0.013936 
521146139116106 -0.885209 0.359246 -0.295218 0.013926 
521146159685689 -0.885212 0.359137 -0.295341 0.013927 
521146180254908 -0.885216 0.358990 -0.295508 0.013927 
521146200824543 -0.885223 0.358644 -0.295895 0.014144 
521146221394022 -0.885228 0.358363 -0.296207 0.014441 
521146241963657 -0.885230 0.358193 -0.296391 0.014761 
521146262533501 -0.885231 0.357984 -0.296615 0.015294 
521146283103085 -0.884789 0.358737 -0.297005 0.015609 
521146303673449 -0.884207 0.359835 -0.297399 0.015835 
521146324243085 -0.883558 0.361106 -0.297771 0.016125 
521146344812512 -0.882708 0.363077 -0.297890 0.016197 
521146365382095 -0.881618 0.365531 -0.298126 0.016055 
521146385951158 -0.880429 0.368055 -0.298538 0.016011 
521146406520793 -0.879259 0.370875 -0.298484 0.016204 
521146427090377 -0.877864 0.374462 -0.298116 0.016126 
521146447659960 -0.876396 0.378305 -0.297602 0.015753 
521146468230428 -0.874748 0.382487 -0.297131 0.015287 
521146488800116 -0.873115 0.386508 -0.296752 0.014838 
521146509369543 -0.871423 0.390623 -0.296368 0.014193 
521146529939127 -0.869629 0.394927 -0.295974 0.013347 
521146550508762 -0.867829 0.399210 -0.295553 0.012382 
521146571078397 -0.866356 0.402705 -0.295158 0.011694 
521146591649439 -0.864589 0.406565 -0.295083 0.010770 
521146612219074 -0.862905 0.409981 -0.295317 0.009924 
521146632786939 -0.861221 0.413293 -0.295640 0.009140 
521146653358346 -0.859622 0.416403 -0.295953 0.008341 
521146673927981 -0.858037 0.419322 -0.296450 0.007749 
521146694497408 -0.856452 0.422043 -0.297178 0.007372 
521146715067043 -0.855094 0.424150 -0.298090 0.007304 
521146735635897 -0.853871 0.425926 -0.299058 0.007402 
521146756205532 -0.852865 0.427327 -0.299923 0.007711 
521146776774959 -0.851931 0.428693 -0.300619 0.007936 
521146797344595 -0.850947 0.430332 -0.301070 0.007828 
521146817913762 -0.849951 0.432139 -0.301304 0.007439 
521146838483398 -0.848803 0.434379 -0.301337 0.006706 
521146859053188 -0.847878 0.436392 -0.301043 0.006140 
521146879622771 -0.846961 0.438691 -0.300289 0.005889 
521146900193814 -0.845808 0.441565 -0.299326 0.005738 
521146920763449 -0.844418 0.444914 -0.298294 0.005487 
521146941331522 -0.842803 0.448596 -0.297354 0.005023 
521146961901157 -0.840955 0.452522 -0.296651 0.004118 
521146982469594 -0.839351 0.455573 -0.296540 0.002681 
521147003039334 -0.838031 0.457533 -0.297265 0.000831 
521147023610636 0.837391 -0.458114 0.298175 0.000344 
521147044180272 0.837420 -0.457342 0.299276 0.000846 
521147064749698 0.837589 -0.456334 0.300336 0.001099 
521147085319334 0.837760 -0.455373 0.301316 0.001456 
521147105889074 0.837693 -0.455120 0.301882 0.001792 
521147126458710 0.837739 -0.454663 0.302442 0.001997 
521147147028710 0.837893 -0.453779 0.303343 0.001879 
521147167598345 0.838155 -0.452601 0.304377 0.001967 
521147188166939 0.838622 -0.451063 0.305369 0.002305 
521147208736574 0.839865 -0.449072 0.304889 0.002075 
521147229307720 0.841728 -0.448100 0.301162 0.001012 
521147249877355 -0.844752 0.446200 -0.295458 0.001972 
521147270446834 -0.847484 0.443611 -0.291494 0.003374 
521147291016469 -0.851033 0.439660 -0.287063 0.006109 
521147311584178 -0.853496 0.436593 -0.284380 0.007687 
521147332153762 -0.855052 0.433510 -0.284431 0.007407 
521147352724126 -0.856046 0.429995 -0.286804 0.005820 
521147373294491 -0.855806 0.426101 -0.293308 0.002096 
521147393864230 -0.856944 0.424264 -0.292653 0.001462 
521147414433085 0.855646 -0.421538 0.300275 0.003156 
521147435002720 0.858479 -0.422332 0.290940 0.001950 
521147455573032 0.859728 -0.423233 0.285901 0.001501 
521147476142668 0.859302 -0.424859 0.284761 0.002711 
521147496712302 0.859534 -0.425454 0.283161 0.003027 
521147517281938 0.859713 -0.425647 0.282302 0.004768 
521147537851782 0.860195 -0.424856 0.281986 0.006718 
521147558421417 0.861019 -0.424665 0.279748 0.006826 
521147578991001 0.861385 -0.424751 0.278481 0.007130 
521147599560740 0.861109 -0.424045 0.280392 0.007528 
521147620133761 0.860060 -0.422843 0.285392 0.007251 
521147640703344 0.858587 -0.422341 0.290536 0.006725 
521147661270272 0.858011 -0.421388 0.293607 0.006629 
521147681840011 0.857468 -0.420906 0.295926 0.003696 
521147702408813 0.858367 -0.419044 0.295956 0.004314 
521147722978396 0.858030 -0.416632 0.300322 0.003073 
521147743548970 0.857343 -0.417225 0.301468 0.002039 
521147764118605 0.856637 -0.417205 0.303501 0.000145 
521147784688031 -0.856267 0.415991 -0.306182 0.003200 
521147805257615 -0.856033 0.414287 -0.309060 0.007478 
521147825827875 -0.855780 0.412667 -0.311777 0.011914 
521147846397511 -0.855410 0.410274 -0.315675 0.017265 
521147866965689 -0.855370 0.407495 -0.319075 0.021908 
521147887535429 -0.855134 0.404978 -0.322561 0.026333 
521147908105532 -0.855072 0.401861 -0.326140 0.031510 
521147928675115 -0.855578 0.397833 -0.329129 0.037262 
521147949246052 -0.857089 0.393648 -0.329490 0.043322 
521147969815635 -0.859157 0.390294 -0.327531 0.047360 
521147990383865 -0.860771 0.386849 -0.326748 0.051554 
521148010953500 -0.861771 0.382374 -0.328682 0.055764 
521148031523085 -0.862479 0.378087 -0.331231 0.058873 
521148052092824 -0.863335 0.374200 -0.332617 0.063191 
521148072662147 -0.862798 0.372566 -0.335198 0.066450 
521148093231573 -0.862363 0.373247 -0.335130 0.068589 
521148113801209 -0.863869 0.375237 -0.328203 0.072191 
521148134371574 -0.863981 0.378470 -0.324380 0.071240 
521148154941313 -0.862224 0.381330 -0.326049 0.069631 
521148175510532 -0.860658 0.384132 -0.327561 0.066439 
521148196080271 -0.860192 0.385140 -0.327727 0.065819 
521148216650167 -0.859671 0.386851 -0.326851 0.066939 
521148237219906 -0.860361 0.390435 -0.320331 0.068755 
521148257790376 -0.857955 0.393402 -0.322378 0.072257 
521148278360115 -0.853073 0.395282 -0.332497 0.073916 
521148298929908 -0.849682 0.396619 -0.339336 0.074727 
521148319499595 -0.845766 0.399200 -0.345733 0.076079 
521148340068605 -0.841939 0.402948 -0.349838 0.079909 
521148360638240 -0.844786 0.403886 -0.341812 0.079852 
521148381210271 -0.845439 0.401536 -0.342241 0.082901 
521148401779906 -0.846445 0.398545 -0.343297 0.082706 
521148422346677 -0.848257 0.392301 -0.345667 0.084111 
521148442916261 -0.848334 0.386403 -0.352326 0.082994 
521148463486886 -0.848297 0.381675 -0.357112 0.084775 
521148484056470 -0.853820 0.370402 -0.354190 0.091339 
521148504625167 -0.855510 0.365930 -0.354642 0.091804 
521148525194855 -0.856009 0.362450 -0.356554 0.093533 
521148545765011 -0.857195 0.358226 -0.357526 0.095213 
521148566334699 -0.857662 0.355875 -0.358507 0.096129 
521148586903969 -0.858164 0.353637 -0.359380 0.096656 
521148607473605 -0.858988 0.351881 -0.359410 0.095617 
521148628042562 -0.859495 0.350833 -0.359831 0.093304 
521148648612145 -0.859307 0.350545 -0.361073 0.091303 
521148669185063 -0.858711 0.350183 -0.363403 0.089033 
521148689754751 -0.859001 0.349418 -0.363554 0.088613 
521148710321938 -0.860044 0.347216 -0.363180 0.088689 
521148730891677 -0.858172 0.346419 -0.369436 0.083978 
521148751461625 -0.854453 0.345373 -0.380037 0.078741 
521148772031312 -0.843536 0.346993 -0.405318 0.061323 
521148792600897 -0.839206 0.348584 -0.413447 0.057312 
521148813173500 -0.836425 0.350349 -0.417983 0.054217 
521148833743188 -0.836141 0.350665 -0.418383 0.053455 
521148854309073 -0.836400 0.350118 -0.418435 0.052579 
521148874878761 -0.836100 0.348757 -0.420512 0.049750 
521148895450480 -0.834963 0.346764 -0.424889 0.045407 
521148916020168 -0.836414 0.343011 -0.424767 0.048256 
521148936589751 -0.840266 0.337751 -0.420918 0.052009 
521148957159491 -0.843256 0.333453 -0.418768 0.048594 
521148977728917 -0.844681 0.330497 -0.418110 0.049702 
521148998298501 -0.844554 0.328387 -0.419831 0.051310 
521149018867979 -0.844721 0.327360 -0.420337 0.050970 
521149039437667 -0.845650 0.329471 -0.416980 0.049518 
521149060006521 -0.843398 0.330836 -0.420296 0.050770 
521149080576104 -0.839714 0.334744 -0.424590 0.050501 
521149101147250 -0.833256 0.338380 -0.435440 0.039690 
521149121716938 -0.833471 0.353666 -0.422760 0.038993 
521149142285896 -0.836311 0.358787 -0.412679 0.039398 
521149162855635 -0.841637 0.365772 -0.395255 0.040390 
521149183424230 -0.841924 0.370766 -0.390518 0.034518 
521149203993917 -0.841850 0.370759 -0.390011 0.041454 
521149224563917 -0.846380 0.369618 -0.379440 0.055219 
521149245133604 -0.854170 0.369065 -0.359949 0.067978 
521149265704594 -0.861335 0.370034 -0.338962 0.079264 
521149286274281 -0.865283 0.370638 -0.326095 0.087039 
521149306842407 -0.866885 0.370937 -0.320802 0.089459 
521149327412094 -0.868011 0.371109 -0.317614 0.089198 
521149347982458 -0.869857 0.369118 -0.315366 0.087435 
521149368552145 -0.872188 0.366495 -0.313092 0.083330 
521149389120896 -0.874186 0.362828 -0.313244 0.077669 
521149409690583 -0.876278 0.358575 -0.313226 0.073824 
521149430260219 -0.877807 0.357505 -0.310312 0.073152 
521149450829906 -0.878402 0.355805 -0.310605 0.073056 
521149471400271 -0.878239 0.353665 -0.313195 0.074335 
521149491969698 -0.878504 0.348316 -0.318217 0.075127 
521149512539386 -0.878814 0.340293 -0.326471 0.072821 
521149533109177 -0.878459 0.332837 -0.335849 0.068814 
521149553678865 -0.876161 0.327566 -0.347882 0.063410 
521149574247302 -0.873611 0.320824 -0.361139 0.058777 
521149594816990 -0.869549 0.314452 -0.376880 0.054463 
521149615388031 -0.864274 0.303856 -0.397971 0.048178 
521149635957719 -0.856586 0.293647 -0.422092 0.043240 
521149656526625 -0.850343 0.284819 -0.440852 0.037999 
521149677096313 -0.848182 0.275639 -0.451158 0.032648 
521149697667719 -0.852208 0.264177 -0.450241 0.035137 
521149718237407 -0.852113 0.252843 -0.456877 0.035175 
521149738806261 -0.861995 0.245782 -0.441362 0.041907 
521149759375949 -0.871521 0.226940 -0.432093 0.047386 
521149779946416 -0.874396 0.213558 -0.432342 0.053906 
521149800516104 -0.881964 0.194209 -0.423701 0.069997 
521149821085792 -0.885407 0.177060 -0.419660 0.092685 
521149841655480 -0.869211 0.178349 -0.449275 0.103995 
521149862223760 -0.840422 0.188063 -0.495741 0.112087 
521149882793448 -0.807840 0.207602 -0.538741 0.118550 
521149903362146 -0.778971 0.205798 -0.578201 0.128586 
521149923931834 -0.772654 0.171898 -0.599023 0.120950 
521149944502615 -0.771435 0.150806 -0.606975 0.117163 
521149965072303 -0.760494 0.131652 -0.625980 0.111651 
521149985641937 -0.746396 0.115189 -0.648761 0.093450 
521150006211625 -0.733034 0.094065 -0.670704 0.063004 
521150026781208 -0.716339 0.066209 -0.694109 0.026232 
521150047350895 0.696613 -0.034102 0.716466 0.015622 
521150067920688 0.674130 -0.003033 0.735914 0.063005 
521150088490376 0.643835 0.020420 0.757380 0.106937 
521150109060062 0.599731 0.038856 0.786586 0.141756 
521150129629750 0.545431 0.055312 0.819517 0.166846 
521150150199281 0.491004 0.070183 0.848983 0.182257 
521150170768916 0.441150 0.086903 0.872922 0.189320 
521150191338552 0.398012 0.102167 0.891367 0.191347 
521150211908239 0.359446 0.117000 0.906491 0.188105 
521150232478396 0.329462 0.135714 0.915222 0.188161 
521150253049437 0.313488 0.155016 0.915990 0.196617 
521150273619125 0.304330 0.171614 0.913119 0.210109 
521150294188500 0.279414 0.186574 0.916290 0.218013 
521150314758188 0.236808 0.205705 0.924959 0.214612 
521150335326364 0.176138 0.238574 0.933869 0.199868 
521150355896052 0.110034 0.281355 0.935950 0.180912 
521150376465166 0.084893 0.307570 0.932201 0.170868 
521150397034854 0.116710 0.300922 0.929294 0.179546 
521150417604541 0.135748 0.293682 0.928290 0.183307 
521150438174229 0.141021 0.279359 0.932064 0.182558 
521150458745270 0.095973 0.260520 0.945411 0.170636 
521150479314958 0.065985 0.238077 0.954789 0.165361 
521150499883343 0.062735 0.220768 0.959690 0.162234 
521150520452979 0.076581 0.207190 0.962343 0.158440 
521150541022614 0.081203 0.202661 0.963892 0.152472 
521150561592302 0.066386 0.207514 0.965651 0.141598 
521150582161937 0.050601 0.214221 0.966571 0.131487 
521150602731625 0.044894 0.216096 0.966530 0.130791 
521150623301208 0.049254 0.212074 0.966091 0.138803 
521150643870948 0.057066 0.207051 0.965300 0.148555 
521150664440687 0.051481 0.207688 0.964946 0.151968 
521150685010375 0.041299 0.212591 0.964744 0.149559 
521150705580114 0.038153 0.220324 0.963315 0.148408 
521150726149750 0.040779 0.229690 0.960440 0.152101 
521150746720947 0.043587 0.239528 0.957159 0.156759 
521150767290635 0.045915 0.251051 0.953549 0.160030 
521150787860687 0.048005 0.263936 0.948891 0.166250 
521150808430270 0.049803 0.274488 0.944582 0.173036 
521150828998552 0.052195 0.283922 0.940773 0.177790 
521150849568239 0.059156 0.291690 0.937643 0.179563 
521150870137458 0.067091 0.297396 0.935511 0.178532 
521150890707145 0.072404 0.300960 0.934606 0.175195 
521150911277093 0.076935 0.301213 0.933944 0.176356 
521150931846728 0.079889 0.299521 0.933538 0.180031 
521150952416208 0.083315 0.297355 0.932890 0.185353 
521150972985791 0.086402 0.294726 0.932442 0.190325 
521150993555479 0.088045 0.291640 0.932892 0.192112 
521151014126521 0.087368 0.288561 0.933819 0.192566 
521151034696261 0.087454 0.285098 0.934700 0.193407 
521151055265426 0.089586 0.281842 0.935283 0.194382 
521151075835114 0.090271 0.278163 0.936198 0.194963 
521151096404072 0.089153 0.274440 0.937149 0.196178 
521151116973812 0.088937 0.272390 0.937290 0.198447 
521151137543135 0.090755 0.272210 0.936657 0.200846 
521151158112823 0.092665 0.273603 0.935502 0.203447 
521151178682666 0.094010 0.275274 0.934475 0.205287 
521151199252302 0.095151 0.277466 0.933257 0.207340 
521151219822354 0.096731 0.280421 0.931788 0.209234 
521151240392042 0.099320 0.283675 0.930038 0.211408 
521151260963031 0.103487 0.286492 0.928028 0.214422 
521151281532614 0.107111 0.288572 0.926187 0.217786 
521151302100948 0.109309 0.289839 0.924784 0.220953 
521151322670636 0.109954 0.290584 0.923866 0.223480 
521151343240010 0.109651 0.290879 0.923257 0.225750 
521151363809645 0.109454 0.290456 0.922849 0.228044 
521151384379333 0.110483 0.289775 0.922206 0.230998 
521151404949020 0.111746 0.289305 0.921409 0.234139 
521151425518760 0.112613 0.289134 0.920670 0.236825 
521151446088395 0.113258 0.289171 0.919865 0.239585 
521151466657979 0.114437 0.289476 0.918885 0.242399 
521151487227666 0.115625 0.289805 0.917969 0.244901 
521151507797302 0.116801 0.290364 0.916949 0.247488 
521151528366885 0.117737 0.291082 0.915847 0.250266 
521151548936833 0.118689 0.291722 0.914863 0.252658 
521151569506520 0.119784 0.292203 0.913930 0.254952 
521151590076156 0.120446 0.292479 0.913055 0.257448 
521151610645791 0.119883 0.293177 0.912361 0.259370 
521151631216521 0.120151 0.293292 0.911125 0.263430 
521151651786208 0.120220 0.293419 0.910428 0.265655 
521151672354125 0.121012 0.293696 0.909636 0.267697 
521151692925010 0.120516 0.295327 0.908744 0.269152 
521151713494698 0.121835 0.297407 0.907282 0.271192 
521151734064645 0.124399 0.298269 0.905960 0.273491 
521151754634333 0.126228 0.297008 0.905346 0.276047 
521151775203915 0.126153 0.295012 0.905392 0.278062 
521151795773603 0.125555 0.293253 0.905391 0.280189 
521151816343499 0.125679 0.293405 0.904507 0.282817 
521151836913134 0.126303 0.295294 0.903255 0.284569 
521151857482406 0.130392 0.296081 0.901252 0.288233 
521151878052093 0.134054 0.294548 0.900170 0.291487 
521151898622301 0.137130 0.292659 0.899326 0.294550 
521151919191884 0.137391 0.291928 0.899016 0.296096 
521151939761676 0.135702 0.290989 0.899071 0.297626 
521151960331363 0.134723 0.289820 0.899023 0.299351 
521151980900478 0.134130 0.288817 0.898920 0.300894 
521152001470165 0.134030 0.288407 0.898478 0.302645 
