# Created at Thu Nov 07 18:46:52 EST 2019 in Burnaby Canada 
523656898125720 4.757074 1.893732 -8.605588 
523656918694157 4.791789 1.891338 -8.591223 
523656939261396 4.761862 1.890141 -8.568480 
523656959829678 4.753483 1.887747 -8.538553 
523656980398480 4.737922 1.892535 -8.524189 
523657000966656 4.778621 1.888944 -8.539750 
523657021535719 4.789395 1.894929 -8.540947 
523657042104418 4.790591 1.896126 -8.539750 
523657062672752 4.788198 1.894929 -8.572070 
523657083241500 4.778621 1.882959 -8.591223 
523657103810198 4.736725 1.921264 -8.572071 
523657124378532 4.749892 1.930841 -8.576859 
523657144947282 4.730740 1.899717 -8.581647 
523657165515563 4.721163 1.873382 -8.575663 
523657186084261 4.704404 1.879368 -8.546932 
523657206652907 4.706798 1.838668 -8.574465 
523657227221397 4.736725 1.824303 -8.586435 
523657247789991 4.707995 1.814727 -8.596012 
523657268358583 4.699615 1.833880 -8.590027 
523657288927177 4.712783 1.879368 -8.584041 
523657309495876 4.716374 1.890141 -8.599602 
523657330064470 4.712783 1.867397 -8.598406 
523657350633115 4.703207 1.881762 -8.612770 
523657371201709 4.694828 1.899717 -8.621149 
523657391770354 4.696025 1.903309 -8.563691 
523657412338948 4.697222 1.890141 -8.538553 
523657432907386 4.705601 1.857821 -8.567283 
523657453475980 4.722360 1.826697 -8.580450 
523657474044678 4.709192 1.839865 -8.574465 
523657494613324 4.724754 1.851835 -8.587632 
523657515181865 4.723557 1.865003 -8.581647 
523657535750354 4.697222 1.882959 -8.582845 
523657556319261 4.717571 1.891338 -8.585238 
523657576888324 4.725951 1.886550 -8.567282 
523657597458584 4.715177 1.903309 -8.534962 
523657618026761 4.697221 1.916476 -8.545736 
523657638595563 4.746301 1.908097 -8.590027 
523657659162438 4.746301 1.893732 -8.563691 
523657679730720 4.745104 1.896126 -8.522991 
523657700302438 4.739119 1.902112 -8.506233 
523657720868271 4.705601 1.873382 -8.501445 
523657741437229 4.678069 1.856624 -8.461943 
523657762007387 4.571532 1.801559 -8.351814 
523657782575719 4.388383 1.759663 -8.171059 
523657803146188 4.333319 1.741707 -8.087266 
523657823712386 4.412324 1.751283 -8.124374 
523657844280980 4.487738 1.787195 -8.282385 
523657864851500 4.462600 1.842259 -8.981462 
523657885420094 4.485344 1.487932 -9.439932 
523657905987125 4.536818 1.206626 -9.230448 
523657926555719 4.566743 1.466385 -8.495460 
523657947125147 4.705601 1.984708 -8.233306 
523657967693740 5.229909 2.471907 -9.296286 
523657988261501 4.781015 2.158280 -10.775839 
523658008830095 3.747962 2.157083 -10.234772 
523658029398844 3.244004 2.430010 -8.718111 
523658049967437 2.773563 2.777154 -7.214617 
523658070534781 2.428813 3.378073 -6.807620 
523658091103427 3.203304 3.743173 -7.154764 
523658111673063 4.658916 3.882031 -8.142330 
523658132241656 5.675211 3.940687 -8.522992 
523658152810823 5.235894 3.828164 -8.375755 
523658173379469 4.362048 3.634242 -7.849052 
523658193947282 4.350078 3.392438 -7.465997 
523658214515876 5.087460 3.293083 -8.013049 
523658235083167 6.283312 2.887283 -8.785146 
523658255651761 6.479629 2.775958 -8.248867 
523658276221396 5.915818 2.726878 -8.063324 
523658296791240 5.628526 2.510212 -8.259641 
523658317358011 5.523186 2.402478 -8.339844 
523658337926917 4.807350 2.441981 -8.500248 
523658358495354 4.013706 2.544927 -8.596012 
523658379064209 3.178166 2.669420 -8.591223 
523658399632543 3.374482 2.321079 -8.149512 
523658420201916 4.162141 2.012240 -8.476307 
523658440769885 5.150904 2.032590 -8.770781 
523658461338792 5.396298 0.858284 -8.411666 
523658481907281 5.085066 0.222651 -9.533301 
523658502475928 4.486541 0.172375 -9.376488 
523658523044468 3.664168 0.717033 -9.832563 
523658543613114 3.782676 0.105340 -9.388458 
523658564182021 4.839670 0.026335 -9.401626 
523658584750094 6.192337 -1.419701 -8.429622 
523658605319156 5.712320 -0.262154 -8.870136 
523658625887490 5.103022 -2.288758 -8.890486 
523658646456136 6.173183 -5.156889 -8.375755 
523658667024937 5.219135 0.082596 -6.649610 
523658687593583 1.795574 1.174305 -8.956324 
523658708162021 4.162141 0.359115 -10.419117 
523658728730614 5.322082 -1.489129 -9.794258 
523658749299364 4.447038 -1.699810 -8.397302 
523658769868010 4.845656 -0.454879 -7.804762 
523658790436708 4.032859 -0.640421 -8.335054 
523658811005354 4.400353 -0.968413 -9.777498 
523658831574053 5.150904 -0.203498 -8.876122 
523658852142698 2.487469 0.044291 -7.902920 
523658872711864 3.562419 -3.261960 -9.212492 
523658893280510 5.097036 -0.834343 -10.158161 
523658913848427 2.997412 1.693825 -7.446844 
523658934417073 4.405142 -0.664362 -8.639105 
523658954986448 4.626595 -2.515001 -10.214422 
523658975553114 4.736724 -3.360117 -10.231181 
523658996123948 4.168126 -0.973201 -9.830170 
523659016693219 3.309842 0.620072 -8.947945 
523659037259834 3.463064 1.365833 -7.539017 
523659057829156 3.635439 0.269336 -8.561296 
523659078396031 3.868864 -0.155616 -9.550060 
523659098965822 3.702474 0.706259 -8.368572 
523659119534313 3.324206 1.004324 -8.238094 
523659140103271 3.707262 -0.604510 -8.691776 
523659160671761 6.072631 -4.429082 -10.082747 
523659181241656 4.128623 -0.153222 -9.244812 
523659201810041 4.639764 -0.975595 -9.338182 
523659222379000 4.924662 -0.991157 -8.780357 
523659242947490 4.822912 -0.384253 -8.483489 
523659263516708 4.432674 -0.041897 -8.312311 
523659284083896 4.899523 -0.732594 -8.440395 
523659304652333 4.722360 -1.131212 -8.762402 
523659325220458 4.538014 -0.963625 -8.852180 
523659345789468 4.303392 0.062247 -8.758810 
523659366358114 4.506891 -0.530293 -8.997023 
523659386928375 5.373554 -1.045024 -9.278330 
523659407497021 5.750625 -1.262887 -9.212492 
523659428065719 4.966558 0.326794 -8.635514 
523659448634364 4.323743 -0.435726 -9.334591 
523659469202698 3.874849 1.155153 -8.549326 
523659489771344 4.375216 2.171448 -8.345828 
523659510340198 4.985711 3.816194 -8.102827 
523659530908844 2.646676 0.166390 -8.432016 
523659551476656 1.502297 -1.848244 -8.475109 
523659572045302 1.710584 -3.537281 -9.174187 
523659592615041 2.437192 -3.306250 -9.648218 
523659613183687 3.305053 -3.138663 -10.356871 
523659633750979 8.794722 -14.343046 -13.606861 
523659654319677 1.358651 2.892071 -8.509825 
523659674888427 2.710120 5.030002 -5.869133 
523659695457073 4.113061 -0.597328 -8.520597 
523659716027749 5.092248 -1.437656 -8.569676 
523659736595197 3.999342 0.173572 -8.636711 
523659757163166 3.777888 0.396223 -8.743248 
523659777731917 3.940686 -0.189134 -8.690578 
523659798300301 3.478625 0.056261 -8.226124 
523659818869625 4.844459 -0.490790 -8.889290 
523659839438010 4.970149 -1.000733 -8.906048 
523659860006448 5.147312 -0.305248 -8.910835 
523659880574885 5.149707 -1.037842 -9.159822 
523659901144572 5.681196 -4.372821 -10.197664 
523659921712280 6.397032 -7.776032 -11.503644 
523659942281135 7.653934 -3.781479 -9.716450 
523659962849625 4.175308 -0.920531 -8.461943 
523659983418636 2.282773 1.159941 -6.754950 
523660003986813 2.979456 3.702474 -7.031468 
523660024555770 2.009846 4.499708 -7.200252 
523660045123843 2.440784 0.260957 -8.897669 
523660065693218 3.967021 -1.298799 -9.297482 
523660086261916 4.017298 -1.735722 -9.653006 
523660106829676 3.483414 -5.687181 -10.540020 
523660127398374 3.777888 1.474765 -9.074831 
523660147967645 2.292349 -0.825964 -7.650342 
523660168536343 4.286633 -4.266284 -9.844534 
523660189104937 3.892804 -3.354132 -9.824184 
523660209673635 3.497778 -1.910491 -9.842140 
523660230241604 4.569138 -2.092442 -8.866545 
523660250810302 4.734330 -2.507818 -9.238827 
523660271379781 4.916282 -3.619877 -9.732012 
523660291948427 5.894271 -2.573656 -8.854574 
523660312517385 4.506891 0.148434 -8.147118 
523660333086031 2.890874 1.248523 -8.090857 
523660353654520 3.769508 -0.476426 -8.156694 
523660374223217 4.038845 -1.613623 -8.986250 
523660394791915 4.578714 -0.847511 -9.114334 
523660415360561 3.999342 -0.401012 -9.213689 
523660435929052 4.232767 -0.561416 -8.153103 
523660456497332 3.818588 -0.015562 -8.070507 
523660477066083 3.270339 -1.207823 -9.268753 
523660497635562 1.914082 -3.706065 -10.153374 
523660518204000 5.960109 3.566010 -4.430280 
523660538772802 5.879907 1.309572 -8.670229 
523660559341343 6.417382 1.232961 -10.557976 
523660579910562 4.451827 -0.288489 -9.897203 
523660600478322 2.792716 -3.169787 -9.872066 
523660621047228 4.012509 -3.647409 -9.159822 
523660641615562 4.678069 -2.177433 -8.058537 
523660662184937 4.210023 -2.011043 -9.079619 
523660682753270 3.217669 -3.129087 -10.559173 
523660703322645 2.675406 -2.808278 -9.758347 
523660723890823 3.211684 -0.368691 -10.206043 
523660744459520 2.962697 -0.320809 -6.016370 
523660765028791 4.747498 -0.214272 -8.040581 
523660785596916 4.291422 1.447233 -9.187354 
523660806165614 5.536353 4.210023 -6.175578 
523660826735666 2.477892 -5.192800 -11.763404 
523660847304364 6.479629 0.557825 -9.969028 
523660867872176 5.422633 -0.393829 -6.575392 
523660888440822 4.558364 -2.419237 -5.337644 
523660909009365 3.496581 -3.476231 -8.561297 
523660929578063 2.650267 0.737382 -9.819396 
523660950146134 3.733597 -2.902845 -9.942692 
523660970714832 6.016370 -4.012509 -9.989377 
523660991283634 5.946941 -2.825037 -9.334591 
523661011852280 6.255780 -3.694094 -9.149048 
523661032422385 6.829167 -3.182954 -9.631458 
523661052991031 8.155498 -1.253311 -11.691582 
523661073558218 10.006136 1.904505 -8.569676 
523661094126916 8.994629 -3.757538 -5.334052 
523661114695978 10.395177 -4.901917 -10.264698 
523661135264675 -1.328725 -3.333782 -7.215814 
523661155832853 -6.499979 1.863806 -7.279258 
523661176401655 8.003472 4.123835 -9.380078 
523661196971186 5.250258 2.720893 -8.234503 
523661217540718 0.531490 2.227709 -6.084602 
523661238107801 -0.172375 3.149437 -5.674014 
523661258677124 1.924855 2.896860 -6.969222 
523661279245406 4.864809 2.457542 -6.776496 
523661299814260 4.523650 1.667490 -7.632387 
523661320383323 6.507160 0.699077 -6.501175 
523661340952020 9.741589 -0.769703 -11.048766 
523661361519780 6.912960 -1.116847 -10.398767 
523661382088582 6.747767 -2.173841 -10.067184 
523661402657072 4.985711 -1.988299 -8.192606 
523661423226447 3.282310 -0.928910 -7.977138 
523661443795041 3.392438 -1.620805 -8.539750 
523661464364260 4.657719 -1.629184 -9.006599 
523661484932437 7.140399 -0.490790 -10.027682 
523661505500666 5.860754 -0.738579 -8.664244 
523661526069364 4.016100 -1.373016 -7.730545 
523661546637645 7.439662 -0.842723 -8.258444 
523661567206343 7.304396 -0.508746 -9.138275 
523661587775144 5.923000 -0.685909 -8.964703 
523661608343842 5.622540 -0.932501 -8.865348 
523661628912800 4.905509 -0.939684 -7.978334 
523661649481498 5.829631 -0.470440 -7.750895 
523661670050458 6.881837 -0.159208 -6.545466 
523661690619989 7.337913 -1.362242 -5.773369 
523661711189208 10.136614 -1.159941 -12.239830 
523661731757906 8.454760 -4.702010 -12.558245 
523661752327176 1.100088 -4.672084 -9.491405 
523661772895874 1.374213 0.775688 -10.286245 
523661793464208 4.990499 3.260763 -9.083211 
523661814032906 -0.842723 1.266478 -6.198322 
523661834600510 3.362512 1.520253 -4.983316 
523661855169208 1.978723 3.185349 -7.783216 
523661875739363 3.161407 3.091979 -6.922537 
523661896306030 7.543805 2.340231 -8.380543 
523661916875041 5.442984 2.073289 -7.829900 
523661937442956 2.956712 2.044560 -6.979995 
523661958012071 4.892341 1.156350 -7.330730 
523661978581290 7.482756 0.574584 -10.142599 
523661999149885 6.867473 0.594934 -10.058805 
523662019720092 3.971810 0.761323 -7.839477 
523662040289103 2.645479 -1.013901 -6.898596 
523662060856707 5.575856 0.141252 -8.640303 
523662081424520 6.447308 0.719427 -10.136614 
523662101994624 6.173183 0.681121 -10.391586 
523662122562385 5.016834 0.180754 -6.935704 
523662143130822 4.966558 -1.119241 -10.891953 
523662163699260 3.873652 -0.418967 -8.732475 
523662184269676 4.585896 -0.806811 -8.461943 
523662204836812 4.237555 -1.189867 -8.682199 
523662225405769 4.644552 -0.885817 -8.433212 
523662245974519 4.965361 -0.792447 -8.849787 
523662266543425 4.176505 2.033787 -8.036989 
523662287112175 3.986175 1.065374 -7.461209 
523662307680457 4.034057 -4.524847 -7.078153 
523662328249207 2.927983 -1.685446 -8.177044 
523662348817957 4.098697 1.072556 -7.756880 
523662369386655 6.588560 0.851102 -6.608910 
523662389955456 7.300804 3.309842 -6.989572 
523662410524206 10.595083 3.198516 -6.529904 
523662431092905 11.078692 -0.098158 -7.420509 
523662451661603 9.079619 2.275591 -6.760935 
523662472230301 7.774836 5.757808 -6.438929 
523662492799051 6.752556 5.798507 -5.192801 
523662513368009 8.135148 4.140594 -4.612231 
523662533936759 6.679536 0.214272 -3.612695 
523662554505197 6.958448 -2.018225 -8.099236 
523662575073947 8.112404 -2.714908 -7.106882 
523662595642176 8.453564 0.669151 -7.023088 
523662616211291 8.629529 -6.580180 -5.791325 
523662636779884 10.644163 -4.236358 -6.223460 
523662657348425 5.347219 -3.352935 -5.487274 
523662677917020 5.140130 -3.621074 -6.182760 
523662698486083 6.999147 -2.317488 -6.078617 
523662719054728 4.877976 0.379465 -7.321154 
523662739624051 4.785803 0.187937 -5.496851 
523662760192697 9.151443 -4.838473 -5.569871 
523662780761760 9.388458 -4.792986 -7.743712 
523662801330353 8.203379 -3.500172 -5.912227 
523662821898738 8.773174 -3.379270 -5.822448 
523662842467227 9.108349 -2.978259 -6.344361 
523662863036446 10.076761 -4.113062 -7.568943 
523662883605352 11.646093 -4.682858 -6.631654 
523662904173790 14.416065 -7.282848 -10.865618 
523662924742280 34.095558 -7.665904 -11.382743 
523662945310769 31.272915 -13.001154 -7.804762 
523662965879519 16.603075 -20.112823 12.961651 
523662986447904 -32.959557 -5.493260 5.341234 
523663007016654 -39.149498 4.059195 -17.138157 
523663027586290 -11.726295 18.465683 -11.419851 
523663048155040 -12.938908 11.763405 -10.361659 
523663068723322 -19.559788 6.777694 -2.853766 
523663089292072 0.481214 3.904775 -9.035329 
523663109860664 17.770199 -9.674553 -2.234891 
523663130429362 25.400190 -7.978334 -6.995557 
523663150998061 29.338482 -7.303198 -10.160555 
523663171566811 24.404247 -15.145069 -12.865887 
523663192136133 38.263683 -13.221411 -13.313583 
523663212704883 33.990219 -9.084408 -4.214811 
523663233274363 -21.633076 -11.327679 0.536278 
523663253843113 -31.038292 6.329997 -5.269411 
523663274411030 -30.513987 19.404171 -13.159163 
523663294979780 -29.146955 21.144680 -13.997099 
523663315548217 -3.658183 7.470785 -6.857896 
523663336117332 14.845807 -14.064134 2.185812 
523663356685821 38.635963 -14.049768 -11.674823 
523663377256550 40.389641 -7.419312 -17.643311 
523663397823998 22.302227 -9.295089 -4.922267 
523663418392644 8.519401 -1.660308 -0.925319 
523663438960926 -3.649804 3.318221 -7.153567 
523663459529936 -12.366716 0.756535 -10.222801 
523663480098321 -5.911029 -0.948063 -11.652079 
523663500668894 4.954587 1.563346 -7.302001 
523663521235977 8.688185 -0.906166 -5.581841 
523663541804675 10.348492 -0.706259 -6.193533 
523663562375040 9.687720 2.463528 -6.514343 
523663582942435 9.928328 5.284973 -6.395835 
523663603511133 11.015248 -1.516662 -5.969685 
523663624079936 9.131092 -3.546857 -5.061125 
523663644648321 11.146923 -7.655131 -5.650073 
523663665217279 11.071510 -0.390238 -5.283775 
523663685786081 11.247477 2.989032 -8.844997 
523663706355352 8.599604 -0.647604 -5.891877 
523663726924102 6.110937 -1.715372 -4.709192 
523663747492279 8.168665 -1.521450 -4.974937 
523663768061081 7.539017 -0.043094 -4.533226 
523663788629311 5.537550 -5.514806 -4.686448 
523663809198061 1.119241 -11.652079 -7.852643 
523663829766862 20.178661 5.250258 -9.746376 
523663850335612 9.772711 -2.270803 -3.878440 
523663870904831 3.835346 -4.554773 -8.603194 
523663891473633 1.772830 -10.258713 -5.821251 
523663912042435 7.114064 -2.224118 -6.052281 
523663932611185 7.961576 -0.808008 -10.688454 
523663953180352 8.743248 -4.837276 -1.428080 
523663973749155 5.711123 -5.341234 -9.619489 
523663994317853 9.104757 -5.737458 -4.753483 
523664014886603 16.616241 -1.338301 -7.221799 
523664035455040 18.356752 0.417770 -12.567822 
523664056023790 16.665321 0.859481 -11.258249 
523664076593008 14.924811 1.015098 -5.386723 
523664097161238 13.434484 1.600455 -3.844923 
523664117730092 12.959257 1.948796 0.035911 
523664138300248 13.379421 2.999806 3.797040 
523664158867488 13.518278 2.973471 4.995287 
523664179436603 10.149782 1.103680 3.843726 
523664200006602 5.939759 0.009576 1.880565 
523664220573998 3.917943 -0.468046 1.179094 
523664241142748 4.163338 0.283701 3.126693 
523664261711603 3.661774 1.141985 4.278255 
523664282280405 1.727342 1.211414 4.749892 
523664302850196 0.107734 1.197049 5.794916 
523664323417383 0.934896 0.137661 5.871527 
523664343987071 0.486002 0.146040 4.457812 
523664364555561 0.095764 1.613623 2.758002 
523664385124154 0.235819 2.507818 6.637639 
523664405693060 0.811599 2.775958 9.041314 
523664426261290 1.471174 3.187742 8.399695 
523664446830092 1.428080 3.024944 8.391315 
523664467399363 1.431671 5.217938 9.459084 
523664487968113 1.999072 5.344826 11.070313 
523664508536393 3.967021 4.127426 9.775105 
523664529105143 4.636172 3.643818 7.613234 
523664549675404 5.441787 6.395835 5.963700 
523664570244154 6.497584 8.289567 3.249989 
523664590811810 5.505230 8.360193 5.944547 
523664611380560 3.434335 9.065254 5.371161 
523664631950820 2.479089 8.762402 6.829166 
523664652519570 1.683051 7.024286 6.823181 
523664673087435 0.410588 6.180366 5.561491 
523664693656185 1.249720 7.451632 4.037647 
523664714225352 1.274858 7.746107 5.773369 
523664734793737 0.562613 7.257710 8.123178 
523664755363216 0.349538 7.516273 8.374557 
523664775931758 0.596131 7.692239 7.792791 
523664796500560 0.301656 7.752092 6.713053 
523664817069519 0.142449 7.896935 6.243810 
523664837637382 0.062247 7.432480 5.832025 
523664858205560 -0.017956 7.753289 7.142794 
523664878773841 0.028729 7.807156 6.800437 
523664899343373 -0.125690 7.932846 6.513145 
523664919913529 -0.439317 7.881373 6.090587 
523664940481289 -0.464455 7.746107 5.760201 
523664961049778 -0.345947 7.820323 5.294549 
523664981619153 -0.094567 7.734136 5.814069 
523665002187955 0.142449 7.907708 6.209095 
523665022755821 0.120902 8.076492 6.637639 
523665043324571 -0.126887 8.071705 6.933310 
523665063893685 0.129281 8.127966 6.479629 
523665084463790 0.222651 7.973546 6.219869 
523665105032800 0.343553 7.967561 6.325209 
523665125601602 0.253774 7.938831 6.051085 
523665146168061 0.050276 7.843068 5.879907 
523665166736811 0.254972 7.996290 5.577053 
523665187305665 0.349538 8.123177 5.651270 
523665207874467 0.360312 8.143527 5.662044 
523665228444675 0.482411 8.034595 5.778157 
523665249013425 0.077808 8.100433 5.106613 
523665269581081 0.238213 8.210562 5.009651 
523665290149883 0.513534 8.301538 5.628526 
523665310718842 0.598525 8.285976 5.942153 
523665331287592 0.412982 7.929255 6.283312 
523665351858008 0.591342 7.633584 6.036720 
523665372426810 -0.148434 8.056143 4.867203 
523665392994726 0.220257 8.530174 5.742246 
523665413563476 0.572190 8.244080 5.703940 
