# Created at Thu Nov 07 18:46:52 EST 2019 in Burnaby Canada 
523656898125720 0.000000 0.000000 0.000000 
523656918694157 0.000000 0.000000 0.000000 
523656939261396 0.000000 0.000000 0.000000 
523656959829678 0.000000 0.000000 0.000000 
523656980398480 0.000000 0.000000 0.000000 
523657000966656 0.000000 0.000000 0.000000 
523657021535719 0.000000 0.000000 0.000000 
523657042104418 0.000000 0.000000 0.000000 
523657062672752 0.000000 0.000000 0.000000 
523657083241500 0.000000 0.000000 0.000000 
523657103810198 0.000000 0.000000 0.000000 
523657124378532 0.000000 0.000000 0.000000 
523657144947282 0.000000 0.000000 0.000000 
523657165515563 0.000000 0.000000 0.000000 
523657186084261 0.000000 0.000000 0.000000 
523657206652907 0.000000 0.000000 0.000000 
523657227221397 0.000000 0.000000 0.000000 
523657247789991 0.000000 0.000000 0.000000 
523657268358583 0.000000 0.000000 0.000000 
523657288927177 0.000000 0.000000 0.000000 
523657309495876 0.000000 0.000000 0.000000 
523657330064470 0.000000 0.000000 0.000000 
523657350633115 0.000000 0.000000 0.000000 
523657371201709 0.000000 0.000000 0.000000 
523657391770354 0.000000 0.000000 0.000000 
523657412338948 0.000000 0.000000 0.000000 
523657432907386 0.000000 0.000000 0.000000 
523657453475980 0.000000 0.000000 0.000000 
523657474044678 0.000000 0.000000 0.000000 
523657494613324 0.000000 0.000000 0.000000 
523657515181865 0.000000 0.000000 0.000000 
523657535750354 0.000000 0.000000 0.000000 
523657556319261 0.000000 0.000000 0.000000 
523657576888324 0.000000 0.000000 0.000000 
523657597458584 0.000000 0.000000 0.000000 
523657618026761 0.000000 0.000000 0.000000 
523657638595563 0.000000 0.000000 0.000000 
523657659162438 0.000000 0.000000 0.000000 
523657679730720 0.000000 0.000000 0.000000 
523657700302438 0.000000 0.000000 0.000000 
523657720868271 0.000000 0.000000 0.000000 
523657741437229 0.000000 0.000000 0.000000 
523657762007387 0.000000 0.000000 0.000000 
523657782575719 0.000000 0.000000 0.000000 
523657803146188 0.000000 0.000000 0.000000 
523657823712386 0.000000 0.000000 0.000000 
523657844280980 0.000000 0.000000 0.000000 
523657864851500 0.000000 0.000000 0.000000 
523657885420094 0.000000 0.000000 0.000000 
523657905987125 0.000000 0.000000 0.000000 
523657926555719 0.000000 0.000000 0.000000 
523657947125147 0.000000 0.000000 0.000000 
523657967693740 0.000000 0.000000 0.000000 
523657988261501 0.000000 0.000000 0.000000 
523658008830095 0.000000 0.000000 0.000000 
523658029398844 0.000000 0.000000 0.000000 
523658049967437 0.000000 0.000000 0.000000 
523658070534781 0.000000 0.000000 0.000000 
523658091103427 0.000000 0.000000 0.000000 
523658111673063 0.000000 0.000000 0.000000 
523658132241656 0.000000 0.000000 0.000000 
523658152810823 0.000000 0.000000 0.000000 
523658173379469 0.000000 0.000000 0.000000 
523658193947282 0.000000 0.000000 0.000000 
523658214515876 0.000000 0.000000 0.000000 
523658235083167 0.000000 0.000000 0.000000 
523658255651761 0.000000 0.000000 0.000000 
523658276221396 0.000000 0.000000 0.000000 
523658296791240 0.000000 0.000000 0.000000 
523658317358011 0.000000 0.000000 0.000000 
523658337926917 0.000000 0.000000 0.000000 
523658358495354 0.000000 0.000000 0.000000 
523658379064209 0.000000 0.000000 0.000000 
523658399632543 0.000000 0.000000 0.000000 
523658420201916 0.000000 0.000000 0.000000 
523658440769885 0.000000 0.000000 0.000000 
523658461338792 0.000000 0.000000 0.000000 
523658481907281 0.000000 0.000000 0.000000 
523658502475928 0.000000 0.000000 0.000000 
523658523044468 0.000000 0.000000 0.000000 
523658543613114 0.000000 0.000000 0.000000 
523658564182021 0.000000 0.000000 0.000000 
523658584750094 0.000000 0.000000 0.000000 
523658605319156 0.000000 0.000000 0.000000 
523658625887490 0.000000 0.000000 0.000000 
523658646456136 0.000000 0.000000 0.000000 
523658667024937 0.000000 0.000000 0.000000 
523658687593583 0.000000 0.000000 0.000000 
523658708162021 0.000000 0.000000 0.000000 
523658728730614 0.000000 0.000000 0.000000 
523658749299364 0.000000 0.000000 0.000000 
523658769868010 0.000000 0.000000 0.000000 
523658790436708 0.000000 0.000000 0.000000 
523658811005354 0.000000 0.000000 0.000000 
523658831574053 0.000000 0.000000 0.000000 
523658852142698 0.000000 0.000000 0.000000 
523658872711864 0.000000 0.000000 0.000000 
523658893280510 0.000000 0.000000 0.000000 
523658913848427 0.000000 0.000000 0.000000 
523658934417073 0.000000 0.000000 0.000000 
523658954986448 0.000000 0.000000 0.000000 
523658975553114 0.000000 0.000000 0.000000 
523658996123948 0.000000 0.000000 0.000000 
523659016693219 0.000000 0.000000 0.000000 
523659037259834 0.000000 0.000000 0.000000 
523659057829156 0.000000 0.000000 0.000000 
523659078396031 0.000000 0.000000 0.000000 
523659098965822 0.000000 0.000000 0.000000 
523659119534313 0.000000 0.000000 0.000000 
523659140103271 0.000000 0.000000 0.000000 
523659160671761 0.000000 0.000000 0.000000 
523659181241656 0.000000 0.000000 0.000000 
523659201810041 0.000000 0.000000 0.000000 
523659222379000 0.000000 0.000000 0.000000 
523659242947490 0.000000 0.000000 0.000000 
523659263516708 0.000000 0.000000 0.000000 
523659284083896 0.000000 0.000000 0.000000 
523659304652333 0.000000 0.000000 0.000000 
523659325220458 0.000000 0.000000 0.000000 
523659345789468 0.000000 0.000000 0.000000 
523659366358114 0.000000 0.000000 0.000000 
523659386928375 0.000000 0.000000 0.000000 
523659407497021 0.000000 0.000000 0.000000 
523659428065719 0.000000 0.000000 0.000000 
523659448634364 0.000000 0.000000 0.000000 
523659469202698 0.000000 0.000000 0.000000 
523659489771344 0.000000 0.000000 0.000000 
523659510340198 0.000000 0.000000 0.000000 
523659530908844 0.000000 0.000000 0.000000 
523659551476656 0.000000 0.000000 0.000000 
523659572045302 0.000000 0.000000 0.000000 
523659592615041 0.000000 0.000000 0.000000 
523659613183687 0.000000 0.000000 0.000000 
523659633750979 0.000000 0.000000 0.000000 
523659654319677 0.000000 0.000000 0.000000 
523659674888427 0.000000 0.000000 0.000000 
523659695457073 0.000000 0.000000 0.000000 
523659716027749 0.000000 0.000000 0.000000 
523659736595197 0.000000 0.000000 0.000000 
523659757163166 0.000000 0.000000 0.000000 
523659777731917 0.000000 0.000000 0.000000 
523659798300301 0.000000 0.000000 0.000000 
523659818869625 0.000000 0.000000 0.000000 
523659839438010 0.000000 0.000000 0.000000 
523659860006448 0.000000 0.000000 0.000000 
523659880574885 0.000000 0.000000 0.000000 
523659901144572 0.000000 0.000000 0.000000 
523659921712280 0.000000 0.000000 0.000000 
523659942281135 0.000000 0.000000 0.000000 
523659962849625 0.000000 0.000000 0.000000 
523659983418636 0.000000 0.000000 0.000000 
523660003986813 0.000000 0.000000 0.000000 
523660024555770 0.000000 0.000000 0.000000 
523660045123843 0.000000 0.000000 0.000000 
523660065693218 0.000000 0.000000 0.000000 
523660086261916 0.000000 0.000000 0.000000 
523660106829676 0.000000 0.000000 0.000000 
523660127398374 0.000000 0.000000 0.000000 
523660147967645 0.000000 0.000000 0.000000 
523660168536343 0.000000 0.000000 0.000000 
523660189104937 0.000000 0.000000 0.000000 
523660209673635 0.000000 0.000000 0.000000 
523660230241604 0.000000 0.000000 0.000000 
523660250810302 0.000000 0.000000 0.000000 
523660271379781 0.000000 0.000000 0.000000 
523660291948427 0.000000 0.000000 0.000000 
523660312517385 0.000000 0.000000 0.000000 
523660333086031 0.000000 0.000000 0.000000 
523660353654520 0.000000 0.000000 0.000000 
523660374223217 0.000000 0.000000 0.000000 
523660394791915 0.000000 0.000000 0.000000 
523660415360561 0.000000 0.000000 0.000000 
523660435929052 0.000000 0.000000 0.000000 
523660456497332 0.000000 0.000000 0.000000 
523660477066083 0.000000 0.000000 0.000000 
523660497635562 0.000000 0.000000 0.000000 
523660518204000 0.000000 0.000000 0.000000 
523660538772802 0.000000 0.000000 0.000000 
523660559341343 0.000000 0.000000 0.000000 
523660579910562 0.000000 0.000000 0.000000 
523660600478322 0.000000 0.000000 0.000000 
523660621047228 0.000000 0.000000 0.000000 
523660641615562 0.000000 0.000000 0.000000 
523660662184937 0.000000 0.000000 0.000000 
523660682753270 0.000000 0.000000 0.000000 
523660703322645 0.000000 0.000000 0.000000 
523660723890823 0.000000 0.000000 0.000000 
523660744459520 0.000000 0.000000 0.000000 
523660765028791 0.000000 0.000000 0.000000 
523660785596916 0.000000 0.000000 0.000000 
523660806165614 0.000000 0.000000 0.000000 
523660826735666 0.000000 0.000000 0.000000 
523660847304364 0.000000 0.000000 0.000000 
523660867872176 0.000000 0.000000 0.000000 
523660888440822 0.000000 0.000000 0.000000 
523660909009365 0.000000 0.000000 0.000000 
523660929578063 0.000000 0.000000 0.000000 
523660950146134 0.000000 0.000000 0.000000 
523660970714832 0.000000 0.000000 0.000000 
523660991283634 0.000000 0.000000 0.000000 
523661011852280 0.000000 0.000000 0.000000 
523661032422385 0.000000 0.000000 0.000000 
523661052991031 0.000000 0.000000 0.000000 
523661073558218 0.000000 0.000000 0.000000 
523661094126916 0.000000 0.000000 0.000000 
523661114695978 0.000000 0.000000 0.000000 
523661135264675 0.000000 0.000000 0.000000 
523661155832853 0.000000 0.000000 0.000000 
523661176401655 0.000000 0.000000 0.000000 
523661196971186 0.000000 0.000000 0.000000 
523661217540718 0.000000 0.000000 0.000000 
523661238107801 0.000000 0.000000 0.000000 
523661258677124 0.000000 0.000000 0.000000 
523661279245406 0.000000 0.000000 0.000000 
523661299814260 0.000000 0.000000 0.000000 
523661320383323 0.000000 0.000000 0.000000 
523661340952020 0.000000 0.000000 0.000000 
523661361519780 0.000000 0.000000 0.000000 
523661382088582 0.000000 0.000000 0.000000 
523661402657072 0.000000 0.000000 0.000000 
523661423226447 0.000000 0.000000 0.000000 
523661443795041 0.000000 0.000000 0.000000 
523661464364260 0.000000 0.000000 0.000000 
523661484932437 0.000000 0.000000 0.000000 
523661505500666 0.000000 0.000000 0.000000 
523661526069364 0.000000 0.000000 0.000000 
523661546637645 0.000000 0.000000 0.000000 
523661567206343 0.000000 0.000000 0.000000 
523661587775144 0.000000 0.000000 0.000000 
523661608343842 0.000000 0.000000 0.000000 
523661628912800 0.000000 0.000000 0.000000 
523661649481498 0.000000 0.000000 0.000000 
523661670050458 0.000000 0.000000 0.000000 
523661690619989 0.000000 0.000000 0.000000 
523661711189208 0.000000 0.000000 0.000000 
523661731757906 0.000000 0.000000 0.000000 
523661752327176 0.000000 0.000000 0.000000 
523661772895874 0.000000 0.000000 0.000000 
523661793464208 0.000000 0.000000 0.000000 
523661814032906 0.000000 0.000000 0.000000 
523661834600510 0.000000 0.000000 0.000000 
523661855169208 0.000000 0.000000 0.000000 
523661875739363 0.000000 0.000000 0.000000 
523661896306030 0.000000 0.000000 0.000000 
523661916875041 0.000000 0.000000 0.000000 
523661937442956 0.000000 0.000000 0.000000 
523661958012071 0.000000 0.000000 0.000000 
523661978581290 0.000000 0.000000 0.000000 
523661999149885 0.000000 0.000000 0.000000 
523662019720092 0.000000 0.000000 0.000000 
523662040289103 0.000000 0.000000 0.000000 
523662060856707 0.000000 0.000000 0.000000 
523662081424520 0.000000 0.000000 0.000000 
523662101994624 0.000000 0.000000 0.000000 
523662122562385 0.000000 0.000000 0.000000 
523662143130822 0.000000 0.000000 0.000000 
523662163699260 0.000000 0.000000 0.000000 
523662184269676 0.000000 0.000000 0.000000 
523662204836812 0.000000 0.000000 0.000000 
523662225405769 0.000000 0.000000 0.000000 
523662245974519 0.000000 0.000000 0.000000 
523662266543425 0.000000 0.000000 0.000000 
523662287112175 0.000000 0.000000 0.000000 
523662307680457 0.000000 0.000000 0.000000 
523662328249207 0.000000 0.000000 0.000000 
523662348817957 0.000000 0.000000 0.000000 
523662369386655 0.000000 0.000000 0.000000 
523662389955456 0.000000 0.000000 0.000000 
523662410524206 0.000000 0.000000 0.000000 
523662431092905 0.000000 0.000000 0.000000 
523662451661603 0.000000 0.000000 0.000000 
523662472230301 0.000000 0.000000 0.000000 
523662492799051 0.000000 0.000000 0.000000 
523662513368009 0.000000 0.000000 0.000000 
523662533936759 0.000000 0.000000 0.000000 
523662554505197 0.000000 0.000000 0.000000 
523662575073947 0.000000 0.000000 0.000000 
523662595642176 0.000000 0.000000 0.000000 
523662616211291 0.000000 0.000000 0.000000 
523662636779884 0.000000 0.000000 0.000000 
523662657348425 0.000000 0.000000 0.000000 
523662677917020 0.000000 0.000000 0.000000 
523662698486083 0.000000 0.000000 0.000000 
523662719054728 0.000000 0.000000 0.000000 
523662739624051 0.000000 0.000000 0.000000 
523662760192697 0.000000 0.000000 0.000000 
523662780761760 0.000000 0.000000 0.000000 
523662801330353 0.000000 0.000000 0.000000 
523662821898738 0.000000 0.000000 0.000000 
523662842467227 0.000000 0.000000 0.000000 
523662863036446 0.000000 0.000000 0.000000 
523662883605352 0.000000 0.000000 0.000000 
523662904173790 0.000000 0.000000 0.000000 
523662924742280 0.000000 0.000000 0.000000 
523662945310769 0.000000 0.000000 0.000000 
523662965879519 0.000000 0.000000 0.000000 
523662986447904 0.000000 0.000000 0.000000 
523663007016654 0.000000 0.000000 0.000000 
523663027586290 0.000000 0.000000 0.000000 
523663048155040 0.000000 0.000000 0.000000 
523663068723322 0.000000 0.000000 0.000000 
523663089292072 0.000000 0.000000 0.000000 
523663109860664 0.000000 0.000000 0.000000 
523663130429362 0.000000 0.000000 0.000000 
523663150998061 0.000000 0.000000 0.000000 
523663171566811 0.000000 0.000000 0.000000 
523663192136133 0.000000 0.000000 0.000000 
523663212704883 0.000000 0.000000 0.000000 
523663233274363 0.000000 0.000000 0.000000 
523663253843113 0.000000 0.000000 0.000000 
523663274411030 0.000000 0.000000 0.000000 
523663294979780 0.000000 0.000000 0.000000 
523663315548217 0.000000 0.000000 0.000000 
523663336117332 0.000000 0.000000 0.000000 
523663356685821 0.000000 0.000000 0.000000 
523663377256550 0.000000 0.000000 0.000000 
523663397823998 0.000000 0.000000 0.000000 
523663418392644 0.000000 0.000000 0.000000 
523663438960926 0.000000 0.000000 0.000000 
523663459529936 0.000000 0.000000 0.000000 
523663480098321 0.000000 0.000000 0.000000 
523663500668894 0.000000 0.000000 0.000000 
523663521235977 0.000000 0.000000 0.000000 
523663541804675 0.000000 0.000000 0.000000 
523663562375040 0.000000 0.000000 0.000000 
523663582942435 0.000000 0.000000 0.000000 
523663603511133 0.000000 0.000000 0.000000 
523663624079936 0.000000 0.000000 0.000000 
523663644648321 0.000000 0.000000 0.000000 
523663665217279 0.000000 0.000000 0.000000 
523663685786081 0.000000 0.000000 0.000000 
523663706355352 0.000000 0.000000 0.000000 
523663726924102 0.000000 0.000000 0.000000 
523663747492279 0.000000 0.000000 0.000000 
523663768061081 0.000000 0.000000 0.000000 
523663788629311 0.000000 0.000000 0.000000 
523663809198061 0.000000 0.000000 0.000000 
523663829766862 0.000000 0.000000 0.000000 
523663850335612 0.000000 0.000000 0.000000 
523663870904831 0.000000 0.000000 0.000000 
523663891473633 0.000000 0.000000 0.000000 
523663912042435 0.000000 0.000000 0.000000 
523663932611185 0.000000 0.000000 0.000000 
523663953180352 0.000000 0.000000 0.000000 
523663973749155 0.000000 0.000000 0.000000 
523663994317853 0.000000 0.000000 0.000000 
523664014886603 0.000000 0.000000 0.000000 
523664035455040 0.000000 0.000000 0.000000 
523664056023790 0.000000 0.000000 0.000000 
523664076593008 0.000000 0.000000 0.000000 
523664097161238 0.000000 0.000000 0.000000 
523664117730092 0.000000 0.000000 0.000000 
523664138300248 0.000000 0.000000 0.000000 
523664158867488 0.000000 0.000000 0.000000 
523664179436603 0.000000 0.000000 0.000000 
523664200006602 0.000000 0.000000 0.000000 
523664220573998 0.000000 0.000000 0.000000 
523664241142748 0.000000 0.000000 0.000000 
523664261711603 0.000000 0.000000 0.000000 
523664282280405 0.000000 0.000000 0.000000 
523664302850196 0.000000 0.000000 0.000000 
523664323417383 0.000000 0.000000 0.000000 
523664343987071 0.000000 0.000000 0.000000 
523664364555561 0.000000 0.000000 0.000000 
523664385124154 0.000000 0.000000 0.000000 
523664405693060 0.000000 0.000000 0.000000 
523664426261290 0.000000 0.000000 0.000000 
523664446830092 0.000000 0.000000 0.000000 
523664467399363 0.000000 0.000000 0.000000 
523664487968113 0.000000 0.000000 0.000000 
523664508536393 0.000000 0.000000 0.000000 
523664529105143 0.000000 0.000000 0.000000 
523664549675404 0.000000 0.000000 0.000000 
523664570244154 0.000000 0.000000 0.000000 
523664590811810 0.000000 0.000000 0.000000 
523664611380560 0.000000 0.000000 0.000000 
523664631950820 0.000000 0.000000 0.000000 
523664652519570 0.000000 0.000000 0.000000 
523664673087435 0.000000 0.000000 0.000000 
523664693656185 0.000000 0.000000 0.000000 
523664714225352 0.000000 0.000000 0.000000 
523664734793737 0.000000 0.000000 0.000000 
523664755363216 0.000000 0.000000 0.000000 
523664775931758 0.000000 0.000000 0.000000 
523664796500560 0.000000 0.000000 0.000000 
523664817069519 0.000000 0.000000 0.000000 
523664837637382 0.000000 0.000000 0.000000 
523664858205560 0.000000 0.000000 0.000000 
523664878773841 0.000000 0.000000 0.000000 
523664899343373 0.000000 0.000000 0.000000 
523664919913529 0.000000 0.000000 0.000000 
523664940481289 0.000000 0.000000 0.000000 
523664961049778 0.000000 0.000000 0.000000 
523664981619153 0.000000 0.000000 0.000000 
523665002187955 0.000000 0.000000 0.000000 
523665022755821 0.000000 0.000000 0.000000 
523665043324571 0.000000 0.000000 0.000000 
523665063893685 0.000000 0.000000 0.000000 
523665084463790 0.000000 0.000000 0.000000 
523665105032800 0.000000 0.000000 0.000000 
523665125601602 0.000000 0.000000 0.000000 
523665146168061 0.000000 0.000000 0.000000 
523665166736811 0.000000 0.000000 0.000000 
523665187305665 0.000000 0.000000 0.000000 
523665207874467 0.000000 0.000000 0.000000 
523665228444675 0.000000 0.000000 0.000000 
523665249013425 0.000000 0.000000 0.000000 
523665269581081 0.000000 0.000000 0.000000 
523665290149883 0.000000 0.000000 0.000000 
523665310718842 0.000000 0.000000 0.000000 
523665331287592 0.000000 0.000000 0.000000 
523665351858008 0.000000 0.000000 0.000000 
523665372426810 0.000000 0.000000 0.000000 
523665392994726 0.000000 0.000000 0.000000 
523665413563476 0.000000 0.000000 0.000000 
