# Created at Thu Nov 07 18:46:52 EST 2019 in Burnaby Canada 
523656903267855 0.919628 -0.291672 0.204948 0.164950 
523656923836293 0.919583 -0.291609 0.205145 0.165066 
523656944403220 0.919533 -0.291528 0.205384 0.165185 
523656964971813 0.919512 -0.291373 0.205604 0.165305 
523656985540198 0.919520 -0.291208 0.205726 0.165403 
523657006108792 0.919493 -0.291203 0.205783 0.165487 
523657026677960 0.919468 -0.291183 0.205831 0.165598 
523657047246553 0.919438 -0.291181 0.205900 0.165689 
523657067814990 0.919407 -0.291176 0.205967 0.165783 
523657088383636 0.919405 -0.291175 0.205973 0.165794 
523657108952074 0.919415 -0.291169 0.205945 0.165778 
523657129520667 0.919450 -0.291098 0.205915 0.165752 
523657150089105 0.919493 -0.291000 0.205893 0.165711 
523657170657803 0.919544 -0.290886 0.205876 0.165645 
523657191226397 0.919589 -0.290785 0.205862 0.165588 
523657211794938 0.919630 -0.290776 0.205768 0.165501 
523657232363532 0.919682 -0.290717 0.205701 0.165396 
523657252932543 0.919729 -0.290645 0.205666 0.165305 
523657273500719 0.919765 -0.290629 0.205578 0.165240 
523657294069417 0.919798 -0.290588 0.205488 0.165242 
523657314638011 0.919830 -0.290539 0.205393 0.165262 
523657335206605 0.919859 -0.290509 0.205318 0.165254 
523657355775251 0.919867 -0.290492 0.205291 0.165268 
523657376343896 0.919924 -0.290339 0.205261 0.165263 
523657396912489 0.919958 -0.290181 0.205296 0.165308 
523657417480928 0.920001 -0.289995 0.205366 0.165310 
523657438049522 0.920055 -0.289765 0.205428 0.165326 
523657458618220 0.920128 -0.289506 0.205477 0.165318 
523657479186813 0.920214 -0.289226 0.205518 0.165280 
523657499755407 0.920291 -0.288963 0.205542 0.165278 
523657520324001 0.920356 -0.288718 0.205595 0.165281 
523657540892490 0.920404 -0.288520 0.205627 0.165316 
523657561461396 0.920452 -0.288345 0.205625 0.165357 
523657582032126 0.920449 -0.288311 0.205620 0.165447 
523657602600720 0.920435 -0.288277 0.205636 0.165560 
523657623168897 0.920435 -0.288227 0.205616 0.165674 
523657643737698 0.920436 -0.288181 0.205592 0.165772 
523657664304261 0.920408 -0.288176 0.205655 0.165862 
523657684872855 0.920394 -0.288151 0.205675 0.165958 
523657705441813 0.920385 -0.288101 0.205675 0.166094 
523657726010406 0.920393 -0.288025 0.205625 0.166246 
523657746580876 0.920458 -0.287829 0.205444 0.166451 
523657767149522 0.920475 -0.287659 0.205263 0.166867 
523657787717855 0.920449 -0.287391 0.205135 0.167627 
523657808285928 0.920513 -0.286833 0.204756 0.168692 
523657828854521 0.920720 -0.285991 0.203932 0.169987 
523657849425250 0.921339 -0.284722 0.202157 0.170877 
523657869993636 0.922718 -0.282743 0.198821 0.170644 
523657890560667 0.924873 -0.279264 0.194044 0.170200 
523657911129260 0.927355 -0.274133 0.189264 0.170420 
523657931698636 0.929369 -0.268995 0.185628 0.171632 
523657952267282 0.930975 -0.264571 0.182151 0.173521 
523657972835043 0.931422 -0.261338 0.180461 0.177734 
523657993403636 0.931636 -0.258750 0.178827 0.181999 
523658013972230 0.931332 -0.258093 0.176451 0.186743 
523658034540979 0.930117 -0.259369 0.175704 0.191671 
523658055109105 0.928605 -0.261285 0.176265 0.195839 
523658075676917 0.926915 -0.264119 0.177515 0.198897 
523658096246604 0.925153 -0.267712 0.178740 0.201181 
523658116815198 0.923492 -0.271814 0.179562 0.202574 
523658137384365 0.922070 -0.275655 0.180589 0.202950 
523658157952959 0.921314 -0.278232 0.181802 0.201785 
523658178521291 0.920918 -0.280582 0.182954 0.199279 
523658199089417 0.920638 -0.283591 0.184022 0.195287 
523658219658376 0.920940 -0.285889 0.184735 0.189763 
523658240225303 0.921533 -0.286551 0.185877 0.184709 
523658260794938 0.922729 -0.285153 0.187278 0.179401 
523658281363531 0.924541 -0.281589 0.189078 0.173722 
523658301931553 0.926948 -0.276241 0.191006 0.167253 
523658322500147 0.929711 -0.269844 0.193120 0.159768 
523658343068896 0.932569 -0.262985 0.195646 0.151249 
523658363637489 0.935112 -0.256887 0.198499 0.142031 
523658384206084 0.936982 -0.252150 0.201876 0.133159 
523658404774678 0.938055 -0.249371 0.205748 0.124636 
523658425343427 0.938020 -0.248071 0.211907 0.116941 
523658445912021 0.937615 -0.247116 0.219179 0.108497 
523658466480927 0.937817 -0.245547 0.225064 0.097743 
523658487049416 0.938407 -0.243392 0.229656 0.086090 
523658507617958 0.938875 -0.241747 0.233415 0.074735 
523658528186604 0.939939 -0.240063 0.233586 0.065717 
523658548755511 0.940387 -0.240759 0.233034 0.058264 
523658569324156 0.939789 -0.243320 0.234391 0.051543 
523658589892697 0.937293 -0.247184 0.241880 0.043323 
523658610460980 0.936366 -0.247087 0.246895 0.034787 
523658631029626 0.936781 -0.245629 0.247826 0.026270 
523658651598479 0.937511 -0.243834 0.246993 0.024764 
523658672167072 0.938111 -0.241915 0.246579 0.024986 
523658692735510 0.940628 -0.235975 0.242877 0.023366 
523658713304156 0.940864 -0.233968 0.243782 0.024589 
523658733872854 0.940526 -0.232218 0.246681 0.025183 
523658754441500 0.941190 -0.228979 0.247213 0.024820 
523658775010198 0.942509 -0.225728 0.245307 0.023433 
523658795578843 0.944056 -0.222204 0.242832 0.020417 
523658816147594 0.944717 -0.219029 0.243240 0.019236 
523658836716188 0.944713 -0.216195 0.245696 0.020253 
523658857285354 0.944482 -0.216416 0.246335 0.020896 
523658877854000 0.944838 -0.216780 0.244939 0.017077 
523658898421968 0.948890 -0.210350 0.234671 0.017026 
523658918990562 0.949337 -0.214601 0.228849 0.018279 
523658939559938 0.949055 -0.218245 0.226566 0.018212 
523658960128584 0.949879 -0.218592 0.222706 0.018702 
523658980697438 0.950826 -0.219340 0.217842 0.019108 
523659001266084 0.951842 -0.219521 0.213210 0.018707 
523659021833375 0.952894 -0.219678 0.208343 0.018118 
523659042401969 0.951697 -0.223222 0.210106 0.017311 
523659062971291 0.950308 -0.224832 0.214704 0.016368 
523659083538167 0.950333 -0.223906 0.215528 0.016790 
523659104107803 0.949678 -0.225281 0.216992 0.016582 
523659124676448 0.948522 -0.226680 0.220601 0.016036 
523659145245250 0.947308 -0.226887 0.225580 0.015633 
523659165813896 0.946619 -0.224105 0.231198 0.015394 
523659186383531 0.946413 -0.220507 0.235512 0.014593 
523659206952177 0.946449 -0.218086 0.237607 0.014693 
523659227520980 0.946397 -0.216980 0.238808 0.014949 
523659248089625 0.946231 -0.216846 0.239557 0.015409 
523659268657385 0.946211 -0.216789 0.239627 0.016295 
523659289226031 0.945811 -0.217530 0.240455 0.017436 
523659309793948 0.945475 -0.217529 0.241624 0.019388 
523659330362959 0.944887 -0.217643 0.243634 0.021494 
523659350931604 0.944269 -0.217163 0.246204 0.024059 
523659371501865 0.944092 -0.216375 0.247418 0.025619 
523659392070510 0.944141 -0.216852 0.246830 0.025465 
523659412639208 0.944360 -0.218025 0.244992 0.025048 
523659433207854 0.945292 -0.219565 0.240060 0.024209 
523659453776188 0.947785 -0.220660 0.229288 0.020980 
523659474344834 0.950382 -0.223640 0.215661 0.015812 
523659494913688 0.952385 -0.229546 0.200436 0.009798 
523659515482333 0.951275 -0.244807 0.187437 0.003647 
523659536050145 -0.948157 0.263049 -0.178329 0.001234 
523659556618791 -0.942973 0.278824 -0.181807 0.002275 
523659577188531 -0.939000 0.285624 -0.191557 0.001805 
523659597757177 -0.936079 0.285939 -0.204893 0.003638 
523659618324469 -0.933990 0.281883 -0.219349 0.009503 
523659638893167 -0.935693 0.268320 -0.229083 0.002039 
523659659461916 -0.942989 0.248440 -0.221466 0.001239 
523659680030562 -0.942237 0.249528 -0.223428 0.002336 
523659700601239 -0.942551 0.246707 -0.225226 0.002532 
523659721169937 -0.942493 0.245206 -0.227112 0.001060 
523659741736656 0.942989 -0.243425 0.226973 0.000222 
523659762305302 0.943653 -0.242046 0.225676 0.001445 
523659782873791 0.943766 -0.241054 0.226249 0.003159 
523659803442436 0.943463 -0.239310 0.229295 0.005615 
523659824011499 0.942018 -0.239212 0.235224 0.007075 
523659844580197 0.939831 -0.240388 0.242562 0.009707 
523659865148375 0.937540 -0.242275 0.249353 0.012015 
523659885717021 0.936365 -0.243769 0.252296 0.011964 
523659906285770 0.935655 -0.246214 0.252640 0.010121 
523659926854416 0.935736 -0.250056 0.248722 0.002905 
523659947423114 -0.933379 0.262087 -0.245078 0.007105 
523659967991760 -0.929833 0.279724 -0.238625 0.014941 
523659988560302 -0.927203 0.295609 -0.229492 0.015599 
523660009128948 -0.925928 0.307454 -0.218971 0.013480 
523660029697333 -0.924353 0.315270 -0.214547 0.012071 
523660050266240 -0.925025 0.316785 -0.209346 0.012281 
523660070835406 -0.924998 0.319355 -0.205483 0.012969 
523660091403166 -0.923889 0.322336 -0.205709 0.014587 
523660111971863 -0.921408 0.323383 -0.215056 0.013460 
523660132541604 -0.923279 0.317088 -0.216452 0.012601 
523660153109832 -0.922771 0.316854 -0.218858 0.014073 
523660173678427 -0.922144 0.316172 -0.222384 0.015226 
523660194247125 -0.920582 0.314988 -0.230464 0.014066 
523660214815926 -0.922405 0.306452 -0.234782 0.011542 
523660235383792 -0.926245 0.295324 -0.233903 0.011988 
523660255953219 -0.928915 0.288681 -0.231543 0.012987 
523660276521916 -0.932183 0.281647 -0.227026 0.013033 
523660297090874 -0.934843 0.275720 -0.223368 0.012388 
523660317659520 -0.935650 0.274061 -0.222077 0.011428 
523660338228009 -0.936177 0.273159 -0.220951 0.011717 
523660358796707 -0.936514 0.271856 -0.221124 0.011854 
523660379365353 -0.936756 0.270953 -0.221234 0.011354 
523660399934051 -0.936828 0.270848 -0.221092 0.010642 
523660420502542 -0.936704 0.272465 -0.219568 0.011789 
523660441071188 -0.935928 0.273884 -0.221150 0.010884 
523660461639572 -0.933917 0.276570 -0.226254 0.010797 
523660482208270 -0.931702 0.277785 -0.233757 0.011201 
523660502777697 -0.934472 0.269843 -0.232081 0.009236 
523660523346135 0.935002 -0.257648 0.243644 0.005131 
523660543914780 0.932757 -0.258017 0.251713 0.005702 
523660564483478 0.930756 -0.262791 0.254213 0.003070 
523660585051812 0.929953 -0.270239 0.249315 0.001198 
523660605620458 -0.931893 0.274800 -0.236756 0.002477 
523660626189052 -0.933821 0.278674 -0.224256 0.005276 
523660646757697 -0.934666 0.282693 -0.215473 0.007381 
523660667326759 -0.935918 0.285088 -0.206583 0.010328 
523660687895457 -0.937436 0.285867 -0.198314 0.012893 
523660708464260 -0.937774 0.284558 -0.198756 0.010158 
523660729032958 -0.940025 0.276285 -0.200022 0.003260 
523660749602281 0.941634 -0.263156 0.209917 0.002833 
523660770170354 0.941331 -0.252357 0.223989 0.006347 
523660790739052 0.940275 -0.246342 0.234883 0.005435 
523660811309156 0.935542 -0.247703 0.251624 0.009508 
523660831877854 0.935570 -0.247379 0.251737 0.011869 
523660852445613 0.932722 -0.257523 0.252171 0.010958 
523660873014311 0.926090 -0.276071 0.257144 0.004462 
523660893582854 -0.920351 0.295180 -0.256468 0.006844 
523660914151500 -0.915226 0.306589 -0.261162 0.012598 
523660934719624 -0.914005 0.307329 -0.264336 0.016432 
523660955288322 -0.913793 0.306597 -0.265653 0.020229 
523660975857072 -0.912877 0.308193 -0.266774 0.022454 
523660996425770 -0.911913 0.309860 -0.268021 0.023814 
523661016995822 -0.911270 0.308665 -0.271722 0.021908 
523661037564520 -0.911228 0.301619 -0.280333 0.010133 
523661058131707 0.913119 -0.285706 0.290426 0.015426 
523661078700405 0.916376 -0.259610 0.300382 0.051301 
523661099269415 0.924370 -0.216301 0.303675 0.080856 
523661119838113 0.938542 -0.153748 0.289952 0.106906 
523661140406343 0.945494 -0.098409 0.286585 0.119276 
523661160975041 0.946531 -0.071875 0.290852 0.119658 
523661181544676 0.945293 -0.066941 0.292509 0.127973 
523661202113374 0.944830 -0.060997 0.291160 0.137120 
523661222681291 0.945765 -0.054910 0.287260 0.141401 
523661243249988 0.947342 -0.051591 0.283230 0.140217 
523661263818895 0.948705 -0.053792 0.281246 0.134035 
523661284387593 0.948187 -0.066253 0.284955 0.123912 
523661304956812 0.948132 -0.083384 0.287551 0.106818 
523661325525458 0.948891 -0.105274 0.285321 0.084361 
523661346094155 0.951154 -0.124219 0.275125 0.064703 
523661366661916 0.952460 -0.143195 0.264783 0.046963 
523661387230562 0.951169 -0.164013 0.259486 0.032318 
523661407799260 0.947238 -0.185836 0.260657 0.016238 
523661428368531 0.941331 -0.210458 0.263821 0.000953 
523661448937176 -0.934157 0.235524 -0.267913 0.010093 
523661469505874 -0.928068 0.257780 -0.268333 0.015404 
523661490074103 -0.924993 0.272942 -0.263950 0.014892 
523661510642801 -0.922358 0.282260 -0.263489 0.012560 
523661531211082 -0.919887 0.288992 -0.264887 0.011247 
523661551779780 -0.918671 0.294466 -0.263153 0.009201 
523661572348634 -0.919020 0.295302 -0.261078 0.006079 
523661592917332 -0.920208 0.292987 -0.259557 0.002349 
523661613486290 0.920950 -0.289053 0.261328 0.002864 
523661634054988 0.920786 -0.284429 0.266789 0.008748 
523661654623948 0.920784 -0.277856 0.273345 0.015318 
523661675193427 0.920700 -0.268037 0.282852 0.021483 
523661695762957 0.921824 -0.248003 0.296491 0.028773 
523661716331343 0.927395 -0.210198 0.305179 0.051263 
523661736900613 0.935410 -0.159347 0.304751 0.082103 
523661757469311 0.943232 -0.108232 0.297142 0.101513 
523661778037697 0.948653 -0.071573 0.285496 0.115872 
523661798606395 0.950898 -0.052953 0.274730 0.132337 
523661819173947 0.952846 -0.042852 0.265504 0.140550 
523661839742645 0.953165 -0.045450 0.261428 0.145147 
523661860312801 0.954371 -0.048508 0.256196 0.145552 
523661880881551 0.955353 -0.056716 0.251464 0.144393 
523661901448479 0.955539 -0.067075 0.247922 0.144846 
523661922017177 0.955580 -0.076089 0.246328 0.142828 
523661942585509 0.955796 -0.088105 0.246147 0.134548 
523661963154259 0.955425 -0.104593 0.247095 0.123154 
523661983723323 0.955253 -0.121566 0.244952 0.112755 
523662004292021 0.954905 -0.137886 0.241656 0.103674 
523662024862540 0.954964 -0.152628 0.237995 0.090053 
523662045431290 0.954993 -0.167267 0.234220 0.071737 
523662065998894 0.953228 -0.181859 0.234272 0.058309 
523662086566655 0.951355 -0.190769 0.236851 0.049317 
523662107135822 0.951509 -0.193730 0.235096 0.042761 
523662127704572 0.948830 -0.197835 0.242736 0.040767 
523662148272697 0.948306 -0.198385 0.244607 0.039063 
523662168841447 0.947442 -0.199987 0.246532 0.039756 
523662189410249 0.946476 -0.200578 0.249589 0.040699 
523662209979259 0.945362 -0.199991 0.254261 0.040562 
523662230547957 0.944349 -0.198554 0.259158 0.040223 
523662251116238 0.943558 -0.196427 0.263644 0.040091 
523662271685613 0.941493 -0.195095 0.272020 0.039171 
523662292253947 0.936524 -0.194817 0.288918 0.038681 
523662312822645 0.927708 -0.194056 0.316189 0.041534 
523662333391395 0.919305 -0.188008 0.342520 0.047026 
523662353960145 0.911575 -0.181211 0.365412 0.051836 
523662374528894 0.902259 -0.179008 0.388403 0.054982 
523662395097644 0.891701 -0.182224 0.410724 0.054558 
523662415666343 0.881238 -0.186394 0.430853 0.055062 
523662436235041 0.876828 -0.184882 0.440636 0.053227 
523662456803739 0.877541 -0.182995 0.440440 0.049469 
523662477372489 0.880873 -0.179769 0.435076 0.049545 
523662497941447 0.882706 -0.177937 0.431662 0.053382 
523662518510197 0.879122 -0.180752 0.437175 0.057820 
523662539078634 0.872871 -0.185600 0.447606 0.057421 
523662559647384 0.873497 -0.189316 0.445408 0.052674 
523662580215665 0.873854 -0.206130 0.438087 0.044373 
523662600784363 0.873155 -0.230461 0.428234 0.033227 
523662621353321 0.871047 -0.254996 0.419091 0.024847 
523662641922019 0.868273 -0.272405 0.413944 0.023416 
523662662490457 0.866049 -0.282695 0.411785 0.021809 
523662683059155 0.864740 -0.288052 0.410942 0.019406 
523662703628165 0.863076 -0.290706 0.412651 0.017582 
523662724196863 0.862147 -0.291622 0.414061 0.014579 
523662744766134 0.860012 -0.294521 0.416538 0.011518 
523662765334832 0.858284 -0.299345 0.416750 0.007765 
523662785903790 0.858318 -0.304661 0.412850 0.005041 
523662806472540 0.857252 -0.310206 0.410941 0.004349 
523662827040665 0.855269 -0.313881 0.412290 0.003169 
523662847609415 -0.854473 0.315316 -0.412858 0.000042 
523662868178790 -0.855098 0.314685 -0.412038 0.002395 
523662888747540 0.855790 -0.310135 0.414053 0.000230 
523662909315770 0.864160 -0.296373 0.406592 0.008507 
523662929884207 0.888379 -0.268201 0.371355 0.030761 
523662950452957 0.921549 -0.216507 0.317695 0.054223 
523662971021342 0.934979 -0.170638 0.304129 0.064845 
523662991590092 0.956050 -0.100956 0.272611 0.038200 
523663012159780 0.959770 -0.064682 0.271353 0.032035 
523663032728478 0.960549 -0.056322 0.269447 0.039645 
523663053296760 0.959834 -0.049259 0.270723 0.054759 
523663073865510 0.955844 -0.053412 0.283344 0.056837 
523663094434102 0.952327 -0.065690 0.291420 0.061970 
523663115002800 0.943360 -0.090560 0.312113 0.066823 
523663135571499 0.935695 -0.120257 0.327281 0.053893 
523663156140249 0.931277 -0.149029 0.330255 0.038024 
523663176709623 0.928650 -0.174254 0.327069 0.016452 
523663197278321 0.924767 -0.201005 0.322869 0.012608 
523663217847801 0.921534 -0.200968 0.330244 0.036410 
523663238416551 0.935414 -0.154778 0.316553 0.028973 
523663258984468 0.948888 -0.116683 0.292566 0.020046 
523663279553218 0.952907 -0.089285 0.288923 0.022810 
523663300121655 0.962881 -0.067430 0.258726 0.037061 
523663320690405 0.966821 -0.068097 0.238061 0.062862 
523663341259259 0.949813 -0.093934 0.291802 0.062347 
523663361828009 0.937353 -0.126705 0.320441 0.051221 
523663382397436 0.934134 -0.148754 0.321097 0.046506 
523663402966186 0.932752 -0.162587 0.319437 0.038721 
523663423534364 0.931100 -0.164274 0.324293 0.030012 
523663444103114 0.930913 -0.153460 0.330778 0.020912 
523663464671759 0.926713 -0.136548 0.349909 0.011049 
523663485240509 0.923033 -0.125749 0.363505 0.007893 
523663505812436 0.919224 -0.127429 0.372421 0.009563 
523663526378165 0.912144 -0.131748 0.387898 0.013082 
523663546948478 0.903582 -0.136637 0.405797 0.014102 
523663567517228 0.895724 -0.141909 0.421175 0.012305 
523663588084571 0.886523 -0.146917 0.438556 0.012718 
523663608653321 0.878150 -0.148552 0.454560 0.012665 
523663629221759 0.872508 -0.147894 0.465610 0.008040 
523663649790717 0.868297 -0.142224 0.475192 0.004971 
523663670359467 0.862594 -0.133881 0.487838 0.004585 
523663690929207 0.861543 -0.121856 0.492791 0.007158 
523663711497540 0.862371 -0.109701 0.494206 0.006572 
523663732065717 0.861893 -0.100870 0.496949 0.002846 
523663752634467 0.861208 -0.090597 0.500113 0.000027 
523663773202749 -0.860130 0.081088 -0.503586 0.001643 
523663793771499 -0.863409 0.075658 -0.498475 0.017978 
523663814341030 -0.868945 0.071830 -0.487425 0.046816 
523663834909050 -0.874240 0.072035 -0.476840 0.056037 
523663855478269 -0.879592 0.061118 -0.466211 0.072318 
523663876047019 -0.888075 0.046125 -0.446497 0.099163 
523663896615873 -0.895018 0.040205 -0.424852 0.129725 
523663917184623 -0.890735 0.040067 -0.426390 0.152245 
523663937753790 -0.886033 0.044550 -0.431311 0.164105 
523663958322540 -0.873949 0.052889 -0.447639 0.181751 
523663978891290 -0.856150 0.052674 -0.470054 0.208045 
523663999460040 -0.840012 0.057228 -0.485933 0.234467 
523664020028373 -0.822290 0.044843 -0.507549 0.253419 
523664040597227 -0.807373 0.016393 -0.530040 0.258724 
523664061166393 -0.789833 -0.008740 -0.560758 0.248268 
523664081735195 -0.764584 -0.021432 -0.603208 0.226035 
523664102303529 -0.738790 -0.030819 -0.643963 0.196344 
523664122872279 -0.713151 -0.042088 -0.680676 0.162249 
523664143440925 -0.680688 -0.055826 -0.719804 0.124214 
523664164009675 -0.632641 -0.072312 -0.766510 0.083663 
523664184580039 -0.569218 -0.087935 -0.816270 0.044300 
523664205148789 -0.503805 -0.103468 -0.857537 0.010219 
523664225716185 0.447151 0.119544 0.886227 0.019163 
523664246284935 0.388633 0.132755 0.910374 0.050615 
523664266853790 0.324897 0.145414 0.930989 0.080949 
523664287422592 0.255716 0.156765 0.947780 0.108387 
523664307990820 0.180579 0.168714 0.959842 0.132776 
523664328559570 0.111902 0.183554 0.965382 0.147727 
523664349128946 0.065292 0.199086 0.966406 0.148866 
523664369697591 0.052728 0.215074 0.965596 0.136336 
523664390266497 0.057713 0.236630 0.961101 0.130237 
523664410834727 0.069697 0.257657 0.954253 0.134737 
523664431403477 0.083124 0.272495 0.947898 0.142569 
523664451972695 0.092577 0.282559 0.943013 0.149389 
523664472541550 0.104796 0.297256 0.937415 0.148018 
523664493109830 0.118673 0.319917 0.928431 0.146924 
523664513678580 0.123062 0.342747 0.919346 0.148940 
523664534248789 0.115048 0.363571 0.913151 0.143996 
523664554817592 0.098339 0.381450 0.910154 0.128239 
523664575385248 0.084561 0.393363 0.908615 0.111951 
523664595953998 0.078443 0.401410 0.906080 0.108326 
523664616524206 0.075732 0.407976 0.903775 0.104941 
523664637093008 0.076049 0.414594 0.900872 0.103721 
523664657662383 0.076374 0.418680 0.898668 0.106148 
523664678229623 0.072696 0.417435 0.899362 0.107758 
523664698798738 0.066024 0.412360 0.902664 0.103915 
523664719367540 0.061002 0.408583 0.905041 0.101185 
523664739935925 0.058219 0.407971 0.905556 0.100698 
523664760505404 0.056950 0.410778 0.904380 0.100574 
523664781073946 0.056726 0.415867 0.902040 0.100799 
523664801642748 0.057781 0.421081 0.899510 0.101153 
523664822210820 0.058665 0.424720 0.897558 0.102760 
523664842779570 0.056815 0.425935 0.896853 0.104912 
523664863347227 0.052526 0.426808 0.896731 0.104637 
523664883916029 0.047931 0.428934 0.896177 0.102883 
523664904486967 0.044114 0.432307 0.895042 0.100327 
523664925055717 0.042201 0.435721 0.893668 0.098623 
523664945623164 0.042594 0.438283 0.892524 0.097445 
523664966191966 0.044245 0.439003 0.892104 0.097324 
523664986761393 0.045761 0.438498 0.892213 0.097883 
523665007330143 0.046313 0.437486 0.892665 0.098039 
523665027897956 0.046755 0.436904 0.893053 0.096878 
523665048466758 0.047602 0.437997 0.892579 0.095892 
523665069037227 0.048143 0.439607 0.891827 0.095244 
523665089606237 0.048612 0.441259 0.891049 0.094660 
523665110174987 0.048527 0.443136 0.890132 0.094555 
523665130741498 0.047608 0.445111 0.889264 0.093917 
523665151310248 0.046426 0.446890 0.888586 0.092456 
523665171879102 0.046009 0.448889 0.887818 0.090332 
523665192447852 0.046677 0.450895 0.886872 0.089291 
523665213018112 0.047211 0.452013 0.886290 0.089141 
523665233586862 0.046190 0.453736 0.885511 0.088654 
523665254154518 0.046191 0.457187 0.884153 0.084372 
523665274723268 0.049788 0.459111 0.883019 0.083758 
523665295292279 0.053386 0.458229 0.883028 0.086243 
523665315861029 0.054826 0.454829 0.884518 0.088037 
523665336431445 0.054714 0.451923 0.885987 0.088317 
523665357000195 0.055033 0.454219 0.884793 0.088305 
523665377568163 0.059473 0.457304 0.882966 0.087797 
523665398136913 0.066511 0.458165 0.881501 0.092837 
