# Created at Thu Nov 07 18:46:52 EST 2019 in Burnaby Canada 
523656903267855 -0.003665 0.007330 0.003971 
523656923836293 -0.000611 0.010385 0.003971 
523656944403532 0.001833 0.015272 0.000916 
523656964971813 0.000000 0.013744 0.001527 
523656985540615 -0.001527 0.003971 0.004276 
523657006108792 -0.001527 -0.003054 0.002443 
523657026677855 -0.001222 -0.006720 0.001833 
523657047246553 0.000305 -0.004887 0.002749 
523657067814887 -0.000611 -0.004276 0.003360 
523657088383636 0.000000 -0.009163 0.006414 
523657108952334 0.004887 -0.010079 0.006109 
523657129520667 0.010385 -0.009163 0.006720 
523657150089417 0.010996 -0.008247 0.004581 
523657170657699 0.006109 -0.005803 0.003665 
523657191226397 0.005192 -0.006720 0.005192 
523657211795042 0.005192 -0.013439 0.004276 
523657232363532 0.003665 -0.013439 0.000000 
523657252932543 -0.000916 -0.010385 -0.000305 
523657273500719 -0.003971 -0.009163 0.000916 
523657294070093 -0.005498 -0.009468 0.003971 
523657314638011 -0.001222 -0.010690 0.003054 
523657335207021 0.002138 -0.010079 0.002138 
523657355775251 0.001833 -0.002138 -0.001222 
523657376343688 0.001222 0.000000 -0.002443 
523657396912489 0.004887 0.005498 -0.003360 
523657417481084 0.008247 0.004887 -0.005192 
523657438049522 0.006720 0.003360 -0.011606 
523657458618376 0.002749 0.003054 -0.018631 
523657479186813 0.000611 0.000611 -0.017410 
523657499755563 0.000611 0.000305 -0.016493 
523657520324001 -0.001222 0.000611 -0.009468 
523657540892490 -0.002138 0.002138 -0.004276 
523657561461396 -0.003360 -0.000305 -0.001833 
523657582030459 -0.005498 -0.001833 -0.001222 
523657602600720 -0.004581 -0.000305 0.000000 
523657623168897 -0.006109 -0.003360 0.003360 
523657643737698 -0.005803 -0.003360 0.006109 
523657664304469 -0.005498 0.001222 0.005803 
523657684872855 -0.006109 -0.003665 0.001527 
523657705444574 -0.008858 -0.008552 -0.000916 
523657726010406 -0.012523 -0.008247 -0.004887 
523657746579364 -0.026878 -0.018326 -0.010385 
523657767149522 -0.047953 -0.006720 -0.021075 
523657787717855 -0.077580 0.021075 -0.038484 
523657808288324 -0.112399 0.016493 -0.071777 
523657828854521 -0.134085 -0.017410 -0.129503 
523657849423115 -0.099266 -0.119729 -0.214108 
523657869993636 -0.002443 -0.270002 -0.340557 
523657890562230 -0.007025 -0.357050 -0.573907 
523657911129260 -0.153632 -0.324980 -0.692415 
523657931698376 -0.242819 -0.288328 -0.630718 
523657952267282 -0.259312 -0.312152 -0.521984 
523657972835094 -0.372322 -0.117286 -0.401644 
523657993403636 -0.560163 -0.070249 -0.212581 
523658013971917 -0.558941 -0.091935 -0.077274 
523658034540979 -0.521373 0.079412 0.043066 
523658055109105 -0.439212 0.153022 0.187230 
523658075676917 -0.337197 0.164628 0.342084 
523658096246760 -0.269086 0.129198 0.423329 
523658116815198 -0.160963 0.070555 0.378125 
523658137384417 -0.007330 0.073609 0.266948 
523658157952959 0.122478 0.027489 0.257174 
523658178521239 0.218079 -0.025351 0.322537 
523658199089417 0.388205 -0.052229 0.310625 
523658219658376 0.564439 -0.121257 0.198226 
523658240225303 0.587652 -0.041844 -0.014355 
523658260794469 0.671951 -0.017410 -0.238848 
523658281363531 0.755640 0.027489 -0.402865 
523658301933375 0.843604 0.035125 -0.507018 
523658322500147 0.944091 0.024129 -0.552222 
523658343069053 1.002429 0.025351 -0.454483 
523658363637489 1.022893 0.036957 -0.277027 
523658384206344 0.941953 0.096517 -0.079107 
523658404774678 0.926682 0.166155 0.047037 
523658425344052 0.902553 0.400422 0.110872 
523658445912021 1.012814 0.480445 0.135612 
523658466480927 1.186910 0.266948 0.126754 
523658487049416 1.175609 0.131641 0.168904 
523658507618063 1.067791 0.068111 0.297491 
523658528186604 0.726929 -0.195782 0.303294 
523658548755250 0.591928 -0.206167 0.368962 
523658569324156 0.634994 -0.032681 0.328340 
523658589892229 0.960585 0.504269 0.364686 
523658610461291 0.891863 0.229074 0.219606 
523658631029626 0.719904 -0.119119 0.288939 
523658651598584 0.060476 -0.142637 -0.174096 
523658672167072 0.141415 -0.133474 -0.535728 
523658692736344 0.082467 -0.375376 -0.232434 
523658713304156 -0.001222 0.162795 -0.216857 
523658733872646 0.097433 0.280081 -0.244651 
523658754441500 0.081245 0.034514 -0.278554 
523658775010928 0.177456 -0.243735 -0.352163 
523658795578843 0.307570 -0.339641 -0.270002 
523658816149052 0.158214 0.025351 -0.229380 
523658836716188 -0.141110 0.276111 0.010996 
523658857285510 0.010385 0.073304 -0.014355 
523658877854000 0.427911 -0.204029 -0.131030 
523658898423010 -0.574518 -0.953560 0.084910 
523658918990562 -0.194255 -0.544891 0.218995 
523658939560614 0.010690 -0.230296 0.138972 
523658960128584 -0.189063 -0.364075 0.048258 
523658980695250 -0.178678 -0.471588 -0.068111 
523659001266084 -0.110567 -0.464257 -0.023213 
523659021835354 -0.094684 -0.465173 0.141110 
523659042401969 0.168904 0.144164 0.157603 
523659062971291 0.226936 0.432492 0.148746 
523659083538167 -0.080023 0.093462 0.084910 
523659104107958 0.061697 0.140804 0.112094 
523659124676448 0.182954 0.336586 0.069639 
523659145245406 0.288023 0.464868 -0.175318 
523659165813896 0.158214 0.506712 -0.322537 
523659186383791 0.153938 0.403476 -0.117591 
523659206952177 0.014050 0.214414 -0.077885 
523659227521136 -0.033292 0.121257 -0.002443 
523659248089625 -0.048258 0.067501 0.019242 
523659268657021 -0.099876 0.021686 0.047342 
523659289226031 -0.079718 0.091935 0.013744 
523659309794468 -0.162795 0.143859 -0.039401 
523659330362594 -0.145080 0.235488 -0.072082 
523659350931604 -0.162795 0.305738 -0.095295 
523659371502073 -0.151494 0.165239 0.015272 
523659392070510 -0.064141 -0.058948 0.129809 
523659412638895 -0.097127 -0.198531 0.197309 
523659433207854 -0.090713 -0.518624 0.175929 
523659453776552 -0.035430 -1.107192 0.301156 
523659474344834 0.018021 -1.420260 0.607505 
523659494913687 -0.202502 -1.555262 1.397353 
523659515482333 -0.012523 -1.348789 1.811825 
523659536050093 0.109956 -0.975551 1.472795 
523659556618791 0.245873 0.304516 0.705243 
523659577188739 0.323147 0.933401 -0.013439 
523659597757177 0.682030 1.194241 -0.398284 
523659618325823 1.143844 1.167668 -0.588874 
523659638893167 -0.225715 0.952033 -1.992335 
523659659462020 -0.557414 -0.586430 -0.425467 
523659680030562 0.396757 0.110872 -0.078191 
523659700601187 0.100487 0.184481 -0.057727 
523659721169937 -0.076053 0.186619 -0.155160 
523659741737333 -0.105985 -0.003665 -0.133779 
523659762305302 -0.089492 -0.099571 -0.132558 
523659782874105 -0.060476 0.080023 -0.206472 
523659803442436 -0.131641 0.355523 -0.131947 
523659824011760 -0.040012 0.622777 0.126754 
523659844580197 -0.132558 0.774576 0.176234 
523659865148583 -0.091630 0.716239 0.170737 
523659885717021 0.000916 0.291382 0.270919 
523659906286708 0.052534 0.000000 0.330478 
523659926854416 0.054978 -0.488386 1.062599 
523659947423322 0.105374 -0.460592 1.913534 
523659967991760 0.083078 -0.720515 2.003636 
523659988560823 -0.437379 -0.785267 1.308778 
523660009128948 -0.459370 -0.918741 0.653014 
523660029697958 -0.060781 -0.413250 0.217773 
523660050265979 -0.125227 -0.435241 0.245873 
523660070835406 -0.074220 -0.381790 0.205861 
523660091403688 0.198226 -0.055589 0.082772 
523660111971863 0.346666 0.834136 -0.412028 
523660132542541 -0.111177 0.185703 -0.175624 
523660153109832 0.260839 0.202502 0.004887 
523660173678635 0.221744 0.283441 -0.087965 
523660194247125 0.369573 0.687834 -0.661261 
523660214815926 0.174402 0.398284 -1.098946 
523660235383792 0.060170 -0.111483 -0.692415 
523660255953583 0.127365 -0.328034 -0.625525 
523660276521916 -0.040317 -0.482278 -0.625220 
523660297091135 -0.226020 -0.361326 -0.300545 
523660317659520 -0.101404 -0.150884 -0.155160 
523660338228062 0.083383 -0.128587 -0.104458 
523660358796707 0.051313 0.016188 -0.039095 
523660379365770 -0.066279 0.023518 -0.011606 
523660399934051 -0.126144 0.013744 0.112399 
523660420502854 0.053145 -0.167071 0.175013 
523660441071188 -0.075442 0.164323 0.164628 
523660461639467 0.177151 0.479834 0.131030 
523660482208270 0.502131 0.625220 -0.364381 
523660502777697 0.050091 -0.155771 -1.107803 
523660523346135 -1.174998 1.577558 -0.727845 
523660543914937 0.062919 0.737619 0.560468 
523660564483478 0.027183 0.207694 0.981965 
523660585052750 -0.011606 -0.505796 0.647211 
523660605620458 -0.112094 -1.241583 0.421497 
523660626189364 -0.219300 -1.243110 0.298713 
523660646757697 -0.095295 -0.915686 0.220828 
523660667327072 0.019853 -0.967304 0.105680 
523660687895457 0.037263 -0.891557 -0.147218 
523660708464937 -0.028405 0.053756 -0.726624 
523660729032958 -0.211970 0.192117 -1.571144 
523660749601708 -0.054672 1.057712 -1.278845 
523660770171343 0.098349 1.396131 -0.670729 
523660790739052 0.182343 1.076649 0.189979 
523660811308948 0.015577 1.725387 0.362548 
523660831877854 -0.637132 0.152716 0.687834 
523660852446290 -0.443182 0.199753 1.460272 
523660873014311 0.260228 0.386983 2.055560 
523660893582280 0.847269 -0.383318 1.621846 
523660914151500 0.736092 0.208916 0.455705 
523660934720249 0.492052 0.225409 0.135612 
523660955288322 0.279165 0.115148 0.307876 
523660975858270 0.146608 0.076358 0.244651 
523660996425770 0.185092 0.033598 0.022907 
523661016997384 0.091935 0.300851 -0.410196 
523661037564520 -0.445015 1.015868 -1.292284 
523661058132020 -1.260214 1.453858 -2.662454 
523661078700405 -1.200655 1.639256 -4.735118 
523661099269155 -0.411112 0.899804 -6.070468 
523661119838113 -0.735787 -0.726013 -6.964774 
523661140406500 -0.823751 0.017410 -4.030485 
523661160975041 -0.601091 0.462730 -0.516792 
523661181543843 -0.661261 0.401949 -0.532979 
523661202113374 -0.631329 -0.022602 -0.866206 
523661222682906 -0.301767 -0.246484 -0.624304 
523661243249988 0.063225 -0.372017 -0.063530 
523661263819311 0.224493 -0.346360 0.847575 
523661284387593 0.480445 0.104152 1.707062 
523661304956447 0.873231 -0.151800 2.464534 
523661325525458 1.382998 -0.672257 2.724151 
523661346094155 1.151480 -1.421788 2.228740 
523661366661916 0.941343 -1.377500 2.220799 
523661387230718 0.777631 -0.769995 2.165210 
523661407799260 0.791986 -0.143553 2.675587 
523661428368635 0.735176 0.152411 2.919933 
523661448937176 0.435547 0.367130 2.756527 
523661469506395 0.087965 0.058948 1.984089 
523661490074572 -0.261145 -0.387288 0.966999 
523661510642801 -0.272751 0.005498 0.611476 
523661531211447 -0.229991 0.207694 0.616973 
523661551779780 -0.175624 -0.150578 0.137750 
523661572349260 -0.196393 -0.232739 -0.243124 
523661592917332 -0.221133 -0.118508 -0.456927 
523661613486395 -0.254120 0.250760 -0.584598 
523661634054988 -0.167072 0.619417 -0.702494 
523661654624208 -0.040317 0.707076 -1.061072 
523661675192646 0.501520 0.879645 -1.853669 
523661695762437 0.814283 1.233947 -2.824333 
523661716331343 -0.335365 1.181412 -4.730536 
523661736900092 -1.203709 0.565966 -5.858192 
523661757469311 -1.232419 -0.247095 -4.430296 
523661778037592 -1.371086 -0.864374 -2.615417 
523661798606395 -1.338710 -0.772744 -1.882990 
523661819174988 -0.942259 -0.886059 -0.560468 
523661839742645 -0.533896 -0.379347 0.050702 
523661860312488 -0.312763 -0.625220 0.563523 
523661880881551 -0.184787 -0.597426 0.917824 
523661901448218 -0.185703 -0.427911 0.682030 
523661922017177 -0.053451 -0.359799 0.877507 
523661942585092 0.345139 -0.295659 1.554956 
523661963154259 0.569937 -0.256563 1.996917 
523661983723478 0.502131 -0.536950 1.808160 
523662004292021 0.515264 -0.588874 1.458134 
523662024862696 0.930958 -0.675922 1.536019 
523662045431290 1.271209 -0.729373 1.767537 
523662065998894 1.103527 -0.258090 1.273042 
523662086566655 0.844826 0.029932 0.771522 
523662107136759 0.520762 -0.317344 0.408058 
523662127704572 0.331394 0.693331 0.388205 
523662148273009 0.061697 0.136223 0.240681 
523662168841447 -0.024740 0.223882 0.062919 
523662189411863 0.035125 0.318871 -0.093157 
523662209978999 0.129809 0.459370 -0.095906 
523662230547957 0.159130 0.483194 -0.124616 
523662251116238 0.152105 0.435547 -0.211359 
523662271685613 0.343611 0.815504 -0.089797 
523662292253947 0.491135 1.684765 0.049480 
523662312822645 0.413250 2.791652 -0.173180 
523662333391395 0.061392 2.801426 -0.525954 
523662353960145 -0.036652 2.532034 -0.211665 
523662374528895 -0.076969 2.468810 0.233656 
523662395097644 0.130420 2.347553 0.785572 
523662415666447 0.400422 2.124282 0.542142 
523662436235041 0.297797 0.964861 0.220828 
523662456804155 0.243735 -0.102931 0.132863 
523662477372489 -0.074525 -0.576351 -0.092546 
523662497941447 -0.376293 -0.272446 -0.098044 
523662518510197 -0.205556 0.651487 0.155771 
523662539078581 -0.000916 1.085507 0.672257 
523662559647384 -0.664926 -0.221744 1.141401 
523662580215769 -0.643546 -0.821308 2.050978 
523662600784363 -0.393397 -1.095586 2.640157 
523662621353478 -0.277638 -1.030529 2.192699 
523662641922019 -0.270002 -0.605062 1.069319 
523662662490821 0.001222 -0.284663 0.643851 
523662683059155 0.109039 -0.126754 0.375376 
523662703628270 0.218079 0.113621 0.191812 
523662724196863 0.146608 0.117591 0.356134 
523662744766238 0.114843 0.291688 0.610865 
523662765334832 0.001527 -0.016188 0.715017 
523662785903947 -0.211054 -0.438295 0.562912 
523662806472540 -0.076969 -0.220217 0.347582 
523662827040717 0.182038 0.035430 0.220522 
523662847609415 0.305738 -0.103236 0.194866 
523662868178634 0.284968 -0.243735 -0.080634 
523662888747540 0.320093 0.037263 -0.801455 
523662909315978 -0.209832 -0.842993 -1.949269 
523662929884468 -0.616057 -3.791943 -5.265043 
523662950452957 -1.088256 -5.681347 -7.133984 
523662971021967 1.632536 -1.717141 -7.420174 
523662991590092 2.224159 -3.502087 -4.025904 
523663012160092 -0.195477 0.753196 -0.445626 
523663032728478 -0.501520 0.624915 -0.409585 
523663053296915 -1.101084 0.516792 -0.455705 
523663073865510 -0.706160 1.637117 1.508530 
523663094434571 -1.161865 1.066875 1.859778 
523663115002800 -1.117577 1.950186 2.247677 
523663135571811 0.160657 0.863457 3.182300 
523663156140249 0.678060 -0.331089 2.725068 
523663176710405 0.466701 -0.895528 3.482234 
523663197278321 0.222966 -0.925155 1.009454 
523663217847228 0.893084 0.084910 -4.751917 
523663238416551 1.142928 -1.699426 -3.621817 
523663258985301 1.047022 -1.910479 -2.701244 
523663279553218 -0.228769 0.380263 -1.013119 
523663300121968 -1.759290 -2.085492 -0.270002 
523663320690405 -1.994473 -1.284343 -0.821308 
523663341259520 -0.910188 5.023141 3.630064 
523663361828009 -0.011606 2.246150 3.356702 
523663382398738 0.133474 -0.623387 1.311221 
523663402966186 0.948062 -0.749836 0.264199 
523663423534832 1.462716 0.011301 -0.608421 
523663444103114 1.850615 0.445626 -1.319773 
523663464672124 1.110857 2.118784 -0.293215 
523663485240509 -0.183565 1.841452 0.306960 
523663505812436 -0.199753 1.112690 0.321009 
523663526378165 -0.212581 1.640783 0.278860 
523663546947489 -0.028405 1.848171 0.513432 
523663567517228 0.136223 1.582750 0.713490 
523663588084623 0.282830 1.861916 0.533285 
523663608653321 0.440739 1.641699 0.173180 
523663629222124 0.807258 1.062294 0.038790 
523663649790509 0.725707 0.914464 -0.445626 
523663670359467 0.532369 1.279762 -0.671035 
523663690929207 0.537866 0.496938 -1.062294 
523663711497540 0.598953 0.122173 -0.879951 
523663732066499 0.821002 0.211665 -0.608421 
523663752634467 0.642630 0.307876 -0.673173 
523663773202749 0.782212 0.311846 -0.794124 
523663793771499 1.879936 -0.742201 0.178067 
523663814341030 1.266017 -1.181107 1.474627 
523663834909050 1.716530 -1.314886 -0.234877 
523663855478634 2.444986 -1.623678 -0.350636 
523663876047019 2.182314 -2.176816 0.328034 
523663896616811 2.378707 -2.064417 1.278234 
523663917184623 1.279456 0.496938 1.264490 
523663937753321 1.029307 0.647822 0.849713 
523663958322540 2.420551 1.549764 0.615446 
523663978891030 2.280969 2.671922 1.013425 
523663999460040 3.255298 1.618792 0.807563 
523664020028530 3.210705 1.951102 -0.645989 
523664040597227 1.425453 2.372293 -1.933081 
523664061166341 -0.377209 3.541488 -2.618777 
523664081735195 -1.052520 4.705796 -2.936427 
523664102303425 -1.301753 4.382955 -3.255298 
523664122872279 -1.333212 3.954433 -3.621817 
523664143443164 -1.038470 4.418690 -4.114785 
523664164009675 -0.792597 5.972425 -4.613251 
523664184578790 -0.712268 7.402153 -4.613861 
523664205148789 -0.700356 7.159029 -4.309040 
523664225716185 -0.561996 5.796495 -4.019490 
523664246284935 -0.466090 5.832231 -3.819432 
523664266853790 -0.369268 6.218908 -3.650222 
523664287422592 -0.403782 6.647124 -3.365559 
523664307992383 -0.271224 7.149561 -3.089754 
523664328559570 0.254425 6.570461 -2.407723 
523664349129258 0.778853 4.520399 -1.266628 
523664369697748 1.354593 1.079093 -0.406836 
523664390266341 2.147190 -0.667064 -0.623998 
523664410835247 2.276387 -1.189354 -0.670729 
523664431403477 1.726609 -1.142317 -0.337808 
523664451972695 1.224478 -0.626442 -0.054978 
523664472541550 1.740659 -0.979216 0.170126 
523664493109778 2.605949 -0.855211 0.327729 
523664513678580 2.621221 0.606894 0.491135 
523664534247695 2.251342 2.107483 0.768468 
523664554817592 1.649335 2.202167 0.374766 
523664575385456 0.926071 0.921184 -0.324064 
523664595953998 0.705854 0.645379 -0.301156 
523664616524050 0.597426 0.188452 -0.199753 
523664637093008 0.655763 -0.130114 -0.190284 
523664657662383 0.455094 0.160352 -0.066279 
523664678229623 -0.147829 0.730289 0.120340 
523664698799363 -0.653320 0.559552 0.003665 
523664719367540 -0.527176 0.288328 -0.147829 
523664739935925 -0.092851 0.165850 -0.153632 
523664760505404 0.312152 0.059865 -0.124311 
523664781073946 0.559552 -0.023213 -0.138666 
523664801642748 0.576962 -0.135307 -0.095295 
523664822211707 0.393702 -0.016188 -0.046120 
523664842779570 0.096517 0.346666 -0.055283 
523664863347748 0.047342 0.486248 -0.060781 
523664883916029 0.174096 0.495106 -0.046120 
523664904485561 0.318871 0.314595 -0.075136 
523664925055717 0.339641 0.110261 -0.064752 
523664945623477 0.273667 -0.097738 0.016493 
523664966191966 0.080023 -0.174402 0.067501 
523664986761341 -0.053451 -0.091019 0.088881 
523665007330143 -0.108734 0.017715 0.091019 
523665027898009 -0.059254 -0.031460 0.101404 
523665048466758 0.131641 -0.034208 0.115453 
523665069035352 0.184176 -0.014355 0.075747 
523665089605977 0.180816 -0.008247 0.058948 
523665110174987 0.201280 0.098655 0.047037 
523665130741394 0.201891 0.183565 0.047342 
523665151310248 0.174707 0.173486 0.065973 
523665171879466 0.204640 0.014355 0.062003 
523665192447852 0.211970 -0.047342 0.069333 
523665213017747 0.117591 0.068722 0.100793 
523665233586862 0.166461 0.292910 0.106901 
523665254154571 0.365908 -0.209832 0.043677 
523665274723268 0.225715 -0.463646 0.071777 
523665295292175 -0.072998 -0.264504 0.069333 
523665315861029 -0.359494 -0.048869 0.064752 
523665336431185 -0.321315 -0.036041 -0.010385 
523665357000195 0.262977 -0.208610 -0.149356 
523665377568529 0.362243 -0.831081 -0.124616 
523665398136913 0.156992 -0.715323 -0.034514 
