# Created at Thu Nov 07 18:46:52 EST 2019 in Burnaby Canada 
523656903267855 0.002461 0.012702 -0.003827 
523656923836293 0.005515 0.015756 -0.003827 
523656944403532 0.007958 0.020643 -0.006882 
523656964971813 0.006126 0.019116 -0.006271 
523656985540615 0.004599 0.009342 -0.003522 
523657006108792 0.004599 0.002317 -0.005355 
523657026677855 0.004904 -0.001348 -0.005965 
523657047246553 0.006431 0.000485 -0.005049 
523657067814887 0.005515 0.001096 -0.004438 
523657088383636 0.006126 -0.003791 -0.001384 
523657108952334 0.011013 -0.004707 -0.001689 
523657129520667 0.016511 -0.003791 -0.001079 
523657150089417 0.017121 -0.002875 -0.003217 
523657170657803 0.012234 -0.000431 -0.004133 
523657191226397 0.011318 -0.001348 -0.002606 
523657211795042 0.011318 -0.008067 -0.003522 
523657232363532 0.009791 -0.008067 -0.007798 
523657252932543 0.005210 -0.005013 -0.008104 
523657273500719 0.002155 -0.003791 -0.006882 
523657294070093 0.000628 -0.004097 -0.003827 
523657314638011 0.004904 -0.005318 -0.004744 
523657335207021 0.008264 -0.004707 -0.005660 
523657355775251 0.007958 0.003234 -0.009020 
523657376343740 0.007348 0.005372 -0.010242 
523657396912489 0.011013 0.010870 -0.011158 
523657417481084 0.014373 0.010259 -0.012990 
523657438049522 0.012845 0.008732 -0.019404 
523657458618376 0.008875 0.008426 -0.026429 
523657479186813 0.006737 0.005983 -0.025208 
523657499755563 0.006737 0.005677 -0.024291 
523657520324001 0.004904 0.005983 -0.017266 
523657540892490 0.003988 0.007510 -0.012074 
523657561461396 0.002766 0.005066 -0.009631 
523657582030459 0.000628 0.003539 -0.009020 
523657602600720 0.001544 0.005066 -0.007798 
523657623168897 0.000017 0.002012 -0.004438 
523657643737698 0.000323 0.002012 -0.001689 
523657664304469 0.000628 0.006594 -0.001995 
523657684872855 0.000017 0.001707 -0.006271 
523657705444574 -0.002732 -0.003180 -0.008714 
523657726010406 -0.006397 -0.002875 -0.012685 
523657746579364 -0.020752 -0.012954 -0.018183 
523657767149522 -0.041827 -0.001348 -0.028873 
523657787717855 -0.071454 0.026447 -0.046283 
523657808288324 -0.106273 0.021865 -0.079575 
523657828854521 -0.127959 -0.012038 -0.137301 
523657849425250 -0.093140 -0.114358 -0.221906 
523657869993636 0.003682 -0.264630 -0.348355 
523657890560668 -0.000899 -0.351679 -0.581705 
523657911129260 -0.147507 -0.319608 -0.700213 
523657931698636 -0.236693 -0.282956 -0.638516 
523657952267282 -0.253186 -0.306780 -0.529782 
523657972835094 -0.366196 -0.111914 -0.409442 
523657993403636 -0.554037 -0.064878 -0.220379 
523658013972230 -0.552815 -0.086563 -0.085072 
523658034540979 -0.515247 0.084784 0.035268 
523658055109105 -0.433086 0.158393 0.179432 
523658075676917 -0.331071 0.170000 0.334286 
523658096246760 -0.262960 0.134570 0.415531 
523658116815198 -0.154837 0.075927 0.370327 
523658137383896 -0.001205 0.078981 0.259150 
523658157952959 0.128604 0.032861 0.249376 
523658178521291 0.224205 -0.019979 0.314739 
523658199089417 0.394330 -0.046857 0.302827 
523658219658323 0.570565 -0.115885 0.190428 
523658240225303 0.593778 -0.036472 -0.022153 
523658260794522 0.678077 -0.012038 -0.246646 
523658281363531 0.761765 0.032861 -0.410663 
523658301933375 0.849730 0.040497 -0.514816 
523658322500147 0.950217 0.029501 -0.560020 
523658343069053 1.008555 0.030723 -0.462281 
523658363637489 1.029019 0.042329 -0.284825 
523658384206344 0.948079 0.101888 -0.086905 
523658404774678 0.932808 0.171527 0.039239 
523658425344052 0.908678 0.405794 0.103074 
523658445912021 1.018939 0.485817 0.127814 
523658466480927 1.193036 0.272320 0.118956 
523658487049416 1.181735 0.137013 0.161106 
523658507618063 1.073917 0.073483 0.289693 
523658528186604 0.733055 -0.190410 0.295496 
523658548755250 0.598054 -0.200795 0.361164 
523658569324156 0.641120 -0.027309 0.320542 
523658589892229 0.966711 0.509641 0.356888 
523658610461188 0.897988 0.234446 0.211808 
523658631029626 0.726030 -0.113747 0.281141 
523658651598584 0.066601 -0.137265 -0.181895 
523658672167072 0.147541 -0.128102 -0.543526 
523658692736344 0.088593 -0.370005 -0.240232 
523658713304156 0.004904 0.168167 -0.224655 
523658733872958 0.103559 0.285453 -0.252449 
523658754441500 0.087371 0.039886 -0.286352 
523658775010928 0.183582 -0.238363 -0.359962 
523658795578843 0.313696 -0.334269 -0.277800 
523658816149052 0.164340 0.030723 -0.237178 
523658836716188 -0.134984 0.281483 0.003197 
523658857285510 0.016511 0.078676 -0.022153 
523658877854000 0.434037 -0.198657 -0.138829 
523658898422384 -0.568392 -0.948188 0.077112 
523658918990562 -0.188129 -0.539520 0.211197 
523658939560614 0.016816 -0.224924 0.131174 
523658960128584 -0.182937 -0.358704 0.040460 
523658980695250 -0.172552 -0.466216 -0.075909 
523659001266084 -0.104441 -0.458885 -0.031011 
523659021835354 -0.088558 -0.459802 0.133312 
523659042401969 0.175030 0.149536 0.149805 
523659062971291 0.233062 0.437864 0.140947 
523659083538167 -0.073897 0.098834 0.077112 
523659104107958 0.067823 0.146176 0.104296 
523659124676448 0.189080 0.341958 0.061841 
523659145245406 0.294149 0.470240 -0.183116 
523659165813896 0.164340 0.512084 -0.330335 
523659186383791 0.160064 0.408848 -0.125390 
523659206952177 0.020176 0.219785 -0.085683 
523659227521136 -0.027166 0.126628 -0.010242 
523659248089625 -0.042132 0.072872 0.011444 
523659268657125 -0.093751 0.027057 0.039544 
523659289226031 -0.073592 0.097307 0.005946 
523659309794468 -0.156670 0.149230 -0.047199 
523659330362594 -0.138955 0.240860 -0.079880 
523659350931604 -0.156670 0.311110 -0.103093 
523659371502073 -0.145369 0.170611 0.007474 
523659392070510 -0.058015 -0.053577 0.122011 
523659412640667 -0.091002 -0.193159 0.189511 
523659433207854 -0.084588 -0.513252 0.168131 
523659453776552 -0.029304 -1.101820 0.293358 
523659474344834 0.024146 -1.414889 0.599707 
523659494913687 -0.196376 -1.549890 1.389555 
523659515482333 -0.006397 -1.343417 1.804027 
523659536050093 0.116081 -0.970179 1.464997 
523659556618791 0.251999 0.309888 0.697445 
523659577188844 0.329273 0.938773 -0.021237 
523659597757177 0.688156 1.199612 -0.406082 
523659618325823 1.149970 1.173040 -0.596672 
523659638893167 -0.219589 0.957404 -2.000133 
523659659462020 -0.551288 -0.581058 -0.433265 
523659680030562 0.402882 0.116244 -0.085989 
523659700600875 0.106613 0.189853 -0.065525 
523659721169937 -0.069927 0.191991 -0.162958 
523659741737333 -0.099859 0.001707 -0.141577 
523659762305302 -0.083366 -0.094199 -0.140356 
523659782874105 -0.054350 0.085395 -0.214270 
523659803442436 -0.125516 0.360895 -0.139745 
523659824011760 -0.033886 0.628148 0.118956 
523659844580197 -0.126432 0.779948 0.168436 
523659865148583 -0.085504 0.721611 0.162939 
523659885717021 0.007042 0.296754 0.263120 
523659906286708 0.058660 0.005372 0.322680 
523659926854416 0.061104 -0.483015 1.054801 
523659947423322 0.111500 -0.455220 1.905736 
523659967991760 0.089203 -0.715143 1.995838 
523659988560823 -0.431253 -0.779895 1.300980 
523660009128948 -0.453244 -0.913369 0.645216 
523660029697958 -0.054655 -0.407878 0.209975 
523660050266239 -0.119101 -0.429869 0.238075 
523660070835406 -0.068094 -0.376419 0.198063 
523660091403063 0.204351 -0.050217 0.074974 
523660111971863 0.352792 0.839508 -0.419826 
523660132541604 -0.105052 0.191075 -0.183422 
523660153109832 0.266965 0.207873 -0.002911 
523660173678635 0.227870 0.288813 -0.095763 
523660194247125 0.375699 0.693205 -0.669059 
523660214815926 0.180528 0.403656 -1.106744 
523660235383792 0.066296 -0.106111 -0.700213 
523660255953375 0.133491 -0.322663 -0.633324 
523660276521916 -0.034191 -0.476906 -0.633018 
523660297091135 -0.219894 -0.355955 -0.308344 
523660317659520 -0.095278 -0.145512 -0.162958 
523660338228479 0.089509 -0.123215 -0.112256 
523660358796707 0.057438 0.021560 -0.046893 
523660379365562 -0.060153 0.028890 -0.019405 
523660399934051 -0.120018 0.019116 0.104601 
523660420502854 0.059271 -0.161700 0.167215 
523660441071188 -0.069316 0.169694 0.156830 
523660461639467 0.183277 0.485206 0.123232 
523660482208270 0.508257 0.630592 -0.372179 
523660502777697 0.056217 -0.150399 -1.115601 
523660523346135 -1.168872 1.582930 -0.735643 
523660543914937 0.069045 0.742991 0.552670 
523660564483478 0.033309 0.213066 0.974167 
523660585052750 -0.005481 -0.500424 0.639413 
523660605620458 -0.105968 -1.236211 0.413699 
523660626189364 -0.213175 -1.237738 0.290915 
523660646757697 -0.089169 -0.910314 0.213030 
523660667327072 0.025979 -0.961932 0.097882 
523660687895457 0.043389 -0.886185 -0.155016 
523660708464937 -0.022279 0.059128 -0.734422 
523660729032958 -0.205844 0.197489 -1.578942 
523660749601708 -0.048547 1.063084 -1.286643 
523660770170353 0.104475 1.401503 -0.678528 
523660790739052 0.188469 1.082021 0.182181 
523660811308948 0.021703 1.730759 0.354750 
523660831877854 -0.631006 0.158088 0.680036 
523660852446290 -0.437057 0.205125 1.452474 
523660873014311 0.266354 0.392355 2.047762 
523660893582280 0.853395 -0.377946 1.614048 
523660914151500 0.742218 0.214288 0.447907 
523660934720249 0.498177 0.230781 0.127814 
523660955288322 0.285291 0.120520 0.300078 
523660975857124 0.152733 0.081730 0.236853 
523660996425770 0.191218 0.038969 0.015109 
523661016996186 0.098061 0.306223 -0.417994 
523661037564520 -0.438889 1.021240 -1.300082 
523661058132020 -1.254088 1.459230 -2.670252 
523661078700405 -1.194529 1.644627 -4.742916 
523661099269155 -0.404986 0.905176 -6.078266 
523661119838113 -0.729661 -0.720641 -6.972572 
523661140406551 -0.817625 0.022781 -4.038283 
523661160975041 -0.594965 0.468102 -0.524590 
523661181543843 -0.655135 0.407321 -0.540778 
523661202113374 -0.625203 -0.017230 -0.874004 
523661222682906 -0.295641 -0.241112 -0.632102 
523661243249988 0.069350 -0.366645 -0.071328 
523661263819311 0.230619 -0.340989 0.839777 
523661284387593 0.486571 0.109524 1.699263 
523661304956447 0.879357 -0.146428 2.456736 
523661325525458 1.389124 -0.666885 2.716353 
523661346094155 1.157606 -1.416416 2.220942 
523661366661916 0.947468 -1.372128 2.213001 
523661387230718 0.783757 -0.764623 2.157412 
523661407799260 0.798112 -0.138181 2.667789 
523661428368635 0.741301 0.157783 2.912135 
523661448937176 0.441672 0.372501 2.748729 
523661469506395 0.094090 0.064320 1.976291 
523661490074468 -0.255019 -0.381916 0.959201 
523661510642801 -0.266625 0.010870 0.603678 
523661531211135 -0.223865 0.213066 0.609175 
523661551779780 -0.169498 -0.145206 0.129952 
523661572349155 -0.190267 -0.227368 -0.250922 
523661592917332 -0.215007 -0.113136 -0.464725 
523661613486395 -0.247994 0.256132 -0.592396 
523661634054988 -0.160946 0.624789 -0.710292 
523661654624155 -0.034191 0.712448 -1.068870 
523661675192646 0.507646 0.885017 -1.861467 
523661695762958 0.820408 1.239319 -2.832131 
523661716331343 -0.329239 1.186784 -4.738335 
523661736900092 -1.197583 0.571338 -5.865991 
523661757469311 -1.226294 -0.241723 -4.438095 
523661778037592 -1.364960 -0.859002 -2.623215 
523661798606395 -1.332584 -0.767372 -1.890789 
523661819174050 -0.936133 -0.880687 -0.568266 
523661839742645 -0.527770 -0.373975 0.042904 
523661860312436 -0.306637 -0.619848 0.555725 
523661880881551 -0.178661 -0.592054 0.910026 
523661901448218 -0.179577 -0.422539 0.674232 
523661922017177 -0.047325 -0.354428 0.869709 
523661942585092 0.351264 -0.290287 1.547158 
523661963154259 0.576063 -0.251191 1.989119 
523661983723478 0.508257 -0.531578 1.800362 
523662004292021 0.521390 -0.583502 1.450336 
523662024862696 0.937084 -0.670550 1.528221 
523662045431290 1.277335 -0.724001 1.759739 
523662065998894 1.109653 -0.252719 1.265244 
523662086566655 0.850952 0.035304 0.763724 
523662107136759 0.526888 -0.311972 0.400260 
523662127704572 0.337520 0.698703 0.380406 
523662148273009 0.067823 0.141595 0.232883 
523662168841447 -0.018614 0.229254 0.055121 
523662189411863 0.041251 0.324243 -0.100955 
523662209978999 0.135935 0.464742 -0.103704 
523662230547957 0.165256 0.488566 -0.132414 
523662251116238 0.158231 0.440918 -0.219157 
523662271685613 0.349737 0.820876 -0.097595 
523662292253843 0.497261 1.690137 0.041682 
523662312822645 0.419376 2.797024 -0.180978 
523662333391395 0.067518 2.806798 -0.533753 
523662353960145 -0.030526 2.537406 -0.219463 
523662374528895 -0.070843 2.474181 0.225858 
523662395097644 0.136545 2.352925 0.777774 
523662415666812 0.406548 2.129654 0.534344 
523662436235041 0.303922 0.970233 0.213030 
523662456805613 0.249861 -0.097559 0.125065 
523662477372489 -0.068400 -0.570979 -0.100344 
523662497941447 -0.370167 -0.267074 -0.105842 
523662518510197 -0.199430 0.656859 0.147972 
523662539078998 0.005210 1.090878 0.664459 
523662559647384 -0.658800 -0.216372 1.133603 
523662580215769 -0.637420 -0.815936 2.043180 
523662600784363 -0.387271 -1.090214 2.632359 
523662621353478 -0.271512 -1.025157 2.184901 
523662641922019 -0.263876 -0.599690 1.061521 
523662662490821 0.007348 -0.279291 0.636053 
523662683059155 0.115165 -0.121383 0.367578 
523662703628270 0.224205 0.118993 0.184013 
523662724196863 0.152733 0.122963 0.348336 
523662744766238 0.120968 0.297060 0.603067 
523662765334832 0.007653 -0.010816 0.707219 
523662785903790 -0.204928 -0.432924 0.555114 
523662806472540 -0.070843 -0.214845 0.339784 
523662827040717 0.188164 0.040802 0.212724 
523662847609415 0.311864 -0.097864 0.187068 
523662868178634 0.291094 -0.238363 -0.088432 
523662888747540 0.326219 0.042635 -0.809253 
523662909315978 -0.203706 -0.837622 -1.957067 
523662929884884 -0.609931 -3.786571 -5.272841 
523662950452957 -1.082130 -5.675976 -7.141782 
523662971021343 1.638662 -1.711769 -7.427972 
523662991590092 2.230284 -3.496716 -4.033702 
523663012160092 -0.189351 0.758568 -0.453424 
523663032728478 -0.495394 0.630286 -0.417383 
523663053297228 -1.094958 0.522163 -0.463503 
523663073865510 -0.700034 1.642489 1.500732 
523663094434571 -1.155739 1.072247 1.851979 
523663115002800 -1.111451 1.955557 2.239879 
523663135571811 0.166783 0.868829 3.174502 
523663156140249 0.684186 -0.325717 2.717270 
523663176709936 0.472826 -0.890156 3.474437 
523663197278321 0.229091 -0.919783 1.001656 
523663217847228 0.899210 0.090282 -4.759715 
523663238416551 1.149054 -1.694054 -3.629615 
523663258985301 1.053148 -1.905107 -2.709042 
523663279553218 -0.222643 0.385635 -1.020917 
523663300121968 -1.753165 -2.080120 -0.277800 
523663320690405 -1.988348 -1.278971 -0.829106 
523663341259520 -0.904063 5.028512 3.622266 
523663361828009 -0.005481 2.251521 3.348904 
523663382398738 0.139600 -0.618016 1.303423 
523663402966186 0.954188 -0.744465 0.256401 
523663423534832 1.468841 0.016673 -0.616219 
523663444103114 1.856740 0.450998 -1.327571 
523663464672124 1.116983 2.124156 -0.301013 
523663485240509 -0.177439 1.846823 0.299161 
523663505812436 -0.193627 1.118062 0.313211 
523663526378165 -0.206455 1.646154 0.271062 
523663546947489 -0.022279 1.853543 0.505634 
523663567517228 0.142349 1.588122 0.705692 
523663588084623 0.288956 1.867287 0.525487 
523663608653321 0.446865 1.647071 0.165382 
523663629222124 0.813384 1.067666 0.030992 
523663649790509 0.731833 0.919836 -0.453424 
523663670359467 0.538494 1.285133 -0.678833 
523663690929206 0.543992 0.502310 -1.070092 
523663711497540 0.605079 0.127545 -0.887749 
523663732066499 0.827128 0.217036 -0.616219 
523663752634467 0.648755 0.313248 -0.680971 
523663773202748 0.788338 0.317218 -0.801922 
523663793771499 1.886062 -0.736829 0.170269 
523663814341030 1.272143 -1.175735 1.466829 
523663834909050 1.722656 -1.309515 -0.242676 
523663855478374 2.451112 -1.618307 -0.358434 
523663876047019 2.188440 -2.171445 0.320236 
523663896615977 2.384833 -2.059046 1.270436 
523663917184623 1.285582 0.502310 1.256692 
523663937753321 1.035433 0.653194 0.841915 
523663958322540 2.426677 1.555136 0.607648 
523663978891030 2.287095 2.677294 1.005627 
523663999460040 3.261424 1.624163 0.799765 
523664020028373 3.216831 1.956474 -0.653788 
523664040597227 1.431579 2.377665 -1.940879 
523664061166341 -0.371083 3.546860 -2.626575 
523664081735195 -1.046394 4.711168 -2.944225 
523664102303425 -1.295627 4.388326 -3.263096 
523664122872279 -1.327086 3.959805 -3.629615 
523664143443164 -1.032344 4.424061 -4.122583 
523664164009675 -0.786471 5.977796 -4.621049 
523664184578790 -0.706142 7.407525 -4.621659 
523664205148789 -0.694231 7.164401 -4.316838 
523664225716185 -0.555870 5.801867 -4.027288 
523664246284935 -0.459964 5.837602 -3.827230 
523664266853790 -0.363142 6.224280 -3.658020 
523664287422592 -0.397656 6.652496 -3.373357 
523664307992383 -0.265098 7.154932 -3.097552 
523664328559570 0.260551 6.575833 -2.415521 
523664349129258 0.784978 4.525771 -1.274426 
523664369697748 1.360718 1.084464 -0.414634 
523664390266341 2.153316 -0.661693 -0.631796 
523664410835247 2.282513 -1.183982 -0.678528 
523664431403477 1.732735 -1.136945 -0.345606 
523664451972695 1.230604 -0.621070 -0.062776 
523664472541550 1.746785 -0.973844 0.162328 
523664493109778 2.612075 -0.849839 0.319931 
523664513678580 2.627347 0.612266 0.483337 
523664534247539 2.257468 2.112855 0.760670 
523664554817592 1.655460 2.207539 0.366967 
523664575385665 0.932197 0.926556 -0.331862 
523664595953998 0.711980 0.650750 -0.308954 
523664616524050 0.603552 0.193824 -0.207551 
523664637093008 0.661889 -0.124742 -0.198082 
523664657662383 0.461220 0.165724 -0.074077 
523664678229623 -0.141703 0.735661 0.112542 
523664698799363 -0.647194 0.564924 -0.004133 
523664719367540 -0.521050 0.293700 -0.155627 
523664739935925 -0.086726 0.171222 -0.161431 
523664760505404 0.318278 0.065237 -0.132109 
523664781073946 0.565678 -0.017841 -0.146464 
523664801642748 0.583088 -0.129935 -0.103093 
523664822211707 0.399828 -0.010816 -0.053918 
523664842779570 0.102642 0.352038 -0.063081 
523664863347748 0.053468 0.491620 -0.068579 
523664883916029 0.180222 0.500478 -0.053918 
523664904485561 0.324997 0.319967 -0.082934 
523664925055717 0.345767 0.115633 -0.072550 
523664945623477 0.279793 -0.092367 0.008695 
523664966191966 0.086149 -0.169030 0.059702 
523664986761341 -0.047325 -0.085647 0.081083 
523665007330143 -0.102608 0.023087 0.083221 
523665027898009 -0.053128 -0.026088 0.093605 
523665048466758 0.137767 -0.028837 0.107655 
523665069035352 0.190302 -0.008984 0.067949 
523665089605977 0.186942 -0.002875 0.051150 
523665110174987 0.207406 0.104026 0.039239 
523665130743789 0.208017 0.188937 0.039544 
523665151310248 0.180833 0.178857 0.058175 
523665171879466 0.210765 0.019727 0.054205 
523665192447852 0.218096 -0.041970 0.061535 
523665213018685 0.123717 0.074094 0.092995 
523665233586862 0.172586 0.298281 0.099103 
523665254155091 0.372034 -0.204460 0.035879 
523665274723268 0.231840 -0.458275 0.063979 
523665295292175 -0.066873 -0.259133 0.061535 
523665315861029 -0.353368 -0.043497 0.056954 
523665336431185 -0.315189 -0.030669 -0.018183 
523665357000195 0.269103 -0.203239 -0.157155 
523665377568529 0.368369 -0.825710 -0.132414 
523665398136913 0.163118 -0.709951 -0.042312 
