# Created at Thu Nov 07 18:46:52 EST 2019 in Burnaby Canada 
523656903267855 0.023707 0.063103 -0.022623 
523656923836293 0.072443 0.062738 -0.034714 
523656944403220 0.057505 0.057886 -0.009745 
523656964971813 0.039832 0.061040 0.007524 
523656985540615 0.018527 0.064087 0.033178 
523657006108792 0.031596 0.040245 0.034337 
523657026677855 0.064547 0.063478 0.020769 
523657047246553 0.060183 0.056196 0.022580 
523657067814887 0.056995 0.056002 0.017299 
523657088383636 0.055791 0.043476 -0.033612 
523657108952334 0.029337 0.057629 -0.021232 
523657129520667 0.008216 0.088504 -0.003364 
523657150089417 0.012021 0.082381 -0.015083 
523657170657803 -0.012455 0.039673 -0.012936 
523657191226397 -0.014030 0.037719 0.006551 
523657211795042 -0.023631 0.019545 0.010977 
523657232363532 0.000803 -0.003314 -0.009102 
523657252932543 0.006556 -0.022749 -0.018552 
523657273500719 -0.024009 -0.021112 -0.027913 
523657294070093 -0.020057 0.017525 -0.012690 
523657314638011 -0.005580 0.050889 -0.016216 
523657335206605 0.001402 0.045442 -0.018404 
523657355775251 -0.009282 0.034024 -0.022431 
523657376343636 -0.022243 0.042439 -0.049690 
523657396912489 -0.020632 0.067313 -0.015093 
523657417481084 -0.029318 0.046630 0.032417 
523657438049522 -0.014076 0.037345 0.027516 
523657458618376 -0.004817 -0.003052 -0.005109 
523657479186813 -0.004751 -0.022682 -0.005253 
523657499755563 -0.006984 -0.001071 -0.000734 
523657520324001 0.005592 0.006280 -0.006877 
523657540892490 -0.012788 0.028760 -0.006049 
523657561461396 -0.011714 0.037783 -0.020107 
523657582030459 0.004604 0.032313 -0.001230 
523657602600720 -0.000754 0.043496 0.023850 
523657623168897 -0.018266 0.050889 0.041381 
523657643737698 -0.006366 0.059504 0.002796 
523657664304469 0.030982 0.040083 -0.018722 
523657684872855 0.016005 0.030060 0.028029 
523657705444574 0.026751 0.032403 0.060850 
523657726010406 -0.003266 0.020942 0.062326 
523657746579364 -0.021104 -0.002355 0.071107 
523657767149522 -0.079264 -0.052608 0.135573 
523657787717855 -0.232125 -0.112478 0.284417 
523657808288324 -0.355838 -0.172413 0.412343 
523657828854521 -0.318146 -0.201161 0.412161 
523657849425250 -0.199688 -0.203027 0.326714 
523657869993636 -0.080057 -0.158167 -0.078638 
523657890560459 0.023182 -0.339755 -0.642565 
523657911129260 0.047082 -0.800946 -0.877861 
523657931698376 0.240692 -0.915559 -0.119047 
523657952267282 0.274181 -0.585169 0.439198 
523657972835094 0.729963 0.041440 -0.003917 
523657993403636 0.868456 -0.187103 -1.516419 
523658013972230 0.047695 -0.433387 -2.056197 
523658034540979 -0.824631 -0.351444 -0.905231 
523658055109105 -1.260893 -0.144770 0.686264 
523658075676917 -1.809312 0.333540 1.707009 
523658096246760 -1.711375 0.836281 1.666938 
523658116815198 -0.491056 1.062288 0.828379 
523658137383740 0.888568 1.205232 0.042836 
523658157952959 1.153981 1.196592 -0.050895 
523658178520823 0.284109 1.111887 0.479136 
523658199089417 -0.271885 0.955097 0.881848 
523658219658376 0.212894 0.899646 0.987314 
523658240225303 1.173312 0.817545 -0.002579 
523658260794522 2.139851 0.516217 0.111175 
523658281363531 1.736728 0.631176 0.640759 
523658301933375 1.235460 0.610426 0.380756 
523658322500147 1.195514 0.500615 0.521880 
523658343068896 0.813334 0.621039 0.289160 
523658363637489 -0.055414 0.893545 0.248404 
523658384206344 -0.800792 0.911336 0.192983 
523658404774678 -1.425524 1.475217 0.489909 
523658425344052 -0.784230 0.933673 0.510870 
523658445912021 0.018158 1.139688 0.009194 
523658466480927 0.740155 0.810345 0.441889 
523658487049416 0.521689 -0.120361 -0.452003 
523658507618063 0.147532 -0.077673 -0.529340 
523658528186604 -0.620507 0.135391 -0.880589 
523658548755511 -1.466450 0.652271 -0.614655 
523658569324156 0.038859 0.350995 -0.769900 
523658589892697 0.411008 -0.380952 0.008532 
523658610461083 1.864930 -0.479808 -0.136222 
523658631029626 0.212212 0.344557 0.001762 
523658651598584 0.641530 -4.158007 -0.029974 
523658672167072 1.908594 -2.057647 1.529977 
523658692736344 -1.947107 2.185532 1.336335 
523658713304156 -1.963633 1.537021 -1.560579 
523658733872958 0.686899 -0.059389 -1.407868 
523658754441500 -0.089859 -1.065868 -0.283916 
523658775010928 -0.111097 -0.530167 0.644544 
523658795578843 -0.022141 0.468129 1.183613 
523658816149052 -0.724139 -0.310998 -0.786887 
523658836716188 -0.011145 -0.370277 -0.525822 
523658857285510 -0.636522 1.863251 0.701717 
523658877854000 -1.914645 -0.487590 0.223997 
523658898422384 0.140624 -4.319330 -1.882088 
523658918990562 -0.729715 2.868193 1.372379 
523658939560614 -0.624886 1.445387 0.967433 
523658960128584 0.356838 -1.113248 -0.939931 
523658980695250 0.438774 -2.577703 -1.098556 
523659001266084 0.567589 -2.040096 -1.258677 
523659021835354 -0.736930 0.912652 -0.065850 
523659042401969 -0.387685 1.428346 0.790610 
523659062971291 -0.990465 2.007525 0.882603 
523659083538167 0.179958 0.200208 -0.427482 
523659104107958 -0.691040 1.041296 0.728501 
523659124676448 -0.599696 1.515774 0.512880 
523659145245406 -1.098975 1.421014 0.880445 
523659165813896 0.867524 -3.439284 -0.447891 
523659186383791 0.330849 -0.049240 -1.022661 
523659206952177 -0.109748 -0.075909 -0.722599 
523659227521136 0.100003 -0.221939 -0.157482 
523659248089625 0.461699 -0.108260 0.208732 
523659268657125 -0.082067 0.714006 0.457879 
523659289226031 0.102167 0.320149 0.430840 
523659309794468 0.183676 -0.241785 0.241718 
523659330362907 -0.067691 -0.518541 -0.028310 
523659350931604 -0.214989 0.196391 -0.151421 
523659371502073 -0.618339 0.522698 0.029856 
523659392070510 0.231916 -0.262111 -0.488449 
523659412640667 0.940585 -0.741098 -0.588861 
523659433207854 0.912332 -0.104037 -0.042666 
523659453776552 -0.042806 0.847426 -0.398469 
523659474344834 -0.211742 1.579175 0.843590 
523659494913375 0.846134 1.581469 0.161696 
523659515482333 0.746134 4.447347 1.387362 
523659536050093 0.696965 2.806148 0.815791 
523659556618791 -1.311810 0.483377 0.917270 
523659577188844 -2.122104 -1.913140 0.359516 
523659597757177 -1.888973 -2.429381 -0.284112 
523659618325875 -1.217251 -1.551791 -0.793522 
523659638893167 2.660188 -13.739804 -3.519982 
523659659461916 -0.821040 0.489827 -3.032638 
523659680030562 -0.939172 6.886012 3.578243 
523659700601187 -1.348444 3.038630 1.355871 
523659721169937 0.738254 -0.400404 0.179935 
523659741737333 0.342734 0.439271 0.420569 
523659762305302 -0.494083 1.622094 0.195073 
523659782874105 -0.365322 1.079172 0.219978 
523659803442436 -0.707413 0.894459 0.511285 
523659824011760 -0.390372 0.854049 0.301728 
523659844580197 0.483153 0.176738 -0.078926 
523659865148583 0.356064 0.143886 -0.380074 
523659885717021 0.331808 0.783354 -0.036660 
523659906286708 0.793310 -1.434571 -1.195947 
523659926854416 1.842678 -4.560575 -1.561728 
523659947423322 2.478619 -6.109934 -3.312564 
523659967991760 1.833202 0.564344 0.400161 
523659988560823 -1.837350 0.821688 1.852786 
523660009128948 -1.277846 4.503115 1.785716 
523660029697958 -1.154686 5.899988 2.280564 
523660050266240 -2.201453 4.098337 0.794022 
523660070835406 0.041642 0.753688 0.037267 
523660091403219 0.242558 0.090920 -0.470689 
523660111971863 -0.104449 -2.100220 -0.632886 
523660132541604 0.556248 -0.434745 -1.699093 
523660153109832 -2.114825 2.021190 1.393723 
523660173678635 -0.352520 -1.173071 0.106213 
523660194247125 0.320169 -2.388150 -1.197630 
523660214815926 -1.061194 -0.871095 -0.893015 
523660235383792 -0.257108 -0.295136 -0.627819 
523660255953115 0.755428 -1.122245 0.113563 
523660276521916 0.411284 -1.060309 -0.706302 
523660297091135 1.503669 -1.847884 -0.350476 
523660317659520 1.474020 0.159787 0.538121 
523660338228479 -0.728142 2.555380 0.934943 
523660358796707 -0.794152 1.966846 0.902980 
523660379365353 -0.149307 0.044592 0.395171 
523660399934051 0.295185 0.183472 -0.151659 
523660420502854 -0.224401 0.949362 -0.085605 
523660441071188 0.707654 0.508902 0.417320 
523660461639467 -0.350769 1.380457 0.647804 
523660482208270 -0.423911 1.476807 0.614170 
523660502777697 -2.145429 -1.326705 -1.504702 
523660523346135 -1.141915 -3.203846 -3.995790 
523660543914937 1.135651 7.250139 7.319494 
523660564483478 2.341240 2.779315 -0.068270 
523660585052750 1.515943 2.601771 -2.225871 
523660605620458 -1.795901 -0.526843 -0.736561 
523660626189364 -0.606837 -2.986439 -0.631062 
523660646757697 0.309201 -1.238427 0.738770 
523660667326759 0.977153 -0.447791 0.398540 
523660687895457 0.166445 -1.687835 -0.570067 
523660708464937 -0.967367 -1.153324 -0.875965 
523660729032958 -0.656060 -0.968445 -1.248168 
523660749601708 -1.511691 1.043067 1.257743 
523660770171343 0.302583 0.755328 1.994329 
523660790739052 -0.295836 1.489518 0.273124 
523660811308948 0.654782 4.827996 0.756126 
523660831877854 -0.149286 -0.145424 0.401470 
523660852446290 -1.840494 -1.559380 -3.039051 
523660873014311 2.355244 0.901441 -0.918904 
523660893582280 -0.045825 2.050652 4.390153 
523660914151500 -0.431085 -3.084123 1.627398 
523660934720249 -1.791307 1.561538 -0.856486 
523660955288322 -1.753246 1.173819 -1.404006 
523660975857177 0.375888 -1.563800 -1.957821 
523660996425770 1.231368 -1.508132 -0.921243 
523661016997384 1.523486 -1.301467 -0.289542 
523661037564520 1.031231 -1.841934 -1.378392 
523661058131551 2.590513 -1.443836 -2.280940 
523661078700405 2.747494 1.855880 -2.434406 
523661099269155 3.930183 -0.423011 1.239369 
523661119838113 4.769745 -6.192755 1.716573 
523661140406551 0.026770 -6.491845 -3.086707 
523661160975041 -12.602438 -2.546974 2.901731 
523661181543843 -5.190330 1.625712 -1.466652 
523661202113374 3.447299 1.393622 -0.892486 
523661222681291 -3.478482 -0.196581 0.382430 
523661243249988 -5.748031 0.423338 2.762252 
523661263819311 -4.846482 0.957703 1.769468 
523661284387593 -1.764760 0.737018 0.988911 
523661304956812 -0.888127 0.506491 0.703181 
523661325525458 -0.141966 0.238239 1.232836 
523661346094155 2.354195 -0.634147 0.218513 
523661366661916 3.991070 -0.975616 -3.131870 
523661387230718 1.486402 -1.567835 -1.945300 
523661407799260 1.396491 -1.632622 0.083110 
523661428368635 -0.934911 -0.181882 0.308434 
523661448937176 -1.870817 0.313163 0.206758 
523661469506395 -1.113052 -0.225272 -0.041844 
523661490074468 1.025464 0.517011 -1.274351 
523661510642801 2.403375 1.535333 -1.208450 
523661531211447 -0.041187 0.527167 1.187041 
523661551779780 0.398766 0.446833 0.542578 
523661572349260 3.554618 1.053898 -0.328419 
523661592917332 1.547676 0.968135 -0.645823 
523661613486395 0.872701 0.633106 -0.380080 
523661634054988 0.282225 0.312918 0.282317 
523661654624103 0.234607 0.607666 0.632689 
523661675192646 1.057206 0.890513 0.753204 
523661695762957 1.679326 0.686028 3.130098 
523661716331343 2.143850 -1.578631 -0.970568 
523661736900092 5.696684 -3.008757 -5.227495 
523661757469311 -2.471324 -6.959443 -3.166598 
523661778037592 -4.733240 -3.831437 -1.555238 
523661798606395 -2.205005 0.095028 -1.685537 
523661819174988 -2.849206 0.749834 0.495384 
523661839742645 -2.979471 -2.321488 2.749246 
523661860312801 -2.976216 0.591617 1.598663 
523661880881551 -3.092408 0.733310 1.697798 
523661901448218 0.625903 0.035708 -0.093525 
523661922017177 2.454655 -0.017745 0.698774 
523661942585092 -1.265145 0.036718 0.363981 
523661963154259 -1.408009 -0.208365 2.059128 
523661983723478 1.496846 -0.771746 -0.542068 
523662004292021 2.973125 -0.773721 -2.138058 
523662024862696 0.833310 0.017992 -0.401484 
523662045431290 -2.785332 -1.050068 2.635633 
523662065998894 -0.113269 -0.720769 -0.060747 
523662086566655 2.018979 0.653877 -0.174478 
523662107136759 1.112335 0.471203 -1.237783 
523662127704572 1.893729 1.593623 -2.410657 
523662148273009 -0.660367 -1.461989 2.211049 
523662168841447 -0.438010 -0.223431 -1.436058 
523662189411863 -0.412955 -0.146369 0.096769 
523662209978999 -0.590116 -1.069351 0.187172 
523662230547957 -0.745289 -0.705411 0.033105 
523662251116238 -0.157686 -0.935138 -0.112483 
523662271685613 -0.604876 1.261477 -0.177173 
523662292253947 -1.563027 2.660882 0.436406 
523662312822645 -1.823897 -1.251586 0.822707 
523662333391395 -2.663530 -4.800676 0.310075 
523662353960145 -4.267662 1.952129 -1.372249 
523662374528895 -1.130963 0.712854 -0.339384 
523662395097644 -0.397371 2.281863 -0.243599 
523662415666812 0.267538 5.042844 -0.095526 
523662436235041 4.209794 2.208127 -1.353041 
523662456805613 1.986011 0.553028 -1.157987 
523662477372489 0.991487 5.376876 -0.478551 
523662497941447 -1.405109 6.720568 0.456253 
523662518510197 -0.200563 5.689787 1.132936 
523662539078842 -0.519934 2.909588 2.059780 
523662559647384 -1.356123 -0.051414 -0.326020 
523662580215769 0.889834 -2.321673 -1.280313 
523662600784363 0.083563 1.182301 -1.543631 
523662621353478 0.297842 -1.638200 0.356310 
523662641922019 3.446394 -4.178896 0.859919 
523662662490821 1.126769 -1.268585 0.305891 
523662683059155 -2.940223 -1.645244 1.227541 
523662703628270 -0.767240 -1.104728 0.238125 
523662724196863 -0.963639 1.073348 -0.172423 
523662744766238 -2.869677 3.387942 -0.251559 
523662765334832 -0.468432 0.296547 1.606604 
523662785903947 3.141519 -3.446356 -0.645354 
523662806472540 1.606442 -1.662667 -0.657706 
523662827040717 1.562041 -0.698085 0.745126 
523662847609415 1.736712 -0.357947 0.872552 
523662868178634 2.266248 -1.184942 -0.334047 
523662888747540 4.006075 -1.546772 -0.439188 
523662909315978 5.321620 -3.624036 -1.625914 
523662929884884 15.749895 -6.260373 -4.442996 
523662950452957 30.612175 -9.254634 -3.802712 
523662971021967 22.659435 -15.730193 9.912516 
523662991590092 -18.952166 -18.045134 29.187613 
523663012160092 -43.161072 0.062300 -6.269706 
523663032728478 -32.934147 11.805443 -6.364446 
523663053296760 -12.569814 16.501221 -2.746835 
523663073865510 -23.991135 7.818295 2.703260 
523663094434259 -17.232162 5.083692 1.840955 
523663115002800 5.081269 -3.639207 -0.276749 
523663135571811 16.324987 -9.174920 7.330768 
523663156140249 22.347256 -7.923077 -2.712436 
523663176710405 19.252991 -9.169703 -3.814997 
523663197278321 23.190441 -15.480902 -4.740225 
523663217847228 38.202507 -9.391569 -1.163515 
523663238416551 0.923991 -10.812316 5.976590 
523663258985301 -38.911633 -2.527822 7.199723 
523663279553218 -34.934265 13.243102 -0.880408 
523663300121968 -36.124229 21.371256 -7.174386 
523663320690405 -25.118927 16.238430 -0.785705 
523663341259520 3.327844 -6.280807 6.999532 
523663361828009 19.279129 -15.944021 3.453233 
523663382398738 38.643909 -9.505819 -9.797398 
523663402966186 24.510153 -8.832168 -3.028077 
523663423534832 9.254265 -5.558419 6.815696 
523663444103114 -4.212203 2.656614 3.674499 
523663464671759 -15.356861 3.293015 -0.969078 
523663485240509 -17.681419 0.019330 -5.561052 
523663505812436 -5.657193 2.163685 -2.862312 
523663526378165 -0.987400 -0.095592 2.331235 
523663546947489 2.726076 0.171405 0.823167 
523663567517228 2.949234 1.154315 -0.129857 
523663588084623 1.393757 6.254636 -1.272041 
523663608653321 2.758790 3.196959 0.627933 
523663629222124 1.891385 -1.715200 -0.255398 
523663649790509 1.450203 -4.400745 0.173687 
523663670359467 3.084792 -4.092226 0.247626 
523663690929207 3.226457 3.759144 -2.383287 
523663711497540 1.189144 2.729285 -2.507584 
523663732066499 -1.675492 -0.714968 0.728552 
523663752634467 -1.240635 -1.031202 -0.640826 
523663773202749 -0.987998 -0.167064 0.348673 
523663793771499 -1.484540 0.763979 0.392846 
523663814341030 -6.968912 -11.088431 1.078931 
523663834909050 -0.102667 -1.808485 -5.131544 
523663855478373 12.404278 6.481155 -0.229463 
523663876047019 -2.745293 -4.291562 0.896870 
523663896616811 -2.776699 -0.597123 -7.526559 
523663917184623 -5.958060 -6.312466 2.703962 
523663937753321 0.660356 2.690083 -2.297387 
523663958322540 1.779139 1.798763 -2.420273 
523663978891030 -1.294051 -1.207328 2.780199 
523663999460040 -1.243699 -3.090972 -3.262963 
523664020028373 4.944017 2.055595 -3.812077 
523664040597227 9.525091 4.150649 -6.165184 
523664061166341 8.930544 4.527075 -10.186208 
523664081735195 5.974996 4.257475 -7.207596 
523664102303425 4.353242 3.622250 -3.176127 
523664122872279 3.170537 3.576113 -1.540337 
523664143443164 2.815319 3.474954 1.304090 
523664164009675 3.746000 3.251580 2.815375 
523664184578790 2.661749 1.042423 1.347811 
523664205148789 -1.051579 -1.246840 -2.245754 
523664225716185 -3.272378 -2.733411 -4.373278 
523664246284935 -3.199111 -2.936569 -4.867460 
523664266853790 -1.884906 -2.668099 -3.736886 
523664287422592 -1.570774 -2.240536 -3.748381 
523664307992383 -2.621202 -2.398485 -3.672080 
523664328559570 -1.035942 -3.278332 -2.992996 
523664349129258 0.157332 -4.138211 -3.853832 
523664369697748 -0.113925 -3.543336 -5.585847 
523664390266341 -0.528088 -2.493190 -5.044826 
523664410835299 -0.099388 -2.403195 0.292064 
523664431403477 0.356045 -2.418490 0.255076 
523664451972695 0.658507 -2.303904 0.127774 
523664472541550 0.102002 -2.710590 0.782917 
523664493109778 0.528300 -0.224529 2.767409 
523664513678580 1.649068 -1.542292 3.400161 
523664534247747 3.444537 -3.525177 1.595432 
523664554817592 4.132245 -2.372997 -0.235998 
523664575385665 4.760774 0.367566 -2.564196 
523664595953998 6.497217 0.950651 -1.460959 
523664616524050 3.804583 1.098195 -1.294524 
523664637093008 2.400177 1.709183 -0.253076 
523664657662383 1.445897 -0.006503 0.699996 
523664678229623 0.544996 -1.211387 -0.072012 
523664698798738 0.458857 -0.785328 -1.710665 
523664719367540 1.177154 0.465222 -2.343904 
523664739935925 0.719922 -0.163503 0.694440 
523664760505404 0.090246 -0.188068 1.907926 
523664781073946 0.345901 0.115909 1.697662 
523664801642748 0.344429 0.012252 0.890996 
523664822211707 -0.050416 0.111404 0.058637 
523664842779570 0.177855 -0.031217 -0.391025 
523664863347748 -0.369499 -0.116672 0.607101 
523664883916029 0.200612 -0.073717 0.444354 
523664904485561 0.041643 0.071107 0.525209 
523664925055717 -0.189569 0.099818 0.106532 
523664945623477 -0.344523 -0.062047 -0.125458 
523664966191966 -0.433087 -0.186927 -0.691236 
523664986761341 -0.148593 -0.034868 -0.558548 
523665007330143 0.053617 -0.135090 -0.094679 
523665027898009 0.205324 0.118741 0.322433 
523665048466758 0.015395 0.237893 0.712266 
523665069035352 -0.127804 0.197540 0.690645 
523665089606081 0.177432 0.085260 0.237516 
523665110174987 0.292567 0.008055 0.285498 
523665130741967 0.314972 -0.007964 0.245304 
523665151310248 0.092255 -0.132425 -0.009805 
523665171879102 0.138897 -0.154969 -0.171672 
523665192447852 0.287372 0.020795 -0.327830 
523665213018685 0.348546 0.064250 -0.145008 
523665233586862 0.380342 0.033818 -0.176597 
523665254154883 0.279198 -0.183159 -0.267407 
523665274723268 -0.030867 0.024060 -0.704265 
523665295292175 0.260978 0.166532 -0.414655 
523665315861029 0.379672 0.122952 0.025360 
523665336431185 0.318773 0.164536 0.242263 
523665357000195 0.441681 -0.404851 0.722296 
523665377568529 -0.083713 -0.511157 -0.676716 
523665398136913 -0.373601 0.286775 -0.363246 
