# Created at Thu Nov 07 18:46:52 EST 2019 in Burnaby Canada 
523656910918740 68.214508 177.032242 32.670330 
523656930925616 67.306717 177.149902 32.986710 
523656951124469 65.793259 177.101700 34.385162 
523656970923272 67.306717 177.149902 32.986710 
523656990923063 65.223839 178.666382 34.237949 
523657010917177 67.481094 177.575439 34.676670 
523657030923844 68.933479 174.886795 34.660831 
523657050924210 68.006561 174.580338 33.747028 
523657070924002 68.979767 176.608765 34.969051 
523657090924938 68.938499 174.882523 35.429581 
523657110925042 68.022003 175.301102 33.286079 
523657130923949 68.184288 174.856277 36.513180 
523657150923583 68.998566 177.620239 33.893223 
523657170923428 67.630646 177.434998 34.828888 
523657190923740 67.606834 176.427826 35.135971 
523657210923324 68.932816 175.180923 33.430950 
523657230923376 69.897964 176.775833 35.114040 
523657250923532 67.756737 176.580627 34.212059 
523657270923323 68.805733 176.476471 32.202961 
523657290923687 68.762100 174.018326 35.123192 
523657310917751 68.534431 177.320801 33.897511 
523657330923376 67.993820 174.004074 34.054291 
523657350923480 67.739311 176.301895 32.674442 
523657370923272 67.572281 175.282959 34.366741 
523657390924729 67.313751 177.143921 34.062958 
523657410923635 68.336548 175.300644 34.820641 
523657430923063 68.093445 177.882370 34.055908 
523657450923845 68.093445 177.882370 34.055908 
523657470923949 68.807739 176.474762 32.510460 
523657490924105 68.807739 176.474762 32.510460 
523657510925615 70.294334 174.637650 34.339981 
523657530922855 66.975029 175.843903 33.911610 
523657550923635 68.045479 176.015030 34.055130 
523657570923219 69.090767 175.326889 33.737041 
523657590924001 66.998512 176.557816 34.680660 
523657610919053 68.050499 176.010742 34.823879 
523657630925095 67.263763 175.278290 33.754681 
523657650925563 67.276848 175.707520 34.062359 
523657670923428 67.733932 175.572586 34.672890 
523657690916813 68.174583 175.158096 33.899551 
523657710921449 68.452591 174.454834 32.666309 
523657718198740 67.593399 175.705353 35.904423 
523657730916969 67.593399 175.705353 35.904423 
523657750918166 69.689705 174.911331 33.884731 
523657770920460 69.256432 175.613083 34.658192 
523657790930198 69.728958 176.639282 33.116703 
523657810920511 67.447884 176.282669 34.676132 
523657830918115 68.783249 175.321350 33.278728 
523657850918323 68.453255 174.160721 33.896191 
523657870919990 67.532387 174.289474 32.213821 
523657890920250 69.079346 174.602692 34.812988 
523657910919000 68.734604 173.307831 33.739140 
523657930924781 68.315742 174.290909 35.588970 
523657951133063 68.250984 171.410416 36.971523 
523657970926084 69.516960 173.310120 36.960541 
523657990925251 70.431480 173.773895 35.414402 
523658010918689 70.226227 171.466476 36.337410 
523658030924885 69.930450 172.038071 35.418091 
523658050924833 70.984451 171.489288 35.868813 
523658070924208 69.600121 171.024475 35.420612 
523658090917385 69.703728 169.015015 35.879551 
523658110921709 68.396538 171.273376 36.508739 
523658130918792 68.946854 169.724945 33.734699 
523658150919104 67.112808 169.241989 34.367161 
523658170932542 67.906586 170.408798 34.821541 
523658190932647 68.809349 169.855118 35.427483 
523658210918636 68.391518 171.277649 35.739990 
523658217874469 68.984749 170.720154 35.580120 
523658230933688 68.984749 170.720154 35.580120 
523658250917178 68.651749 170.002411 34.045258 
523658270917437 67.326782 171.688751 34.212959 
523658290924104 68.741638 173.301834 34.815388 
523658310919833 70.457985 174.925583 34.953632 
523658330924105 67.745987 175.562332 36.517891 
523658350924678 69.554550 175.333038 34.808880 
523658370924000 69.089058 174.300903 37.426620 
523658390923948 67.764778 176.573792 35.442062 
523658410917855 67.507217 177.553223 38.674168 
523658430924364 68.112183 177.132523 39.744362 
523658450923583 67.382141 178.847061 37.753681 
523658470923896 66.955261 180.277298 36.682442 
523658490923895 66.860703 182.279068 37.607250 
523658510917855 66.293640 184.135330 36.691414 
523658530948583 65.681961 183.974640 36.850979 
523658551302073 65.403954 184.677902 38.084221 
523658570924209 66.800713 186.306351 35.919151 
523658590924625 67.008644 188.317932 36.533520 
523658610917906 65.211845 189.564667 36.090450 
523658630924313 65.181992 188.562607 35.475033 
523658650924209 67.045227 190.341721 34.228111 
523658670924312 66.433540 190.181030 34.387684 
523658690923791 65.683365 190.591690 34.395214 
523658710917489 65.338936 188.709442 35.627369 
523658730924104 66.908745 190.911377 34.383572 
523658750923843 66.606926 191.047775 34.232822 
523658770923479 64.024727 191.414139 33.489243 
523658790923635 64.916069 190.136246 35.171131 
523658810923895 66.484871 192.339066 33.773579 
523658830924209 65.716576 191.884445 34.395752 
523658850917750 66.335953 191.745056 36.542309 
523658870918739 65.891640 192.896576 33.933453 
523658890937177 66.182732 192.622513 33.007889 
523658911243115 66.657257 193.206665 33.464970 
523658930917177 68.639526 193.256744 33.907112 
523658951149937 68.023804 192.659134 35.142754 
523658970918428 67.417137 192.494171 36.071072 
523658990916552 68.578796 190.813141 34.213593 
523659010919573 70.271317 190.989365 36.349979 
523659030925667 68.806168 193.101761 36.673080 
523659050923688 68.187454 192.947052 35.756401 
523659070924260 71.060722 191.425995 38.956562 
523659090921761 68.045265 193.374771 35.604298 
523659110917853 70.520508 194.727219 36.503822 
523659130923323 70.113708 191.136658 34.967762 
523659150923740 69.597282 194.564392 35.590080 
523659170917229 68.198212 193.965363 33.450569 
523659190924624 67.864853 192.514008 34.682911 
523659210919937 68.780022 192.683655 34.366653 
523659230924938 69.254234 193.855194 32.517719 
523659250919209 66.634445 192.198624 33.925800 
523659271197125 67.862854 192.956055 32.684341 
523659290964260 67.988258 191.955475 32.528698 
523659310917385 67.095558 192.500610 33.460262 
523659330923219 67.384277 191.494675 34.994400 
523659350923166 69.496994 190.980225 34.358582 
523659370922750 67.978531 191.376648 33.297211 
523659390924417 67.947006 190.229233 32.989231 
523659410918375 67.231697 191.637680 34.380932 
523659430925250 66.576080 190.046585 33.463650 
523659450925510 68.861824 189.665283 35.440170 
523659470924834 68.098579 190.087082 33.448952 
523659490925355 70.153618 192.570496 35.429611 
523659510919000 71.524185 192.019547 37.722393 
523659530925250 72.958847 194.643234 37.402740 
523659550924104 74.096054 197.693161 36.471210 
523659570924260 68.779366 197.541153 38.367661 
523659590919052 69.072449 196.825058 39.440670 
523659610920354 66.329956 197.194199 37.468563 
523659631154781 65.603249 198.318802 38.245144 
523659650971448 71.073227 199.354645 33.118832 
523659670923947 71.921310 196.792572 33.262680 
523659690923583 72.629562 194.949768 32.485798 
523659710920666 72.812012 196.249161 32.023621 
523659730925822 70.221741 195.741684 33.432182 
523659750924624 72.057800 196.222931 33.107220 
523659770924000 71.873344 194.925247 33.261898 
523659790924938 71.280457 195.776016 32.345642 
523659810924155 71.879387 195.360443 32.493328 
523659830924729 72.054787 196.225494 32.645969 
523659850924833 70.501770 195.477051 30.815371 
523659870924312 69.578896 195.607498 28.825500 
523659890923948 67.944374 196.409378 31.609529 
523659910925093 68.525208 195.568878 30.680790 
523659930923791 69.288467 195.587418 30.980942 
523659951131395 70.227135 196.911331 29.742661 
523659970923844 71.171165 198.083878 29.888069 
523659991108427 71.663445 198.799698 32.497707 
523660010966813 71.917274 196.355652 34.338753 
523660030971916 74.868057 198.731689 34.158031 
523660050923427 74.868057 198.731689 34.158031 
523660070924156 73.522987 199.994873 32.941799 
523660090924052 75.957291 199.473969 34.916790 
523660110923843 75.377472 200.753967 34.308212 
523660130923478 73.752716 202.575012 34.632660 
523660150924468 75.131691 203.191177 33.697170 
523660170924051 72.374748 202.398361 34.030830 
523660190924104 70.211372 200.900970 34.819561 
523660210923844 70.557800 202.341202 35.585968 
523660217750823 69.653030 202.896591 34.672531 
523660230923323 69.653030 202.896591 34.672531 
523660250923427 69.011818 201.586777 34.831619 
523660270924312 66.833702 199.955170 33.929043 
523660290924156 69.579231 200.023788 34.671333 
523660310924416 70.225441 200.889008 36.972061 
523660330924208 69.712349 199.163437 35.130753 
523660351058061 70.949150 200.207306 34.043159 
523660371058061 71.822075 199.091904 32.342613 
523660390955354 72.616188 200.111633 33.411930 
523660410926290 70.490387 200.196869 33.740070 
523660430923947 71.820061 199.093613 32.035110 
523660450923583 72.273102 198.521790 33.721710 
523660470923322 71.829109 199.085922 33.418861 
523660490923270 72.636993 201.121384 32.643600 
523660510923999 71.284531 202.097260 31.427250 
523660530924104 69.702644 199.465256 32.517120 
523660550924156 70.283478 198.624741 31.588379 
523660570923790 67.225052 197.821259 32.386230 
523660590924469 64.673363 198.895569 33.487949 
523660610923583 59.156776 196.725113 36.000031 
523660630923530 54.280727 195.718307 38.814209 
523660650923583 53.349106 194.828720 39.437672 
523660670924364 51.807133 193.630554 40.989391 
523660690917593 52.868191 193.516129 40.825291 
523660711036708 51.670303 193.906952 42.220982 
523660717866031 52.994926 191.927307 43.129410 
523660731579573 52.994926 191.927307 43.129410 
523660750923530 53.306160 192.957123 40.205643 
523660770924468 51.022064 192.603119 41.303822 
523660790923895 48.409325 191.380875 42.097080 
523660810917958 47.649437 192.093338 39.490982 
523660830925822 44.447491 191.865524 39.368038 
523660850925406 41.274406 193.080933 38.015701 
523660870924572 41.079540 191.058212 39.400082 
523660890925040 37.734737 191.111893 39.586231 
523660910918167 39.849136 190.742828 38.642971 
523660930924104 42.161388 191.513214 40.158718 
523660951131134 38.988647 193.021881 37.730251 
523660970923895 37.798485 193.993256 38.049931 
523660990923895 38.604679 195.443054 39.273182 
523661010924259 39.320988 194.033752 38.035233 
523661030925979 39.369301 196.194336 36.959881 
523661050925093 39.032925 194.745560 37.730972 
523661070963947 37.335033 193.840042 37.593029 
523661090963947 36.541275 193.553894 33.756512 
523661110918478 37.199203 189.552216 33.747482 
523661130924050 35.131454 187.813492 27.000870 
523661150924416 34.668976 182.215393 24.848970 
523661170924103 35.350037 178.634399 26.685122 
523661190923322 33.954990 178.472260 23.469540 
523661210924572 33.951618 177.741226 25.775490 
523661230925510 33.766518 177.178009 23.009220 
523661250923738 35.323891 178.216309 24.378689 
523661270924572 32.412678 176.980835 26.097391 
523661290924208 34.077030 176.740646 25.619850 
523661310917645 33.126663 180.723969 27.476822 
523661330918218 33.044506 183.008759 29.170502 
523661350918270 34.140766 183.745041 31.005510 
523661370917437 35.735023 185.779404 34.066650 
523661390917384 39.000374 188.595337 33.729420 
523661410918531 39.968536 190.187683 35.873760 
523661430943635 41.255959 192.362732 38.015400 
523661450943531 44.330822 193.886108 36.910351 
523661470917540 47.100479 194.374527 39.651569 
523661490918479 48.676319 196.571335 39.330269 
523661510917280 50.061314 196.742035 41.008350 
523661530923739 51.437943 197.066635 40.841492 
523661550916759 51.101234 195.764908 40.997643 
523661570923374 52.497643 196.659760 41.599770 
523661590923269 52.921516 195.232101 42.209763 
523661610917957 52.654591 196.806610 41.752110 
523661630923529 53.883663 197.269928 41.740532 
523661650924623 52.635796 195.795151 42.827942 
523661670924104 49.575722 195.726959 40.551090 
523661690924729 49.431179 195.863129 41.167618 
523661710925406 46.943539 194.227692 39.499233 
523661730919416 44.507206 194.309967 38.907810 
523661750920093 42.109756 190.382904 36.775742 
523661770919468 38.078148 187.991318 34.660503 
523661790922696 37.523792 184.539505 33.279720 
523661810922801 37.295055 181.518173 33.433681 
523661830919363 37.841988 178.798355 34.656662 
523661850917853 37.254120 179.644867 34.509151 
523661870920301 40.091854 177.420151 35.095261 
523661890919832 39.653210 177.832932 36.176102 
523661910918635 40.124374 178.126389 37.248062 
523661930924312 41.627430 177.889862 35.388241 
523661951130300 42.122746 179.043442 36.768063 
523661970923582 40.300770 178.990570 37.554451 
523661990924363 41.881996 181.916687 35.234699 
523662010918791 41.144218 182.610367 36.011101 
523662030926446 42.571144 184.213181 38.458530 
523662050926186 44.605064 186.274231 38.901508 
523662070924624 43.704647 186.679123 39.218014 
523662090923843 45.305626 189.294891 41.049393 
523662110925822 45.773792 190.031219 39.969032 
523662130924312 46.880806 191.785812 39.498211 
523662150948426 44.733192 190.862152 40.440929 
523662170948114 47.008888 190.489426 40.879951 
523662190926655 45.924690 189.742874 40.889938 
523662210919207 45.142994 189.446472 38.898418 
523662230918269 46.978035 189.488220 40.110779 
523662250924676 46.213768 189.470535 39.656879 
523662270924571 44.712074 190.439789 38.903248 
523662290924102 44.194294 188.571426 36.908131 
523662310924155 41.516521 190.940414 36.935612 
523662330924103 38.204269 192.580963 35.892418 
523662350924051 32.696461 192.311203 32.409031 
523662370923947 31.862432 189.857620 30.877861 
523662390924050 27.022305 191.168701 30.156750 
523662410923633 23.528957 191.802307 28.653360 
523662430923895 21.689896 191.763962 26.826002 
523662450924207 21.678825 191.333038 26.825821 
523662470923582 21.530281 191.912949 25.136280 
523662490923895 23.644979 190.516144 28.190100 
523662510950197 26.700390 191.322189 26.931002 
523662531339780 30.214201 191.405075 28.742189 
523662550924467 34.173031 191.363327 29.318911 
523662570923582 37.209633 190.717575 30.826710 
523662590922957 33.447315 192.046738 31.940310 
523662610916811 27.082682 193.319031 30.926401 
523662630923583 27.082682 193.319031 30.926401 
523662650923530 28.882172 192.216797 31.215780 
523662670923217 27.567600 194.187881 31.844851 
523662690923426 27.411991 193.893112 32.461201 
523662710923270 28.756079 193.071152 31.832609 
523662717869676 25.699665 192.265976 32.937958 
523662730923530 25.699665 192.265976 32.937958 
523662750925353 27.418036 194.328323 31.692631 
523662770923842 27.277515 194.461075 32.924160 
523662790917801 24.955875 193.405106 31.100790 
523662810929884 25.907597 194.277573 33.552330 
523662830923373 27.281549 194.897980 31.848089 
523662850923998 27.403952 193.899948 31.231199 
523662870937436 26.485756 193.732880 31.086210 
523662891292800 25.752016 194.863464 30.786541 
523662910917956 26.063896 195.158844 30.783720 
523662930923634 23.752291 193.653992 32.188923 
523662951131082 24.772724 191.078873 35.406300 
523662970924051 27.303242 187.820908 39.531181 
523662990919675 34.106491 185.255203 42.846390 
523663010923321 35.329533 185.723648 41.912312 
523663030923478 36.790321 183.761734 40.359272 
523663050923686 28.064476 182.837479 35.984009 
523663070923583 25.494015 183.780945 34.779423 
523663090916551 24.831707 182.489090 31.709761 
523663110917070 23.813265 184.622177 30.490950 
523663130923841 23.808901 184.332336 30.952080 
523663150916811 22.622776 185.740616 30.195690 
523663170916967 21.898426 187.156754 30.203640 
523663190917331 22.254915 189.028763 30.816481 
523663210926133 21.677116 190.307037 30.515400 
523663217923477 24.252932 189.212234 33.103680 
523663230918061 24.252932 189.212234 33.103680 
523663251259207 24.646950 186.782501 33.098251 
523663270918530 24.705660 189.227798 32.484272 
523663290923738 23.950455 189.642746 31.723051 
523663310918842 21.829695 190.164017 31.128870 
523663330917280 25.721762 187.243469 32.780643 
523663350918009 27.382757 186.712616 32.917980 
523663370923165 22.529205 187.301208 32.965321 
523663390925196 20.220316 186.821503 30.834690 
523663410924311 20.427586 189.127228 30.219181 
523663430923946 21.828329 189.431290 33.742321 
523663450923947 20.002697 190.115417 31.146509 
523663470923946 20.784750 191.145416 30.370831 
523663490923738 18.675406 192.390900 28.700701 
523663510921290 16.373205 191.611954 28.722450 
523663530924206 15.445951 191.012238 28.884781 
523663550924416 11.577360 194.646713 28.002060 
523663570925561 11.803036 191.786285 27.229170 
523663590917175 10.279545 192.186966 25.399052 
523663611210196 9.495166 191.746048 23.561220 
523663630970874 8.703404 191.017853 21.723270 
523663650923842 7.840560 193.005371 21.579180 
523663670923790 4.624200 192.496246 20.379871 
523663690923633 4.446795 191.632919 19.919729 
523663710918477 5.045400 191.364410 19.452480 
523663730924311 5.572546 188.074326 19.906469 
523663750923946 9.108840 189.312317 20.641890 
523663770923477 10.449915 188.492905 19.552052 
523663790923009 11.730975 190.820145 20.156252 
523663810917749 7.882800 189.286758 19.423651 
523663830923217 2.420595 190.152420 18.400740 
523663850917019 1.599675 193.572052 19.026001 
523663870924311 1.191885 194.986053 20.876009 
523663890924415 0.304905 196.553772 18.732990 
523663910923842 1.077855 195.830170 23.337841 
523663930923685 4.216440 199.354233 24.078630 
523663951124780 2.552085 199.594406 24.556170 
523663971154415 -0.186060 199.813065 23.813999 
523663990971447 -2.294730 201.204727 21.682680 
523664010917748 -5.633145 201.986877 20.024130 
523664030924206 -9.888076 202.747284 17.913149 
523664050924102 -15.968309 204.044769 13.821301 
523664070924049 -18.173925 201.702652 11.534671 
523664090924310 -19.145084 200.553192 7.238010 
523664110917540 -20.721167 201.145370 -3.202050 
523664130923581 -18.699661 197.919724 -7.067760 
523664150926029 -17.075850 197.420502 -12.619170 
523664170923738 -15.982245 194.329575 -19.243500 
523664190924051 -12.420780 192.303802 -24.968430 
523664210920404 -8.038036 187.591995 -34.085819 
523664230917644 -3.876270 185.883392 -42.276512 
523664250917904 -0.356070 182.131378 -47.540909 
523664270923582 3.656085 179.242249 -50.810612 
523664290924363 9.215580 177.840271 -55.939411 
523664310919154 15.846195 176.755630 -61.385880 
523664331105560 22.503647 176.675629 -66.678185 
523664350965195 31.593706 175.489075 -67.996979 
523664370965040 35.363056 174.153931 -68.034332 
523664390917748 39.148502 173.245422 -67.302750 
523664410918112 38.647472 171.509583 -67.299057 
523664430917904 36.179264 170.151169 -67.122330 
523664450923529 35.317368 165.813171 -65.579285 
523664470923842 35.212395 167.089920 -63.424770 
523664490924155 34.348846 163.487213 -64.956421 
523664510917591 34.011795 161.892242 -63.724140 
523664530923424 32.607319 160.123535 -62.174129 
523664550924987 34.978893 157.160797 -60.200161 
523664570918894 36.645920 156.624802 -59.140320 
523664590917435 37.577190 157.221100 -58.687653 
523664610923164 39.716747 157.711288 -59.169300 
523664630921393 39.475605 154.406937 -59.784210 
523664650919153 40.373985 153.123077 -57.026070 
523664670920247 40.109070 154.695877 -57.176224 
523664691073425 41.443771 153.588333 -58.112431 
523664711073790 40.101692 154.408600 -57.176342 
523664730956081 41.333115 155.163467 -57.956554 
523664750918425 42.058487 154.186783 -59.501823 
523664770935039 42.191597 152.886108 -57.351330 
523664790918789 42.076260 154.758789 -59.040333 
523664810918946 41.300251 154.163971 -59.033222 
523664830919207 41.889454 153.169571 -58.117020 
523664850924674 43.427029 153.197235 -55.825470 
523664870924050 43.839165 151.632782 -56.445541 
523664890917175 43.568550 153.063644 -56.903248 
523664910918321 42.910576 151.180969 -57.051903 
523664930919467 44.337837 153.077057 -55.680603 
523664951125456 45.358650 151.675842 -56.921490 
523664970918320 44.131596 151.210800 -56.602409 
523664990918372 42.939423 152.183884 -56.590229 
523665010918633 42.007141 151.588440 -57.196651 
523665030931342 44.478348 152.503967 -55.221062 
523665051000352 41.557426 151.570313 -56.115990 
523665071000716 41.273399 152.719009 -57.496323 
523665090920456 43.534321 151.331406 -55.366470 
523665110920300 42.655727 153.185532 -57.355621 
523665130920195 43.878075 153.067474 -56.137440 
523665150917696 42.647327 152.458786 -55.818420 
523665170923529 42.944447 152.179611 -55.821480 
523665190923946 41.856888 151.142365 -55.196613 
523665210917696 42.295856 150.582504 -55.662514 
523665230925404 42.717720 149.156570 -55.360020 
523665250919310 42.717720 149.156570 -55.360020 
523665270923893 42.919605 150.732956 -53.977081 
523665290924206 43.345501 149.743896 -54.750660 
523665310918113 43.066154 150.595062 -54.286110 
523665330924519 42.290833 150.586777 -56.431263 
523665350926289 43.551750 151.610153 -53.828850 
523665370926341 42.918617 151.174133 -55.821899 
523665390925663 42.621498 151.453308 -55.818840 
523665410992018 40.475895 150.527924 -54.568619 
