# Created at Thu Nov 07 18:46:52 EST 2019 in Burnaby Canada 
523656910918740 45.002232 190.324265 -6.960118 
523656930925616 45.002232 190.324265 -6.960118 
523656951124469 45.002232 190.324265 -6.960118 
523656970923272 45.002232 190.324265 -6.960118 
523656990923063 45.002232 190.324265 -6.960118 
523657010917177 45.002232 190.324265 -6.960118 
523657030923844 45.002232 190.324265 -6.960118 
523657050924210 45.002232 190.324265 -6.960118 
523657070924002 45.002232 190.324265 -6.960118 
523657090924938 45.002232 190.324265 -6.960118 
523657110925042 45.002232 190.324265 -6.960118 
523657130923949 45.002232 190.324265 -6.960118 
523657150923583 45.002232 190.324265 -6.960118 
523657170923428 45.002232 190.324265 -6.960118 
523657190923740 45.002232 190.324265 -6.960118 
523657210923324 45.002232 190.324265 -6.960118 
523657230923376 45.002232 190.324265 -6.960118 
523657250923532 45.002232 190.324265 -6.960118 
523657270923323 45.002232 190.324265 -6.960118 
523657290923687 45.002232 190.324265 -6.960118 
523657310917751 45.002232 190.324265 -6.960118 
523657330923376 45.002232 190.324265 -6.960118 
523657350923480 45.002232 190.324265 -6.960118 
523657370923272 45.002232 190.324265 -6.960118 
523657390924729 45.002232 190.324265 -6.960118 
523657410923635 45.002232 190.324265 -6.960118 
523657430923063 45.002232 190.324265 -6.960118 
523657450923845 45.002232 190.324265 -6.960118 
523657470923949 45.002232 190.324265 -6.960118 
523657490924105 45.002232 190.324265 -6.960118 
523657510925615 45.002232 190.324265 -6.960118 
523657530922855 45.002232 190.324265 -6.960118 
523657550923635 45.002232 190.324265 -6.960118 
523657570923219 45.002232 190.324265 -6.960118 
523657590924001 45.002232 190.324265 -6.960118 
523657610919053 45.002232 190.324265 -6.960118 
523657630925095 45.002232 190.324265 -6.960118 
523657650925563 45.002232 190.324265 -6.960118 
523657670923428 45.002232 190.324265 -6.960118 
523657690916813 45.002232 190.324265 -6.960118 
523657710921449 45.002232 190.324265 -6.960118 
523657718198740 45.002232 190.324265 -6.960118 
523657730916969 45.002232 190.324265 -6.960118 
523657750918166 45.002232 190.324265 -6.960118 
523657770920460 45.002232 190.324265 -6.960118 
523657790930198 45.002232 190.324265 -6.960118 
523657810920511 45.002232 190.324265 -6.960118 
523657830918115 45.002232 190.324265 -6.960118 
523657850918323 45.002232 190.324265 -6.960118 
523657870919990 45.002232 190.324265 -6.960118 
523657890920250 45.002232 190.324265 -6.960118 
523657910919000 45.002232 190.324265 -6.960118 
523657930924781 45.002232 190.324265 -6.960118 
523657951133063 45.002232 190.324265 -6.960118 
523657970926084 45.002232 190.324265 -6.960118 
523657990925251 45.002232 190.324265 -6.960118 
523658010918689 45.002232 190.324265 -6.960118 
523658030924885 45.002232 190.324265 -6.960118 
523658050924833 45.002232 190.324265 -6.960118 
523658070924208 45.002232 190.324265 -6.960118 
523658090917385 45.002232 190.324265 -6.960118 
523658110921709 45.002232 190.324265 -6.960118 
523658130918792 45.002232 190.324265 -6.960118 
523658150919104 45.002232 190.324265 -6.960118 
523658170932542 45.002232 190.324265 -6.960118 
523658190932647 45.002232 190.324265 -6.960118 
523658210918636 45.002232 190.324265 -6.960118 
523658217874469 45.002232 190.324265 -6.960118 
523658230933688 45.002232 190.324265 -6.960118 
523658250917178 45.002232 190.324265 -6.960118 
523658270917437 45.002232 190.324265 -6.960118 
523658290924104 45.002232 190.324265 -6.960118 
523658310919833 45.002232 190.324265 -6.960118 
523658330924105 45.002232 190.324265 -6.960118 
523658350924678 45.002232 190.324265 -6.960118 
523658370924000 45.002232 190.324265 -6.960118 
523658390923948 45.002232 190.324265 -6.960118 
523658410917855 45.002232 190.324265 -6.960118 
523658430924364 45.002232 190.324265 -6.960118 
523658450923583 45.002232 190.324265 -6.960118 
523658470923896 45.002232 190.324265 -6.960118 
523658490923895 45.002232 190.324265 -6.960118 
523658510917855 45.002232 190.324265 -6.960118 
523658530948583 45.002232 190.324265 -6.960118 
523658551302073 45.002232 190.324265 -6.960118 
523658570924209 45.002232 190.324265 -6.960118 
523658590924625 45.002232 190.324265 -6.960118 
523658610917906 45.002232 190.324265 -6.960118 
523658630924313 45.002232 190.324265 -6.960118 
523658650924209 45.002232 190.324265 -6.960118 
523658670924312 45.002232 190.324265 -6.960118 
523658690923791 45.002232 190.324265 -6.960118 
523658710917489 45.002232 190.324265 -6.960118 
523658730924104 45.002232 190.324265 -6.960118 
523658750923843 45.002232 190.324265 -6.960118 
523658770923479 45.002232 190.324265 -6.960118 
523658790923635 45.002232 190.324265 -6.960118 
523658810923895 45.002232 190.324265 -6.960118 
523658830924209 45.002232 190.324265 -6.960118 
523658850917750 45.002232 190.324265 -6.960118 
523658870918739 45.002232 190.324265 -6.960118 
523658890937177 45.002232 190.324265 -6.960118 
523658911243115 45.002232 190.324265 -6.960118 
523658930917177 45.002232 190.324265 -6.960118 
523658951149937 45.002232 190.324265 -6.960118 
523658970918428 45.002232 190.324265 -6.960118 
523658990916552 45.002232 190.324265 -6.960118 
523659010919573 45.002232 190.324265 -6.960118 
523659030925667 45.002232 190.324265 -6.960118 
523659050923688 45.002232 190.324265 -6.960118 
523659070924260 45.002232 190.324265 -6.960118 
523659090921761 45.002232 190.324265 -6.960118 
523659110917853 45.002232 190.324265 -6.960118 
523659130923323 45.002232 190.324265 -6.960118 
523659150923740 45.002232 190.324265 -6.960118 
523659170917229 45.002232 190.324265 -6.960118 
523659190924624 45.002232 190.324265 -6.960118 
523659210919937 45.002232 190.324265 -6.960118 
523659230924938 45.002232 190.324265 -6.960118 
523659250919209 45.002232 190.324265 -6.960118 
523659271197125 45.002232 190.324265 -6.960118 
523659290964260 45.002232 190.324265 -6.960118 
523659310917385 45.002232 190.324265 -6.960118 
523659330923219 45.002232 190.324265 -6.960118 
523659350923166 45.002232 190.324265 -6.960118 
523659370922750 45.002232 190.324265 -6.960118 
523659390924417 45.002232 190.324265 -6.960118 
523659410918375 45.002232 190.324265 -6.960118 
523659430925250 45.002232 190.324265 -6.960118 
523659450925510 45.002232 190.324265 -6.960118 
523659470924834 45.002232 190.324265 -6.960118 
523659490925355 45.002232 190.324265 -6.960118 
523659510919000 45.002232 190.324265 -6.960118 
523659530925250 45.002232 190.324265 -6.960118 
523659550924104 45.002232 190.324265 -6.960118 
523659570924260 45.002232 190.324265 -6.960118 
523659590919052 45.002232 190.324265 -6.960118 
523659610920354 45.002232 190.324265 -6.960118 
523659631154781 45.002232 190.324265 -6.960118 
523659650971448 45.002232 190.324265 -6.960118 
523659670923947 45.002232 190.324265 -6.960118 
523659690923583 45.002232 190.324265 -6.960118 
523659710920666 45.002232 190.324265 -6.960118 
523659730925822 45.002232 190.324265 -6.960118 
523659750924624 45.002232 190.324265 -6.960118 
523659770924000 45.002232 190.324265 -6.960118 
523659790924938 45.002232 190.324265 -6.960118 
523659810924155 45.002232 190.324265 -6.960118 
523659830924729 45.002232 190.324265 -6.960118 
523659850924833 45.002232 190.324265 -6.960118 
523659870924312 45.002232 190.324265 -6.960118 
523659890923948 45.002232 190.324265 -6.960118 
523659910925093 45.002232 190.324265 -6.960118 
523659930923791 45.002232 190.324265 -6.960118 
523659951131395 45.002232 190.324265 -6.960118 
523659970923844 45.002232 190.324265 -6.960118 
523659991108427 45.002232 190.324265 -6.960118 
523660010966813 45.002232 190.324265 -6.960118 
523660030971916 45.002232 190.324265 -6.960118 
523660050923427 45.002232 190.324265 -6.960118 
523660070924156 45.002232 190.324265 -6.960118 
523660090924052 45.002232 190.324265 -6.960118 
523660110923843 45.002232 190.324265 -6.960118 
523660130923478 45.002232 190.324265 -6.960118 
523660150924468 45.002232 190.324265 -6.960118 
523660170924051 45.002232 190.324265 -6.960118 
523660190924104 45.002232 190.324265 -6.960118 
523660210923844 45.002232 190.324265 -6.960118 
523660217750823 45.002232 190.324265 -6.960118 
523660230923323 45.002232 190.324265 -6.960118 
523660250923427 45.002232 190.324265 -6.960118 
523660270924312 45.002232 190.324265 -6.960118 
523660290924156 45.002232 190.324265 -6.960118 
523660310924416 45.002232 190.324265 -6.960118 
523660330924208 45.002232 190.324265 -6.960118 
523660351058061 45.002232 190.324265 -6.960118 
523660371058061 45.002232 190.324265 -6.960118 
523660390955354 45.002232 190.324265 -6.960118 
523660410926290 45.002232 190.324265 -6.960118 
523660430923947 45.002232 190.324265 -6.960118 
523660450923583 45.002232 190.324265 -6.960118 
523660470923322 45.002232 190.324265 -6.960118 
523660490923270 45.002232 190.324265 -6.960118 
523660510923999 45.002232 190.324265 -6.960118 
523660530924104 45.002232 190.324265 -6.960118 
523660550924156 45.002232 190.324265 -6.960118 
523660570923790 45.002232 190.324265 -6.960118 
523660590924469 45.002232 190.324265 -6.960118 
523660610923583 45.002232 190.324265 -6.960118 
523660630923530 45.002232 190.324265 -6.960118 
523660650923583 45.002232 190.324265 -6.960118 
523660670924364 45.002232 190.324265 -6.960118 
523660690917593 45.002232 190.324265 -6.960118 
523660711036708 45.002232 190.324265 -6.960118 
523660717866031 45.002232 190.324265 -6.960118 
523660731579573 45.002232 190.324265 -6.960118 
523660750923530 45.002232 190.324265 -6.960118 
523660770924468 45.002232 190.324265 -6.960118 
523660790923895 45.002232 190.324265 -6.960118 
523660810917958 45.002232 190.324265 -6.960118 
523660830925822 45.002232 190.324265 -6.960118 
523660850925406 45.002232 190.324265 -6.960118 
523660870924572 45.002232 190.324265 -6.960118 
523660890925040 45.002232 190.324265 -6.960118 
523660910918167 45.002232 190.324265 -6.960118 
523660930924104 45.002232 190.324265 -6.960118 
523660951131134 45.002232 190.324265 -6.960118 
523660970923895 45.002232 190.324265 -6.960118 
523660990923895 45.002232 190.324265 -6.960118 
523661010924259 45.002232 190.324265 -6.960118 
523661030925979 45.002232 190.324265 -6.960118 
523661050925093 45.002232 190.324265 -6.960118 
523661070963947 45.002232 190.324265 -6.960118 
523661090963947 45.002232 190.324265 -6.960118 
523661110918478 45.002232 190.324265 -6.960118 
523661130924050 45.002232 190.324265 -6.960118 
523661150924416 45.002232 190.324265 -6.960118 
523661170924103 45.002232 190.324265 -6.960118 
523661190923322 45.002232 190.324265 -6.960118 
523661210924572 45.002232 190.324265 -6.960118 
523661230925510 45.002232 190.324265 -6.960118 
523661250923738 45.002232 190.324265 -6.960118 
523661270924572 45.002232 190.324265 -6.960118 
523661290924208 45.002232 190.324265 -6.960118 
523661310917645 45.002232 190.324265 -6.960118 
523661330918218 45.002232 190.324265 -6.960118 
523661350918270 45.002232 190.324265 -6.960118 
523661370917437 45.002232 190.324265 -6.960118 
523661390917384 45.002232 190.324265 -6.960118 
523661410918531 45.002232 190.324265 -6.960118 
523661430943635 45.002232 190.324265 -6.960118 
523661450943531 45.002232 190.324265 -6.960118 
523661470917540 45.002232 190.324265 -6.960118 
523661490918479 45.002232 190.324265 -6.960118 
523661510917280 45.002232 190.324265 -6.960118 
523661530923739 45.002232 190.324265 -6.960118 
523661550916759 45.002232 190.324265 -6.960118 
523661570923374 45.002232 190.324265 -6.960118 
523661590923269 45.002232 190.324265 -6.960118 
523661610917957 45.002232 190.324265 -6.960118 
523661630923529 45.002232 190.324265 -6.960118 
523661650924623 45.002232 190.324265 -6.960118 
523661670924104 45.002232 190.324265 -6.960118 
523661690924729 45.002232 190.324265 -6.960118 
523661710925406 45.002232 190.324265 -6.960118 
523661730919416 45.002232 190.324265 -6.960118 
523661750920093 45.002232 190.324265 -6.960118 
523661770919468 45.002232 190.324265 -6.960118 
523661790922696 45.002232 190.324265 -6.960118 
523661810922801 45.002232 190.324265 -6.960118 
523661830919363 45.002232 190.324265 -6.960118 
523661850917853 45.002232 190.324265 -6.960118 
523661870920301 45.002232 190.324265 -6.960118 
523661890919832 45.002232 190.324265 -6.960118 
523661910918635 45.002232 190.324265 -6.960118 
523661930924312 45.002232 190.324265 -6.960118 
523661951130300 45.002232 190.324265 -6.960118 
523661970923582 45.002232 190.324265 -6.960118 
523661990924363 45.002232 190.324265 -6.960118 
523662010918791 45.002232 190.324265 -6.960118 
523662030926446 45.002232 190.324265 -6.960118 
523662050926186 45.002232 190.324265 -6.960118 
523662070924624 45.002232 190.324265 -6.960118 
523662090923843 45.002232 190.324265 -6.960118 
523662110925822 45.002232 190.324265 -6.960118 
523662130924312 45.002232 190.324265 -6.960118 
523662150948426 45.002232 190.324265 -6.960118 
523662170948114 45.002232 190.324265 -6.960118 
523662190926655 45.002232 190.324265 -6.960118 
523662210919207 45.002232 190.324265 -6.960118 
523662230918269 45.002232 190.324265 -6.960118 
523662250924676 45.002232 190.324265 -6.960118 
523662270924571 45.002232 190.324265 -6.960118 
523662290924102 45.002232 190.324265 -6.960118 
523662310924155 45.002232 190.324265 -6.960118 
523662330924103 45.002232 190.324265 -6.960118 
523662350924051 45.002232 190.324265 -6.960118 
523662370923947 45.002232 190.324265 -6.960118 
523662390924050 45.002232 190.324265 -6.960118 
523662410923633 45.002232 190.324265 -6.960118 
523662430923895 45.002232 190.324265 -6.960118 
523662450924207 45.002232 190.324265 -6.960118 
523662470923582 45.002232 190.324265 -6.960118 
523662490923895 45.002232 190.324265 -6.960118 
523662510950197 45.002232 190.324265 -6.960118 
523662531339780 45.002232 190.324265 -6.960118 
523662550924467 45.002232 190.324265 -6.960118 
523662570923582 45.002232 190.324265 -6.960118 
523662590922957 45.002232 190.324265 -6.960118 
523662610916811 45.002232 190.324265 -6.960118 
523662630923583 45.002232 190.324265 -6.960118 
523662650923530 45.002232 190.324265 -6.960118 
523662670923217 45.002232 190.324265 -6.960118 
523662690923426 45.002232 190.324265 -6.960118 
523662710923270 45.002232 190.324265 -6.960118 
523662717869676 45.002232 190.324265 -6.960118 
523662730923530 45.002232 190.324265 -6.960118 
523662750925353 45.002232 190.324265 -6.960118 
523662770923842 45.002232 190.324265 -6.960118 
523662790917801 45.002232 190.324265 -6.960118 
523662810929884 45.002232 190.324265 -6.960118 
523662830923373 45.002232 190.324265 -6.960118 
523662850923998 45.002232 190.324265 -6.960118 
523662870937436 45.002232 190.324265 -6.960118 
523662891292800 45.002232 190.324265 -6.960118 
523662910917956 45.002232 190.324265 -6.960118 
523662930923634 45.002232 190.324265 -6.960118 
523662951131082 45.002232 190.324265 -6.960118 
523662970924051 45.002232 190.324265 -6.960118 
523662990919675 45.002232 190.324265 -6.960118 
523663010923321 45.002232 190.324265 -6.960118 
523663030923478 45.002232 190.324265 -6.960118 
523663050923686 45.002232 190.324265 -6.960118 
523663070923583 45.002232 190.324265 -6.960118 
523663090916551 45.002232 190.324265 -6.960118 
523663110917070 45.002232 190.324265 -6.960118 
523663130923841 45.002232 190.324265 -6.960118 
523663150916811 45.002232 190.324265 -6.960118 
523663170916967 45.002232 190.324265 -6.960118 
523663190917331 45.002232 190.324265 -6.960118 
523663210926133 45.002232 190.324265 -6.960118 
523663217923477 45.002232 190.324265 -6.960118 
523663230918061 45.002232 190.324265 -6.960118 
523663251259207 45.002232 190.324265 -6.960118 
523663270918530 45.002232 190.324265 -6.960118 
523663290923738 45.002232 190.324265 -6.960118 
523663310918842 45.002232 190.324265 -6.960118 
523663330917280 45.002232 190.324265 -6.960118 
523663350918009 45.002232 190.324265 -6.960118 
523663370923165 45.002232 190.324265 -6.960118 
523663390925196 45.002232 190.324265 -6.960118 
523663410924311 45.002232 190.324265 -6.960118 
523663430923946 45.002232 190.324265 -6.960118 
523663450923947 45.002232 190.324265 -6.960118 
523663470923946 45.002232 190.324265 -6.960118 
523663490923738 45.002232 190.324265 -6.960118 
523663510921290 45.002232 190.324265 -6.960118 
523663530924206 45.002232 190.324265 -6.960118 
523663550924416 45.002232 190.324265 -6.960118 
523663570925561 45.002232 190.324265 -6.960118 
523663590917175 45.002232 190.324265 -6.960118 
523663611210196 45.002232 190.324265 -6.960118 
523663630970874 45.002232 190.324265 -6.960118 
523663650923842 45.002232 190.324265 -6.960118 
523663670923790 45.002232 190.324265 -6.960118 
523663690923633 45.002232 190.324265 -6.960118 
523663710918477 45.002232 190.324265 -6.960118 
523663730924311 45.002232 190.324265 -6.960118 
523663750923946 45.002232 190.324265 -6.960118 
523663770923477 45.002232 190.324265 -6.960118 
523663790923009 45.002232 190.324265 -6.960118 
523663810917749 45.002232 190.324265 -6.960118 
523663830923217 45.002232 190.324265 -6.960118 
523663850917019 45.002232 190.324265 -6.960118 
523663870924311 45.002232 190.324265 -6.960118 
523663890924415 45.002232 190.324265 -6.960118 
523663910923842 45.002232 190.324265 -6.960118 
523663930923685 45.002232 190.324265 -6.960118 
523663951124780 45.002232 190.324265 -6.960118 
523663971154415 45.002232 190.324265 -6.960118 
523663990971447 45.002232 190.324265 -6.960118 
523664010917748 45.002232 190.324265 -6.960118 
523664030924206 45.002232 190.324265 -6.960118 
523664050924102 45.002232 190.324265 -6.960118 
523664070924049 45.002232 190.324265 -6.960118 
523664090924310 45.002232 190.324265 -6.960118 
523664110917540 45.002232 190.324265 -6.960118 
523664130923581 45.002232 190.324265 -6.960118 
523664150926029 45.002232 190.324265 -6.960118 
523664170923738 45.002232 190.324265 -6.960118 
523664190924051 45.002232 190.324265 -6.960118 
523664210920404 45.002232 190.324265 -6.960118 
523664230917644 45.002232 190.324265 -6.960118 
523664250917904 45.002232 190.324265 -6.960118 
523664270923582 45.002232 190.324265 -6.960118 
523664290924363 45.002232 190.324265 -6.960118 
523664310919154 45.002232 190.324265 -6.960118 
523664331105560 45.002232 190.324265 -6.960118 
523664350965195 45.002232 190.324265 -6.960118 
523664370965040 45.002232 190.324265 -6.960118 
523664390917748 45.002232 190.324265 -6.960118 
523664410918112 45.002232 190.324265 -6.960118 
523664430917904 45.002232 190.324265 -6.960118 
523664450923529 45.002232 190.324265 -6.960118 
523664470923842 45.002232 190.324265 -6.960118 
523664490924155 45.002232 190.324265 -6.960118 
523664510917591 45.002232 190.324265 -6.960118 
523664530923424 45.002232 190.324265 -6.960118 
523664550924987 45.002232 190.324265 -6.960118 
523664570918894 45.002232 190.324265 -6.960118 
523664590917435 45.002232 190.324265 -6.960118 
523664610923164 45.002232 190.324265 -6.960118 
523664630921393 45.002232 190.324265 -6.960118 
523664650919153 45.002232 190.324265 -6.960118 
523664670920247 45.002232 190.324265 -6.960118 
523664691073425 45.002232 190.324265 -6.960118 
523664711073790 45.002232 190.324265 -6.960118 
523664730956081 45.002232 190.324265 -6.960118 
523664750918425 45.002232 190.324265 -6.960118 
523664770935039 45.002232 190.324265 -6.960118 
523664790918789 45.002232 190.324265 -6.960118 
523664810918946 45.002232 190.324265 -6.960118 
523664830919207 45.002232 190.324265 -6.960118 
523664850924674 45.002232 190.324265 -6.960118 
523664870924050 45.002232 190.324265 -6.960118 
523664890917175 45.002232 190.324265 -6.960118 
523664910918321 45.002232 190.324265 -6.960118 
523664930919467 45.002232 190.324265 -6.960118 
523664951125456 45.002232 190.324265 -6.960118 
523664970918320 45.002232 190.324265 -6.960118 
523664990918372 45.002232 190.324265 -6.960118 
523665010918633 45.002232 190.324265 -6.960118 
523665030931342 45.002232 190.324265 -6.960118 
523665051000352 45.002232 190.324265 -6.960118 
523665071000716 45.002232 190.324265 -6.960118 
523665090920456 45.002232 190.324265 -6.960118 
523665110920300 45.002232 190.324265 -6.960118 
523665130920195 45.002232 190.324265 -6.960118 
523665150917696 45.002232 190.324265 -6.960118 
523665170923529 45.002232 190.324265 -6.960118 
523665190923946 45.002232 190.324265 -6.960118 
523665210917696 45.002232 190.324265 -6.960118 
523665230925404 45.002232 190.324265 -6.960118 
523665250919310 45.002232 190.324265 -6.960118 
523665270923893 45.002232 190.324265 -6.960118 
523665290924206 45.002232 190.324265 -6.960118 
523665310918113 45.002232 190.324265 -6.960118 
523665330924519 45.002232 190.324265 -6.960118 
523665350926289 45.002232 190.324265 -6.960118 
523665370926341 45.002232 190.324265 -6.960118 
523665390925663 45.002232 190.324265 -6.960118 
523665410992018 45.002232 190.324265 -6.960118 
