# Created at Thu Nov 07 17:58:44 EST 2019 in Burnaby Canada 
520768729276667 -0.057159 -0.810412 0.117527 0.571098 
520768749845000 -0.057202 -0.810464 0.117448 0.571036 
520768770413125 -0.057243 -0.810507 0.117387 0.570983 
520768790981510 -0.057299 -0.810536 0.117374 0.570939 
520768811550105 -0.057309 -0.810554 0.117343 0.570919 
520768832118490 -0.057321 -0.810549 0.117364 0.570920 
520768852686979 -0.057342 -0.810558 0.117364 0.570905 
520768873255365 -0.057337 -0.810560 0.117356 0.570905 
520768893823541 -0.057319 -0.810560 0.117338 0.570910 
520768914391927 -0.057304 -0.810557 0.117331 0.570918 
520768934960260 -0.057286 -0.810556 0.117317 0.570924 
520768955528645 -0.057274 -0.810553 0.117310 0.570930 
520768976097083 -0.057330 -0.810577 0.117310 0.570891 
520768996665259 -0.057377 -0.810602 0.117298 0.570854 
520769017233645 -0.057447 -0.810637 0.117283 0.570799 
520769037801926 -0.057478 -0.810674 0.117228 0.570755 
520769058370469 -0.057509 -0.810710 0.117176 0.570712 
520769078938854 -0.057485 -0.810691 0.117196 0.570737 
520769099507239 -0.057508 -0.810701 0.117195 0.570721 
520769120075729 -0.057567 -0.810743 0.117156 0.570663 
520769140644114 -0.057523 -0.810713 0.117183 0.570705 
520769161212708 -0.057504 -0.810691 0.117213 0.570731 
520769181781093 -0.057533 -0.810706 0.117207 0.570708 
520769202349635 -0.057581 -0.810730 0.117199 0.570671 
520769222917708 -0.057656 -0.810790 0.117133 0.570592 
520769243486353 -0.057713 -0.810828 0.117101 0.570539 
520769264054739 -0.057734 -0.810845 0.117082 0.570516 
520769284622708 -0.057741 -0.810853 0.117072 0.570507 
520769305191094 -0.057778 -0.810879 0.117046 0.570470 
520769325759427 -0.057804 -0.810890 0.117048 0.570453 
520769346327812 -0.057799 -0.810882 0.117062 0.570462 
520769366896250 -0.057772 -0.810867 0.117068 0.570484 
520769387464635 -0.057745 -0.810841 0.117102 0.570516 
520769408033020 -0.057712 -0.810817 0.117125 0.570550 
520769428601353 -0.057700 -0.810805 0.117140 0.570564 
520769449169948 -0.057719 -0.810825 0.117113 0.570540 
520769469738333 -0.057881 -0.810993 0.116888 0.570331 
520769490307187 -0.058162 -0.811332 0.116580 0.569884 
520769510875573 -0.058247 -0.811704 0.116316 0.569399 
520769531443853 -0.057779 -0.811892 0.116343 0.569173 
520769552012239 -0.057114 -0.811935 0.116513 0.569143 
520769572580312 -0.057159 -0.812010 0.116829 0.568967 
520769593148697 -0.056701 -0.811602 0.117707 0.569414 
520769613717552 -0.056404 -0.811197 0.118164 0.569925 
520769634285937 -0.056360 -0.811196 0.118145 0.569936 
520769654854010 -0.056042 -0.811194 0.118108 0.569978 
520769675422030 -0.055748 -0.810945 0.118385 0.570303 
520769695990416 -0.055631 -0.810653 0.118847 0.570633 
520769716560364 -0.055997 -0.810701 0.118842 0.570530 
520769737128749 -0.055546 -0.810441 0.119455 0.570815 
520769757697916 -0.055115 -0.810111 0.119955 0.571221 
520769778266041 -0.055073 -0.810012 0.120184 0.571317 
520769798832917 -0.055072 -0.810082 0.120359 0.571181 
520769819401354 -0.054814 -0.810003 0.120735 0.571239 
520769839969323 -0.054560 -0.809784 0.121035 0.571510 
520769860537708 -0.054588 -0.809716 0.120996 0.571612 
520769881107760 -0.054859 -0.809863 0.120705 0.571439 
520769901676146 -0.055011 -0.809943 0.120567 0.571340 
520769922243593 -0.055121 -0.809916 0.120493 0.571383 
520769942811979 -0.055277 -0.809907 0.120326 0.571417 
520769963380728 -0.055358 -0.809829 0.120186 0.571548 
520769983949114 -0.055454 -0.809726 0.120045 0.571714 
520770004516874 -0.055548 -0.809664 0.119834 0.571838 
520770025085260 -0.055631 -0.809588 0.119634 0.571980 
520770045654010 -0.055583 -0.809368 0.119603 0.572302 
520770066221665 -0.055672 -0.809176 0.119499 0.572586 
520770086789999 -0.055754 -0.809074 0.119308 0.572762 
520770107358384 -0.055554 -0.808837 0.119185 0.573142 
520770127926823 -0.055399 -0.808421 0.118983 0.573785 
520770148495208 -0.055477 -0.808055 0.118674 0.574357 
520770169063646 -0.055461 -0.807679 0.118516 0.574920 
520770189632238 -0.055951 -0.807663 0.118155 0.574969 
520770210200833 -0.055938 -0.808124 0.117779 0.574400 
520770230769374 -0.055451 -0.808044 0.117967 0.574520 
520770251340519 -0.055165 -0.807827 0.118167 0.574812 
520770271907917 -0.055783 -0.808419 0.117567 0.574043 
520770292476196 -0.056366 -0.809291 0.117001 0.572871 
520770313043437 -0.057467 -0.810937 0.115588 0.570717 
520770333611613 -0.056999 -0.811761 0.114701 0.569771 
520770354179687 -0.054090 -0.810122 0.114914 0.572338 
520770374747812 -0.053113 -0.805781 0.116705 0.578166 
520770395316094 -0.052891 -0.802680 0.116025 0.582620 
520770415884531 -0.053471 -0.800478 0.114934 0.585803 
520770436452968 -0.052926 -0.797641 0.113481 0.589991 
520770457021405 -0.053952 -0.796284 0.112178 0.591977 
520770477589790 -0.053750 -0.794825 0.110534 0.594261 
520770498158228 -0.052356 -0.792190 0.110830 0.597838 
520770518727498 -0.049610 -0.789269 0.110652 0.601954 
520770539295728 -0.056373 -0.788517 0.111819 0.602129 
520770559863488 -0.054273 -0.788181 0.115085 0.602147 
520770580431874 -0.053895 -0.788720 0.114733 0.601542 
520770601000259 -0.054537 -0.788273 0.115236 0.601973 
520770621568645 -0.054836 -0.787406 0.116596 0.602819 
520770642137499 -0.055673 -0.787343 0.116767 0.602791 
520770662705937 -0.056086 -0.787253 0.117094 0.602806 
520770683274322 -0.057064 -0.786356 0.118086 0.603692 
520770703843020 -0.058358 -0.784925 0.119540 0.605142 
520770724412968 -0.060204 -0.783459 0.121112 0.606548 
520770744981406 -0.061902 -0.782026 0.123067 0.607830 
520770765551561 -0.065407 -0.781933 0.123894 0.607415 
520770786117500 -0.067106 -0.782324 0.125364 0.606423 
520770806684583 -0.070070 -0.782358 0.128531 0.605381 
520770827252863 -0.072747 -0.781925 0.132185 0.604837 
520770847821353 -0.076159 -0.782000 0.135217 0.603648 
520770868389790 -0.080960 -0.783142 0.138775 0.600729 
520770888960104 -0.084292 -0.783969 0.141581 0.598534 
520770909529530 -0.085686 -0.784017 0.141260 0.598349 
520770930097187 -0.087271 -0.785017 0.140098 0.597080 
520770950666873 -0.087693 -0.786135 0.142457 0.594986 
520770971233593 -0.091152 -0.787880 0.147110 0.591012 
520770991801457 -0.092015 -0.789753 0.153858 0.586645 
520771012369739 -0.090046 -0.791335 0.159283 0.583361 
520771032938176 -0.086619 -0.792749 0.164440 0.580522 
520771053505572 -0.083865 -0.795545 0.167977 0.576071 
520771074074009 -0.080646 -0.799820 0.172276 0.569302 
520771094642499 -0.075214 -0.804816 0.179555 0.560690 
520771115210885 -0.064890 -0.808991 0.188880 0.552854 
520771135779323 -0.051611 -0.812033 0.196729 0.547025 
520771156348748 -0.035832 -0.813985 0.204851 0.542384 
520771176917186 -0.015053 -0.810987 0.217559 0.542902 
520771197485728 -0.001394 -0.805657 0.229411 0.546155 
520771218054166 0.002018 -0.803969 0.239355 0.544371 
520771238622811 0.007630 -0.805057 0.250432 0.537688 
520771259191249 0.006780 -0.810395 0.263396 0.523294 
520771279760207 0.007445 -0.817118 0.284247 0.501464 
520771300328645 0.022162 -0.815254 0.314149 0.485984 
520771320896874 0.034461 -0.809048 0.337108 0.480221 
520771341465312 0.047848 -0.800367 0.353503 0.481828 
520771362032655 0.060715 -0.787967 0.367215 0.490484 
520771382600884 0.055811 -0.778691 0.378448 0.497296 
520771403171144 0.053314 -0.767343 0.399169 0.499006 
520771423739582 0.054466 -0.752053 0.423784 0.501853 
520771444307186 0.063203 -0.737226 0.446062 0.503519 
520771464875207 0.086171 -0.729076 0.464255 0.495469 
520771485443384 0.131556 -0.716501 0.496401 0.472128 
520771506011822 0.174422 -0.697011 0.534696 0.444806 
520771526580415 0.201940 -0.678683 0.569209 0.417865 
520771547148853 0.222227 -0.662102 0.595331 0.397263 
520771567717550 0.237367 -0.645458 0.613458 0.388215 
520771588285988 0.256257 -0.637883 0.618733 0.380272 
520771608854634 0.299657 -0.632504 0.612948 0.366659 
520771629423072 0.340748 -0.628898 0.602492 0.354092 
520771649992759 0.371257 -0.618930 0.595730 0.352418 
520771670559530 0.382982 -0.610438 0.587758 0.367739 
520771691128332 0.382245 -0.601633 0.579140 0.395631 
520771711696770 0.381088 -0.587452 0.570078 0.429747 
520771732266301 0.383648 -0.565015 0.559861 0.469179 
520771752834738 0.389159 -0.539123 0.544608 0.511179 
520771773404270 0.402928 -0.510248 0.523394 0.550776 
520771793971145 0.425426 -0.476850 0.496222 0.587700 
520771814538437 0.450034 -0.440702 0.462372 0.624070 
520771835107030 0.471365 -0.401963 0.424180 0.660539 
520771855675259 0.492383 -0.359817 0.382070 0.694344 
520771876244166 0.505485 -0.320174 0.332184 0.729128 
520771896812604 0.507726 -0.293224 0.274812 0.762045 
520771917380831 0.493959 -0.285365 0.211716 0.793567 
520771937949321 0.456192 -0.287768 0.148850 0.828808 
520771958517967 0.401470 -0.276981 0.104564 0.866701 
520771979086405 0.343449 -0.244151 0.086025 0.902792 
520771999654842 0.293408 -0.200742 0.087125 0.930604 
520772020223280 0.253748 -0.153369 0.099423 0.949845 
520772040793488 0.221077 -0.119786 0.102519 0.962427 
520772061361926 0.200372 -0.102252 0.096061 0.969623 
520772081928852 0.194267 -0.105398 0.085305 0.971532 
520772102497290 0.200496 -0.115156 0.082512 0.969398 
520772123065832 0.214810 -0.109971 0.091496 0.966122 
520772143634322 0.231645 -0.092792 0.101482 0.963032 
520772164202967 0.248885 -0.074794 0.104728 0.959945 
520772184770988 0.265406 -0.064169 0.096476 0.957149 
520772205340520 0.281112 -0.058985 0.080090 0.954506 
520772225908957 0.296808 -0.059350 0.060425 0.951174 
520772246477134 0.313623 -0.066402 0.042393 0.946274 
520772267045623 0.328919 -0.073307 0.032516 0.940947 
520772287613280 0.339398 -0.072090 0.029782 0.937404 
520772308181717 0.344057 -0.065228 0.026531 0.936304 
520772328749321 0.345053 -0.052164 0.025369 0.936789 
520772349317758 0.345567 -0.037225 0.026881 0.937270 
520772369887550 0.344469 -0.033621 0.026465 0.937822 
520772390455155 0.339616 -0.039038 0.022345 0.939488 
520772411023800 0.331892 -0.045297 0.013374 0.942134 
520772431592289 0.323540 -0.049147 0.003891 0.944929 
520772452161040 0.316314 -0.047712 -0.000378 0.947454 
520772472728019 0.308461 -0.045549 0.000239 0.950146 
520772493297811 0.298695 -0.040642 0.000197 0.953483 
520772513865988 0.288028 -0.032588 -0.004896 0.957055 
520772534434478 0.280235 -0.016483 -0.010771 0.959729 
520772555002968 0.277776 0.006574 -0.016066 0.960489 
520772575571457 0.280522 0.041018 -0.016807 0.958823 
520772596139791 0.278506 0.056814 -0.025348 0.958417 
520772616708071 0.272601 0.060465 -0.032181 0.959686 
520772637276666 0.263323 0.056844 -0.032427 0.962486 
520772657845415 0.255017 0.041519 -0.036633 0.965350 
520772678414165 0.248622 0.031870 -0.038470 0.967312 
520772698982602 0.244935 0.031029 -0.039422 0.968241 
520772719552394 0.246914 0.034126 -0.039365 0.967636 
520772740120883 0.254762 0.034281 -0.036794 0.965695 
520772760687602 0.266259 0.030038 -0.031555 0.962917 
520772781256039 0.278591 0.020780 -0.027999 0.959777 
520772801824738 0.288984 0.010104 -0.024226 0.956974 
520772822393228 0.295833 0.003925 -0.018157 0.955059 
520772842961300 0.299253 0.001906 -0.012260 0.954093 
520772863529790 0.300511 0.001688 -0.007760 0.953745 
520772884098540 0.300792 0.000011 -0.004697 0.953678 
520772904667030 0.301299 -0.003326 -0.002164 0.953521 
520772925236665 0.302315 -0.006790 0.000088 0.953184 
520772945803957 0.302977 -0.011182 0.000783 0.952932 
520772966372394 0.301857 -0.016452 0.000634 0.953211 
520772986940832 0.298979 -0.019511 0.001505 0.954059 
520773007508904 0.294499 -0.019799 0.002890 0.955442 
520773028076926 0.289152 -0.017570 0.003141 0.957117 
520773048645466 0.284945 -0.016537 0.001985 0.958399 
520773069213904 0.284280 -0.018340 0.000862 0.958566 
520773089782447 0.287226 -0.022556 0.000316 0.957597 
520773110350884 0.292082 -0.025429 0.000089 0.956055 
520773130919373 0.295552 -0.027703 -0.000672 0.954925 
520773151487810 0.296220 -0.029020 -0.000351 0.954679 
520773172056613 0.294676 -0.028943 0.001440 0.955158 
520773192626925 0.292179 -0.027768 0.003343 0.955955 
520773213195259 0.289406 -0.025864 0.004832 0.956845 
520773233763696 0.286729 -0.023630 0.005826 0.957703 
520773254331717 0.284356 -0.021225 0.006349 0.958463 
520773274900154 0.282610 -0.019486 0.006527 0.959015 
520773295467602 0.281639 -0.018631 0.007123 0.959313 
520773316036404 0.281269 -0.018124 0.008100 0.959424 
520773336604842 0.281485 -0.017541 0.008985 0.959363 
520773357173019 0.282569 -0.016930 0.009576 0.959050 
520773377741456 0.284343 -0.017142 0.009853 0.958519 
520773398310780 0.286156 -0.017459 0.010354 0.957968 
520773418877810 0.287267 -0.017389 0.010753 0.957632 
520773439446301 0.286894 -0.017136 0.010648 0.957750 
520773460014738 0.285101 -0.016616 0.010556 0.958295 
520773480583071 0.283467 -0.015438 0.011044 0.958794 
520773501151560 0.282856 -0.014717 0.011398 0.958982 
520773521720102 0.283869 -0.014475 0.011108 0.958689 
520773542288591 0.285750 -0.015270 0.010048 0.958130 
520773562856873 0.287954 -0.015934 0.009441 0.957465 
520773583425362 0.289761 -0.016080 0.009366 0.956918 
520773603993904 0.291335 -0.015627 0.009090 0.956450 
520773624562394 0.292556 -0.014877 0.008764 0.956092 
520773645131040 0.293643 -0.014299 0.008590 0.955770 
520773665699530 0.294834 -0.014425 0.008302 0.955404 
520773686269112 0.295900 -0.014777 0.007928 0.955072 
520773706837602 0.296685 -0.014978 0.007730 0.954827 
520773727406456 0.297281 -0.014511 0.007969 0.954646 
520773747974946 0.297488 -0.013935 0.008197 0.954589 
520773768541612 0.297622 -0.013657 0.008289 0.954550 
520773789110050 0.297722 -0.013947 0.008322 0.954514 
520773809678800 0.297628 -0.014887 0.008272 0.954530 
520773830247238 0.297084 -0.015979 0.008413 0.954681 
520773850818227 0.296184 -0.017114 0.008472 0.954940 
520773871384112 0.295171 -0.017699 0.008620 0.955242 
520773891952915 0.294156 -0.017623 0.008966 0.955553 
520773912521352 0.293191 -0.017092 0.009320 0.955856 
520773933089894 0.292233 -0.016391 0.009373 0.956161 
520773953658331 0.291515 -0.015646 0.009505 0.956391 
520773974227186 0.291490 -0.015324 0.009713 0.956402 
520773994795675 0.292545 -0.015643 0.009904 0.956073 
520774015364113 0.293930 -0.016441 0.009768 0.955636 
520774035934112 0.294982 -0.017179 0.009484 0.955301 
520774056502550 0.295733 -0.017411 0.009653 0.955063 
520774077069007 0.296547 -0.017292 0.009910 0.954810 
520774097637445 0.297148 -0.017165 0.009885 0.954626 
520774118205518 0.297422 -0.017350 0.009524 0.954541 
520774138774008 0.297589 -0.017360 0.009494 0.954489 
520774159343018 0.297883 -0.017162 0.010013 0.954395 
520774179911508 0.298251 -0.016970 0.010545 0.954278 
520774200480207 0.298655 -0.016900 0.010803 0.954150 
520774221048696 0.299120 -0.017285 0.010941 0.953996 
520774241617915 0.299749 -0.017882 0.011129 0.953786 
520774262186352 0.300549 -0.017977 0.011280 0.953530 
520774282754738 0.300956 -0.017508 0.011247 0.953411 
520774303323175 0.301048 -0.017090 0.011292 0.953389 
520774323891768 0.301251 -0.017142 0.011787 0.953318 
520774344460310 0.301691 -0.017328 0.012570 0.953166 
520774365029321 0.302226 -0.017580 0.012959 0.952986 
520774385597758 0.302514 -0.017892 0.012958 0.952889 
520774406165310 0.302617 -0.017783 0.013118 0.952856 
520774426733799 0.302646 -0.017387 0.013523 0.952848 
520774447302185 0.302846 -0.017409 0.013832 0.952780 
520774467870675 0.303475 -0.017537 0.014233 0.952572 
520774488438644 0.304251 -0.017434 0.014776 0.952318 
520774509006664 0.304836 -0.016956 0.015553 0.952127 
520774529574477 0.305290 -0.015588 0.016847 0.951983 
520774550142967 0.306189 -0.014635 0.018441 0.951680 
520774570712028 0.308291 -0.015808 0.019165 0.950968 
520774591280466 0.309823 -0.016607 0.019932 0.950440 
520774611849320 0.310767 -0.017237 0.020674 0.950105 
520774632417758 0.313079 -0.019231 0.020229 0.949317 
520774652985362 0.315757 -0.023839 0.017545 0.948378 
520774673553800 0.316556 -0.028973 0.014532 0.948020 
520774694122288 0.314395 -0.029328 0.013881 0.948737 
520774714690883 0.309524 -0.025996 0.015566 0.950409 
520774735259320 0.305136 -0.021068 0.018109 0.951904 
520774755827706 0.303431 -0.016956 0.020150 0.952490 
