# Created at Thu Nov 07 17:58:44 EST 2019 in Burnaby Canada 
520768729276667 8.945761 -2.508315 -3.138805 
520768749845000 8.945345 -2.507599 -3.140564 
520768770413125 8.944965 -2.507126 -3.142025 
520768790981510 8.944478 -2.507562 -3.143061 
520768811550729 8.944370 -2.507204 -3.143653 
520768832118490 8.944280 -2.507667 -3.143542 
520768852687082 8.944098 -2.507894 -3.143877 
520768873255365 8.944136 -2.507721 -3.143910 
520768893824114 8.944280 -2.507245 -3.143879 
520768914391927 8.944408 -2.506958 -3.143742 
520768934960365 8.944552 -2.506543 -3.143662 
520768955528645 8.944655 -2.506298 -3.143567 
520768976097083 8.944174 -2.506927 -3.144437 
520768996665364 8.943759 -2.507277 -3.145332 
520769017233645 8.943150 -2.507836 -3.146619 
520769037802135 8.942851 -2.507356 -3.147853 
520769058370312 8.942551 -2.506904 -3.149063 
520769078938906 8.942768 -2.506948 -3.148413 
520769099507239 8.942569 -2.507191 -3.148784 
520769120075677 8.942036 -2.507259 -3.150244 
520769140644114 8.942430 -2.507179 -3.149189 
520769161212344 8.942617 -2.507416 -3.148467 
520769181781093 8.942357 -2.507661 -3.149010 
520769202349635 8.941935 -2.508093 -3.149869 
520769222917708 8.941247 -2.507920 -3.151954 
520769243486041 8.940733 -2.508076 -3.153290 
520769264054739 8.940540 -2.508014 -3.153887 
520769284623073 8.940469 -2.507959 -3.154133 
520769305191094 8.940133 -2.507975 -3.155070 
520769325759583 8.939905 -2.508300 -3.155460 
520769346327812 8.939959 -2.508454 -3.155184 
520769366896354 8.940199 -2.508242 -3.154673 
520769387464635 8.940453 -2.508456 -3.153782 
520769408033230 8.940762 -2.508431 -3.152927 
520769428601353 8.940867 -2.508536 -3.152541 
520769449170209 8.940686 -2.508339 -3.153213 
520769469738333 8.939132 -2.506710 -3.158910 
520769490307708 8.935508 -2.505224 -3.170323 
520769510875573 8.932058 -2.502255 -3.182364 
520769531443541 8.931593 -2.497636 -3.187295 
520769552012239 8.932932 -2.492989 -3.187182 
520769572580781 8.930504 -2.498502 -3.189668 
520769593148697 8.933141 -2.506932 -3.175637 
520769613717292 8.936932 -2.510518 -3.162113 
520769634285937 8.937208 -2.509721 -3.161962 
520769654854323 8.938631 -2.505614 -3.161195 
520769675422187 8.941399 -2.506521 -3.152640 
520769695990416 8.943150 -2.512250 -3.143097 
520769716560260 8.941207 -2.516253 -3.145421 
520769737128749 8.943213 -2.520661 -3.136177 
520769757697916 8.946428 -2.523445 -3.124746 
520769778266041 8.946698 -2.526488 -3.121514 
520769798832917 8.945142 -2.529268 -3.123722 
520769819401354 8.945377 -2.532225 -3.120649 
520769839970261 8.947511 -2.533918 -3.113148 
520769860537708 8.948339 -2.533564 -3.111058 
520769881106926 8.946916 -2.532125 -3.116320 
520769901676146 8.946025 -2.531742 -3.119185 
520769922243749 8.946231 -2.531777 -3.118566 
520769942811979 8.946472 -2.530872 -3.118604 
520769963381301 8.947653 -2.529518 -3.116317 
520769983949114 8.949062 -2.528301 -3.113257 
520770004516509 8.950332 -2.525995 -3.111480 
520770025085260 8.951751 -2.523722 -3.109240 
520770045654010 8.954544 -2.522528 -3.102160 
520770066221665 8.956809 -2.521739 -3.096254 
520770086789999 8.958469 -2.519589 -3.093198 
520770107358384 8.962440 -2.515234 -3.085235 
520770127927396 8.968542 -2.510020 -3.071718 
520770148495208 8.973639 -2.505777 -3.060272 
520770169063750 8.978525 -2.502830 -3.048329 
520770189632238 8.978385 -2.502653 -3.048886 
520770210200833 8.975000 -2.496983 -3.063468 
520770230769374 8.976933 -2.494430 -3.059884 
520770251340519 8.979554 -2.494189 -3.052379 
520770271907917 8.973256 -2.492171 -3.072483 
520770292476196 8.963764 -2.490464 -3.101437 
520770313043437 8.947060 -2.481713 -3.156201 
520770333611613 8.943275 -2.463156 -3.181361 
520770354179687 8.972070 -2.433075 -3.122900 
520770374748385 9.015775 -2.446692 -2.983270 
520770395316197 9.051937 -2.430998 -2.884972 
520770415884531 9.076582 -2.418836 -2.816961 
520770436453020 9.112242 -2.387777 -2.726897 
520770457021405 9.126652 -2.378380 -2.686620 
520770477589686 9.147496 -2.349608 -2.640652 
520770498158228 9.175077 -2.335920 -2.555743 
520770518727498 9.210688 -2.298632 -2.459657 
520770539295728 9.188546 -2.395082 -2.450429 
520770559863384 9.185977 -2.420051 -2.435481 
520770580431874 9.184209 -2.410718 -2.451351 
520770601000311 9.183626 -2.425531 -2.438893 
520770621568645 9.184305 -2.449012 -2.412729 
520770642137759 9.181036 -2.461367 -2.412600 
520770662705937 9.178908 -2.471109 -2.410738 
520770683274322 9.178598 -2.496899 -2.385207 
520770703843020 9.179322 -2.532957 -2.344047 
520770724412603 9.177331 -2.577232 -2.303227 
520770744981406 9.173554 -2.625588 -2.263309 
520770765551561 9.156553 -2.679289 -2.269213 
520770786117500 9.139938 -2.721726 -2.285631 
520770806684583 9.112699 -2.804238 -2.294638 
520770827252863 9.087259 -2.890190 -2.288863 
520770847821353 9.056546 -2.975599 -2.301129 
520770868389790 9.006839 -3.085482 -2.350968 
520770888960104 8.969114 -3.166504 -2.387181 
520770909529530 8.963504 -3.177752 -2.393298 
520770930097187 8.953307 -3.179066 -2.429450 
520770950666873 8.928887 -3.219846 -2.465353 
520770971233593 8.869865 -3.329885 -2.531350 
520770991801457 8.809255 -3.441925 -2.592405 
520771012369791 8.772849 -3.502462 -2.634439 
520771032938176 8.746837 -3.543021 -2.666502 
520771053505729 8.712292 -3.568556 -2.744403 
520771074074009 8.658211 -3.603006 -2.867773 
520771094642812 8.585673 -3.661424 -3.008420 
520771115211093 8.531734 -3.700577 -3.112173 
520771135779323 8.513132 -3.686967 -3.178560 
520771156348697 8.515156 -3.651614 -3.213756 
520771176917186 8.571231 -3.620799 -3.097453 
520771197485884 8.623848 -3.639988 -2.924059 
520771218054166 8.593369 -3.752724 -2.870793 
520771238623228 8.527482 -3.873807 -2.906210 
520771259191249 8.352532 -4.116961 -3.075097 
520771279760259 8.078157 -4.482227 -3.289892 
520771300328645 7.907342 -4.811948 -3.238748 
520771320897030 7.848044 -5.024679 -3.054701 
520771341465312 7.895407 -5.097062 -2.802301 
520771362032655 8.017542 -5.091098 -2.443385 
520771382600884 8.009309 -5.235561 -2.147154 
520771403171405 7.927501 -5.485746 -1.797699 
520771423739582 7.855164 -5.714812 -1.344509 
520771444307186 7.833546 -5.825643 -0.931582 
520771464875207 7.869639 -5.801270 -0.764481 
520771485443228 7.915631 -5.757697 -0.601746 
520771506011822 7.909999 -5.787982 -0.318675 
520771526581352 7.816762 -5.921813 -0.027265 
520771547148853 7.753658 -5.999465 0.240007 
520771567719218 7.770615 -5.958746 0.530367 
520771588285988 7.867356 -5.829709 0.538143 
520771608854998 8.151042 -5.448974 0.198968 
520771629423072 8.394215 -5.065134 -0.227958 
520771649992759 8.615957 -4.665565 -0.410054 
520771670559530 8.817789 -4.274758 -0.378715 
520771691128436 9.010304 -3.867781 -0.158354 
520771711696770 9.212484 -3.356268 0.189690 
520771732265833 9.412075 -2.673884 0.658472 
520771752834738 9.562017 -1.857016 1.135645 
520771773404270 9.648228 -0.885302 1.516021 
520771793971145 9.636996 0.262811 1.797114 
520771814539895 9.475417 1.511886 2.025108 
520771835107030 9.129126 2.762540 2.279871 
520771855675259 8.589862 4.009118 2.512296 
520771876244061 7.872021 5.142743 2.784573 
520771896812604 7.119213 6.008119 3.064262 
520771917381248 6.492686 6.503242 3.423924 
520771937949321 6.009680 6.575577 4.100722 
520771958518540 5.531714 6.256482 5.140717 
520771979086405 4.902589 5.669419 6.323977 
520771999654790 4.165373 5.012315 7.327806 
520772020223280 3.352014 4.428157 8.082438 
520772040792446 2.705659 3.932269 8.566626 
520772061361926 2.322093 3.617921 8.814132 
520772081928644 2.333378 3.525415 8.848570 
520772102497290 2.513938 3.625688 8.758133 
520772123066144 2.469316 3.873047 8.664432 
520772143634322 2.213740 4.190679 8.585334 
520772164202341 1.919420 4.532299 8.482010 
520772184770988 1.706842 4.861002 8.344324 
520772205340832 1.545833 5.170054 8.188488 
520772225908957 1.458977 5.466812 8.009728 
520772246477238 1.493158 5.765486 7.791023 
520772267045623 1.562658 6.023481 7.579325 
520772287613280 1.523675 6.197911 7.445448 
520772308181717 1.376874 6.284336 7.401468 
520772328749374 1.130129 6.313879 7.418095 
520772349317758 0.866503 6.332911 7.437324 
520772369887550 0.797218 6.318632 7.457192 
520772390455155 0.868176 6.240817 7.514576 
520772411025207 0.924066 6.120937 7.605959 
520772431592289 0.935538 5.992480 7.706188 
520772452161040 0.884273 5.878317 7.799605 
520772472728019 0.850278 5.748104 7.899793 
520772493297759 0.761194 5.585714 8.024385 
520772513866248 0.584051 5.409712 8.158693 
520772534434478 0.251059 5.278483 8.261051 
520772555003228 -0.211370 5.230770 8.292453 
520772575571457 -0.863846 5.261894 8.230227 
520772596139791 -1.206437 5.207037 8.222023 
520772616708071 -1.310165 5.092895 8.277456 
520772637276613 -1.240543 4.934726 8.383311 
520772657845415 -0.969335 4.798590 8.497312 
520772678415311 -0.792226 4.692845 8.574378 
520772698982602 -0.778626 4.627414 8.611108 
520772719552394 -0.838307 4.659724 8.588050 
520772740120883 -0.833155 4.800566 8.510629 
520772760687863 -0.732095 5.009961 8.398494 
520772781256039 -0.544161 5.232900 8.275930 
520772801825624 -0.326964 5.419254 8.166711 
520772822393228 -0.178878 5.540096 8.089853 
520772842962706 -0.107617 5.599441 8.050159 
520772863529790 -0.077322 5.621136 8.035374 
520772884098488 -0.027918 5.626238 8.032125 
520772904667030 0.049423 5.634949 8.025914 
520772925236665 0.127460 5.651784 8.013206 
520772945803957 0.213639 5.662503 8.003799 
520772966372550 0.311326 5.643204 8.014219 
520772986940832 0.373914 5.593998 8.045978 
520773007508800 0.387721 5.517614 8.097901 
520773028076926 0.347638 5.426945 8.160748 
520773048645779 0.321953 5.355575 8.208809 
520773069213904 0.349609 5.344328 8.215006 
520773089783488 0.425415 5.394442 8.178595 
520773110350884 0.477340 5.476901 8.120719 
520773130919217 0.514969 5.535829 8.078353 
520773151487810 0.541344 5.546733 8.069144 
520773172056613 0.550533 5.519584 8.087118 
520773192626925 0.539785 5.476361 8.117172 
520773213194529 0.512814 5.428803 8.150798 
520773233763696 0.476619 5.383125 8.183226 
520773254331665 0.434407 5.342852 8.211919 
520773274900154 0.402698 5.313240 8.232721 
520773295467602 0.389903 5.296517 8.244105 
520773316036612 0.385726 5.289890 8.248555 
520773336604842 0.379664 5.293413 8.246576 
520773357172863 0.371536 5.311974 8.235003 
520773377741456 0.377220 5.342256 8.215133 
520773398310780 0.386150 5.373014 8.194633 
520773418877810 0.387194 5.391873 8.182186 
520773439446353 0.381806 5.385622 8.186555 
520773460014738 0.371328 5.355120 8.207021 
520773480583592 0.351706 5.327291 8.225975 
520773501151560 0.340034 5.316897 8.233187 
520773521720779 0.334020 5.334452 8.222071 
520773542288591 0.343270 5.366837 8.200585 
520773562857603 0.352555 5.404556 8.175383 
520773583425362 0.355023 5.435371 8.154819 
520773603994112 0.345085 5.462405 8.137163 
520773624562394 0.329256 5.483493 8.123624 
520773645131456 0.317522 5.502157 8.111463 
520773665699530 0.318322 5.522424 8.097648 
520773686269789 0.322810 5.540534 8.085088 
520773706837602 0.325485 5.553847 8.075843 
520773727408748 0.318157 5.563960 8.069172 
520773747974946 0.308720 5.567523 8.067080 
520773768542497 0.304065 5.569826 8.065666 
520773789110050 0.309703 5.571437 8.064339 
520773809678800 0.326987 5.569628 8.064905 
520773830247238 0.348212 5.560088 8.070598 
520773850818227 0.369743 5.544546 8.080327 
520773871384112 0.381509 5.527164 8.091680 
520773891952863 0.382006 5.509843 8.103461 
520773912521352 0.374033 5.493472 8.114940 
520773933090624 0.361107 5.477369 8.126402 
520773953658331 0.347832 5.465311 8.135095 
520773974227186 0.342974 5.464914 8.135570 
520773994795519 0.350160 5.482688 8.123295 
520774015364113 0.364472 5.506023 8.106865 
520774035933591 0.376744 5.523774 8.094219 
520774056502550 0.382124 5.536349 8.085370 
520774077068852 0.381465 5.550073 8.075987 
520774097637445 0.378993 5.560288 8.069073 
520774118205830 0.380375 5.565004 8.065757 
520774138774008 0.380406 5.567828 8.063806 
520774159343227 0.379752 5.572662 8.060497 
520774179911508 0.379304 5.578727 8.056322 
520774200480779 0.379544 5.585462 8.051642 
520774221048696 0.387615 5.593136 8.045929 
520774241617915 0.399955 5.603462 8.038136 
520774262186352 0.402697 5.616850 8.028650 
520774282755155 0.393786 5.623884 8.024166 
520774303323175 0.386249 5.625540 8.023372 
520774323891768 0.390163 5.628738 8.020939 
520774344460310 0.398314 5.635749 8.015614 
520774365029009 0.405412 5.644491 8.009104 
520774385597758 0.411279 5.649222 8.005468 
520774406165883 0.410194 5.650934 8.004316 
520774426733799 0.405217 5.651394 8.004245 
520774447304008 0.407476 5.654609 8.001859 
520774467870675 0.412367 5.664958 7.994285 
520774488438644 0.413803 5.677770 7.985116 
520774509006664 0.409627 5.687449 7.978441 
520774529574581 0.391934 5.695076 7.973887 
520774550142967 0.383917 5.709899 7.963670 
520774570712653 0.410722 5.744185 7.937633 
520774591280466 0.430703 5.769001 7.918555 
520774611849425 0.447228 5.784058 7.906646 
520774632417758 0.482282 5.821669 7.876925 
520774652985778 0.552082 5.865137 7.840011 
520774673553800 0.628948 5.877713 7.824787 
520774694122288 0.631325 5.842246 7.851113 
520774714690831 0.579075 5.761789 7.914345 
520774735259320 0.501724 5.689389 7.971794 
520774755827706 0.436672 5.661827 7.995212 
