# Created at Thu Nov 07 17:58:44 EST 2019 in Burnaby Canada 
520768729276719 0.003797 -0.003950 0.006214 
520768749845000 0.003797 -0.003950 0.006214 
520768770413385 0.003797 -0.003950 0.006214 
520768790981510 0.003797 -0.003950 0.006214 
520768811550729 0.003797 -0.003950 0.006214 
520768832118490 0.003797 -0.003950 0.006214 
520768852687082 0.003797 -0.003950 0.006214 
520768873255365 0.003797 -0.003950 0.006214 
520768893824114 0.003797 -0.003950 0.006214 
520768914391927 0.003797 -0.003950 0.006214 
520768934960365 0.003797 -0.003950 0.006214 
520768955528645 0.003797 -0.003950 0.006214 
520768976097083 0.003797 -0.003950 0.006214 
520768996665312 0.003797 -0.003950 0.006214 
520769017233645 0.003797 -0.003950 0.006214 
520769037802343 0.003797 -0.003950 0.006214 
520769058370312 0.003797 -0.003950 0.006214 
520769078938906 0.003797 -0.003950 0.006214 
520769099507239 0.003797 -0.003950 0.006214 
520769120076250 0.003797 -0.003950 0.006214 
520769140644114 0.003797 -0.003950 0.006214 
520769161212708 0.003797 -0.003950 0.006214 
520769181781093 0.003797 -0.003950 0.006214 
520769202349635 0.003797 -0.003950 0.006214 
520769222917708 0.003797 -0.003950 0.006214 
520769243486145 0.003797 -0.003950 0.006214 
520769264054739 0.003797 -0.003950 0.006214 
520769284623073 0.003797 -0.003950 0.006214 
520769305191094 0.003797 -0.003950 0.006214 
520769325759426 0.003797 -0.003950 0.006214 
520769346327812 0.003797 -0.003950 0.006214 
520769366896354 0.003797 -0.003950 0.006214 
520769387464635 0.003797 -0.003950 0.006214 
520769408033230 0.003797 -0.003950 0.006214 
520769428601353 0.003797 -0.003950 0.006214 
520769449170209 0.003797 -0.003950 0.006214 
520769469738333 0.003797 -0.003950 0.006214 
520769490307239 0.003797 -0.003950 0.006214 
520769510875573 0.003797 -0.003950 0.006214 
520769531443541 0.003797 -0.003950 0.006214 
520769552012239 0.003797 -0.003950 0.006214 
520769572580781 0.003797 -0.003950 0.006214 
520769593148697 0.003797 -0.003950 0.006214 
520769613717292 0.003797 -0.003950 0.006214 
520769634285937 0.003797 -0.003950 0.006214 
520769654854323 0.003797 -0.003950 0.006214 
520769675422447 0.003797 -0.003950 0.006214 
520769695990416 0.003797 -0.003950 0.006214 
520769716558801 0.003797 -0.003950 0.006214 
520769737128749 0.003797 -0.003950 0.006214 
520769757697916 0.003797 -0.003950 0.006214 
520769778266041 0.003797 -0.003950 0.006214 
520769798832917 0.003797 -0.003950 0.006214 
520769819401354 0.003797 -0.003950 0.006214 
520769839970261 0.003797 -0.003950 0.006214 
520769860537708 0.003797 -0.003950 0.006214 
520769881106614 0.003797 -0.003950 0.006214 
520769901676146 0.003797 -0.003950 0.006214 
520769922243802 0.003797 -0.003950 0.006214 
520769942811979 0.003797 -0.003950 0.006214 
520769963381301 0.003797 -0.003950 0.006214 
520769983949114 0.003797 -0.003950 0.006214 
520770004516510 0.003797 -0.003950 0.006214 
520770025085260 0.003797 -0.003950 0.006214 
520770045654010 0.003797 -0.003950 0.006214 
520770066221665 0.003797 -0.003950 0.006214 
520770086789999 0.003797 -0.003950 0.006214 
520770107358384 0.003797 -0.003950 0.006214 
520770127927396 0.003797 -0.003950 0.006214 
520770148495208 0.003797 -0.003950 0.006214 
520770169063958 0.003797 -0.003950 0.006214 
520770189632238 0.003797 -0.003950 0.006214 
520770210200833 0.003797 -0.003950 0.006214 
520770230769374 0.003797 -0.003950 0.006214 
520770251340519 0.003797 -0.003950 0.006214 
520770271907917 0.003797 -0.003950 0.006214 
520770292476196 0.003797 -0.003950 0.006214 
520770313043437 0.003797 -0.003950 0.006214 
520770333611613 0.003797 -0.003950 0.006214 
520770354179687 0.003797 -0.003950 0.006214 
520770374748385 0.003797 -0.003950 0.006214 
520770395316198 0.003797 -0.003950 0.006214 
520770415884531 0.003797 -0.003950 0.006214 
520770436452916 0.003797 -0.003950 0.006214 
520770457021405 0.003797 -0.003950 0.006214 
520770477589477 0.003797 -0.003950 0.006214 
520770498158228 0.003797 -0.003950 0.006214 
520770518727498 0.003797 -0.003950 0.006214 
520770539295728 0.003797 -0.003950 0.006214 
520770559863957 0.003797 -0.003950 0.006214 
520770580431874 0.003797 -0.003950 0.006214 
520770601000311 0.003797 -0.003950 0.006214 
520770621568645 0.003797 -0.003950 0.006214 
520770642137759 0.003797 -0.003950 0.006214 
520770662705937 0.003797 -0.003950 0.006214 
520770683274322 0.003797 -0.003950 0.006214 
520770703843020 0.003797 -0.003950 0.006214 
520770724412342 0.003797 -0.003950 0.006214 
520770744981406 0.003797 -0.003950 0.006214 
520770765551561 0.003797 -0.003950 0.006214 
520770786117500 0.003797 -0.003950 0.006214 
520770806684530 0.003797 -0.003950 0.006214 
520770827252863 0.003797 -0.003950 0.006214 
520770847821926 0.003797 -0.003950 0.006214 
520770868389790 0.003797 -0.003950 0.006214 
520770888960104 0.003797 -0.003950 0.006214 
520770909529530 0.003797 -0.003950 0.006214 
520770930097082 0.003797 -0.003950 0.006214 
520770950666873 0.003797 -0.003950 0.006214 
520770971233593 0.003797 -0.003950 0.006214 
520770991801457 0.003797 -0.003950 0.006214 
520771012369791 0.003797 -0.003950 0.006214 
520771032938176 0.003797 -0.003950 0.006214 
520771053505729 0.003797 -0.003950 0.006214 
520771074074009 0.003797 -0.003950 0.006214 
520771094642812 0.003797 -0.003950 0.006214 
520771115210936 0.003797 -0.003950 0.006214 
520771135779323 0.003797 -0.003950 0.006214 
520771156347760 0.003797 -0.003950 0.006214 
520771176917186 0.003797 -0.003950 0.006214 
520771197485884 0.003797 -0.003950 0.006214 
520771218054166 0.003797 -0.003950 0.006214 
520771238623228 0.003797 -0.003950 0.006214 
520771259191249 0.003797 -0.003950 0.006214 
520771279760363 0.003797 -0.003950 0.006214 
520771300328645 0.003797 -0.003950 0.006214 
520771320896821 0.003797 -0.003950 0.006214 
520771341465312 0.003797 -0.003950 0.006214 
520771362032655 0.003797 -0.003950 0.006214 
520771382600884 0.003797 -0.003950 0.006214 
520771403171405 0.003797 -0.003950 0.006214 
520771423739582 0.003797 -0.003950 0.006214 
520771444307186 0.003797 -0.003950 0.006214 
520771464875207 0.003797 -0.003950 0.006214 
520771485443905 0.003797 -0.003950 0.006214 
520771506011822 0.003797 -0.003950 0.006214 
520771526581352 0.003797 -0.003950 0.006214 
520771547148853 0.003797 -0.003950 0.006214 
520771567719218 0.003797 -0.003950 0.006214 
520771588285988 0.003797 -0.003950 0.006214 
520771608854998 0.003797 -0.003950 0.006214 
520771629423072 0.003797 -0.003950 0.006214 
520771649992759 0.003797 -0.003950 0.006214 
520771670559530 0.003797 -0.003950 0.006214 
520771691128436 0.003797 -0.003950 0.006214 
520771711696770 0.003797 -0.003950 0.006214 
520771732265833 0.003797 -0.003950 0.006214 
520771752834738 0.003797 -0.003950 0.006214 
520771773404270 0.003797 -0.003950 0.006214 
520771793971145 0.003797 -0.003950 0.006214 
520771814539895 0.003797 -0.003950 0.006214 
520771835106926 0.003797 -0.003950 0.006214 
520771855675259 0.003797 -0.003950 0.006214 
520771876243696 0.003797 -0.003950 0.006214 
520771896812604 0.003797 -0.003950 0.006214 
520771917381248 0.003797 -0.003950 0.006214 
520771937949321 0.003797 -0.003950 0.006214 
520771958518540 0.003797 -0.003950 0.006214 
520771979086405 0.003797 -0.003950 0.006214 
520771999656821 0.003797 -0.003950 0.006214 
520772020223280 0.003797 -0.003950 0.006214 
520772040792446 0.003797 -0.003950 0.006214 
520772061361926 0.003797 -0.003950 0.006214 
520772081928800 0.003797 -0.003950 0.006214 
520772102497290 0.003797 -0.003950 0.006214 
520772123066144 0.003797 -0.003950 0.006214 
520772143634322 0.003797 -0.003950 0.006214 
520772164203592 0.003797 -0.003950 0.006214 
520772184770988 0.003797 -0.003950 0.006214 
520772205341145 0.003797 -0.003950 0.006214 
520772225908957 0.003797 -0.003950 0.006214 
520772246477082 0.003797 -0.003950 0.006214 
520772267045623 0.003797 -0.003950 0.006214 
520772287613280 0.003797 -0.003950 0.006214 
520772308181717 0.003797 -0.003950 0.006214 
520772328749374 0.003797 -0.003950 0.006214 
520772349317758 0.003797 -0.003950 0.006214 
520772369887550 0.003797 -0.003950 0.006214 
520772390455155 0.003797 -0.003950 0.006214 
520772411025207 0.003797 -0.003950 0.006214 
520772431592289 0.003797 -0.003950 0.006214 
520772452161040 0.003797 -0.003950 0.006214 
520772472728019 0.003797 -0.003950 0.006214 
520772493297759 0.003797 -0.003950 0.006214 
520772513866248 0.003797 -0.003950 0.006214 
520772534434478 0.003797 -0.003950 0.006214 
520772555002916 0.003797 -0.003950 0.006214 
520772575571457 0.003797 -0.003950 0.006214 
520772596139895 0.003797 -0.003950 0.006214 
520772616708071 0.003797 -0.003950 0.006214 
520772637277290 0.003797 -0.003950 0.006214 
520772657845415 0.003797 -0.003950 0.006214 
520772678415311 0.003797 -0.003950 0.006214 
520772698982602 0.003797 -0.003950 0.006214 
520772719552394 0.003797 -0.003950 0.006214 
520772740120883 0.003797 -0.003950 0.006214 
520772760687863 0.003797 -0.003950 0.006214 
520772781256039 0.003797 -0.003950 0.006214 
520772801825624 0.003797 -0.003950 0.006214 
520772822393228 0.003797 -0.003950 0.006214 
520772842962706 0.003797 -0.003950 0.006214 
520772863529790 0.003797 -0.003950 0.006214 
520772884098592 0.003797 -0.003950 0.006214 
520772904667030 0.003797 -0.003950 0.006214 
520772925236665 0.003797 -0.003950 0.006214 
520772945803957 0.003797 -0.003950 0.006214 
520772966372915 0.003797 -0.003950 0.006214 
520772986940832 0.003797 -0.003950 0.006214 
520773007510050 0.003797 -0.003950 0.006214 
520773028076926 0.003797 -0.003950 0.006214 
520773048645779 0.003797 -0.003950 0.006214 
520773069213904 0.003797 -0.003950 0.006214 
520773089783488 0.003797 -0.003950 0.006214 
520773110350884 0.003797 -0.003950 0.006214 
520773130919217 0.003797 -0.003950 0.006214 
520773151487810 0.003797 -0.003950 0.006214 
520773172056613 0.003797 -0.003950 0.006214 
520773192626925 0.003797 -0.003950 0.006214 
520773213194529 0.003797 -0.003950 0.006214 
520773233763696 0.003797 -0.003950 0.006214 
520773254331665 0.003797 -0.003950 0.006214 
520773274900154 0.003797 -0.003950 0.006214 
520773295467602 0.003797 -0.003950 0.006214 
520773316036612 0.003797 -0.003950 0.006214 
520773336604842 0.003797 -0.003950 0.006214 
520773357172863 0.003797 -0.003950 0.006214 
520773377741456 0.003797 -0.003950 0.006214 
520773398308957 0.003797 -0.003950 0.006214 
520773418877810 0.003797 -0.003950 0.006214 
520773439446613 0.003797 -0.003950 0.006214 
520773460014738 0.003797 -0.003950 0.006214 
520773480583592 0.003797 -0.003950 0.006214 
520773501151560 0.003797 -0.003950 0.006214 
520773521720779 0.003797 -0.003950 0.006214 
520773542288591 0.003797 -0.003950 0.006214 
520773562857603 0.003797 -0.003950 0.006214 
520773583425362 0.003797 -0.003950 0.006214 
520773603994112 0.003797 -0.003950 0.006214 
520773624562394 0.003797 -0.003950 0.006214 
520773645131091 0.003797 -0.003950 0.006214 
520773665699530 0.003797 -0.003950 0.006214 
520773686269789 0.003797 -0.003950 0.006214 
520773706837602 0.003797 -0.003950 0.006214 
520773727408748 0.003797 -0.003950 0.006214 
520773747974946 0.003797 -0.003950 0.006214 
520773768541924 0.003797 -0.003950 0.006214 
520773789110050 0.003797 -0.003950 0.006214 
520773809678695 0.003797 -0.003950 0.006214 
520773830247238 0.003797 -0.003950 0.006214 
520773850818227 0.003797 -0.003950 0.006214 
520773871384112 0.003797 -0.003950 0.006214 
520773891952863 0.003797 -0.003950 0.006214 
520773912521352 0.003797 -0.003950 0.006214 
520773933090624 0.003797 -0.003950 0.006214 
520773953658331 0.003797 -0.003950 0.006214 
520773974227186 0.003797 -0.003950 0.006214 
520773994795519 0.003797 -0.003950 0.006214 
520774015364113 0.003797 -0.003950 0.006214 
520774035932602 0.003797 -0.003950 0.006214 
520774056502550 0.003797 -0.003950 0.006214 
520774077069320 0.003797 -0.003950 0.006214 
520774097637445 0.003797 -0.003950 0.006214 
520774118205778 0.003797 -0.003950 0.006214 
520774138774008 0.003797 -0.003950 0.006214 
520774159343018 0.003797 -0.003950 0.006214 
520774179911508 0.003797 -0.003950 0.006214 
520774200480779 0.003797 -0.003950 0.006214 
520774221048696 0.003797 -0.003950 0.006214 
520774241617915 0.003797 -0.003950 0.006214 
520774262186352 0.003797 -0.003950 0.006214 
520774282754842 0.003797 -0.003950 0.006214 
520774303323175 0.003797 -0.003950 0.006214 
520774323892081 0.003797 -0.003950 0.006214 
520774344460310 0.003797 -0.003950 0.006214 
520774365029009 0.003797 -0.003950 0.006214 
520774385597758 0.003797 -0.003950 0.006214 
520774406165571 0.003797 -0.003950 0.006214 
520774426733799 0.003797 -0.003950 0.006214 
520774447302706 0.003797 -0.003950 0.006214 
520774467870675 0.003797 -0.003950 0.006214 
520774488438644 0.003797 -0.003950 0.006214 
520774509006664 0.003797 -0.003950 0.006214 
520774529574893 0.003797 -0.003950 0.006214 
520774550142967 0.003797 -0.003950 0.006214 
520774570712653 0.003797 -0.003950 0.006214 
520774591280466 0.003797 -0.003950 0.006214 
520774611849425 0.003797 -0.003950 0.006214 
520774632417758 0.003797 -0.003950 0.006214 
520774652985778 0.003797 -0.003950 0.006214 
520774673553800 0.003797 -0.003950 0.006214 
520774694122288 0.003797 -0.003950 0.006214 
520774714690831 0.003797 -0.003950 0.006214 
520774735259320 0.003797 -0.003950 0.006214 
520774755827810 0.003797 -0.003950 0.006214 
