# Created at Thu Nov 07 17:58:44 EST 2019 in Burnaby Canada 
520768729276719 -0.004887 -0.003054 0.004887 
520768749845000 -0.006720 -0.007636 0.004887 
520768770413385 -0.004887 -0.005498 0.005498 
520768790981510 -0.003360 -0.005192 0.007636 
520768811550729 -0.000305 -0.003971 0.004887 
520768832118490 0.002443 -0.000916 0.007025 
520768852687082 0.001833 -0.000916 0.007330 
520768873255365 0.002749 0.001527 0.005498 
520768893824114 0.003054 0.003360 0.005192 
520768914391927 0.001222 0.002443 0.004581 
520768934960365 0.000611 0.001527 0.005192 
520768955528645 0.001222 0.001222 0.004887 
520768976097083 -0.000611 -0.003054 0.007025 
520768996665312 -0.002749 -0.003360 0.006109 
520769017233645 -0.001833 -0.006720 0.006720 
520769037802343 -0.001527 -0.007941 0.004581 
520769058370312 0.000305 -0.006414 0.006720 
520769078938906 0.003665 -0.002749 0.007025 
520769099507239 0.004276 -0.004581 0.005803 
520769120076250 0.001222 -0.005803 0.007025 
520769140644114 0.003054 0.004581 0.005803 
520769161212708 0.000000 0.003360 0.006720 
520769181781093 -0.000916 -0.001222 0.005498 
520769202349635 -0.002138 -0.001833 0.005803 
520769222917708 -0.004581 -0.005803 0.005498 
520769243486145 -0.004276 -0.005498 0.006109 
520769264054739 -0.002749 -0.005498 0.004887 
520769284623073 0.000000 -0.004276 0.003360 
520769305191094 0.002443 -0.004581 0.004581 
520769325759426 0.000916 -0.002443 0.007941 
520769346327812 0.003054 -0.000611 0.004887 
520769366896354 0.004887 0.001527 0.003665 
520769387464635 0.001833 0.002138 0.005498 
520769408033230 0.002443 0.003971 0.005803 
520769428601353 -0.000611 0.000611 0.005803 
520769449170209 -0.003054 -0.004887 0.005498 
520769469738333 -0.012828 -0.027183 -0.001833 
520769490307239 -0.020464 -0.053451 -0.001527 
520769510875573 -0.007330 -0.069028 -0.007941 
520769531443541 0.013134 -0.050091 -0.025045 
520769552012239 0.021991 -0.011301 -0.030238 
520769572580781 0.043066 -0.002443 0.013134 
520769593148697 0.072082 0.052840 0.031460 
520769613717292 0.052229 0.030543 0.009163 
520769634285937 0.015882 -0.011301 0.000916 
520769654854323 0.001833 -0.003054 0.006720 
520769675422447 0.016188 0.008858 0.014355 
520769695990416 0.019548 0.022602 0.015272 
520769716558801 0.044899 -0.006414 0.015882 
520769737128749 0.055589 0.022907 0.007636 
520769757697916 0.051007 0.030238 -0.001833 
520769778266041 0.049175 0.011301 -0.008552 
520769798832917 0.046426 0.000611 -0.004887 
520769819401354 0.045204 0.024129 0.003665 
520769839970261 0.042150 0.039706 0.006109 
520769860537708 0.021991 0.026267 0.000611 
520769881106614 0.006109 0.007330 -0.004276 
520769901676146 -0.002443 0.009163 -0.001222 
520769922243802 -0.006414 0.011912 0.002749 
520769942811979 -0.011301 0.011301 0.004581 
520769963381301 -0.014966 0.013744 0.003054 
520769983949114 -0.015882 0.012523 -0.001527 
520770004516510 -0.022907 0.008247 -0.003360 
520770025085260 -0.018631 0.011912 0.001527 
520770045654010 -0.011301 0.025962 0.006720 
520770066221665 -0.008552 0.020769 0.003665 
520770086789999 -0.014966 0.014966 -0.004581 
520770107358384 -0.026573 0.042150 -0.010079 
520770127927396 -0.022602 0.059865 -0.008552 
520770148495208 -0.007941 0.054367 -0.000611 
520770169063958 0.000916 0.053756 0.002138 
520770189632238 0.029627 -0.029322 0.012523 
520770210200833 -0.011912 -0.047647 0.000611 
520770230769374 0.004581 -0.006414 0.006109 
520770251340519 0.016799 -0.001527 0.009468 
520770271907917 -0.054367 -0.104458 0.014661 
520770292476196 -0.059559 -0.131947 0.007636 
520770313043437 -0.179289 -0.239764 0.005498 
520770333611613 -0.177151 -0.099876 -0.013744 
520770354179687 -0.215635 0.303600 -0.080329 
520770374748385 0.130725 0.588263 0.003971 
520770395316198 0.073304 0.517708 -0.131030 
520770415884531 0.024435 0.520457 -0.131030 
520770436452916 0.091324 0.451124 -0.133474 
520770457021405 -0.020464 0.305127 -0.072387 
520770477589477 0.031765 0.306960 -0.102625 
520770498158228 0.153632 0.384234 -0.078496 
520770518727498 0.016493 0.485332 -0.015882 
520770539295728 0.393702 -0.054062 0.270002 
520770559863957 0.161574 0.039095 0.054367 
520770580431874 -0.115148 -0.033903 0.027183 
520770601000311 0.022602 0.045815 0.076358 
520770621568645 0.094073 0.103542 0.106901 
520770642137759 0.004581 0.001833 0.072998 
520770662705937 -0.084605 0.032681 0.081550 
520770683274322 -0.028100 0.131030 0.138972 
520770703843020 0.032376 0.202807 0.188757 
520770724412342 0.080634 0.191812 0.230907 
520770744981406 0.079718 0.192117 0.255036 
520770765551561 0.065057 -0.050091 0.270918 
520770786117500 0.000916 -0.084605 0.221744 
520770806684530 0.044288 -0.071471 0.423329 
520770827252863 0.109345 -0.010385 0.441350 
520770847821926 0.126144 -0.104152 0.432187 
520770868389790 -0.040012 -0.244346 0.594982 
520770888960104 -0.200364 -0.127976 0.486859 
520770909529530 -0.058643 -0.031765 0.087354 
520770930097082 0.095600 -0.231518 -0.004887 
520770950666873 0.214414 -0.252287 0.160047 
520770971233593 0.390037 -0.499687 0.479834 
520770991801457 0.446848 -0.491441 0.474642 
520771012369791 0.513432 -0.445015 0.202502 
520771032938176 0.592233 -0.427911 0.069639 
520771053505729 0.622777 -0.690277 -0.040317 
520771074074009 0.806647 -1.015868 -0.083688 
520771094642812 1.011286 -1.212872 -0.040012 
520771115210936 1.086423 -1.065959 -0.182038 
520771135779323 1.255938 -0.948673 -0.529925 
520771156347760 1.380249 -0.808174 -0.711657 
520771176917186 1.468824 0.027794 -0.720209 
520771197485884 1.565035 0.289550 -0.439212 
520771218054166 1.611461 -0.380569 0.070249 
520771238623228 1.571755 -0.879034 0.139277 
520771259191249 1.844506 -1.844201 0.747698 
520771279760363 1.996611 -2.255312 1.317941 
520771300328645 1.964236 -0.848186 1.211650 
520771320896821 1.754403 -0.026267 0.680198 
520771341465312 1.451720 0.599564 -0.010079 
520771362032655 1.392466 1.298087 -0.393702 
520771382600884 1.771813 0.674395 0.405309 
520771403171405 2.046397 0.785572 0.950811 
520771423739582 2.692692 0.802676 0.850629 
520771444307186 3.792859 -0.277638 0.117286 
520771464875207 5.223199 -2.831969 -0.669813 
520771485443905 5.713112 -3.112356 -0.731205 
520771506011822 5.434558 -2.129474 -0.169820 
520771526581352 4.034456 -1.086118 0.621860 
520771547148853 2.592205 -0.201280 0.448375 
520771567719218 2.345415 0.069639 -0.098044 
520771588285988 1.957211 -1.425147 -0.611476 
520771608854998 1.569922 -3.043633 -2.145051 
520771629423072 0.546724 -2.707963 -2.093739 
520771649992759 -0.580627 -0.616668 -2.160934 
520771670559530 -1.493870 0.970053 -2.065028 
520771691128436 -1.634674 1.958432 -2.109316 
520771711696770 -1.508836 2.435823 -2.653596 
520771732265833 -1.289841 2.852433 -3.497811 
520771752834738 -0.959058 2.673144 -4.147161 
520771773404270 -0.626136 2.043953 -4.902495 
520771793971145 -0.465784 1.460272 -5.790387 
520771814539895 -0.357967 1.143233 -6.400640 
520771835106926 -0.352163 1.235779 -6.648346 
520771855675259 -0.840244 0.918741 -7.144673 
520771876243696 -1.576031 0.734870 -7.323047 
520771896812604 -2.787681 -0.271835 -6.779377 
520771917381248 -4.422661 -1.463021 -5.688066 
520771937949321 -5.383551 -0.356745 -3.856694 
520771958518540 -5.588801 2.436129 -1.863748 
520771979086405 -5.181966 4.942812 -0.266948 
520771999656821 -4.287660 5.580249 0.632856 
520772020223280 -3.636783 5.189601 0.083383 
520772040792446 -3.003316 3.734216 -0.376293 
520772061361926 -1.755014 2.198807 -0.233656 
520772081928800 -0.326202 0.139277 0.278554 
520772102497290 0.759305 -0.772133 0.430965 
520772123066144 1.507920 0.429132 0.233045 
520772143634322 1.791055 1.457523 -0.230601 
520772164203592 1.718973 1.290146 -1.029307 
520772184770988 1.533881 0.404392 -1.679267 
520772205341145 1.451720 -0.111177 -1.835954 
520772225908957 1.523802 -0.471893 -1.498146 
520772246477082 1.733634 -0.838106 -0.796568 
520772267045623 1.594968 -0.800538 -0.379652 
520772287613280 1.030529 -0.222966 -0.562912 
520772308181717 0.469450 0.552527 -0.529009 
520772328749374 0.142331 1.323744 -0.358578 
520772349317758 0.072082 1.472184 -0.275195 
520772369887550 -0.168293 0.197615 -0.277027 
520772390455155 -0.650265 -0.955392 -0.587346 
520772411025207 -0.902858 -0.921184 -0.683252 
520772431592289 -0.865901 -0.381180 -0.364381 
520772452161040 -0.711047 0.296880 0.022907 
520772472728019 -0.827722 0.110261 -0.106596 
520772493297759 -1.071457 0.111788 -0.656374 
520772513866248 -1.150258 0.449902 -0.959669 
520772534434478 -0.826500 1.248913 -1.124602 
520772555002916 -0.240681 2.065334 -1.058934 
520772575571457 0.305738 3.164585 -1.105054 
520772596139895 -0.198836 1.649335 -0.664621 
520772616708071 -0.761748 0.595288 0.095295 
520772637277290 -0.978911 -0.474336 0.024129 
520772657845415 -0.818253 -1.612683 -0.009163 
520772678415311 -0.572380 -1.119410 -0.175929 
520772698982602 -0.318871 -0.125838 -0.121562 
520772719552394 0.218995 0.489914 0.284052 
520772740120883 0.807258 0.307876 0.671340 
520772760687863 1.194851 -0.252898 0.640492 
520772781256039 1.277624 -0.732427 0.670729 
520772801825624 1.075122 -0.869871 0.735787 
520772822393228 0.708603 -0.514959 0.607200 
520772842962706 0.353996 -0.138361 0.430354 
520772863529790 0.127365 0.053145 0.337808 
520772884098592 0.023518 -0.073304 0.336892 
520772904667030 0.045204 -0.263283 0.316733 
520772925236665 0.093768 -0.338419 0.198226 
520772945803957 0.057727 -0.419359 0.143248 
520772966372915 -0.125227 -0.473115 0.179289 
520772986940832 -0.309098 -0.290772 0.149967 
520773007510050 -0.474642 -0.099571 -0.025351 
520773028076926 -0.556498 0.180205 -0.118508 
520773048645779 -0.427605 0.149356 -0.029932 
520773069213904 -0.055894 -0.105985 0.087048 
520773089783488 0.313984 -0.419664 0.060476 
520773110350884 0.505491 -0.332616 -0.017104 
520773130919217 0.373238 -0.199142 0.055589 
520773151487810 0.080940 -0.065057 0.162490 
520773172056613 -0.158214 0.032681 0.152105 
520773192626925 -0.257174 0.119424 0.096822 
520773213194529 -0.279776 0.182649 0.042455 
520773233763696 -0.270308 0.204945 -0.006109 
520773254331665 -0.236710 0.231518 -0.018631 
520773274900154 -0.167377 0.204334 0.044593 
520773295467602 -0.089186 0.114232 0.086743 
520773316036612 -0.032681 0.058032 0.073915 
520773336604842 0.025962 0.056810 0.045204 
520773357172863 0.118813 0.069944 0.039095 
520773377741456 0.190590 -0.000916 0.059559 
520773398308957 0.186925 -0.038790 0.037263 
520773418877810 0.109345 -0.022602 -0.014355 
520773439446613 -0.041539 0.013744 -0.018326 
520773460014738 -0.185703 0.064446 0.021075 
520773480583592 -0.199142 0.111177 0.023824 
520773501151560 -0.056200 0.081550 -0.023824 
520773521720779 0.134696 0.025962 -0.069028 
520773542288591 0.229074 -0.082467 -0.034514 
520773562857603 0.236099 -0.109650 -0.000916 
520773583425362 0.196393 -0.054062 -0.035430 
520773603994112 0.157298 0.031460 -0.047647 
520773624562394 0.129809 0.054367 -0.028100 
520773645131091 0.113010 0.029016 -0.018326 
520773665699530 0.111483 -0.032987 -0.019853 
520773686269789 0.098044 -0.055283 -0.007330 
520773706837602 0.072082 -0.049785 0.015272 
520773727408748 0.061086 0.006414 0.010385 
520773747974946 0.038790 0.059865 0.005498 
520773768541924 0.015272 0.034514 0.016493 
520773789110050 -0.014355 -0.035736 0.028100 
520773809678695 -0.048869 -0.108123 0.051618 
520773830247238 -0.091935 -0.130420 0.046120 
520773850818227 -0.128282 -0.121562 0.040012 
520773871384112 -0.114537 -0.072387 0.039095 
520773891952863 -0.075136 0.001222 0.025351 
520773912521352 -0.073304 0.047647 -0.007941 
520773933090624 -0.102320 0.080329 -0.000916 
520773953658331 -0.073609 0.081550 0.018021 
520773974227186 0.010690 0.026267 0.033903 
520773994795519 0.110872 -0.051923 0.015272 
520774015364113 0.151494 -0.085521 -0.001527 
520774035932602 0.124922 -0.051313 0.026573 
520774056502550 0.081550 -0.021991 0.026267 
520774077069320 0.067195 0.000916 -0.000611 
520774097637445 0.053451 0.014966 -0.023824 
520774118205778 0.028711 -0.009163 0.003360 
520774138774008 0.016799 -0.007941 0.049480 
520774159343018 0.038790 0.006414 0.050091 
520774179911508 0.052229 0.030238 0.026878 
520774200480779 0.043982 0.013744 0.028711 
520774221048696 0.044593 -0.044288 0.040623 
520774241617915 0.052840 -0.077580 0.024435 
520774262186352 0.073304 -0.019242 -0.010385 
520774282754842 0.062308 0.060781 -0.003971 
520774303323175 0.021991 0.054978 0.051924 
520774323892081 0.012217 -0.016188 0.085216 
520774344460310 0.037263 -0.033598 0.050091 
520774365029009 0.058643 -0.007636 0.013439 
520774385597758 0.040317 -0.002749 0.017410 
520774406165571 0.001222 0.012828 0.033292 
520774426733799 -0.008552 0.031154 0.035125 
520774447302706 0.031460 0.014050 0.046731 
520774467870675 0.075136 -0.002138 0.053451 
520774488438644 0.103542 0.031765 0.063530 
520774509006664 0.090103 0.087354 0.087048 
520774529574893 0.072387 0.185092 0.122784 
520774550142967 0.125533 0.123089 0.098655 
520774570712653 0.176234 -0.131336 0.102931 
520774591280466 0.131030 -0.132863 0.096822 
520774611849425 0.099876 -0.067806 0.018937 
520774632417758 0.243430 -0.208305 -0.121257 
520774652985778 0.250760 -0.474031 -0.128892 
520774673553800 -0.076969 -0.591622 -0.009774 
520774694122288 -0.314290 -0.102320 0.092241 
520774714690831 -0.413861 0.423635 0.107512 
520774735259320 -0.345444 0.615752 0.072693 
520774755827810 -0.132252 0.487165 -0.048869 
