# Created at Thu Nov 07 17:58:44 EST 2019 in Burnaby Canada 
520768731004167 -1.811400 158.229111 8.733510 
520768750916979 -4.089105 158.603531 7.986990 
520768770917917 -3.184995 158.342270 7.670550 
520768790916771 -3.381195 156.467468 8.286241 
520768810917604 -3.182970 158.780884 6.286980 
520768830925313 -3.803715 158.187576 6.753870 
520768850917239 -5.431846 159.717911 7.693200 
520768870921719 -4.548525 158.887238 6.454020 
520768890928906 -3.787620 158.614197 7.522800 
520768910918020 -4.084395 159.186646 6.449730 
520768930917448 -3.348975 158.201431 6.441960 
520768951123802 -3.939195 158.756363 7.063080 
520768970917239 -3.777225 158.898926 7.984170 
520768990917239 -4.822171 159.880310 7.226130 
520769010916613 -3.127620 160.935486 6.287880 
520769030917916 -4.063936 159.903137 6.757530 
520769050917343 -3.792645 158.618484 6.754050 
520769071188541 -3.769845 159.186188 7.984290 
520769090964322 -3.962670 158.042435 6.294030 
520769110917239 -4.667925 159.442337 9.223230 
520769130921926 -4.524060 159.159958 9.067890 
520769150916875 -3.295635 160.357742 6.135360 
520769170926251 -4.116615 157.452713 8.294010 
520769190917499 -4.553550 158.891510 5.685270 
520769210929218 -3.355365 157.472961 8.286660 
520769230919947 -3.967050 157.312271 8.446230 
520769250917915 -3.331890 158.186890 9.055711 
520769270926718 -1.982430 157.653900 8.119740 
520769290932500 -4.069320 159.173813 8.755980 
520769310917344 -3.299670 159.920807 7.211430 
520769330923333 -3.935175 158.752930 7.678080 
520769350916406 -4.693411 158.730118 8.146680 
520769370917239 -3.480436 158.766785 7.366170 
520769390917135 -3.475066 159.055801 7.058790 
520769410917500 -5.638095 157.851685 6.771390 
520769431161041 -4.908375 156.724533 6.456060 
520769450965729 -3.148095 159.778671 7.671150 
520769470917552 -3.904320 159.754150 8.447250 
520769490917760 -3.932160 158.750366 8.139330 
520769510917864 -4.541490 158.881241 7.530270 
520769530974843 -4.092120 158.606094 7.525740 
520769550917187 -3.751740 159.611145 9.060720 
520769570918125 -3.057900 157.487045 7.207470 
520769590918489 -3.496530 158.340164 6.597240 
520769610926406 -4.110225 158.181183 6.449310 
520769630921927 -5.314800 158.871262 5.692620 
520769650917552 -3.822165 157.469376 6.753570 
520769670917031 -2.549835 159.216873 8.280030 
520769690916718 -3.456960 159.480713 8.135220 
520769710916353 -3.491505 158.335876 7.365990 
520769730918229 -1.078650 157.539703 7.188360 
520769750918593 -2.721856 159.082886 5.821440 
520769770932187 -4.255110 158.024063 8.141970 
520769791093437 -3.168555 159.062180 7.363350 
520769810963905 -3.049500 158.213806 5.670270 
520769830964844 -4.838610 159.160400 7.533330 
520769850924687 -2.714161 158.782761 8.127570 
520769870916927 -4.229280 159.029556 8.142390 
520769890918853 -3.918390 159.766129 6.294750 
520769910918802 -3.769845 159.186188 7.984290 
520769930918906 -4.711515 158.305206 7.070251 
520769951124843 -3.034425 158.200974 7.976520 
520769970917916 -3.803055 157.893433 7.983750 
520769990918593 -3.785265 158.905777 6.754170 
520770010926249 -2.715810 159.518066 5.052870 
520770030917603 -4.086405 159.188354 6.142230 
520770050977134 -4.835595 159.157837 7.994580 
520770070916770 -4.832565 159.595627 6.764760 
520770090917708 -3.905310 160.195328 6.602430 
520770110916874 -2.707770 159.511230 6.282870 
520770130917447 -5.773245 158.273422 7.695540 
520770151039739 -4.243695 158.748260 7.066020 
520770171040676 -4.848001 158.874847 7.225710 
520770190937186 -3.184995 158.342270 7.670550 
520770210917343 -3.817140 157.465088 7.522320 
520770230917395 -4.241685 158.746536 7.373520 
520770250978749 -2.746695 157.636215 7.665840 
520770270919375 -3.953280 158.328018 6.601650 
520770290919478 -3.787620 158.614197 7.522800 
520770310917395 -4.089766 158.897675 6.757110 
520770330920467 -2.710785 159.513794 5.821620 
520770350917239 -3.367425 157.483231 6.441660 
520770370917552 -3.051855 157.922241 6.438900 
520770390917083 -3.378180 156.464905 8.747490 
520770410916510 -4.867440 158.597824 5.380590 
520770430916927 -5.051895 157.300171 5.535270 
520770450916874 -3.996195 157.337067 3.987480 
520770470916457 -3.527040 157.632217 4.751940 
520770490925363 -4.000230 156.900162 5.063550 
520770510974738 -4.002240 156.901871 4.756050 
520770530975623 -4.307730 157.334946 2.914170 
520770550916717 -3.951915 159.060745 3.988200 
520770570917812 -5.087430 156.596497 2.921220 
520770590916770 -3.507571 158.789871 3.214920 
520770610917238 -5.370795 157.451096 2.770770 
520770630916874 -4.292295 158.055710 2.453220 
520770650921873 -5.646435 158.886246 1.544310 
520770670917083 -4.854331 159.907684 2.306130 
520770690917134 -5.336910 158.890076 2.310120 
520770710917395 -3.811395 158.927994 2.756670 
520770730918385 -3.512596 158.794159 2.446170 
520770750918593 -2.729880 159.530029 2.900370 
520770770918801 -5.643420 158.883682 2.005560 
520770790918437 -5.643420 158.883682 2.005560 
520770810917864 -5.456956 160.179611 2.158380 
520770830916874 -6.365416 160.591370 1.244880 
520770850917551 -6.148440 162.595261 3.243000 
520770870925780 -4.644391 161.917572 3.228000 
520770890926249 -4.522319 161.066620 1.996170 
520770910919843 -7.224240 162.575470 1.715790 
520770930925364 -7.822515 162.696915 2.797980 
520770951176561 -5.965995 163.894638 2.780820 
520770970918228 -6.888885 163.584778 2.482020 
520770990917968 -7.487505 163.412964 4.640340 
520771010918072 -6.885871 163.582199 2.943270 
520771030925520 -7.146435 165.004517 4.023060 
520771050917082 -7.775910 163.831512 5.412210 
520771070916561 -8.060970 164.100418 7.260270 
520771090917187 -6.200086 165.587997 6.781980 
520771110916665 -8.334630 164.653198 9.723450 
520771130916614 -7.101195 165.406357 9.250740 
520771150917187 -8.603596 165.348755 12.340440 
520771170918227 -8.266576 166.063095 14.490300 
520771190918748 -5.810805 166.257858 16.926840 
520771210918020 -9.438975 167.166138 16.962540 
520771230917655 -7.301430 167.658035 16.173389 
520771250917863 -8.517765 167.330658 17.568781 
520771270918176 -9.880650 167.141159 19.273199 
520771290919479 -8.897055 169.454315 20.956589 
520771310918541 -9.247156 172.874130 23.729940 
520771330919113 -10.212300 175.842560 27.277740 
520771350976926 -12.417900 178.504105 28.530930 
520771370916874 -11.937315 179.963776 26.528372 
520771390916821 -13.303200 180.217163 26.080471 
520771410918853 -15.565800 181.459457 24.258060 
520771430918749 -15.924586 185.620544 22.880461 
520771450917238 -16.945665 188.930115 16.742130 
520771470917759 -17.743771 193.357803 16.906561 
520771490917603 -17.098200 194.957474 16.286341 
520771510917291 -12.937829 196.198853 19.322130 
520771530917134 -10.410931 199.562241 20.222490 
520771550917603 -9.557085 203.466751 19.140511 
520771570918383 -7.655971 205.800751 21.430080 
520771590917863 -7.182451 206.385757 21.733410 
520771610918124 -5.442975 208.430161 23.716829 
520771630917499 -5.005695 207.284637 25.249441 
520771650917499 -3.908415 208.460403 25.547131 
520771670917603 -2.893320 206.476929 25.689751 
520771690917811 -1.919820 202.914276 25.677961 
520771710917968 -4.303845 199.709686 22.777441 
520771730918280 -6.706980 196.081024 18.646740 
520771750918176 -7.108725 193.366852 14.497291 
520771770920051 -8.195266 188.205719 8.353951 
520771790918228 -7.862596 184.507156 4.042980 
520771810919270 -9.227490 179.756027 0.209010 
520771830917603 -5.934691 172.834732 -4.132740 
520771850917394 -3.328695 168.031586 -5.544990 
520771870916977 -0.903465 162.074387 -6.802500 
520771890917760 3.944025 156.046906 -9.621091 
520771910917499 7.887735 150.133621 -11.508300 
520771930917394 13.815060 144.562866 -13.875751 
520771951125467 17.401649 142.515717 -15.756929 
520771971360519 19.630426 141.595795 -20.238152 
520771990917446 22.280415 139.984329 -27.337831 
520772010919634 23.283541 145.216446 -33.955738 
520772030917342 25.715897 146.458572 -39.052528 
520772050926926 28.915545 148.156158 -44.925240 
520772070919530 29.916945 151.921951 -46.162502 
520772090986614 31.731556 152.127853 -48.640079 
520772110917863 32.189655 152.432419 -49.566872 
520772130918592 33.419716 152.454544 -47.733631 
520772150917968 31.323765 153.541855 -46.790070 
520772170919478 33.524323 150.444229 -47.120937 
520772190917498 35.765804 148.779587 -46.836208 
520772210920051 37.137032 147.934525 -43.313549 
520772230918176 37.834877 145.366699 -42.860733 
520772250919686 38.098095 143.208237 -40.712070 
520772270924946 39.006557 142.796478 -39.798573 
520772290919738 38.089348 142.188217 -38.098740 
520772310917863 38.846237 141.918610 -37.644958 
520772331305051 39.870060 140.514832 -38.424599 
520772350975310 41.137367 142.266647 -37.666889 
520772370917342 41.275517 141.402023 -36.438721 
520772390917655 44.502960 142.782394 -36.930302 
520772410919321 40.509586 141.679321 -38.276253 
520772430925310 42.450947 140.736740 -40.140781 
520772450917550 41.415375 141.563385 -38.900131 
520772470916353 42.993572 144.051758 -39.990059 
520772490917342 43.293377 143.917084 -40.146812 
520772510917551 42.656208 143.044174 -41.063789 
520772530917916 42.187393 143.042267 -42.904381 
520772550917707 46.009079 143.864273 -43.402081 
520772570923488 46.936337 144.463989 -43.564411 
520772590917395 48.292831 143.925018 -43.424129 
520772610917186 51.931065 143.448532 -43.613400 
520772630916769 52.698360 143.903976 -44.389320 
520772650924999 51.535709 146.026184 -44.376659 
520772670917290 54.232277 144.668671 -45.479969 
520772691254425 51.845249 146.470337 -45.301922 
520772710917602 53.145737 144.070877 -46.392422 
520772730918488 51.513599 146.044983 -47.759159 
520772750918852 52.112503 144.748749 -44.229328 
520772770917498 50.576923 144.279053 -44.522312 
520772790917706 51.040710 144.285217 -43.450470 
520772810919113 51.171825 143.426575 -43.298550 
520772830917759 47.954445 142.477966 -42.960541 
520772850929061 48.260609 142.191086 -41.579849 
520772870917342 48.076500 141.186707 -42.501301 
520772890918332 46.840050 140.436096 -42.489841 
520772910917967 46.445370 143.159943 -43.714291 
520772930918019 47.213310 142.880936 -41.569260 
520772951124009 46.635494 143.718903 -40.179272 
520772970918644 45.988274 142.854523 -42.633751 
520772990919373 44.779999 142.960632 -41.699432 
520773010918905 44.944321 143.394760 -41.546970 
520773030927030 45.103291 143.980209 -42.778202 
520773051184165 46.751534 142.873062 -42.333599 
520773070965206 44.505032 144.541977 -43.387077 
520773090916873 44.353111 144.390869 -42.770672 
520773110916926 44.500004 144.546249 -44.155830 
520773130917185 44.968815 144.548141 -42.315239 
520773150916977 45.667683 142.419785 -43.399738 
520773170917081 43.717274 143.370056 -42.918961 
520773190918956 44.042568 143.947586 -41.999161 
520773210918695 43.711559 142.787796 -41.535450 
520773230918592 44.207912 144.821167 -43.384018 
520773250918384 43.744770 144.080566 -41.534908 
520773270919113 43.617348 145.082840 -41.686771 
520773290917758 43.588848 144.373184 -43.224571 
520773310918800 44.205555 144.529602 -42.615391 
520773330918748 44.366535 145.113342 -43.539120 
520773350917759 45.549648 143.707642 -43.243980 
520773370926039 45.571110 144.423279 -42.782429 
520773390921404 45.553005 143.998352 -43.858860 
520773411135050 44.344051 143.958252 -42.463352 
520773431004321 44.192131 143.807129 -41.846939 
520773450917602 43.725674 144.096817 -44.456161 
520773470918176 43.725674 144.096817 -44.456161 
520773490918123 44.814228 144.692871 -43.236210 
520773510917185 44.290726 142.242249 -43.847820 
520773530920103 44.959110 144.849976 -44.928867 
520773550917185 45.059357 142.549789 -43.855049 
520773570917654 43.270920 143.642609 -42.453182 
520773590917498 44.016079 143.236221 -43.229462 
520773610916560 43.691444 142.364578 -42.919384 
520773630916560 44.939297 143.399033 -42.315720 
520773650924164 46.899437 143.027588 -43.565010 
520773670916769 44.510056 144.537704 -42.618328 
520773690917602 44.756519 142.246704 -42.468483 
520773710918487 46.575466 141.861847 -42.025051 
520773730925154 47.181435 141.440262 -40.801109 
520773750931925 45.504349 141.544495 -41.707382 
520773771087915 46.428585 142.146759 -42.330959 
520773791086144 45.653908 141.404037 -41.555161 
520773810967497 47.333702 141.884659 -42.493652 
520773830917134 46.861172 140.858459 -40.952160 
520773850919425 44.307812 142.227722 -41.234070 
520773870917289 45.497311 141.550476 -42.783630 
520773890976300 44.863140 140.234680 -41.548290 
520773910917862 44.927547 142.821899 -41.854710 
520773930918697 44.281319 141.516357 -42.464371 
520773951130623 45.057991 141.817062 -41.241600 
520773970918227 46.137169 142.567886 -42.020340 
520773990918019 45.722008 144.134918 -41.861519 
520774010917863 47.188171 142.461990 -43.721943 
520774030917706 46.129128 142.574722 -43.250340 
520774050919216 45.042572 141.536606 -42.471722 
520774070919998 44.166298 142.801651 -41.847359 
520774090918070 44.013721 142.944656 -42.460831 
520774110917497 44.763901 142.533997 -42.468361 
520774131035675 43.259850 143.211700 -42.453362 
520774151035675 43.987217 141.792984 -42.000061 
520774170932758 44.471146 143.103027 -42.926434 
520774190917966 43.518059 141.497818 -42.764519 
520774210921196 46.007713 143.131561 -40.788631 
520774230917863 42.611267 141.614609 -42.294392 
520774250919112 45.040562 141.538315 -42.779221 
520774270918279 44.456715 142.381409 -42.311729 
520774290918644 45.483887 140.828003 -42.015182 
520774310918019 45.716984 144.139191 -42.630268 
520774330920101 44.478180 143.097046 -41.850178 
520774350918227 43.239048 142.201935 -41.685032 
520774370918800 44.433899 141.373352 -41.850899 
520774390924790 44.149860 142.081741 -41.540161 
520774410919528 44.298752 141.795105 -40.926750 
520774430917966 42.635403 142.034409 -40.295460 
520774450922290 45.199516 141.683456 -42.319382 
520774470918331 43.726318 143.362366 -41.535210 
520774490971664 44.171326 142.797379 -41.078609 
520774510970570 44.028797 142.931839 -40.154583 
520774530917028 44.178047 143.378784 -42.308369 
520774550916352 42.766201 141.763153 -42.449551 
520774570917081 44.783012 142.958069 -41.238182 
520774590917289 43.580448 143.646439 -41.687370 
520774610918644 44.965786 144.110397 -41.085419 
520774630918070 42.199455 143.032013 -41.059380 
520774650925883 44.173332 142.795670 -40.771111 
520774670917289 43.251106 142.191681 -39.840031 
520774690917028 43.543549 142.210037 -41.687973 
520774710917237 43.345665 140.189911 -40.764839 
520774730916768 43.996922 141.491150 -39.386433 
520774750921768 43.721958 143.072525 -41.074078 
