# Created at Thu Nov 07 17:58:44 EST 2019 in Burnaby Canada 
520768731004167 -46.813633 -32.095154 15.693628 
520768750916979 -49.091335 -31.720734 14.947107 
520768770917917 -48.187225 -31.981995 14.630669 
520768790916771 -48.383427 -33.856796 15.246359 
520768810917604 -48.185204 -31.543381 13.247097 
520768830925313 -48.805946 -32.136688 13.713987 
520768850917239 -50.434078 -30.606354 14.653318 
520768870921719 -49.550758 -31.437027 13.414138 
520768890928802 -48.789852 -31.710068 14.482918 
520768910918020 -49.086628 -31.137619 13.409847 
520768930917448 -48.351208 -32.122833 13.402078 
520768951123802 -48.941425 -31.567902 14.023198 
520768970917239 -48.779457 -31.425339 14.944288 
520768990917239 -49.824402 -30.443954 14.186248 
520769010916613 -48.129852 -29.388779 13.247997 
520769030917916 -49.066166 -30.421127 13.717648 
520769050917343 -48.794876 -31.705780 13.714169 
520769071188541 -48.772076 -31.138077 14.944408 
520769090964322 -48.964901 -32.281830 13.254148 
520769110917239 -49.670158 -30.881927 16.183348 
520769130922500 -49.526291 -31.164307 16.028008 
520769150916875 -48.297867 -29.966522 13.095478 
520769170926614 -49.118847 -32.871552 15.254128 
520769190917499 -49.555782 -31.432755 12.645388 
520769210929478 -48.357597 -32.851303 15.246778 
520769230919947 -48.969280 -33.011993 15.406347 
520769250917915 -48.334122 -32.137375 16.015829 
520769270926718 -46.984661 -32.670364 15.079859 
520769290932604 -49.071552 -31.150452 15.716099 
520769310917344 -48.301903 -30.403458 14.171548 
520769330922344 -48.937408 -31.571335 14.638198 
520769350916406 -49.695641 -31.594147 15.106798 
520769370917239 -48.482666 -31.557480 14.326288 
520769390917135 -48.477299 -31.268463 14.018908 
520769410917500 -50.640327 -32.472580 13.731508 
520769431161041 -49.910606 -33.599731 13.416178 
520769450965676 -48.150326 -30.545593 14.631268 
520769470917552 -48.906551 -30.570114 15.407368 
520769490917760 -48.934391 -31.573898 15.099447 
520769510917864 -49.543720 -31.443024 14.490388 
520769530974999 -49.094353 -31.718170 14.485858 
520769550917187 -48.753971 -30.713120 16.020838 
520769570918124 -48.060131 -32.837219 14.167587 
520769590918489 -48.498760 -31.984100 13.557358 
520769610926406 -49.112457 -32.143082 13.409428 
520769630921927 -50.317032 -31.453003 12.652738 
520769650917552 -48.824398 -32.854889 13.713688 
520769670917031 -47.552067 -31.107391 15.240149 
520769690916718 -48.459190 -30.843552 15.095337 
520769710916353 -48.493736 -31.988388 14.326108 
520769730918229 -46.080883 -32.784561 14.148478 
520769750918593 -47.724087 -31.241379 12.781558 
520769770932187 -49.257339 -32.300201 15.102087 
520769791093437 -48.170788 -31.262085 14.323467 
520769810964062 -48.051731 -32.110458 12.630388 
520769830964844 -49.840843 -31.163864 14.493448 
520769850925573 -47.716393 -31.541504 15.087688 
520769870916927 -49.231510 -31.294708 15.102509 
520769890918853 -48.920620 -30.558136 13.254868 
520769910918802 -48.772076 -31.138077 14.944408 
520769930918906 -49.713745 -32.019058 14.030369 
520769951124843 -48.036655 -32.123291 14.936638 
520769970918645 -48.805286 -32.430832 14.943868 
520769990918593 -48.787498 -31.418488 13.714288 
520770010926249 -47.718040 -30.806198 12.012988 
520770030917603 -49.088638 -31.135910 13.102348 
520770050977134 -49.837826 -31.166428 14.954698 
520770070916770 -49.834797 -30.728638 13.724878 
520770090917708 -48.907543 -30.128937 13.562548 
520770110916874 -47.710003 -30.813034 13.242988 
520770130917447 -50.775475 -32.050842 14.655659 
520770151039739 -49.245926 -31.576004 14.026138 
520770171040676 -49.850231 -31.449417 14.185827 
520770190937186 -48.187225 -31.981995 14.630669 
520770210917343 -48.819370 -32.859177 14.482438 
520770230917395 -49.243916 -31.577728 14.333637 
520770250978749 -47.748928 -32.688049 14.625957 
520770270919375 -48.955513 -31.996246 13.561768 
520770290919375 -48.789852 -31.710068 14.482918 
520770310917395 -49.091995 -31.426590 13.717228 
520770330920467 -47.713017 -30.810471 12.781738 
520770350917239 -48.369656 -32.841034 13.401777 
520770370917552 -48.054085 -32.402023 13.399017 
520770390917083 -48.380413 -33.859360 15.707607 
520770410916510 -49.869671 -31.726440 12.340708 
520770430916927 -50.054127 -33.024094 12.495388 
520770450916874 -48.998428 -32.987198 10.947598 
520770470916457 -48.529270 -32.692047 11.712057 
520770490925363 -49.002460 -33.424103 12.023668 
520770510974738 -49.004471 -33.422394 11.716167 
520770530975623 -49.309963 -32.989319 9.874288 
520770550916717 -48.954147 -31.263519 10.948318 
520770570917812 -50.089661 -33.727768 9.881338 
520770590916770 -48.509804 -31.534393 10.175037 
520770610917290 -50.373028 -32.873169 9.730888 
520770630916874 -49.294525 -32.268555 9.413338 
520770650921873 -50.648666 -31.438019 8.504428 
520770670917083 -49.856564 -30.416580 9.266248 
520770690917134 -50.339142 -31.434189 9.270238 
520770710917395 -48.813625 -31.396271 9.716788 
520770730918541 -48.514828 -31.530106 9.406288 
520770750918593 -47.732113 -30.794235 9.860488 
520770770918748 -50.645653 -31.440582 8.965678 
520770790918437 -50.645653 -31.440582 8.965678 
520770810917864 -50.459187 -30.144653 9.118498 
520770830916874 -51.367645 -29.732895 8.204998 
520770850918333 -51.150673 -27.729004 10.203117 
520770870925780 -49.646622 -28.406693 10.188118 
520770890926249 -49.524551 -29.257645 8.956287 
520770910919843 -52.226471 -27.748795 8.675908 
520770930927499 -52.824745 -27.627350 9.758098 
520770951176561 -50.968227 -26.429626 9.740938 
520770970918228 -51.891117 -26.739487 9.442138 
520770990917968 -52.489738 -26.911301 11.600458 
520771010918072 -51.888103 -26.742065 9.903388 
520771030925520 -52.148666 -25.319748 10.983178 
520771050917083 -52.778141 -26.492752 12.372328 
520771070916561 -53.063202 -26.223846 14.220388 
520771090917187 -51.202316 -24.736267 13.742098 
520771110916665 -53.336861 -25.671066 16.683567 
520771130916614 -52.103428 -24.917908 16.210857 
520771150917187 -53.605827 -24.975510 19.300558 
520771170918227 -53.268806 -24.261169 21.450418 
520771190918748 -50.813038 -24.066406 23.886957 
520771210918020 -54.441208 -23.158127 23.922657 
520771230917655 -52.303661 -22.666229 23.133507 
520771250917863 -53.519997 -22.993607 24.528898 
520771270918176 -54.882881 -23.183105 26.233316 
520771290918697 -53.899284 -20.869949 27.916706 
520771310918541 -54.249390 -17.450134 30.690058 
520771330919113 -55.214531 -14.481705 34.237858 
520771350976926 -57.420132 -11.820160 35.491047 
520771370916874 -56.939545 -10.360489 33.488491 
520771390916821 -58.305431 -10.107101 33.040588 
520771410918853 -60.568031 -8.864807 31.218178 
520771430918749 -60.926819 -4.703720 29.840578 
520771450916822 -61.947899 -1.394150 23.702248 
520771470917759 -62.746002 3.033539 23.866678 
520771490918020 -62.100433 4.633209 23.246458 
520771510917291 -57.940060 5.874588 26.282248 
520771530917915 -55.413162 9.237976 27.182608 
520771550917603 -54.559319 13.142487 26.100628 
520771570918383 -52.658203 15.476486 28.390198 
520771590917863 -52.184681 16.061493 28.693527 
520771610917447 -50.445206 18.105896 30.676947 
520771630917499 -50.007927 16.960373 32.209560 
520771650918176 -48.910645 18.136139 32.507248 
520771670917603 -47.895550 16.152664 32.649868 
520771690917811 -46.922050 12.590012 32.638081 
520771710917968 -49.306076 9.385422 29.737558 
520771730918280 -51.709213 5.756760 25.606857 
520771750918176 -52.110958 3.042587 21.457409 
520771770920051 -53.197498 -2.118546 15.314068 
520771790918228 -52.864826 -5.817108 11.003098 
520771810919270 -54.229721 -10.568237 7.169128 
520771830917603 -50.936924 -17.489532 2.827378 
520771850917394 -48.330925 -22.292679 1.415128 
520771870916977 -45.905697 -28.249878 0.157618 
520771890917760 -41.058205 -34.277359 -2.660973 
520771910917499 -37.114498 -40.190643 -4.548182 
520771930917394 -31.187172 -45.761398 -6.915633 
520771951125467 -27.600582 -47.808548 -8.796812 
520771971360519 -25.371805 -48.728470 -13.278034 
520771990917446 -22.721817 -50.339935 -20.377714 
520772010919634 -21.718691 -45.107819 -26.995621 
520772030917342 -19.286335 -43.865692 -32.092411 
520772050926821 -16.086687 -42.168106 -37.965122 
520772070919530 -15.085287 -38.402313 -39.202385 
520772090987291 -13.270676 -38.196411 -41.679962 
520772110917863 -12.812576 -37.891846 -42.606754 
520772130918592 -11.582516 -37.869720 -40.773514 
520772150917968 -13.678467 -36.782410 -39.829952 
520772170919478 -11.477909 -39.880035 -40.160820 
520772190917498 -9.236427 -41.544678 -39.876091 
520772210920051 -7.865200 -42.389740 -36.353432 
520772230918176 -7.167355 -44.957565 -35.900616 
520772250919686 -6.904137 -47.116028 -33.751953 
520772270924946 -5.995674 -47.527786 -32.838455 
520772290920050 -6.912884 -48.136047 -31.138622 
520772310917863 -6.155994 -48.405655 -30.684841 
520772331305884 -5.132172 -49.809433 -31.464481 
520772350975310 -3.864864 -48.057617 -30.706772 
520772370917498 -3.726715 -48.922241 -29.478603 
520772390917655 -0.499271 -47.541870 -29.970184 
520772410919321 -4.492645 -48.644943 -31.316135 
520772430925310 -2.551285 -49.587524 -33.180664 
520772450917550 -3.586857 -48.760880 -31.940014 
520772470916353 -2.008659 -46.272507 -33.029942 
520772490917134 -1.708855 -46.407181 -33.186695 
520772510917551 -2.346024 -47.280090 -34.103672 
520772530917916 -2.814838 -47.281998 -35.944263 
520772550917707 1.006847 -46.459991 -36.441963 
520772570923488 1.934105 -45.860275 -36.604294 
520772590917395 3.290600 -46.399246 -36.464012 
520772610917186 6.928833 -46.875732 -36.653282 
520772630916769 7.696129 -46.420288 -37.429203 
520772650924687 6.533478 -44.298080 -37.416542 
520772670917290 9.230045 -45.655594 -38.519852 
520772691254425 6.843018 -43.853928 -38.341805 
520772710917602 8.143505 -46.253387 -39.432304 
520772730918488 6.511368 -44.279282 -40.799042 
520772750918852 7.110271 -45.575516 -37.269211 
520772770917498 5.574692 -46.045212 -37.562195 
520772790917706 6.038479 -46.039047 -36.490353 
520772810919113 6.169594 -46.897690 -36.338432 
520772830917759 2.952213 -47.846298 -36.000423 
520772850928957 3.258377 -48.133179 -34.619732 
520772870917342 3.074268 -49.137558 -35.541183 
520772890918332 1.837818 -49.888168 -35.529724 
520772910917967 1.443138 -47.164322 -36.754173 
520772930918019 2.211079 -47.443329 -34.609142 
520772951124009 1.633263 -46.605362 -33.219154 
520772970918644 0.986042 -47.469742 -35.673634 
520772990919373 -0.222233 -47.363632 -34.739315 
520773010918905 -0.057911 -46.929504 -34.586853 
520773030927030 0.101059 -46.344055 -35.818085 
520773051185207 1.749302 -47.451202 -35.373482 
520773070965206 -0.497200 -45.782288 -36.426960 
520773090916873 -0.649120 -45.933395 -35.810555 
520773110916926 -0.502228 -45.778015 -37.195713 
520773130917185 -0.033417 -45.776123 -35.355122 
520773150916977 0.665451 -47.904480 -36.439621 
520773170916768 -1.284958 -46.954208 -35.958843 
520773190918956 -0.959663 -46.376678 -35.039043 
520773210918695 -1.290672 -47.536469 -34.575333 
520773230918592 -0.794319 -45.503098 -36.423901 
520773250918384 -1.257462 -46.243698 -34.574791 
520773270919113 -1.384884 -45.241425 -34.726654 
520773290917758 -1.413383 -45.951080 -36.264454 
520773310918800 -0.796677 -45.794662 -35.655273 
520773330918748 -0.635696 -45.210922 -36.579002 
520773350917759 0.547417 -46.616623 -36.283863 
520773370926039 0.568878 -45.900986 -35.822311 
520773390921404 0.550774 -46.325912 -36.898743 
520773411135050 -0.658180 -46.366013 -35.503235 
520773431004321 -0.810101 -46.517136 -34.886822 
520773450917602 -1.276558 -46.227448 -37.496044 
520773470918176 -1.276558 -46.227448 -37.496044 
520773490918123 -0.188004 -45.631393 -36.276093 
520773510917185 -0.711506 -48.082016 -36.887703 
520773530920103 -0.043121 -45.474289 -37.968750 
520773550917185 0.057125 -47.774475 -36.894932 
520773570917654 -1.731312 -46.681656 -35.493065 
520773590917498 -0.986153 -47.088043 -36.269344 
520773610916716 -1.310787 -47.959686 -35.959267 
520773630916560 -0.062935 -46.925232 -35.355602 
520773650924164 1.897205 -47.296677 -36.604893 
520773670916769 -0.492176 -45.786560 -35.658211 
520773690917602 -0.245712 -48.077560 -35.508366 
520773710918487 1.573235 -48.462418 -35.064934 
520773730925154 2.179203 -48.884003 -33.840992 
520773750931925 0.502117 -48.779770 -34.747265 
520773771087915 1.426353 -48.177505 -35.370842 
520773791086144 0.651676 -48.920227 -34.595043 
520773810966247 2.331470 -48.439606 -35.533535 
520773830917134 1.858940 -49.465805 -33.992043 
520773850919425 -0.694420 -48.096542 -34.273952 
520773870917289 0.495079 -48.773788 -35.823513 
520773890976300 -0.139091 -50.089584 -34.588173 
520773910917862 -0.074684 -47.502365 -34.894592 
520773930918697 -0.720913 -48.807907 -35.504253 
520773951130623 0.055759 -48.507202 -34.281483 
520773970918227 1.134937 -47.756378 -35.060223 
520773990918019 0.719776 -46.189346 -34.901402 
520774010917863 2.185940 -47.862274 -36.761826 
520774030917706 1.126896 -47.749542 -36.290222 
520774050919216 0.040340 -48.787659 -35.511604 
520774070919998 -0.835934 -47.522614 -34.887241 
520774090918070 -0.988510 -47.379608 -35.500713 
520774110917497 -0.238331 -47.790268 -35.508244 
520774131035675 -1.742382 -47.112564 -35.493244 
520774151035675 -1.015015 -48.531281 -35.039944 
520774170932863 -0.531086 -47.221237 -35.966316 
520774190917966 -1.484173 -48.826447 -35.804401 
520774210920779 1.005482 -47.192703 -33.828514 
520774230917863 -2.390965 -48.709656 -35.334274 
520774250918852 0.038330 -48.785950 -35.819103 
520774270918279 -0.545517 -47.942856 -35.351612 
520774290918644 0.481655 -49.496262 -35.055065 
520774310918019 0.714752 -46.185074 -35.670151 
520774330920101 -0.524052 -47.227219 -34.890060 
520774350918227 -1.763184 -48.122330 -34.724915 
520774370918800 -0.568333 -48.950912 -34.890781 
520774390924790 -0.852371 -48.242523 -34.580044 
520774410919528 -0.703480 -48.529160 -33.966633 
520774430917966 -2.366829 -48.289856 -33.335342 
520774450922290 0.197285 -48.640808 -35.359264 
520774470918331 -1.275913 -46.961899 -34.575092 
520774490971404 -0.830906 -47.526886 -34.118492 
520774510970570 -0.973434 -47.392426 -33.194466 
520774530917028 -0.824184 -46.945480 -35.348251 
520774550916352 -2.236031 -48.561111 -35.489433 
520774570917081 -0.219219 -47.366196 -34.278065 
520774590917289 -1.421783 -46.677826 -34.727253 
520774610918644 -0.036446 -46.213867 -34.125301 
520774630918070 -2.802776 -47.292252 -34.099262 
520774650925883 -0.828899 -47.528595 -33.810993 
520774670917289 -1.751125 -48.132584 -32.879913 
520774690916925 -1.458683 -48.114227 -34.727856 
520774710917237 -1.656567 -50.134354 -33.804722 
520774730916768 -1.005310 -48.833115 -32.426315 
520774750921768 -1.280273 -47.251740 -34.113960 
