# Created at Thu Nov 07 17:58:44 EST 2019 in Burnaby Canada 
520768708708229 -0.806510 0.097519 -0.576301 0.088926 
520768729276667 -0.806546 0.097562 -0.576255 0.088858 
520768749844687 -0.806594 0.097625 -0.576191 0.088770 
520768770413125 -0.806633 0.097681 -0.576137 0.088702 
520768790981719 -0.806658 0.097746 -0.576093 0.088686 
520768811550105 -0.806675 0.097764 -0.576072 0.088652 
520768832118594 -0.806670 0.097773 -0.576074 0.088675 
520768852686979 -0.806678 0.097797 -0.576059 0.088673 
520768873255156 -0.806679 0.097793 -0.576059 0.088665 
520768893823541 -0.806680 0.097776 -0.576063 0.088646 
520768914391875 -0.806678 0.097760 -0.576070 0.088638 
520768934960312 -0.806677 0.097743 -0.576076 0.088624 
520768955528697 -0.806676 0.097730 -0.576081 0.088617 
520768976096874 -0.806696 0.097793 -0.576043 0.088614 
520768996665259 -0.806717 0.097848 -0.576006 0.088599 
520769017233646 -0.806748 0.097929 -0.575952 0.088580 
520769037802083 -0.806782 0.097974 -0.575907 0.088519 
520769058370469 -0.806815 0.098019 -0.575862 0.088461 
520769078938854 -0.806798 0.097988 -0.575887 0.088484 
520769099507343 -0.806806 0.098014 -0.575871 0.088482 
520769120075729 -0.806844 0.098088 -0.575814 0.088436 
520769140644322 -0.806817 0.098034 -0.575855 0.088468 
520769161212708 -0.806797 0.098006 -0.575882 0.088502 
520769181780937 -0.806810 0.098040 -0.575859 0.088494 
520769202349322 -0.806831 0.098096 -0.575823 0.088483 
520769222917968 -0.806885 0.098193 -0.575742 0.088407 
520769243486353 -0.806918 0.098263 -0.575689 0.088370 
520769264054323 -0.806934 0.098290 -0.575666 0.088348 
520769284622708 -0.806940 0.098301 -0.575657 0.088337 
520769305191042 -0.806964 0.098347 -0.575620 0.088307 
520769325759427 -0.806973 0.098376 -0.575602 0.088308 
520769346327864 -0.806966 0.098368 -0.575612 0.088323 
520769366896250 -0.806953 0.098336 -0.575634 0.088331 
520769387464582 -0.806930 0.098299 -0.575667 0.088369 
520769408033020 -0.806908 0.098257 -0.575701 0.088397 
520769428601510 -0.806897 0.098241 -0.575715 0.088414 
520769449169948 -0.806915 0.098268 -0.575690 0.088383 
520769469738802 -0.807068 0.098495 -0.575477 0.088128 
520769490307187 -0.807365 0.099007 -0.575038 0.087690 
520769510875468 -0.807685 0.099504 -0.574583 0.087170 
520769531443853 -0.807900 0.099014 -0.574355 0.087232 
520769552011927 -0.807968 0.098428 -0.574342 0.087350 
520769572580312 -0.808031 0.098555 -0.574191 0.087619 
520769593149166 -0.807595 0.098499 -0.574729 0.088173 
520769613717552 -0.807207 0.098183 -0.575262 0.088602 
520769634285624 -0.807190 0.098287 -0.575288 0.088476 
520769654853593 -0.807172 0.098229 -0.575357 0.088251 
520769675422030 -0.806956 0.097788 -0.575681 0.088607 
520769695991979 -0.806697 0.097431 -0.576010 0.089213 
520769716560364 -0.806733 0.097740 -0.575901 0.089255 
520769737129270 -0.806529 0.097016 -0.576188 0.090038 
520769757697656 -0.806091 0.097650 -0.576739 0.089743 
520769778264531 -0.806019 0.097395 -0.576824 0.090116 
520769798832917 -0.806092 0.097370 -0.576695 0.090317 
520769819400937 -0.805974 0.097546 -0.576822 0.090376 
520769839969323 -0.805742 0.097499 -0.577133 0.090506 
520769860539375 -0.805682 0.097451 -0.577224 0.090513 
520769881107760 -0.805830 0.097599 -0.577021 0.090324 
520769901675156 -0.805794 0.098644 -0.577014 0.089556 
520769922243593 -0.805828 0.098207 -0.576993 0.089871 
520769942812343 -0.805776 0.098636 -0.577048 0.089505 
520769963380728 -0.805798 0.097864 -0.577077 0.089966 
520769983948437 -0.805773 0.097275 -0.577160 0.090304 
520770004516874 -0.805671 0.097646 -0.577303 0.089886 
520770025084895 -0.805444 0.098930 -0.577568 0.088815 
520770045653280 -0.805157 0.099439 -0.577950 0.088358 
520770066221561 -0.805047 0.098812 -0.578152 0.088746 
520770086789999 -0.804904 0.099188 -0.578350 0.088331 
520770107358385 -0.804658 0.099137 -0.578740 0.088070 
520770127926823 -0.804197 0.099407 -0.579420 0.087512 
520770148495415 -0.803844 0.099327 -0.579960 0.087273 
520770169063801 -0.803477 0.099226 -0.580506 0.087130 
520770189632603 -0.803539 0.098868 -0.580444 0.087379 
520770210200989 -0.803996 0.098913 -0.579859 0.087009 
520770230771094 -0.803927 0.098554 -0.580003 0.087096 
520770251339531 -0.803754 0.098022 -0.580280 0.087450 
520770271906614 -0.804326 0.098557 -0.579467 0.086973 
520770292475051 -0.805196 0.098934 -0.578241 0.086650 
520770313042864 -0.806790 0.100055 -0.576008 0.085400 
520770333611301 -0.807489 0.100830 -0.575142 0.083710 
520770354179375 -0.805604 0.101126 -0.578054 0.081425 
520770374747708 -0.801325 0.099915 -0.583977 0.082861 
520770395316094 -0.798335 0.098758 -0.588306 0.082480 
520770415884582 -0.796024 0.099851 -0.591487 0.080734 
520770436452968 -0.793341 0.098203 -0.595490 0.079744 
520770457021405 -0.791942 0.099030 -0.597387 0.078421 
520770477589790 -0.790528 0.098493 -0.599550 0.076841 
520770498158905 -0.788009 0.096690 -0.603111 0.077136 
520770518727290 -0.785040 0.095497 -0.607377 0.075404 
520770539295051 -0.784668 0.096086 -0.607004 0.081296 
520770559863488 -0.784218 0.095799 -0.607382 0.083142 
520770580431822 -0.784616 0.096760 -0.606896 0.081810 
520770601000259 -0.784154 0.097218 -0.607338 0.082412 
520770621569062 -0.783252 0.097629 -0.608273 0.083600 
520770642137499 -0.783159 0.098335 -0.608241 0.083870 
520770662706197 -0.782910 0.099827 -0.608390 0.083352 
520770683274582 -0.781880 0.101367 -0.609396 0.083815 
520770703844531 -0.780330 0.102950 -0.610966 0.084895 
520770724412968 -0.778802 0.104403 -0.612425 0.086625 
520770744980677 -0.777266 0.106089 -0.613824 0.088448 
520770765549062 -0.777230 0.107754 -0.613244 0.090740 
520770786116041 -0.777505 0.109641 -0.612354 0.092129 
520770806684478 -0.777351 0.112780 -0.611507 0.095209 
520770827252915 -0.776743 0.115631 -0.611190 0.098728 
520770847821353 -0.776723 0.118435 -0.610090 0.102298 
520770868392655 -0.777591 0.123365 -0.607378 0.105951 
520770888961093 -0.777962 0.128402 -0.605570 0.107577 
520770909530050 -0.778007 0.129345 -0.605305 0.107618 
520770930098436 -0.779310 0.128621 -0.603648 0.108359 
520770950664582 -0.780476 0.128668 -0.601619 0.111160 
520770971233020 -0.782404 0.130028 -0.597568 0.117684 
520770991801301 -0.784263 0.130797 -0.593510 0.124779 
520771012369739 -0.785948 0.128858 -0.590489 0.130399 
520771032937134 -0.787560 0.125314 -0.587874 0.135831 
520771053505572 -0.790838 0.120422 -0.583197 0.141263 
520771074074113 -0.795783 0.113776 -0.575962 0.148497 
520771094642448 -0.801320 0.106176 -0.567194 0.157813 
520771115210885 -0.805776 0.096960 -0.559918 0.166780 
520771135780311 -0.809329 0.083954 -0.554435 0.174757 
520771156348748 -0.811846 0.069012 -0.550290 0.182552 
520771176917291 -0.809254 0.055087 -0.552984 0.190480 
520771197485728 -0.804515 0.042916 -0.557253 0.200957 
520771218054374 -0.803255 0.033927 -0.554527 0.214779 
520771238622811 -0.804713 0.024752 -0.547324 0.228605 
520771259191770 -0.810255 0.016536 -0.530654 0.248233 
520771279760207 -0.817058 0.012414 -0.508223 0.271977 
520771300328437 -0.815490 0.010314 -0.498106 0.294551 
520771320896874 -0.809757 0.006314 -0.496584 0.312503 
520771341463957 -0.801796 0.000110 -0.502109 0.324050 
520771362032394 -0.790274 -0.006750 -0.514422 0.332855 
520771382602707 -0.780617 -0.010523 -0.518422 0.348948 
520771403171144 -0.769131 -0.009746 -0.520824 0.370251 
520771423738332 -0.753891 -0.014104 -0.523832 0.396294 
520771444306769 -0.739137 -0.034265 -0.520611 0.425989 
520771464874947 -0.729851 -0.079346 -0.499791 0.459599 
520771485443384 -0.717136 -0.128051 -0.474550 0.494087 
520771506011978 -0.699350 -0.164797 -0.452135 0.528513 
520771526580415 -0.684204 -0.182359 -0.434046 0.556969 
520771547149113 -0.672029 -0.190105 -0.425453 0.575523 
520771567717550 -0.657861 -0.200445 -0.422322 0.590495 
520771588286145 -0.650647 -0.221859 -0.412741 0.597564 
520771608854634 -0.648950 -0.262143 -0.401888 0.590450 
520771629422655 -0.650911 -0.296542 -0.394820 0.576623 
520771649991092 -0.650195 -0.313295 -0.405253 0.561126 
520771670559895 -0.647834 -0.315627 -0.428383 0.545141 
520771691128332 -0.640919 -0.311924 -0.458447 0.530804 
520771711697811 -0.628132 -0.309480 -0.493707 0.515679 
520771732266301 -0.607889 -0.311284 -0.534441 0.497941 
520771752834270 -0.583274 -0.319201 -0.574849 0.476918 
520771773402708 -0.556983 -0.335372 -0.612378 0.449766 
520771793969999 -0.528744 -0.358890 -0.647956 0.414464 
520771814538332 -0.497983 -0.385695 -0.681321 0.372899 
520771835106821 -0.463541 -0.410960 -0.713057 0.328315 
520771855675729 -0.428901 -0.433535 -0.743355 0.274800 
520771876244166 -0.395296 -0.449185 -0.772111 0.214051 
520771896812394 -0.372110 -0.453101 -0.796663 0.146838 
520771917380831 -0.364092 -0.439164 -0.817821 0.075763 
520771937949530 -0.353842 -0.407084 -0.841807 0.020982 
520771958517967 0.325250 0.363468 0.872970 0.005212 
520771979086353 0.277715 0.316925 0.906861 0.005953 
520771999654842 -0.225283 -0.275016 -0.934650 0.006598 
520772020225051 -0.175582 -0.238917 -0.954938 0.013540 
520772040793488 -0.139826 -0.208979 -0.967790 0.012576 
520772061360363 -0.119306 -0.190710 -0.974304 0.011290 
520772081928852 -0.119424 -0.185974 -0.975177 0.013495 
520772102497395 -0.128422 -0.192269 -0.972756 0.016915 
520772123065832 -0.125231 -0.206287 -0.970210 0.021330 
520772143634113 -0.111224 -0.223381 -0.968085 0.023257 
520772164202550 -0.097145 -0.241041 -0.965493 0.016885 
520772184772030 -0.089977 -0.257802 -0.961997 0.001811 
520772205340520 0.086820 0.273798 0.957730 0.015831 
520772225908696 0.087374 0.289799 0.952602 0.030523 
520772246477134 0.093028 0.306780 0.946427 0.038836 
520772267044842 0.099455 0.321979 0.940523 0.043065 
520772287613280 0.100031 0.332237 0.936638 0.048181 
520772308180831 0.093498 0.337473 0.935285 0.051103 
520772328749321 0.079673 0.339757 0.935806 0.049853 
520772349318228 0.064396 0.341548 0.936466 0.047213 
520772369886718 0.061293 0.340635 0.936902 0.049257 
520772390455362 0.068182 0.334984 0.937915 0.058761 
520772411023800 0.074222 0.326642 0.939679 0.069284 
520772431591144 0.075887 0.318331 0.941979 0.074718 
520772452159582 0.072068 0.311668 0.944579 0.073758 
520772472729321 0.069835 0.303884 0.947180 0.075011 
520772493297811 0.066295 0.294067 0.949935 0.082179 
520772513865988 0.058446 0.283913 0.952708 0.091238 
520772534434530 0.042181 0.277533 0.954673 0.098974 
520772555002968 0.018794 0.277217 0.955019 0.103620 
520772575571196 -0.014927 0.283112 0.953170 0.105315 
520772596139634 -0.032879 0.282334 0.952773 0.106911 
520772616708488 -0.040085 0.276334 0.954658 0.103254 
520772637276978 -0.037317 0.266791 0.957492 0.103149 
520772657845675 -0.022859 0.257362 0.960128 0.106755 
520772678414165 -0.013043 0.250316 0.961662 0.111258 
520772698983956 -0.012355 0.246583 0.962458 0.112774 
520772719552446 -0.016335 0.248726 0.962323 0.108642 
520772740119112 -0.017288 0.256476 0.961121 0.100840 
520772760687602 -0.012431 0.267659 0.958746 0.094927 
520772781256300 -0.002731 0.279352 0.955960 0.089971 
520772801824738 0.008231 0.289043 0.953515 0.084828 
520772822392863 0.015326 0.295461 0.951856 0.080241 
520772842961300 0.018209 0.298705 0.951113 0.076347 
520772863530103 0.018845 0.299925 0.950987 0.072896 
520772884098540 0.020537 0.300090 0.951129 0.069836 
520772904667030 0.023940 0.300365 0.951137 0.067419 
520772925235467 0.027880 0.301103 0.950864 0.066462 
520772945803957 0.032560 0.301429 0.950606 0.066546 
520772966372394 0.037639 0.299953 0.950895 0.066404 
520772986939999 0.040609 0.296850 0.951776 0.065981 
520773007508488 0.041198 0.292275 0.953115 0.066713 
520773028076977 0.038933 0.287057 0.954722 0.067742 
520773048645466 0.037269 0.282981 0.955993 0.067899 
520773069213957 0.038592 0.282245 0.956180 0.067585 
520773089782447 0.042941 0.284893 0.955191 0.067838 
520773110350883 0.046326 0.289504 0.953596 0.068527 
520773130919373 0.048571 0.292847 0.952478 0.068318 
520773151489998 0.049618 0.293473 0.952328 0.066961 
520773172058488 0.049442 0.291937 0.952928 0.065236 
520773192626769 0.048266 0.289499 0.953819 0.063957 
520773213195259 0.046295 0.286848 0.954784 0.062945 
520773233763227 0.044020 0.284313 0.955679 0.062497 
520773254330727 0.041408 0.282124 0.956484 0.061879 
520773274899164 0.039208 0.280554 0.957122 0.060578 
520773295467915 0.038002 0.279685 0.957522 0.059023 
520773316036404 0.037418 0.279357 0.957710 0.057880 
520773336604529 0.036892 0.279608 0.957703 0.057129 
520773357173019 0.036387 0.280727 0.957425 0.056618 
520773377740883 0.036648 0.282492 0.956929 0.056059 
520773398309373 0.037178 0.284267 0.956396 0.055825 
520773418877811 0.037321 0.285362 0.956062 0.055860 
520773439446301 0.037007 0.285013 0.956179 0.055852 
520773460014633 0.036151 0.283287 0.956759 0.055265 
520773480583071 0.034761 0.281751 0.957310 0.054464 
520773501151664 0.034205 0.281166 0.957481 0.054821 
520773521720102 0.034179 0.282175 0.957141 0.055580 
520773542288435 0.034930 0.284018 0.956544 0.056017 
520773562856873 0.035473 0.286205 0.955892 0.055669 
520773583425466 0.035698 0.288003 0.955350 0.055565 
520773603993904 0.035344 0.289605 0.954866 0.055782 
520773624562603 0.034452 0.290901 0.954530 0.055340 
520773645131040 0.033821 0.292039 0.954220 0.055072 
520773665700675 0.034119 0.293208 0.953818 0.055637 
520773686269112 0.034400 0.294265 0.953489 0.055534 
520773706838019 0.034423 0.295062 0.953274 0.054969 
520773727406456 0.033975 0.295690 0.953114 0.054655 
520773747973175 0.033536 0.295920 0.953049 0.054816 
520773768541612 0.033222 0.296077 0.953025 0.054576 
520773789110311 0.033518 0.296158 0.952991 0.054538 
520773809678800 0.034301 0.296020 0.953031 0.054112 
520773830247185 0.035458 0.295393 0.953171 0.054314 
520773850815674 0.036634 0.294408 0.953415 0.054605 
520773871384425 0.037029 0.293373 0.953749 0.054077 
520773891952915 0.036848 0.292371 0.954089 0.053629 
520773912521404 0.036372 0.291428 0.954393 0.053677 
520773933089894 0.035549 0.290526 0.954712 0.053446 
520773953658592 0.034651 0.289871 0.954970 0.052975 
520773974227030 0.034252 0.289876 0.955008 0.052520 
520773994795675 0.034689 0.290902 0.954683 0.052472 
520774015365623 0.035795 0.292205 0.954198 0.053295 
520774035934112 0.036593 0.293207 0.953847 0.053532 
520774056500518 0.036857 0.293943 0.953624 0.053292 
520774077069007 0.036842 0.294757 0.953380 0.053178 
520774097637081 0.036842 0.295355 0.953178 0.053472 
520774118205518 0.036935 0.295629 0.953090 0.053473 
520774138774581 0.036540 0.295846 0.953110 0.052162 
520774159343018 0.036179 0.296176 0.953082 0.051048 
520774179911769 0.036100 0.296545 0.952984 0.050798 
520774200480207 0.035942 0.296966 0.952892 0.050165 
520774221049477 0.036333 0.297408 0.952751 0.049943 
520774241617915 0.036811 0.298017 0.952579 0.049236 
520774262186248 0.037136 0.298787 0.952304 0.049645 
520774282754738 0.036678 0.299226 0.952185 0.049618 
520774303323383 0.036025 0.299373 0.952206 0.048801 
520774323891873 0.035902 0.299595 0.952196 0.047708 
520774344460831 0.036180 0.300014 0.952083 0.047125 
520774365029321 0.036587 0.300517 0.951909 0.047109 
520774385596872 0.036965 0.300779 0.951805 0.047258 
520774406165310 0.036728 0.300906 0.951803 0.046672 
520774426733747 0.036234 0.300972 0.951836 0.045947 
520774447302185 0.036044 0.301197 0.951821 0.044928 
520774467869737 0.036211 0.301817 0.951637 0.044514 
520774488438174 0.036037 0.302611 0.951435 0.043584 
520774509006040 0.035476 0.303239 0.951308 0.042420 
520774529574477 0.033917 0.303800 0.951273 0.040427 
520774550143591 0.033117 0.304744 0.951054 0.039121 
520774570712028 0.034191 0.306797 0.950415 0.037661 
520774591280831 0.034818 0.308308 0.949965 0.036056 
520774611849320 0.035968 0.309159 0.949620 0.036723 
520774632416873 0.038890 0.311249 0.948709 0.039536 
520774652985362 0.044012 0.313582 0.947555 0.043227 
520774673553904 0.048481 0.314160 0.947106 0.044083 
520774694122341 0.047728 0.312132 0.947917 0.041822 
520774714690883 0.044012 0.307480 0.949698 0.039918 
520774735259216 0.039265 0.303331 0.951285 0.038808 
