# Created at Thu Nov 07 18:12:17 EST 2019 in Burnaby Canada 
521581378092762 -3.388847 -3.221260 8.660652 
521581398663231 -3.374482 -3.227245 8.672623 
521581419233336 -3.378073 -3.229639 8.678608 
521581439803804 -3.367300 -3.222457 8.676214 
521581460373648 -3.381665 -3.232033 8.669031 
521581480944169 -3.392438 -3.205698 8.664243 
521581501515211 -3.364906 -3.216472 8.654667 
521581522085679 -3.390044 -3.254777 8.670229 
521581542656096 -3.424758 -3.208092 8.682199 
521581563226565 -3.397226 -3.212881 8.665441 
521581583797137 -3.437926 -3.222457 8.651075 
521581604367605 -3.399620 -3.204501 8.637908 
521581624937919 -3.355330 -3.232033 8.670229 
521581645508388 -3.351738 -3.220063 8.694170 
521581666078908 -3.363709 -3.226048 8.663046 
521581686649376 -3.387650 -3.216472 8.659455 
521581707219950 -3.393635 -3.209289 8.659455 
521581727790419 -3.396029 -3.235624 8.664244 
521581748360836 -3.384059 -3.255974 8.637909 
521581768931251 -3.361315 -3.217669 8.659454 
521581789501720 -3.346950 -3.206895 8.671426 
521581810072606 -3.404408 -3.192531 8.673820 
521581830642711 -3.430744 -3.191334 8.649879 
521581851213335 -3.402014 -3.226048 8.672623 
521581871783595 -3.398423 -3.235624 8.681002 
521581892354533 -3.378073 -3.229639 8.647484 
521581912924482 -3.364906 -3.217669 8.651075 
521581933494949 -3.380467 -3.226048 8.660652 
521581954065262 -3.394832 -3.229639 8.673820 
521581974636565 -3.404408 -3.224851 8.673820 
521581995206461 -3.372088 -3.222457 8.670229 
521582015777033 -3.346950 -3.236822 8.661849 
521582036347449 -3.367300 -3.245201 8.666637 
521582056917867 -3.428349 -3.222457 8.676214 
521582077488440 -3.507355 -3.156619 8.658258 
521582098058648 -3.607907 -3.131481 8.642696 
521582118629117 -3.598330 -3.212881 8.657061 
521582139199950 -3.361315 -3.270339 8.627134 
521582159770419 -3.337374 -3.170984 8.677410 
521582180340679 -3.321812 -3.179363 8.672623 
521582200911148 -3.233230 -3.248792 8.689382 
521582221482242 -3.180560 -3.284703 8.768387 
521582242052711 -3.139861 -3.349344 8.770781 
521582262623439 -3.108737 -3.326600 8.688185 
521582283193908 -3.056067 -3.290689 8.667835 
521582303763439 -3.093175 -3.289492 8.708534 
521582324333960 -3.199713 -3.240413 8.712126 
521582344904897 -3.344556 -3.205698 8.702549 
521582365475418 -3.437926 -3.180560 8.679805 
521582386046461 -3.544463 -3.161407 8.663046 
521582406616930 -3.622272 -3.170984 8.618755 
521582427187866 -3.577981 -3.167393 8.590027 
521582447758335 -3.463064 -3.161407 8.611572 
521582468328752 -3.495384 -3.209289 8.657061 
521582488899429 -3.672547 -3.210486 8.701352 
521582509469950 -3.735991 -3.126693 8.566086 
521582530040783 -3.405605 -3.064446 8.643894 
521582550609533 -3.586360 -3.228442 8.707337 
521582571180418 -3.570798 -3.184151 8.639105 
521582591750783 -3.421167 -3.246398 8.612770 
521582612322033 -3.367300 -3.160210 8.739657 
521582632891512 -3.338571 -3.272733 8.676214 
521582653461981 -3.279915 -3.287097 8.613968 
521582674034533 -3.317024 -3.332585 8.704943 
521582694605887 -3.099161 -3.321812 8.703746 
521582715173647 -3.167393 -3.159013 8.725293 
521582735744741 -3.309842 -3.139861 8.721703 
521582756315054 -3.333783 -3.227245 8.663046 
521582776885261 -3.313433 -3.081205 8.685791 
521582797455782 -3.364906 -3.157816 8.682199 
521582818026616 -3.527704 -3.289492 8.659455 
521582838597137 -3.513340 -3.405605 8.681002 
521582859168074 -3.307447 -3.319418 8.593617 
521582879738595 -3.295477 -3.132678 8.562494 
521582900309116 -3.403211 -3.317024 8.586435 
521582920879637 -3.521719 -3.622271 8.688185 
521582941449793 -3.163801 -3.363709 8.537356 
521582962020314 -3.459473 -2.773563 8.681002 
521582982591564 -3.500172 -3.405606 8.683396 
521583003161981 -3.392438 -2.752017 8.442789 
521583023730731 -3.210486 -4.487739 8.657062 
521583044301251 -2.663435 -4.321348 8.522991 
521583064871200 -2.797504 -3.853302 8.642696 
521583085441721 -3.164999 -3.601922 8.809086 
521583106012137 -2.945939 -3.399620 8.587632 
521583126582553 -3.109934 -3.951460 8.522991 
521583147153855 -3.077614 -3.616286 8.617558 
521583167724585 -3.063249 -3.412788 8.754023 
521583188294272 -3.094373 -3.175772 8.695367 
521583208864741 -3.429546 -3.709656 8.730082 
521583229435157 -3.167393 -3.654592 8.657062 
521583250005678 -3.094373 -3.631848 8.672623 
521583270576251 -3.204501 -4.619413 8.677411 
521583291146981 -2.707726 -4.391974 8.617558 
521583311718283 -2.792716 -3.967022 8.584041 
521583332289324 -3.081205 -3.823376 8.566086 
521583352861095 -3.108737 -4.178900 8.509824 
521583373430887 -2.892071 -4.561955 8.823451 
521583394001564 -2.953121 -4.510482 8.764795 
521583414570419 -3.246398 -4.147776 8.678608 
521583435140105 -3.093176 -4.041239 8.694170 
521583455710938 -3.023746 -4.250723 8.372164 
521583476281147 -3.350541 -4.350078 6.440126 
521583496851512 -3.607907 -3.747962 8.830633 
521583517421928 -2.874115 -5.325673 8.909638 
521583537994428 -4.063982 -1.717766 8.390119 
521583558564845 -3.409197 -0.579372 7.846659 
521583579134688 -3.212881 -3.044097 9.037724 
521583599705157 -5.112597 -3.396029 8.947945 
521583620274897 -4.800168 -1.955979 8.247670 
521583640845417 -4.922267 -0.667954 8.235700 
521583661415417 -4.271072 0.459667 7.624007 
521583681985990 -4.770242 -2.747228 8.603193 
521583702556824 -6.397032 -3.720429 8.217744 
521583723127240 -5.835616 -2.773563 8.804298 
521583743698178 -4.822912 -0.499170 7.743712 
521583764268699 -5.228711 0.962428 7.084138 
521583784838543 -5.537550 4.218402 8.135147 
521583805409064 -5.597403 4.241146 7.719771 
521583825980053 -5.506427 2.603582 8.294355 
521583846550573 -5.957715 -1.653125 8.040581 
521583867121303 -6.013976 -2.445572 6.432943 
521583887692136 -6.321618 0.805614 9.049694 
521583908262918 -6.204307 -1.790786 8.204576 
521583928833387 -5.395102 -0.756535 7.489938 
521583949404741 -5.821251 -0.025138 7.386992 
521583969973595 -6.017568 -0.051473 7.439662 
521583990545314 -7.677875 1.709386 9.152639 
521584011114689 -6.297677 0.300459 8.455956 
521584031685158 -5.177238 -0.506352 7.681466 
521584052256199 -5.774566 -0.441711 7.425297 
521584072825626 -7.050621 -0.860678 6.116922 
521584093396824 -6.842334 -0.429741 7.048226 
521584113966824 -6.139667 -1.022280 8.356602 
521584134538387 -5.736260 -1.139591 8.223729 
521584155108648 -6.543072 -0.316021 8.342237 
521584175679740 -7.607248 0.153222 5.098233 
521584196249427 -6.630456 -1.729736 8.210562 
521584216820106 -6.837546 -1.742904 7.358263 
521584237390627 -6.869866 -2.646676 7.126035 
521584257960939 -6.634048 -3.516931 7.009921 
521584278531460 -5.745837 -3.006988 6.731009 
521584299102240 -5.480092 -2.105610 7.014709 
521584319672761 -5.809280 -1.136000 8.226124 
521584340243543 -6.258174 -1.019886 7.662313 
521584360814064 -8.093251 -1.819515 7.097306 
521584381384063 -8.645091 -2.491060 7.595279 
521584401954583 -8.258444 -2.742440 9.704479 
521584422524792 -6.486811 0.438120 10.343704 
521584443095313 -4.637369 2.833416 10.250334 
521584463667397 -3.603119 3.846120 9.534498 
521584484237918 -1.505888 4.724754 6.157622 
521584504807032 -3.082402 4.564349 6.890216 
521584525377552 -4.238751 4.937829 6.592151 
521584545947917 -3.971810 4.138200 6.675944 
521584566518438 -3.840134 3.336177 7.110473 
521584587089219 -4.200446 3.168590 10.695637 
521584607661095 -4.825306 1.493918 9.521330 
521584628231772 -6.604121 1.928447 8.873728 
521584648800781 -7.367839 2.577247 9.008993 
521584669371095 -4.976134 2.216936 9.307058 
521584689941616 -3.840134 2.274394 9.417188 
521584710512240 -4.055603 2.489863 9.006599 
521584731083387 -3.932307 2.690967 8.958717 
521584751653283 -4.411127 2.918406 10.062397 
521584772225469 -4.711586 2.750820 11.403092 
521584792794427 -4.271072 2.529365 11.716719 
521584813365001 -4.532029 0.968413 11.318102 
521584833935678 -5.654861 -1.007916 9.351350 
521584854506303 -7.260104 0.752944 9.401626 
521584875075418 -5.836813 2.644282 8.476307 
521584895647396 -2.872919 4.016101 8.252459 
521584916216771 -3.173378 3.735991 9.174187 
521584936788490 -4.529634 2.456345 9.439931 
521584957358595 -4.826503 1.776421 9.608715 
521584977929063 -3.792253 1.686643 10.354477 
521584998499584 -2.341429 2.269606 11.206776 
521585019069688 -3.593542 2.845387 10.049229 
521585039640209 -3.455882 2.590415 9.178974 
521585060210834 -3.163802 2.510212 8.095645 
521585080781355 -3.916745 3.354132 8.357798 
521585101351876 -3.038111 4.498512 9.320227 
521585121922397 -1.917673 4.827700 8.501444 
521585142493125 -2.195389 4.650537 7.103291 
521585163063646 -2.689770 4.049618 6.517934 
521585183634324 -2.652661 4.552379 6.577786 
521585204204845 -2.626326 4.751089 5.899059 
521585224775730 -2.386917 4.601458 6.007991 
521585245346251 -1.662702 5.263426 7.465997 
521585265916876 -1.668687 5.195194 6.528708 
521585286487396 -2.115186 5.524383 5.216742 
521585307057292 -2.939953 6.851911 5.885892 
521585327629636 -2.780746 4.897129 5.780551 
521585348200574 -3.755144 3.891608 5.325673 
521585368770365 -3.749158 5.377146 6.298874 
521585389340626 -2.251650 7.064985 8.276400 
521585409910781 -1.663899 6.197124 7.549790 
521585430481354 -2.092442 5.561491 5.914621 
521585451050938 -3.380467 6.030735 5.744640 
521585471622552 -3.068038 6.766920 6.800437 
521585492192501 -1.793180 6.869866 7.594081 
521585512763074 -1.240143 6.731009 7.506697 
521585533335417 -2.070895 6.691506 7.182296 
521585553904011 -2.690967 6.771708 7.432480 
521585574473594 -2.768775 6.373091 7.799973 
521585595045938 -2.438390 6.332391 7.461209 
521585615616615 -2.415646 6.685521 6.486811 
521585636186042 -2.099625 6.872261 6.835152 
521585656757449 -1.957176 6.806423 7.165537 
521585677327969 -1.884156 6.775299 6.941689 
521585697898125 -2.064910 6.687915 6.707067 
521585718468646 -2.519789 6.456884 6.995557 
521585739039376 -2.528168 6.535890 7.160749 
521585759609897 -1.686643 6.993162 6.954857 
521585780179324 -1.352666 6.983586 6.736994 
521585800749844 -2.020619 6.944083 6.768117 
521585821320000 -2.341429 6.814802 7.120049 
521585841890521 -2.129551 6.728615 6.577786 
521585862461198 -1.511873 7.222996 6.705871 
521585883031771 -1.070162 7.396568 6.826773 
521585903602240 -1.486735 7.389386 6.890216 
521585924172761 -1.509479 7.248134 7.202646 
521585944747136 -1.800362 6.672353 6.466461 
521585965317657 -1.545391 7.236164 5.504033 
521585985884323 -0.878634 7.878979 6.472446 
521586006454844 -1.399351 7.172720 7.827506 
521586027025990 -2.066107 6.683126 7.402554 
521586047596511 -1.890141 6.962039 6.270144 
521586068166354 -1.715372 6.945281 6.284510 
521586088736875 -1.490326 7.214617 6.345559 
521586109308541 -1.157547 7.364248 7.092517 
521586129879010 -1.760860 6.578983 7.554578 
521586150448802 -2.345020 6.431746 7.323548 
521586171020261 -1.939220 6.905778 6.523919 
521586191590313 -1.270069 7.234966 6.345559 
521586212161354 -1.484341 7.013513 7.360657 
521586232731354 -2.299532 6.206701 7.600066 
521586253301823 -2.384522 6.152834 7.725757 
521586273872917 -1.520253 7.050621 6.510752 
521586294445053 -1.054600 7.634781 6.006794 
521586315014375 -1.622002 6.950068 7.211025 
521586335584844 -1.976328 6.495190 7.386992 
521586356158855 -2.055334 6.623274 6.915354 
521586376725678 -1.417307 7.102094 6.833955 
521586397296199 -0.785264 7.534229 6.741782 
521586417866511 -1.130015 7.327139 6.984783 
521586438437032 -1.960767 6.509554 7.597672 
521586459006197 -2.039772 6.410200 7.515076 
521586479576718 -1.213808 7.129626 6.374288 
521586500147812 -0.566204 7.766456 6.104952 
521586520718333 -1.319148 7.043439 7.221799 
521586541289687 -2.133142 6.386259 7.479165 
521586561860208 -1.756071 6.677141 7.497120 
521586582430156 -1.593273 6.820787 6.754950 
521586603000677 -1.010310 7.480361 6.629260 
521586623570781 -1.015098 7.742516 4.839671 
521586644141302 -1.776421 7.355868 5.057534 
521586664711980 -1.600455 6.833955 7.130823 
521586685282501 -2.167856 6.297677 7.876585 
521586705854687 -2.623932 6.185154 6.687915 
521586726425208 -2.264817 6.617289 6.641230 
521586746994271 -0.849905 6.631654 8.663046 
521586767564792 -1.226976 6.780087 9.581182 
