# Created at Thu Nov 07 18:12:17 EST 2019 in Burnaby Canada 
521581383235314 -3.369643 -3.227782 8.625388 
521581403805575 -3.369092 -3.228209 8.625443 
521581424375888 -3.369020 -3.228148 8.625494 
521581444946616 -3.369027 -3.228198 8.625473 
521581465516304 -3.368247 -3.228071 8.625825 
521581486087398 -3.368388 -3.228034 8.625784 
521581506657763 -3.369328 -3.227340 8.625676 
521581527228231 -3.369110 -3.227768 8.625601 
521581547798648 -3.370264 -3.228290 8.624956 
521581568369325 -3.370640 -3.226969 8.625302 
521581588939689 -3.370987 -3.227165 8.625094 
521581609511043 -3.371720 -3.227105 8.624830 
521581630080471 -3.371801 -3.226576 8.624996 
521581650651096 -3.370729 -3.226091 8.625597 
521581671221460 -3.369681 -3.225393 8.626267 
521581691791929 -3.369319 -3.224908 8.626590 
521581712362502 -3.369670 -3.224452 8.626624 
521581732932762 -3.370177 -3.224637 8.626356 
521581753503388 -3.370131 -3.225427 8.626079 
521581774073856 -3.370288 -3.226111 8.625762 
521581794644272 -3.369765 -3.225790 8.626086 
521581815214689 -3.368745 -3.224745 8.626874 
521581835785263 -3.369074 -3.223967 8.627037 
521581856355887 -3.370436 -3.223311 8.626750 
521581876926147 -3.371091 -3.223478 8.626431 
521581897497085 -3.371581 -3.223920 8.626075 
521581918067034 -3.371652 -3.223503 8.626203 
521581938637554 -3.371359 -3.223625 8.626271 
521581959207814 -3.370644 -3.223739 8.626510 
521581979779117 -3.370480 -3.223418 8.626693 
521582000349013 -3.370203 -3.223182 8.626889 
521582020919585 -3.368544 -3.223804 8.627304 
521582041490001 -3.366869 -3.224702 8.627623 
521582062060419 -3.366997 -3.224324 8.627714 
521582082630783 -3.368447 -3.222564 8.627807 
521582103201200 -3.369293 -3.219909 8.628467 
521582123772190 -3.373049 -3.219477 8.627161 
521582144342502 -3.371819 -3.221402 8.626923 
521582164914169 -3.364674 -3.223312 8.628999 
521582185483231 -3.358286 -3.220769 8.632436 
521582206054897 -3.350157 -3.219092 8.636219 
521582226624794 -3.343089 -3.220263 8.638521 
521582247195731 -3.335673 -3.221795 8.640817 
521582267765991 -3.331327 -3.224640 8.641432 
521582288335940 -3.328386 -3.227317 8.641566 
521582308905991 -3.327939 -3.229828 8.640800 
521582329477293 -3.330176 -3.230226 8.639789 
521582350047501 -3.338713 -3.228471 8.637150 
521582370618438 -3.348937 -3.225850 8.634170 
521582391189117 -3.359534 -3.222779 8.631201 
521582411760471 -3.369911 -3.220519 8.627997 
521582432330523 -3.379715 -3.219932 8.624381 
521582452901408 -3.384423 -3.220267 8.622410 
521582473471304 -3.387596 -3.221974 8.620525 
521582494041929 -3.391123 -3.228822 8.616576 
521582514612502 -3.401294 -3.218333 8.616491 
521582535183335 -3.404320 -3.220363 8.614537 
521582555752137 -3.401738 -3.219938 8.615717 
521582576323387 -3.400180 -3.217332 8.617304 
521582596893440 -3.395883 -3.217975 8.618760 
521582617464689 -3.390078 -3.218980 8.620668 
521582638034064 -3.383615 -3.218120 8.623528 
521582658604585 -3.379385 -3.223580 8.623147 
521582679177190 -3.376541 -3.228959 8.622249 
521582699748543 -3.369056 -3.235726 8.622642 
521582720316199 -3.364388 -3.235900 8.624397 
521582740887293 -3.368822 -3.234900 8.623042 
521582761457658 -3.366522 -3.243175 8.620831 
521582782027918 -3.358738 -3.254841 8.619472 
521582802598595 -3.354234 -3.263015 8.618134 
521582823169168 -3.355299 -3.280161 8.611208 
521582843741720 -3.359171 -3.299533 8.602293 
521582864310731 -3.354873 -3.316133 8.597585 
521582884881563 -3.343873 -3.325221 8.598360 
521582905451668 -3.325434 -3.345752 8.597548 
521582926022449 -3.308983 -3.371718 8.593750 
521582946592450 -3.281211 -3.407282 8.590371 
521582967163283 -3.258378 -3.443010 8.584815 
521582987734168 -3.247565 -3.478692 8.574521 
521583008302866 -3.213410 -3.521829 8.569778 
521583028873283 -3.212015 -3.525455 8.568810 
521583049444012 -3.188847 -3.556461 8.564650 
521583070013856 -3.147323 -3.563107 8.577238 
521583090584480 -3.127463 -3.563932 8.584157 
521583111154741 -3.101678 -3.566646 8.592381 
521583131726408 -3.084764 -3.566432 8.598557 
521583152296460 -3.070995 -3.591879 8.592891 
521583172867241 -3.061702 -3.584207 8.599408 
521583193436824 -3.063322 -3.571374 8.604170 
521583214007345 -3.091868 -3.563341 8.597287 
521583234577814 -3.117723 -3.565024 8.587247 
521583255148282 -3.138994 -3.550579 8.585482 
521583275718907 -3.160014 -3.552405 8.577011 
521583296289533 -3.142180 -3.572437 8.575243 
521583316860887 -3.116099 -3.566853 8.587075 
521583337431876 -3.116607 -3.539940 8.598022 
521583358003699 -3.119305 -3.510978 8.608911 
521583378573439 -3.138567 -3.477007 8.615695 
521583399144168 -3.194271 -3.445685 8.607802 
521583419712971 -3.280235 -3.368588 8.605989 
521583440282710 -3.367096 -3.286922 8.604022 
521583460853490 -3.468657 -3.172271 8.606713 
521583481423751 -3.574676 -3.089081 8.593581 
521583501994116 -3.721035 -2.959984 8.576875 
521583522566460 -3.878127 -2.826167 8.552384 
521583543137033 -4.013608 -2.682279 8.536201 
521583563706407 -4.117763 -2.551571 8.526658 
521583584277292 -4.271414 -2.443866 8.482507 
521583604846980 -4.487274 -2.356716 8.395275 
521583625417501 -4.691790 -2.183025 8.330180 
521583645988023 -4.898096 -1.927400 8.274308 
521583666558073 -5.042837 -1.736618 8.229480 
521583687130261 -5.181699 -1.659607 8.158805 
521583707699428 -5.289475 -1.647267 8.091869 
521583728269793 -5.464788 -1.605823 7.982970 
521583748840783 -5.609772 -1.512495 7.900203 
521583769411251 -5.705037 -1.375339 7.856932 
521583789981095 -5.762374 -1.226574 7.839704 
521583810553023 -5.768711 -1.111989 7.852123 
521583831122657 -5.812551 -1.035403 7.830235 
521583851693752 -5.965915 -0.854893 7.736111 
521583872263959 -5.931707 -0.596894 7.786460 
521583892834741 -5.899509 -0.536881 7.815237 
521583913405522 -5.928322 -0.578172 7.790451 
521583933976773 -5.940033 -0.532247 7.784800 
521583954547346 -5.950789 -0.362738 7.786329 
521583975116199 -5.945290 -0.138331 7.797741 
521583995687918 -6.017396 -0.101538 7.742804 
521584016257241 -6.094680 -0.245284 7.678874 
521584036827762 -6.185156 -0.414359 7.598850 
521584057398803 -6.334166 -0.469240 7.471850 
521584077968231 -6.367856 -0.395018 7.447466 
521584098539428 -6.306088 -0.368883 7.501170 
521584119109480 -6.297150 -0.447239 7.504417 
521584139680991 -6.360097 -0.593108 7.440952 
521584160251252 -6.442076 -0.663059 7.364130 
521584180822345 -6.399706 -0.678578 7.399572 
521584201392031 -6.410606 -0.721725 7.386042 
521584221962658 -6.410743 -0.755962 7.382499 
521584242533126 -6.417205 -0.755137 7.376966 
521584263103543 -6.426342 -0.702619 7.374201 
521584283674325 -6.385809 -0.610040 7.417524 
521584304244845 -6.333514 -0.520344 7.469018 
521584324817136 -6.310198 -0.458659 7.492758 
521584345386147 -6.308559 -0.414577 7.496705 
521584365956199 -6.252420 -0.350038 7.546861 
521584386526615 -6.142941 -0.207421 7.641442 
521584407097189 -6.040884 0.069545 7.724848 
521584427667396 -6.018684 0.399198 7.732170 
521584448240157 -6.062405 0.712539 7.675280 
521584468810001 -6.101170 0.984416 7.614265 
521584489379115 -6.022515 1.136432 7.655600 
521584509949636 -5.799940 1.301170 7.799875 
521584530521304 -5.454659 1.414232 8.026023 
521584551090521 -5.049050 1.461929 8.278904 
521584571661354 -4.661756 1.448661 8.505280 
521584592231823 -4.657949 1.313371 8.529300 
521584612803699 -4.764466 1.133306 8.496227 
521584633374376 -4.767221 1.004168 8.510913 
521584653943386 -4.746428 0.965875 8.526951 
521584674513699 -4.731036 0.973362 8.534650 
521584695084271 -4.703589 1.001906 8.546509 
521584715654844 -4.587173 1.039607 8.605083 
521584736225991 -4.347357 1.073295 8.724615 
521584756795835 -4.077468 1.152306 8.844028 
521584777368074 -3.857995 1.340851 8.915626 
521584797937031 -3.700606 1.670773 8.926613 
521584818508178 -3.633995 2.001197 8.885925 
521584839078282 -3.579419 2.240148 8.850982 
521584859648907 -3.494824 2.480304 8.820697 
521584880218022 -3.288608 2.763650 8.815763 
521584900790001 -3.070416 2.969900 8.827380 
521584921359375 -2.912049 3.095502 8.837886 
521584941931094 -2.789374 3.203646 8.838916 
521584962501563 -2.752725 3.324369 8.805763 
521584983071667 -2.890666 3.416115 8.726088 
521585003641772 -3.118480 3.548006 8.594017 
521585024212293 -3.301748 3.746468 8.439954 
521585044783230 -3.459816 3.987584 8.264336 
521585065353438 -3.517340 4.258910 8.103110 
521585085924167 -3.464550 4.578183 7.950316 
521585106494480 -3.422916 4.905279 7.771247 
521585127067553 -3.417593 5.188109 7.587752 
521585147635730 -3.383386 5.416816 7.441854 
521585168206512 -3.317477 5.611216 7.326595 
521585188776928 -3.253997 5.765458 7.234734 
521585209347449 -3.164034 5.877701 7.184143 
521585229918334 -3.059440 5.974048 7.149893 
521585250489532 -3.004203 6.087126 7.077574 
521585271059480 -2.942145 6.210876 6.995656 
521585291629741 -2.885551 6.287485 6.950649 
521585312199896 -2.905471 6.285793 6.943877 
521585332772240 -2.922857 6.260871 6.959079 
521585353343178 -2.827156 6.263926 6.995771 
521585373912969 -2.696509 6.283750 7.029490 
521585394483230 -2.645398 6.308747 7.026519 
521585415053386 -2.647218 6.318925 7.016680 
521585435623958 -2.631034 6.307610 7.032929 
521585456193594 -2.550612 6.302258 7.067270 
521585476765156 -2.459808 6.303913 7.097916 
521585497335782 -2.401604 6.305838 7.116116 
521585517905678 -2.368299 6.310638 7.123019 
521585538478074 -2.323953 6.326779 7.123306 
521585559046616 -2.289342 6.350274 7.113602 
521585579616198 -2.271254 6.383908 7.089254 
521585600188542 -2.242991 6.436007 7.051042 
521585620759219 -2.164978 6.500916 7.015792 
521585641329636 -2.092072 6.558986 6.983790 
521585661900053 -2.052251 6.593979 6.962622 
521585682470574 -2.033233 6.609262 6.953704 
521585703040729 -2.008380 6.619776 6.950927 
521585723611094 -1.955134 6.645056 6.941978 
521585744181980 -1.880467 6.685385 6.923861 
521585764752345 -1.826750 6.712720 6.911785 
521585785321928 -1.799739 6.722146 6.909708 
521585805892241 -1.770291 6.733114 6.906637 
521585826462604 -1.729737 6.755285 6.895254 
521585847033958 -1.659170 6.788871 6.879590 
521585867603854 -1.579450 6.833759 6.853864 
521585888174323 -1.520945 6.874675 6.826122 
521585908744844 -1.499304 6.903593 6.801681 
521585929315886 -1.550120 6.900008 6.793923 
521585949889741 -1.626014 6.861642 6.815008 
521585970457187 -1.663104 6.810029 6.857696 
521585991026927 -1.688812 6.770183 6.890787 
521586011597552 -1.697648 6.775081 6.883796 
521586032168594 -1.698673 6.788821 6.869992 
521586052738698 -1.719883 6.769514 6.883753 
521586073308959 -1.736537 6.735929 6.912458 
521586093880833 -1.731164 6.704787 6.944010 
521586114451145 -1.742531 6.677827 6.967108 
521586135021614 -1.766810 6.658597 6.979389 
521586155591406 -1.769301 6.651673 6.985356 
521586176162084 -1.743219 6.642839 7.000305 
521586196732918 -1.709056 6.630078 7.020796 
521586217303958 -1.686211 6.625837 7.030317 
521586237873958 -1.667137 6.639073 7.022375 
521586258444479 -1.648496 6.666346 7.000906 
521586279015521 -1.620958 6.682529 6.991901 
521586299587657 -1.595550 6.680778 6.999416 
521586320156979 -1.591848 6.678678 7.002261 
521586340727396 -1.588733 6.686024 6.995956 
521586361301459 -1.558274 6.702416 6.987116 
521586381868282 -1.518321 6.720797 6.978251 
521586402438490 -1.497278 6.723601 6.980096 
521586423009115 -1.496243 6.717710 6.985987 
521586443578906 -1.499890 6.722826 6.980282 
521586464148802 -1.488265 6.741967 6.964291 
521586484720208 -1.450479 6.760769 6.954029 
521586505290416 -1.405816 6.776217 6.948161 
521586525860937 -1.385302 6.790609 6.938223 
521586546432291 -1.411554 6.782171 6.941185 
521586567002292 -1.471217 6.770753 6.939943 
521586587572761 -1.492911 6.787883 6.918545 
521586608143177 -1.505179 6.839664 6.864679 
521586628713385 -1.441993 6.892543 6.825240 
521586649284375 -1.398631 6.887239 6.839602 
521586669854584 -1.429486 6.825746 6.894646 
521586690426667 -1.450102 6.764452 6.950524 
521586710997292 -1.370104 6.719911 7.009707 
521586731566771 -1.258362 6.665618 7.082122 
521586752136875 -1.210975 6.624703 7.128621 
