# Created at Thu Nov 07 18:12:17 EST 2019 in Burnaby Canada 
521581383235314 -0.000611 -0.008247 0.009163 
521581403805575 -0.000916 -0.007636 0.007941 
521581424375888 -0.000611 -0.003665 0.008552 
521581444946356 -0.000305 -0.002749 0.007330 
521581465516304 0.000000 -0.006414 0.009774 
521581486087658 -0.000611 -0.006414 0.009163 
521581506657763 0.001222 0.000000 0.008552 
521581527228231 -0.001833 -0.004581 0.010385 
521581547798648 -0.000916 -0.002443 0.008247 
521581568369325 0.000916 -0.005192 0.007330 
521581588939689 0.000916 -0.009468 0.006720 
521581609511043 -0.000611 -0.008858 0.005803 
521581630080471 0.000000 -0.003971 0.013744 
521581650650992 0.001222 -0.006414 0.012523 
521581671221460 0.003665 -0.005498 0.011301 
521581691791877 0.001527 -0.006720 0.008858 
521581712362502 0.000305 -0.005192 0.009774 
521581732932762 0.000305 -0.003665 0.010079 
521581753503388 -0.002138 -0.008858 0.010996 
521581774073856 -0.000305 -0.003971 0.010996 
521581794644272 0.000916 -0.001527 0.007330 
521581815214689 0.002749 -0.007636 0.003971 
521581835785263 0.000611 -0.008858 0.004276 
521581856355887 0.000000 -0.003665 0.007636 
521581876926147 0.000000 -0.003360 0.011301 
521581897497085 -0.001527 -0.004581 0.013134 
521581918067034 0.000000 -0.004581 0.013439 
521581938637554 0.000305 -0.006720 0.009468 
521581959207814 0.000916 -0.007941 0.008247 
521581979779117 0.002138 -0.008858 0.008247 
521582000349013 0.000916 -0.007636 0.009468 
521582020919585 -0.001527 -0.008552 0.007636 
521582041490001 0.000000 -0.009468 0.008552 
521582062060419 0.003054 -0.005192 0.008858 
521582082630992 0.007025 -0.010385 0.004887 
521582103201200 -0.000916 -0.027489 -0.002749 
521582123772190 -0.010079 -0.029932 0.007025 
521582144342502 -0.012523 -0.032376 0.016799 
521582164914169 -0.007025 -0.037874 0.013134 
521582185483231 0.005498 -0.037874 0.013439 
521582206054637 0.008858 -0.034514 0.008552 
521582226624794 0.005192 -0.017104 0.007941 
521582247195783 0.004887 -0.003054 0.009468 
521582267765991 0.005498 0.009163 0.014661 
521582288335679 0.003054 0.023518 0.014966 
521582308905991 0.000611 0.038790 0.013744 
521582329477293 0.004887 0.045815 0.010690 
521582350047501 0.010690 0.056505 0.007941 
521582370618438 0.006720 0.049175 0.008247 
521582391189117 0.007941 0.034208 0.005192 
521582411760471 0.001527 0.017410 0.004276 
521582432330523 -0.004276 0.009774 0.002443 
521582452901408 -0.006720 0.000305 0.000611 
521582473471304 -0.010996 0.003665 -0.004581 
521582494041929 -0.021075 -0.001833 -0.002138 
521582514612502 0.012217 -0.014355 0.005498 
521582535183335 -0.011912 -0.003665 0.000305 
521582555752137 -0.011912 -0.038484 -0.002443 
521582576323387 0.007636 -0.037263 -0.000916 
521582596893440 0.003360 -0.040623 0.003360 
521582617464689 -0.009774 -0.038484 0.009774 
521582638034064 0.000611 -0.029016 0.008858 
521582658604585 -0.012217 -0.011606 0.003054 
521582679177190 -0.018326 -0.003360 -0.000305 
521582699748543 -0.007941 -0.014966 0.006414 
521582720316199 -0.001833 0.027489 0.008247 
521582740887293 -0.009774 0.041844 0.000611 
521582761457658 -0.045509 0.003665 -0.018631 
521582782027918 -0.069944 -0.034819 -0.011912 
521582802598595 -0.071777 -0.019853 -0.008858 
521582823169168 -0.091630 -0.001222 -0.016799 
521582843741720 -0.098655 0.005803 -0.034819 
521582864310731 -0.068111 -0.030238 -0.004276 
521582884881563 -0.069333 -0.055589 0.003054 
521582905451668 -0.119424 -0.107818 -0.034514 
521582926022449 -0.119119 -0.109039 -0.021380 
521582946592450 -0.153022 -0.141721 -0.045815 
521582967163283 -0.229991 -0.098655 -0.100487 
521582987734168 -0.242513 -0.066584 -0.133169 
521583008302866 -0.169515 -0.147218 -0.249844 
521583028873283 -0.069028 -0.008858 -0.028100 
521583049444898 0.025045 -0.096211 0.035430 
521583070013856 0.036041 -0.138972 0.053451 
521583090584480 -0.008247 -0.122478 0.075442 
521583111154741 -0.057421 -0.165850 0.059865 
521583131726408 -0.031765 -0.124006 0.094379 
521583152296460 -0.071471 -0.105985 0.067195 
521583172867241 -0.023518 -0.097127 0.095295 
521583193436824 0.003665 0.005498 0.045509 
521583214007345 -0.001833 0.100793 0.049480 
521583234577814 -0.002443 0.087659 0.063835 
521583255148282 0.045204 0.109039 0.070555 
521583275718907 0.051923 0.075747 0.108428 
521583296289533 0.047953 -0.077274 0.084299 
521583316860887 0.103236 -0.098044 0.126144 
521583337431876 0.123395 -0.062614 0.218690 
521583358003699 0.129503 -0.122784 0.342695 
521583378573439 0.187535 -0.021991 0.428827 
521583399144168 0.163101 0.173791 0.545502 
521583419712971 0.164933 0.176845 0.805731 
521583440282710 0.208610 0.144775 0.968526 
521583460853490 0.277638 0.204334 1.024115 
521583481423751 0.192422 0.275500 1.126740 
521583501994116 0.271529 0.395840 1.187216 
521583522564585 0.285274 0.512516 1.207680 
521583543137033 0.189368 0.309708 1.447139 
521583563707345 0.047953 0.176540 1.367726 
521583584277292 0.113621 0.604451 0.993877 
521583604847346 0.033903 0.984714 0.992961 
521583625417501 0.343611 0.837496 1.243721 
521583645988023 0.554054 0.801149 1.617875 
521583666558073 0.175318 0.523816 1.492342 
521583687130261 -0.182649 0.627358 0.998458 
521583707699428 -0.255647 0.519540 0.630718 
521583728269793 -0.053451 0.936456 0.539394 
521583748840783 0.200364 0.807869 0.541837 
521583769411251 0.361326 0.467617 0.628580 
521583789981095 0.419359 0.255341 0.532063 
521583810553023 0.259312 -0.030849 0.399200 
521583831122657 0.093768 0.224187 0.321620 
521583851693752 0.547640 0.870788 0.714712 
521583872263959 0.996931 -0.307570 0.921489 
521583892834741 0.053451 -0.247400 0.426384 
521583913405522 -0.577573 0.157909 0.433103 
521583933976668 -0.243430 0.023213 0.737314 
521583954547346 0.198226 -0.004887 1.141706 
521583975116199 0.401338 -0.078496 1.313665 
521583995687918 -0.322231 0.421802 0.688445 
521584016257241 -0.988990 0.482278 0.058643 
521584036827762 -1.163392 0.585208 0.113926 
521584057398803 -0.706770 0.954782 0.438601 
521584077968231 0.199142 0.179900 0.352774 
521584098539428 0.392175 -0.427300 -0.233350 
521584119109480 -0.405309 -0.055283 -0.111788 
521584139680991 -0.983798 0.428216 0.077885 
521584160251252 -0.130114 0.593455 -0.359188 
521584180822345 0.436157 -0.259618 -0.649655 
521584201392031 0.331394 0.111483 -0.688444 
521584221962658 0.322537 0.063530 -0.587652 
521584242533231 0.281303 0.052229 -0.257479 
521584263103543 0.223576 0.025656 0.246178 
521584283674325 0.251676 -0.320093 0.529314 
521584304244845 0.197309 -0.378431 0.544891 
521584324817136 0.112705 -0.162795 0.399200 
521584345386147 0.048869 -0.021991 0.294131 
521584365956199 0.067195 -0.401644 0.489914 
521584386526615 0.149051 -0.794735 1.023504 
521584407097189 0.563217 -0.694859 1.624595 
521584427667396 0.849713 -0.094073 1.656054 
521584448240157 1.078787 0.405614 1.115744 
521584468810001 1.315497 0.368962 0.436463 
521584489379324 1.393688 -0.521068 -0.655152 
521584509949636 1.914755 -1.541212 -1.292895 
521584530520991 1.889099 -2.413832 -1.807854 
521584551090521 1.609934 -2.805702 -2.214690 
521584571661251 1.349706 -2.692386 -2.563799 
521584592231823 0.861014 -0.502131 -3.108996 
521584612803699 0.621555 0.195477 -3.018588 
521584633374376 0.618806 -0.302989 -2.419940 
521584653943386 0.749531 -0.381485 -1.788917 
521584674513699 0.924238 -0.299324 -1.639256 
521584695084271 1.147204 -0.349109 -1.828013 
521584715654844 1.359479 -0.894917 -2.162766 
521584736225991 1.554956 -1.668882 -2.714683 
521584756795835 1.882990 -1.881463 -3.090059 
521584777368074 2.445292 -1.652084 -3.225671 
521584797937031 3.127322 -1.381165 -3.178940 
521584818508178 3.072955 -0.985630 -3.032638 
521584839078282 2.331365 -0.882394 -2.298989 
521584859648907 1.937663 -0.897666 -1.313665 
521584880218022 1.963319 -1.512806 -0.938288 
521584900790001 1.667355 -1.724166 -1.489288 
521584921359375 1.287092 -1.498451 -1.831372 
521584941931094 1.134376 -1.283732 -1.616959 
521584962501563 1.067791 -0.681114 -1.146899 
521584983071667 0.744339 0.512821 -0.540921 
521585003641772 0.989295 1.081841 -0.531147 
521585024212293 1.342681 0.887586 -0.414166 
521585044783230 1.539990 0.812756 -0.211665 
521585065353438 1.665523 0.340252 -0.003054 
521585085924064 1.885128 -0.214414 0.226936 
521585106494480 2.018602 -0.203113 0.104763 
521585127066772 1.883296 -0.094379 -0.137445 
521585147635730 1.562897 -0.294742 -0.151494 
521585168206512 1.279151 -0.397978 0.049480 
521585188776928 0.991434 -0.313984 0.147524 
521585209347657 0.659123 -0.413250 0.248622 
521585229918334 0.506712 -0.424856 0.366824 
521585250489845 0.646295 -0.069639 0.343611 
521585271059480 0.769995 -0.180816 0.251676 
521585291629741 0.484416 -0.280081 0.120340 
521585312199896 0.003360 0.054367 -0.083688 
521585332772240 -0.203723 0.152716 0.051618 
521585353343178 -0.190590 -0.184176 0.587346 
521585373912969 -0.149051 -0.260839 0.803898 
521585394483230 -0.003360 0.071166 0.496328 
521585415053386 -0.039401 0.334143 0.321620 
521585435623958 -0.244346 0.307876 0.455094 
521585456193594 -0.292604 0.035430 0.691804 
521585476765156 -0.223576 -0.100487 0.638659 
521585497335782 -0.135307 -0.024435 0.430660 
521585517905678 -0.051007 0.021380 0.245873 
521585538478074 0.028711 -0.068417 0.244651 
521585559046616 0.064752 0.009774 0.290161 
521585579616198 0.125533 0.188146 0.372933 
521585600188542 0.226631 0.222049 0.477696 
521585620759219 0.289244 -0.070555 0.531147 
521585641328646 0.249538 -0.074220 0.480445 
521585661900053 0.125838 0.102931 0.411723 
521585682470574 0.000000 0.218995 0.372017 
521585703040729 -0.046731 0.211359 0.417526 
521585723611250 0.036652 0.099571 0.514959 
521585744181980 0.141415 -0.013134 0.567799 
521585764752345 0.084910 0.025045 0.437685 
521585785321928 -0.026267 0.143248 0.333227 
521585805892241 -0.014355 0.119729 0.346055 
521585826462604 0.067501 0.060170 0.379958 
521585847033230 0.136223 -0.093157 0.444099 
521585867603854 0.229380 -0.212275 0.376904 
521585888174479 0.228158 -0.162490 0.246178 
521585908744844 0.160963 0.026878 0.182649 
521585929315886 -0.051007 0.487470 0.127365 
521585949889741 -0.322842 0.771522 0.234877 
521585970457187 -0.426078 0.442571 0.199753 
521585991026927 -0.310319 0.175318 -0.017410 
521586011597552 0.036346 0.042455 -0.037263 
521586032168594 0.101404 0.071777 0.074525 
521586052738698 -0.160657 0.237626 0.111483 
521586073308959 -0.281609 0.235488 0.132252 
521586093880833 -0.247400 0.023213 0.073609 
521586114451145 -0.190895 0.035736 -0.053756 
521586135021614 -0.135917 0.199142 0.023213 
521586155591406 -0.063835 0.136834 0.147829 
521586176162084 -0.094073 -0.068111 0.147829 
521586196732918 -0.104152 -0.238543 0.003665 
521586217303958 -0.035430 -0.178373 -0.027489 
521586237873958 0.069333 0.009774 0.165239 
521586258444479 0.134085 0.178067 0.364075 
521586279015521 0.066584 0.039706 0.266337 
521586299587657 -0.057116 -0.112399 0.061086 
521586320156979 -0.044593 0.035430 0.063530 
521586340727396 0.023213 0.143248 0.189673 
521586361301459 0.064752 0.026878 0.279776 
521586381868282 0.085826 -0.107512 0.196393 
521586402439323 0.012828 -0.154549 -0.014966 
521586423009115 -0.037568 -0.085826 -0.098349 
521586443578490 0.032376 0.064141 0.051618 
521586464148802 0.119424 0.078802 0.197004 
521586484719792 0.114537 -0.172264 0.114232 
521586505290416 0.101098 -0.400116 -0.102625 
521586525860937 0.109650 -0.251676 -0.122173 
521586546432291 -0.048869 0.208305 0.049480 
521586567002292 -0.087354 0.522595 0.135307 
521586587572761 0.096517 0.306043 0.169820 
521586608143177 0.348193 0.118813 0.043371 
521586628713385 0.397062 -0.619417 -0.184481 
521586649284375 -0.065668 -0.467006 -0.135917 
521586669854584 -0.430354 0.120951 -0.080329 
521586690426667 -0.422413 0.197920 0.079718 
521586710997292 -0.330172 -0.372933 0.235794 
521586731566614 -0.417831 -0.623387 0.220217 
521586752136875 -0.285579 -0.236099 0.110872 
