# Created at Thu Nov 07 18:12:17 EST 2019 in Burnaby Canada 
521581383235314 -0.004408 -0.004297 0.002949 
521581403805575 -0.004713 -0.003686 0.001728 
521581424375888 -0.004408 0.000284 0.002338 
521581444946616 -0.004102 0.001201 0.001117 
521581465516304 -0.003797 -0.002464 0.003560 
521581486087658 -0.004408 -0.002464 0.002949 
521581506657763 -0.002575 0.003950 0.002338 
521581527228178 -0.005630 -0.000632 0.004171 
521581547798648 -0.004713 0.001506 0.002033 
521581568369325 -0.002881 -0.001243 0.001117 
521581588939689 -0.002881 -0.005519 0.000506 
521581609511043 -0.004408 -0.004908 -0.000410 
521581630080471 -0.003797 -0.000021 0.007531 
521581650651096 -0.002575 -0.002464 0.006309 
521581671221460 -0.000132 -0.001548 0.005087 
521581691792137 -0.002270 -0.002770 0.002644 
521581712362502 -0.003491 -0.001243 0.003560 
521581732932762 -0.003491 0.000284 0.003866 
521581753503388 -0.005935 -0.004908 0.004782 
521581774073856 -0.004102 -0.000021 0.004782 
521581794644272 -0.002881 0.002422 0.001117 
521581815214689 -0.001048 -0.003686 -0.002243 
521581835785263 -0.003186 -0.004908 -0.001938 
521581856355887 -0.003797 0.000284 0.001422 
521581876926147 -0.003797 0.000590 0.005087 
521581897497085 -0.005324 -0.000632 0.006920 
521581918067034 -0.003797 -0.000632 0.007225 
521581938637554 -0.003491 -0.002770 0.003255 
521581959207814 -0.002881 -0.003992 0.002033 
521581979779117 -0.001659 -0.004908 0.002033 
521582000349013 -0.002881 -0.003686 0.003255 
521582020919585 -0.005324 -0.004602 0.001422 
521582041490001 -0.003797 -0.005519 0.002338 
521582062060419 -0.000743 -0.001243 0.002644 
521582082630887 0.003228 -0.006435 -0.001327 
521582103201200 -0.004713 -0.023539 -0.008963 
521582123772190 -0.013876 -0.025983 0.000811 
521582144342502 -0.016320 -0.028426 0.010585 
521582164913491 -0.010822 -0.033924 0.006920 
521582185483231 0.001701 -0.033924 0.007225 
521582206054897 0.005061 -0.030564 0.002338 
521582226624794 0.001395 -0.013155 0.001728 
521582247195523 0.001090 0.000895 0.003255 
521582267765991 0.001701 0.013113 0.008447 
521582288335940 -0.000743 0.027468 0.008753 
521582308905991 -0.003186 0.042740 0.007531 
521582329477293 0.001090 0.049764 0.004476 
521582350047501 0.006893 0.060455 0.001728 
521582370618438 0.002923 0.053124 0.002033 
521582391189117 0.004144 0.038158 -0.001021 
521582411760471 -0.002270 0.021359 -0.001938 
521582432330523 -0.008073 0.013723 -0.003770 
521582452901408 -0.010516 0.004255 -0.005603 
521582473471304 -0.014792 0.007615 -0.010795 
521582494041929 -0.024872 0.002117 -0.008352 
521582514612502 0.008420 -0.010406 -0.000716 
521582535183335 -0.015709 0.000284 -0.005908 
521582555752137 -0.015709 -0.034535 -0.008657 
521582576323387 0.003839 -0.033313 -0.007130 
521582596893440 -0.000437 -0.036673 -0.002854 
521582617464689 -0.013571 -0.034535 0.003560 
521582638034064 -0.003186 -0.025066 0.002644 
521582658604585 -0.016014 -0.007657 -0.003159 
521582679177190 -0.022123 0.000590 -0.006519 
521582699748543 -0.011738 -0.011017 0.000200 
521582720316199 -0.005630 0.031439 0.002033 
521582740887293 -0.013571 0.045794 -0.005603 
521582761457658 -0.049306 0.007615 -0.024845 
521582782027918 -0.073741 -0.030870 -0.018126 
521582802598595 -0.075574 -0.015903 -0.015071 
521582823169168 -0.095427 0.002728 -0.023012 
521582843741720 -0.102452 0.009753 -0.041033 
521582864310731 -0.071908 -0.026288 -0.010490 
521582884881563 -0.073130 -0.051639 -0.003159 
521582905451668 -0.123221 -0.103868 -0.040727 
521582926022449 -0.122916 -0.105090 -0.027594 
521582946592450 -0.156819 -0.137771 -0.052028 
521582967163283 -0.233787 -0.094705 -0.106701 
521582987734168 -0.246310 -0.062635 -0.139382 
521583008302866 -0.173312 -0.143269 -0.256057 
521583028873283 -0.072825 -0.004908 -0.034313 
521583049444898 0.021249 -0.092262 0.029217 
521583070013856 0.032244 -0.135022 0.047237 
521583090584480 -0.012044 -0.118529 0.069228 
521583111154741 -0.061218 -0.161900 0.053651 
521583131726408 -0.035562 -0.120056 0.088165 
521583152296460 -0.075268 -0.102035 0.060981 
521583172867241 -0.027315 -0.093178 0.089081 
521583193436824 -0.000132 0.009447 0.039296 
521583214007345 -0.005630 0.104742 0.043266 
521583234577814 -0.006240 0.091609 0.057622 
521583255148282 0.041407 0.112989 0.064341 
521583275718907 0.048127 0.079697 0.102215 
521583296289533 0.044156 -0.073325 0.078086 
521583316860887 0.099439 -0.094094 0.119930 
521583337431876 0.119598 -0.058664 0.212476 
521583358003699 0.125706 -0.118834 0.336481 
521583378573439 0.183739 -0.018042 0.422613 
521583399144168 0.159304 0.177741 0.539289 
521583419712971 0.161137 0.180795 0.799517 
521583440282710 0.204813 0.148725 0.962312 
521583460853490 0.273841 0.208284 1.017901 
521583481423751 0.188625 0.279450 1.120526 
521583501994116 0.267732 0.399790 1.181002 
521583522564585 0.281477 0.516465 1.201466 
521583543137033 0.185571 0.313658 1.440925 
521583563706563 0.044156 0.180490 1.361512 
521583584277292 0.109824 0.608400 0.987663 
521583604846980 0.030106 0.988664 0.986747 
521583625417501 0.339815 0.841445 1.237507 
521583645988023 0.550257 0.805099 1.611662 
521583666558073 0.171521 0.527766 1.486129 
521583687130261 -0.186445 0.631308 0.992245 
521583707699428 -0.259444 0.523490 0.624504 
521583728269741 -0.057248 0.940405 0.533180 
521583748840783 0.196567 0.811818 0.535623 
521583769411251 0.357530 0.471567 0.622366 
521583789981095 0.415562 0.259291 0.525850 
521583810553023 0.255515 -0.026899 0.392986 
521583831122657 0.089971 0.228137 0.315407 
521583851693752 0.543843 0.874737 0.708498 
521583872263959 0.993134 -0.303621 0.915276 
521583892834741 0.049654 -0.243451 0.420170 
521583913405522 -0.581370 0.161858 0.426889 
521583933976668 -0.247226 0.027162 0.731100 
521583954547346 0.194429 -0.000937 1.135493 
521583975116199 0.397541 -0.074546 1.307451 
521583995687918 -0.326028 0.425752 0.682231 
521584016257241 -0.992787 0.486227 0.052429 
521584036827762 -1.167189 0.589158 0.107713 
521584057398803 -0.710567 0.958731 0.432387 
521584077968231 0.195345 0.183849 0.346561 
521584098539428 0.388378 -0.423350 -0.239564 
521584119109480 -0.409106 -0.051334 -0.118002 
521584139680991 -0.987595 0.432166 0.071672 
521584160251252 -0.133911 0.597405 -0.365402 
521584180822345 0.432361 -0.255668 -0.655868 
521584201392031 0.327597 0.115432 -0.694658 
521584221962658 0.318740 0.067480 -0.593866 
521584242533126 0.277506 0.056179 -0.263693 
521584263103543 0.219780 0.029606 0.239965 
521584283674325 0.247879 -0.316144 0.523101 
521584304244845 0.193512 -0.374481 0.538678 
521584324817136 0.108908 -0.158846 0.392986 
521584345386147 0.045072 -0.018042 0.287918 
521584365956199 0.063398 -0.397694 0.483700 
521584386526615 0.145254 -0.790785 1.017290 
521584407097189 0.559420 -0.690909 1.618381 
521584427667396 0.845916 -0.090124 1.649841 
521584448240157 1.074990 0.409564 1.109531 
521584468810001 1.311700 0.372912 0.430249 
521584489379272 1.389891 -0.517118 -0.661366 
521584509949636 1.910959 -1.537262 -1.299109 
521584530521304 1.885302 -2.409882 -1.814068 
521584551090521 1.606137 -2.801752 -2.220904 
521584571661354 1.345909 -2.688437 -2.570013 
521584592231823 0.857217 -0.498181 -3.115210 
521584612803699 0.617758 0.199426 -3.024802 
521584633374376 0.615009 -0.299039 -2.426154 
521584653943386 0.745734 -0.377535 -1.795131 
521584674513699 0.920441 -0.295374 -1.645469 
521584695084271 1.143407 -0.345160 -1.834226 
521584715654844 1.355682 -0.890967 -2.168980 
521584736225991 1.551159 -1.664933 -2.720896 
521584756795835 1.879194 -1.877514 -3.096273 
521584777368074 2.441495 -1.648134 -3.231885 
521584797937031 3.123525 -1.377216 -3.185153 
521584818508178 3.069158 -0.981681 -3.038851 
521584839078282 2.327568 -0.878444 -2.305203 
521584859648907 1.933866 -0.893716 -1.319878 
521584880218022 1.959522 -1.508857 -0.944502 
521584900790001 1.663558 -1.720216 -1.495502 
521584921359375 1.283295 -1.494502 -1.837586 
521584941931094 1.130579 -1.279783 -1.623173 
521584962501199 1.063995 -0.677165 -1.153112 
521584983071667 0.740542 0.516771 -0.547134 
521585003641928 0.985498 1.085791 -0.537361 
521585024212293 1.338884 0.891536 -0.420380 
521585044783230 1.536193 0.816705 -0.217878 
521585065353438 1.661726 0.344201 -0.009268 
521585085924167 1.881332 -0.210464 0.220723 
521585106494480 2.014806 -0.199163 0.098550 
521585127067553 1.879499 -0.090429 -0.143658 
521585147635730 1.559101 -0.290793 -0.157708 
521585168206512 1.275354 -0.394029 0.043266 
521585188776928 0.987637 -0.310035 0.141310 
521585209347552 0.655326 -0.409300 0.242408 
521585229918334 0.502915 -0.420907 0.360611 
521585250489845 0.642498 -0.065689 0.337398 
521585271059480 0.766198 -0.176866 0.245463 
521585291629741 0.480619 -0.276132 0.114127 
521585312199896 -0.000437 0.058317 -0.089902 
521585332772240 -0.207520 0.156666 0.045404 
521585353343178 -0.194387 -0.180226 0.581133 
521585373912969 -0.152848 -0.256890 0.797684 
521585394483230 -0.007157 0.075115 0.490114 
521585415053386 -0.043198 0.338093 0.315407 
521585435623958 -0.248143 0.311825 0.448881 
521585456193594 -0.296401 0.039380 0.685591 
521585476765156 -0.227373 -0.096538 0.632445 
521585497335782 -0.139103 -0.020485 0.424446 
521585517905678 -0.054804 0.025330 0.239659 
521585538478074 0.024914 -0.064467 0.238438 
521585559046616 0.060955 0.013723 0.283947 
521585579616198 0.121736 0.192096 0.366719 
521585600188542 0.222834 0.225999 0.471483 
521585620759219 0.285448 -0.066605 0.524933 
521585641328646 0.245741 -0.070270 0.474231 
521585661900053 0.122041 0.106880 0.405509 
521585682470574 -0.003797 0.222945 0.365803 
521585703040729 -0.050528 0.215309 0.411312 
521585723611198 0.032855 0.103521 0.508745 
521585744181980 0.137618 -0.009184 0.561585 
521585764752345 0.081113 0.028995 0.431471 
521585785321928 -0.030064 0.147197 0.327013 
521585805892084 -0.018152 0.123679 0.339841 
521585826462604 0.063704 0.064120 0.373744 
521585847033958 0.132426 -0.089207 0.437885 
521585867603854 0.225583 -0.208326 0.370690 
521585888174271 0.224361 -0.158540 0.239965 
521585908744844 0.157166 0.030828 0.176435 
521585929315886 -0.054804 0.491420 0.121152 
521585949889741 -0.326639 0.775472 0.228664 
521585970457187 -0.429875 0.446521 0.193539 
521585991026927 -0.314116 0.179268 -0.023623 
521586011597552 0.032550 0.046405 -0.043476 
521586032168594 0.097607 0.075726 0.068312 
521586052738698 -0.164454 0.241576 0.105269 
521586073308959 -0.285406 0.239438 0.126039 
521586093880833 -0.251197 0.027162 0.067396 
521586114451145 -0.194692 0.039685 -0.059970 
521586135021614 -0.139714 0.203092 0.016999 
521586155591406 -0.067632 0.140783 0.141616 
521586176162084 -0.097870 -0.064162 0.141616 
521586196732918 -0.107949 -0.234593 -0.002548 
521586217303958 -0.039227 -0.174423 -0.033703 
521586237873958 0.065536 0.013723 0.159025 
521586258444479 0.130288 0.182017 0.357862 
521586279015521 0.062787 0.043656 0.260123 
521586299587657 -0.060913 -0.108449 0.054873 
521586320156979 -0.048390 0.039380 0.057316 
521586340727396 0.019416 0.147197 0.183460 
521586361301459 0.060955 0.030828 0.273562 
521586381868282 0.082030 -0.103563 0.190179 
521586402438594 0.009031 -0.150599 -0.021180 
521586423009115 -0.041365 -0.081877 -0.104563 
521586443578438 0.028579 0.068090 0.045404 
521586464148802 0.115627 0.082751 0.190790 
521586484719792 0.110740 -0.168314 0.108018 
521586505290416 0.097301 -0.396167 -0.108839 
521586525860937 0.105853 -0.247727 -0.128387 
521586546432291 -0.052666 0.212255 0.043266 
521586567002136 -0.091151 0.526544 0.129093 
521586587572761 0.092720 0.309993 0.163607 
521586608142916 0.344396 0.122763 0.037158 
521586628713385 0.393265 -0.615467 -0.190695 
521586649284375 -0.069465 -0.463056 -0.142131 
521586669854584 -0.434151 0.124901 -0.086542 
521586690426667 -0.426210 0.201870 0.073504 
521586710997292 -0.333969 -0.368983 0.229580 
521586731566771 -0.421628 -0.619438 0.214003 
521586752136875 -0.289376 -0.232150 0.104658 
