# Created at Thu Nov 07 18:12:17 EST 2019 in Burnaby Canada 
521581390924064 87.146835 194.355499 -46.995331 
521581410924116 86.712906 195.351410 -47.451752 
521581430923856 86.707878 195.355682 -48.220501 
521581450923804 85.940239 194.606979 -46.368454 
521581470923335 86.694458 194.633209 -47.452053 
521581490923127 86.413101 195.486084 -47.294998 
521581510923440 86.984871 194.212952 -47.916424 
521581530923700 87.585793 193.355331 -45.770161 
521581550923388 87.467766 194.643204 -45.614403 
521581570923804 87.027451 195.350967 -45.917191 
521581590923907 87.168297 195.071136 -46.533779 
521581610924064 87.783020 195.669601 -47.923172 
521581630924273 87.137451 194.069931 -47.302948 
521581650923648 87.045235 196.363281 -47.146770 
521581670923491 86.411087 195.487793 -47.602497 
521581690923335 87.170311 195.069427 -46.226280 
521581710924013 87.607620 194.804550 -48.075809 
521581730923648 85.493881 194.879532 -45.902672 
521581750923961 84.585075 194.998016 -45.740040 
521581770924013 87.919159 194.806671 -47.002502 
521581790923751 87.747765 193.497910 -44.849072 
521581810924064 86.641113 192.476898 -47.145451 
521581830923752 86.730331 195.630142 -45.914131 
521581850923700 88.341003 192.940384 -45.008942 
521581870923908 87.144485 194.063950 -46.226700 
521581890924220 87.579750 192.920135 -45.001591 
521581910923336 87.473137 194.932190 -45.921780 
521581930934169 87.760201 194.661560 -47.462341 
521581950934012 86.394997 195.061142 -48.371429 
521581970923543 88.480171 192.515244 -45.318089 
521581990923909 87.603584 194.367645 -46.999741 
521582010923648 87.444290 193.929276 -46.383453 
521582030924169 87.003983 194.637039 -46.686241 
521582050923907 88.526482 194.677536 -46.700943 
521582070924169 88.229362 194.956711 -46.697880 
521582090923752 88.566727 195.964294 -45.624153 
521582110923440 86.236679 194.181595 -45.910320 
521582130923127 86.181328 192.026993 -45.911221 
521582150923804 86.224281 193.898590 -46.679192 
521582170923700 88.182060 193.235596 -47.159851 
521582190923804 87.003983 194.637039 -46.686241 
521582210923075 88.197845 194.249619 -48.696934 
521582230923908 86.819519 193.339355 -46.531559 
521582250924221 87.585136 193.649445 -47.000042 
521582270924377 86.696465 194.631500 -47.144550 
521582290935575 87.457710 194.651749 -47.151901 
521582310934637 87.480171 194.926208 -44.845531 
521582330923491 87.889633 193.657547 -47.002979 
521582350924272 86.107574 195.038513 -45.754738 
521582370923804 86.983498 193.480225 -45.302971 
521582390924273 86.207832 193.178680 -46.371990 
521582410924534 88.523460 194.680099 -47.162193 
521582430924741 89.230347 192.104568 -45.325619 
521582450925210 88.518440 194.684372 -47.930943 
521582470925158 89.112663 193.685684 -46.245991 
521582490925314 87.414772 192.780151 -46.383934 
521582510925367 87.164925 194.340103 -44.227829 
521582530924742 87.016380 194.920044 -45.917370 
521582550924325 86.220245 193.461685 -45.603123 
521582570924220 86.975471 193.927383 -48.224041 
521582590924013 88.549950 195.391464 -45.931892 
521582610923492 87.762207 194.659851 -47.154842 
521582630951772 87.617668 194.796005 -46.538311 
521582650924324 88.275650 196.678665 -46.389664 
521582670924272 87.151863 194.351227 -46.226582 
521582690926356 87.730339 193.219177 -46.386692 
521582710926721 87.460732 194.649185 -46.690651 
521582730924637 88.252174 195.964737 -47.158710 
521582750925835 87.181732 195.793610 -47.302231 
521582770924585 88.378914 194.816254 -46.545658 
521582790924168 87.759178 194.222092 -45.925022 
521582810923855 87.868835 192.647797 -46.234650 
521582830924689 87.869499 192.353683 -45.004768 
521582850924741 88.520432 194.242340 -45.932373 
521582870925001 87.465096 194.939026 -47.151783 
521582890924585 86.832947 194.061829 -47.300011 
521582910924897 87.469772 194.641495 -45.306900 
521582930925626 87.460075 194.943298 -47.920532 
521582951131825 87.543869 191.923203 -46.539509 
521582970925210 88.189445 193.522873 -47.159733 
521582990919377 87.154877 194.348663 -45.765331 
521583010925939 87.165283 195.073700 -46.995029 
521583030924168 88.223991 194.667725 -46.390503 
521583050923804 85.950630 194.891693 -45.907082 
521583070923700 87.202850 196.215988 -45.764549 
521583090923596 87.451668 194.216553 -46.383331 
521583110922970 86.879898 195.489685 -45.761909 
521583130923491 86.722641 195.930222 -48.220261 
521583150924168 85.323868 194.743805 -48.053761 
521583170924220 86.748123 196.642441 -47.143711 
521583190923855 85.538521 197.336777 -48.669151 
521583210923751 85.937569 194.902802 -47.905830 
521583230924012 87.012718 195.657059 -49.299572 
521583250924116 87.045586 196.656525 -48.222900 
521583270923751 85.914093 194.188873 -48.674881 
521583290924428 85.935211 194.611252 -47.137203 
521583310924533 87.786034 195.667038 -47.461922 
521583330925210 86.861443 194.771484 -45.762211 
521583350920262 87.908089 194.375748 -47.002682 
521583370926720 87.755173 194.665833 -48.231091 
521583390926199 86.237701 194.621063 -47.447639 
521583410926564 87.578102 193.655426 -48.076290 
521583430924533 87.397690 192.794678 -48.997681 
521583450923647 87.677338 191.356125 -47.156223 
521583470923855 87.527428 191.203293 -46.232311 
521583490924116 87.775589 189.497971 -48.080971 
521583510923178 87.577705 187.477844 -47.157841 
521583530923856 87.742699 187.617828 -45.775501 
521583550925574 89.370483 185.794220 -45.638702 
521583570925574 89.370483 185.794220 -45.638702 
521583590925053 89.379875 186.079788 -45.331078 
521583610924532 88.429802 184.472015 -44.707920 
521583630924688 89.259789 181.485016 -45.640503 
521583650923855 89.266823 181.479019 -44.564247 
521583670923230 90.277550 179.205704 -43.960499 
521583690923542 91.188354 179.085510 -43.815628 
521583710917761 91.733284 176.367416 -42.900150 
521583730924168 89.409286 175.019897 -43.954891 
521583750924533 91.694023 174.639481 -42.132122 
521583770924376 89.110474 174.713409 -41.953320 
521583790923803 90.591042 173.321777 -42.737370 
521583810924064 91.186607 172.175201 -40.283733 
521583830924584 90.566872 171.580994 -39.663090 
521583850924271 91.000137 170.879227 -40.436550 
521583870925366 92.359650 170.337692 -39.835022 
521583890924532 90.810974 168.998444 -38.744614 
521583910924845 91.217072 166.998779 -38.596111 
521583930924845 89.689888 167.255829 -40.426289 
521583951133231 91.973297 167.023300 -39.372211 
521583970925783 89.989349 166.827881 -39.506912 
521583990925262 92.308632 167.592285 -36.914909 
521584010925106 89.650635 165.527863 -39.658260 
521584030924116 91.777443 165.441788 -39.832653 
521584050924533 88.455780 166.356461 -39.492393 
521584070923335 88.612396 166.650345 -39.954990 
521584090923908 89.964851 165.674484 -38.738644 
521584110924585 91.170784 165.276810 -38.904331 
521584130924272 89.969879 165.670212 -37.969891 
521584150924637 91.047050 166.422745 -39.056133 
521584170923908 90.438034 165.966217 -37.359180 
521584190925470 90.731133 165.690460 -37.977242 
521584210923854 91.030602 165.702835 -38.748932 
521584230923856 91.973953 166.729187 -38.142330 
521584250924533 90.179817 167.680084 -37.048019 
521584270924168 89.566475 167.814362 -38.272083 
521584290924428 90.168747 167.249161 -37.048203 
521584310924480 90.153984 166.674606 -37.048439 
521584330924272 92.419289 166.017151 -37.070789 
521584350924897 89.481262 164.217377 -37.197330 
521584370924533 89.650291 165.234604 -38.582130 
521584390924323 90.047005 163.389694 -40.432320 
521584410924011 89.530556 160.933105 -39.967678 
521584430923699 87.845070 160.750885 -41.027821 
521584450947501 85.834625 159.403793 -40.701748 
521584470949064 83.946571 157.058655 -40.992573 
521584490925574 83.591743 154.891678 -40.221783 
521584510924167 82.186935 153.270050 -39.286709 
521584530924167 83.840897 152.745178 -40.225624 
521584550923803 84.200089 155.201996 -41.457539 
521584570923959 82.949547 154.023041 -41.907509 
521584590924115 83.879166 154.914307 -42.838470 
521584610923802 81.817101 157.440552 -42.355560 
521584630925886 85.223282 159.536346 -41.618309 
521584650925678 86.182060 161.283478 -41.472660 
521584670924220 87.140533 163.617966 -43.633022 
521584690924012 87.719322 161.898529 -41.487118 
521584710923646 87.211311 166.053024 -42.402000 
521584730923959 87.663025 166.069443 -43.175159 
521584750923699 87.859230 167.944229 -43.790848 
521584770924012 88.361946 169.825409 -44.101982 
521584790924271 87.769051 170.676193 -45.018238 
521584810924167 87.351555 172.391998 -45.781860 
521584830924793 86.296211 173.088684 -47.001270 
521584850924324 85.373665 172.631744 -46.685131 
521584870924272 85.740891 175.081741 -46.687050 
521584890923126 86.472618 173.952866 -46.694881 
521584910924532 86.663445 175.538651 -47.003189 
521584930923386 84.049065 175.492035 -50.975700 
521584951131928 82.558098 176.598969 -50.653023 
521584970924689 80.663689 174.406021 -52.481281 
521584990924219 80.972221 174.851013 -53.560291 
521585010924063 82.387070 176.023758 -51.266792 
521585030923751 83.261635 174.173050 -49.892639 
521585050924063 82.468857 173.005402 -50.193272 
521585070923699 83.536621 173.032043 -49.896057 
521585090924376 84.602356 172.620041 -48.215282 
521585110924115 83.518814 171.579391 -46.975410 
521585130923855 85.457146 170.199051 -47.610119 
521585150924271 83.472183 169.564148 -46.207500 
521585170947500 84.605309 166.292831 -46.220642 
521585191322293 85.576843 168.616226 -46.382252 
521585210923908 83.254189 167.120773 -46.668301 
521585230924376 83.817581 166.001541 -49.134659 
521585250924636 83.222984 165.826309 -46.361343 
521585270924584 81.359093 164.341309 -46.344303 
521585290924323 82.230988 162.786423 -46.507530 
521585310924115 83.311157 163.096085 -45.441452 
521585330923698 81.493217 163.480103 -45.731129 
521585350926355 82.558968 163.508453 -45.741421 
521585370926511 83.001633 163.092255 -46.207260 
521585390925157 80.876854 163.616943 -47.416443 
521585410925521 81.304085 162.479965 -47.421329 
521585430924479 81.910400 162.351685 -47.273521 
521585450925208 80.694405 162.317581 -46.954262 
521585470925260 80.852356 162.463547 -46.648170 
521585490925156 80.673950 161.601089 -47.262058 
521585510917813 82.013680 160.489258 -47.429520 
521585530949376 80.369453 161.592987 -47.259121 
521585551315522 79.877800 160.142715 -46.947811 
521585570924428 80.054878 161.153107 -47.102612 
521585590923438 81.104874 160.607742 -47.266891 
521585610924532 79.744339 160.709824 -46.331100 
521585630925573 78.521309 160.681702 -47.088093 
521585650925000 80.763802 159.016190 -46.649612 
521585670925521 78.804680 159.827087 -46.937641 
521585690925521 79.256729 159.696457 -47.095863 
521585710925000 78.896881 157.533752 -47.093822 
521585730925104 79.994507 159.002777 -47.872261 
521585750925001 78.421677 156.803421 -47.089710 
521585770925105 78.096725 156.078827 -47.394569 
521585790924636 76.757309 156.603241 -44.921101 
521585810923594 79.014572 155.952621 -46.173450 
521585830923854 79.187958 156.819397 -46.328312 
521585850923802 79.029991 156.233078 -44.943329 
521585870923958 77.619171 155.056915 -46.621830 
521585890935208 79.147339 154.358688 -42.946831 
521585911289688 76.422951 155.152740 -43.842510 
521585930923386 77.177170 155.178986 -44.926109 
521585951182136 77.626205 155.050934 -45.545582 
521585970927136 78.399857 155.354202 -44.784061 
521585990923281 78.849571 155.372330 -45.864723 
521586010923438 78.412262 155.637192 -44.015194 
521586030924375 79.035011 156.228790 -44.174580 
521586050924688 78.733543 156.658447 -45.401459 
521586070923490 78.733543 156.658447 -45.401459 
521586090923490 80.245636 155.973907 -44.186459 
521586110925885 79.144669 154.654526 -44.484207 
521586130924531 79.013550 155.513168 -44.636131 
521586150923906 79.633293 156.107361 -45.256767 
521586170924114 79.019592 155.948349 -45.404701 
521586190925053 79.223831 157.816330 -44.790394 
521586210924480 78.868027 156.090530 -45.864422 
521586230918073 78.103760 156.072845 -46.318321 
521586250924635 78.415634 156.368225 -46.321140 
521586271275208 77.487045 155.916397 -46.927502 
521586290925052 79.186935 156.379929 -44.790993 
521586310926771 78.378387 154.638565 -45.245609 
521586330925364 78.104752 155.631653 -44.473499 
521586350925052 79.008522 155.517441 -45.404881 
521586370928855 79.166130 155.370163 -44.022663 
521586390924741 78.042023 153.189774 -44.474518 
521586410925366 78.087975 155.058807 -44.781242 
521586430924896 79.161446 155.667709 -45.867542 
521586450924688 77.347542 156.048325 -45.542221 
521586470923697 80.379456 155.700104 -45.879303 
521586490923697 77.647995 155.619507 -44.469090 
521586510924062 78.400200 155.647461 -45.860191 
521586530924062 78.263718 156.217102 -45.704731 
521586550925260 77.471603 155.195633 -46.466549 
521586570925364 76.426323 155.883774 -46.148460 
521586590924896 77.486023 155.476944 -45.390179 
521586610949323 77.631226 155.046661 -44.776833 
521586631258594 77.945801 155.486526 -44.933338 
521586650923854 77.932365 154.764038 -44.164890 
521586670924428 78.228821 154.778992 -45.397831 
521586690924115 77.495087 155.909561 -45.697498 
521586710925885 77.303604 154.617905 -46.619072 
521586730925729 77.518562 156.623489 -44.928452 
521586750924167 76.265343 155.300064 -45.224728 
521586770924427 77.481003 155.481216 -46.158932 
