# Created at Thu Nov 07 18:12:17 EST 2019 in Burnaby Canada 
521581390924064 42.144604 4.031235 -40.035213 
521581410924116 41.710674 5.027145 -40.491634 
521581430923856 41.705647 5.031418 -41.260384 
521581450923804 40.938007 4.282715 -39.408337 
521581470923335 41.692226 4.308945 -40.491936 
521581490923127 41.410870 5.161819 -40.334881 
521581510923440 41.982639 3.888687 -40.956306 
521581530923700 42.583561 3.031067 -38.810043 
521581550923388 42.465534 4.318939 -38.654285 
521581570923804 42.025219 5.026703 -38.957073 
521581590923907 42.166065 4.746872 -39.573662 
521581610924064 42.780788 5.345337 -40.963055 
521581630924273 42.135220 3.745667 -40.342831 
521581650923648 42.043003 6.039017 -40.186653 
521581670923491 41.408855 5.163528 -40.642380 
521581690923335 42.168079 4.745163 -39.266163 
521581710924013 42.605389 4.480286 -41.115692 
521581730923648 40.491650 4.555267 -38.942554 
521581750923961 39.582844 4.673752 -38.779922 
521581770924013 42.916927 4.482407 -40.042385 
521581790923751 42.745533 3.173645 -37.888954 
521581810924064 41.638882 2.152634 -40.185333 
521581830923752 41.728100 5.305878 -38.954014 
521581850923700 43.338772 2.616119 -38.048824 
521581870923908 42.142254 3.739685 -39.266582 
521581890924220 42.577518 2.595871 -38.041473 
521581910923336 42.470905 4.607925 -38.961662 
521581930934169 42.757969 4.337296 -40.502224 
521581950934012 41.392765 4.736877 -41.411312 
521581970923543 43.477940 2.190979 -38.357971 
521581990923909 42.601353 4.043381 -40.039623 
521582010923648 42.442059 3.605011 -39.423336 
521582030924169 42.001751 4.312775 -39.726124 
521582050923907 43.524250 4.353271 -39.740826 
521582070924169 43.227131 4.632446 -39.737762 
521582090923752 43.564495 5.640030 -38.664036 
521582110923440 41.234447 3.857330 -38.950203 
521582130923127 41.179096 1.702728 -38.951103 
521582150923804 41.222050 3.574326 -39.719074 
521582170923700 43.179829 2.911331 -40.199734 
521582190923804 42.001751 4.312775 -39.726124 
521582210923075 43.195614 3.925354 -41.736816 
521582230923908 41.817287 3.015091 -39.571442 
521582250924221 42.582905 3.325180 -40.039925 
521582270924377 41.694233 4.307236 -40.184433 
521582290935575 42.455479 4.327484 -40.191784 
521582310934637 42.477940 4.601944 -37.885414 
521582330923491 42.887402 3.333282 -40.042862 
521582350924272 41.105343 4.714249 -38.794621 
521582370923804 41.981266 3.155960 -38.342854 
521582390924273 41.205601 2.854416 -39.411873 
521582410924534 43.521229 4.355835 -40.202076 
521582430924741 44.228115 1.780304 -38.365501 
521582450925210 43.516209 4.360107 -40.970825 
521582470925158 44.110432 3.361420 -39.285873 
521582490925314 42.412540 2.455887 -39.423817 
521582510925367 42.162693 4.015839 -37.267712 
521582530924742 42.014149 4.595779 -38.957253 
521582550924325 41.218014 3.137421 -38.643005 
521582570924220 41.973240 3.603119 -41.263924 
521582590924013 43.547718 5.067200 -38.971775 
521582610923492 42.759975 4.335587 -40.194725 
521582630951772 42.615437 4.471741 -39.578194 
521582650924324 43.273418 6.354401 -39.429546 
521582670924272 42.149632 4.026962 -39.266464 
521582690926356 42.728107 2.894913 -39.426575 
521582710926721 42.458500 4.324921 -39.730534 
521582730924637 43.249943 5.640472 -40.198593 
521582750925835 42.179501 5.469345 -40.342113 
521582770924585 43.376682 4.491989 -39.585541 
521582790924168 42.756947 3.897827 -38.964905 
521582810923855 42.866604 2.323532 -39.274532 
521582830924689 42.867268 2.029419 -38.044651 
521582850924741 43.518200 3.918076 -38.972256 
521582870925001 42.462864 4.614761 -40.191666 
521582890924585 41.830715 3.737564 -40.339893 
521582910924897 42.467541 4.317230 -38.346783 
521582930925626 42.457844 4.619034 -40.960415 
521582951131825 42.541637 1.598938 -39.579391 
521582970925210 43.187214 3.198608 -40.199615 
521582990919377 42.152645 4.024399 -38.805214 
521583010925939 42.163052 4.749435 -40.034912 
521583030924168 43.221760 4.343460 -39.430386 
521583050923804 40.948399 4.567429 -38.946964 
521583070923700 42.200619 5.891724 -38.804432 
521583090923596 42.449436 3.892288 -39.423214 
521583110922970 41.877666 5.165421 -38.801792 
521583130923491 41.720409 5.605957 -41.260143 
521583150924168 40.321636 4.419540 -41.093643 
521583170924220 41.745892 6.318176 -40.183594 
521583190923855 40.536289 7.012512 -41.709034 
521583210923751 40.935337 4.578537 -40.945713 
521583230924012 42.010487 5.332794 -42.339455 
521583250924116 42.043354 6.332260 -41.262783 
521583270923751 40.911861 3.864609 -41.714764 
521583290924428 40.932980 4.286987 -40.177086 
521583310924533 42.783802 5.342773 -40.501804 
521583330925210 41.859211 4.447220 -38.802094 
521583350920262 42.905857 4.051483 -40.042564 
521583370926720 42.752941 4.341568 -41.270973 
521583390926199 41.235470 4.296799 -40.487522 
521583410926564 42.575871 3.331161 -41.116173 
521583430924533 42.395458 2.470413 -42.037563 
521583450923647 42.675106 1.031860 -40.196106 
521583470923855 42.525196 0.879028 -39.272194 
521583490924116 42.773357 -0.826294 -41.120853 
521583510923178 42.575474 -2.846420 -40.197723 
521583530923856 42.740467 -2.706436 -38.815384 
521583550925574 44.368252 -4.530045 -38.678585 
521583570925574 44.368252 -4.530045 -38.678585 
521583590925053 44.377644 -4.244476 -38.370960 
521583610924532 43.427570 -5.852249 -37.747803 
521583630924688 44.257557 -8.839249 -38.680386 
521583650923855 44.264591 -8.845245 -37.604130 
521583670923230 45.275318 -11.118561 -37.000381 
521583690923542 46.186123 -11.238754 -36.855511 
521583710917761 46.731052 -13.956848 -35.940033 
521583730924168 44.407055 -15.304367 -36.994774 
521583750924533 46.691792 -15.684784 -35.172005 
521583770924376 44.108242 -15.610855 -34.993202 
521583790923803 45.588810 -17.002487 -35.777252 
521583810924064 46.184376 -18.149063 -33.323616 
521583830924584 45.564640 -18.743271 -32.702972 
521583850924271 45.997906 -19.445038 -33.476433 
521583870925366 47.357418 -19.986572 -32.874905 
521583890924532 45.808743 -21.325821 -31.784496 
521583910924845 46.214840 -23.325485 -31.635994 
521583930924845 44.687656 -23.068436 -33.466171 
521583951133231 46.971066 -23.300964 -32.412094 
521583970925783 44.987118 -23.496384 -32.546795 
521583990925262 47.306400 -22.731979 -29.954792 
521584010925106 44.648403 -24.796402 -32.698143 
521584030924116 46.775211 -24.882477 -32.872536 
521584050924533 43.453548 -23.967804 -32.532276 
521584070923335 43.610165 -23.673920 -32.994873 
521584090923908 44.962620 -24.649780 -31.778526 
521584110924585 46.168552 -25.047455 -31.944214 
521584130924272 44.967648 -24.654053 -31.009773 
521584150924637 46.044819 -23.901520 -32.096016 
521584170923908 45.435802 -24.358047 -30.399063 
521584190925470 45.728901 -24.633804 -31.017124 
521584210923854 46.028370 -24.621429 -31.788815 
521584230923856 46.971722 -23.595078 -31.182213 
521584250924533 45.177586 -22.644180 -30.087902 
521584270924168 44.564243 -22.509903 -31.311966 
521584290924428 45.166515 -23.075104 -30.088085 
521584310924480 45.151752 -23.649658 -30.088322 
521584330924272 47.417057 -24.307114 -30.110672 
521584350924897 44.479031 -26.106888 -30.237213 
521584370924533 44.648060 -25.089661 -31.622013 
521584390924323 45.044773 -26.934570 -33.472202 
521584410924011 44.528324 -29.391159 -33.007561 
521584430923699 42.842838 -29.573380 -34.067703 
521584450947501 40.832394 -30.920471 -33.741631 
521584470949064 38.944340 -33.265610 -34.032455 
521584490925574 38.589512 -35.432587 -33.261665 
521584510924167 37.184704 -37.054214 -32.326591 
521584530924167 38.838665 -37.579086 -33.265507 
521584550923803 39.197857 -35.122269 -34.497421 
521584570923959 37.947315 -36.301224 -34.947392 
521584590924115 38.876934 -35.409958 -35.878353 
521584610923802 36.814869 -32.883713 -35.395443 
521584630925886 40.221050 -30.787918 -34.658192 
521584650925678 41.179829 -29.040787 -34.512543 
521584670924220 42.138302 -26.706299 -36.672905 
521584690924012 42.717091 -28.425735 -34.527000 
521584710923646 42.209080 -24.271240 -35.441883 
521584730923959 42.660793 -24.254822 -36.215042 
521584750923699 42.856998 -22.380035 -36.830730 
521584770924012 43.359715 -20.498856 -37.141865 
521584790924271 42.766819 -19.648071 -38.058121 
521584810924167 42.349323 -17.932266 -38.821743 
521584830924793 41.293980 -17.235580 -40.041153 
521584850924324 40.371433 -17.692520 -39.725014 
521584870924272 40.738659 -15.242523 -39.726933 
521584890923126 41.470387 -16.371399 -39.734764 
521584910924532 41.661213 -14.785614 -40.043072 
521584930923386 39.046833 -14.832230 -44.015583 
521584951131928 37.555866 -13.725296 -43.692905 
521584970924689 35.661457 -15.918243 -45.521164 
521584990924219 35.969990 -15.473251 -46.600174 
521585010924063 37.384838 -14.300507 -44.306675 
521585030923751 38.259403 -16.151215 -42.932522 
521585050924063 37.466625 -17.318863 -43.233154 
521585070923699 38.534389 -17.292221 -42.935940 
521585090924376 39.600124 -17.704224 -41.255165 
521585110924115 38.516582 -18.744873 -40.015293 
521585130923855 40.454914 -20.125214 -40.650002 
521585150924271 38.469952 -20.760117 -39.247383 
521585170947500 39.603077 -24.031433 -39.260525 
521585191322293 40.574612 -21.708038 -39.422134 
521585210923908 38.251957 -23.203491 -39.708183 
521585230924376 38.815350 -24.322723 -42.174541 
521585250924636 38.220753 -24.497955 -39.401226 
521585270924584 36.356861 -25.982956 -39.384186 
521585290924323 37.228756 -27.537842 -39.547413 
521585310924115 38.308926 -27.228180 -38.481335 
521585330923698 36.490986 -26.844162 -38.771011 
521585350926355 37.556736 -26.815811 -38.781303 
521585370926511 37.999401 -27.232010 -39.247143 
521585390925157 35.874622 -26.707321 -40.456326 
521585410925521 36.301853 -27.844299 -40.461212 
521585430924479 36.908169 -27.972580 -40.313404 
521585450925208 35.692173 -28.006683 -39.994144 
521585470925260 35.850124 -27.860718 -39.688053 
521585490925156 35.671719 -28.723175 -40.301941 
521585510917813 37.011448 -29.835007 -40.469402 
521585530949376 35.367222 -28.731277 -40.299004 
521585551315522 34.875568 -30.181549 -39.987694 
521585570924428 35.052647 -29.171158 -40.142494 
521585590923438 36.102642 -29.716522 -40.306774 
521585610924532 34.742107 -29.614441 -39.370983 
521585630925573 33.519077 -29.642563 -40.127975 
521585650925000 35.761570 -31.308075 -39.689495 
521585670925521 33.802448 -30.497177 -39.977524 
521585690925521 34.254498 -30.627808 -40.135746 
521585710925000 33.894650 -32.790512 -40.133705 
521585730925104 34.992275 -31.321487 -40.912144 
521585750925001 33.419445 -33.520844 -40.129593 
521585770925105 33.094494 -34.245438 -40.434452 
521585790924636 31.755077 -33.721024 -37.960983 
521585810923594 34.012341 -34.371643 -39.213333 
521585830923854 34.185726 -33.504868 -39.368195 
521585850923802 34.027760 -34.091187 -37.983212 
521585870923958 32.616940 -35.267349 -39.661713 
521585890935208 34.145107 -35.965576 -35.986713 
521585911289688 31.420719 -35.171524 -36.882393 
521585930923386 32.174938 -35.145279 -37.965992 
521585951182136 32.623974 -35.273331 -38.585464 
521585970927136 33.397625 -34.970062 -37.823944 
521585990923281 33.847340 -34.951935 -38.904606 
521586010923438 33.410030 -34.687073 -37.055077 
521586030924375 34.032780 -34.095474 -37.214462 
521586050924688 33.731312 -33.665817 -38.441341 
521586070923490 33.731312 -33.665817 -38.441341 
521586090923490 35.243404 -34.350357 -37.226341 
521586110925885 34.142437 -35.669739 -37.524090 
521586130924531 34.011318 -34.811096 -37.676014 
521586150923906 34.631062 -34.216904 -38.296650 
521586170924114 34.017361 -34.375916 -38.444584 
521586190925053 34.221600 -32.507935 -37.830276 
521586210924480 33.865795 -34.233734 -38.904305 
521586230918073 33.101528 -34.251419 -39.358204 
521586250924635 33.413403 -33.956039 -39.361023 
521586271275208 32.484814 -34.407867 -39.967384 
521586290925052 34.184704 -33.944336 -37.830875 
521586310926771 33.376156 -35.685699 -38.285492 
521586330925364 33.102520 -34.692612 -37.513382 
521586350925052 34.006290 -34.806824 -38.444763 
521586370928855 34.163898 -34.954102 -37.062546 
521586390924741 33.039791 -37.134491 -37.514400 
521586410925366 33.085743 -35.265457 -37.821125 
521586430924896 34.159214 -34.656555 -38.907425 
521586450924688 32.345310 -34.275940 -38.582104 
521586470923697 35.377224 -34.624161 -38.919186 
521586490923697 32.645763 -34.704758 -37.508972 
521586510924062 33.397968 -34.676804 -38.900074 
521586530924062 33.261486 -34.107162 -38.744614 
521586550925260 32.469372 -35.128632 -39.506432 
521586570925364 31.424091 -34.440491 -39.188343 
521586590924896 32.483791 -34.847321 -38.430061 
521586610949323 32.628994 -35.277603 -37.816715 
521586631258594 32.943569 -34.837738 -37.973221 
521586650923854 32.930134 -35.560226 -37.204773 
521586670924428 33.226589 -35.545273 -38.437714 
521586690924115 32.492855 -34.414703 -38.737381 
521586710925885 32.301373 -35.706360 -39.658955 
521586730925729 32.516331 -33.700775 -37.968334 
521586750924167 31.263111 -35.024200 -38.264610 
521586770924427 32.478771 -34.843048 -39.198814 
