# Created at Thu Nov 07 18:12:17 EST 2019 in Burnaby Canada 
521581362664897 -0.240978 -0.046368 0.814236 0.526117 
521581383234950 -0.240984 -0.046416 0.814255 0.526080 
521581403805419 -0.240971 -0.046452 0.814260 0.526076 
521581424375315 -0.240966 -0.046449 0.814256 0.526085 
521581444945835 -0.240968 -0.046452 0.814258 0.526081 
521581465516877 -0.240930 -0.046455 0.814236 0.526131 
521581486087294 -0.240935 -0.046450 0.814238 0.526127 
521581506657711 -0.240958 -0.046391 0.814232 0.526131 
521581527228179 -0.240960 -0.046422 0.814243 0.526109 
521581547798751 -0.241025 -0.046440 0.814288 0.526009 
521581568369220 -0.241006 -0.046348 0.814246 0.526090 
521581588939534 -0.241026 -0.046356 0.814261 0.526057 
521581609510002 -0.241057 -0.046342 0.814275 0.526023 
521581630080522 -0.241046 -0.046306 0.814257 0.526059 
521581650650991 -0.240986 -0.046289 0.814215 0.526153 
521581671221565 -0.240921 -0.046258 0.814166 0.526261 
521581691792033 -0.240892 -0.046232 0.814140 0.526317 
521581712362450 -0.240895 -0.046197 0.814130 0.526334 
521581732932919 -0.240923 -0.046202 0.814148 0.526293 
521581753503335 -0.240942 -0.046254 0.814177 0.526235 
521581774073803 -0.240967 -0.046297 0.814206 0.526174 
521581794644325 -0.240935 -0.046283 0.814183 0.526226 
521581815214794 -0.240862 -0.046229 0.814122 0.526359 
521581835785210 -0.240856 -0.046173 0.814099 0.526402 
521581856355678 -0.240898 -0.046111 0.814104 0.526381 
521581876926096 -0.240932 -0.046112 0.814124 0.526334 
521581897496565 -0.240965 -0.046134 0.814152 0.526274 
521581918066877 -0.240957 -0.046106 0.814138 0.526302 
521581938637345 -0.240947 -0.046118 0.814136 0.526308 
521581959208075 -0.240919 -0.046136 0.814125 0.526337 
521581979778544 -0.240903 -0.046117 0.814109 0.526370 
521582000349064 -0.240884 -0.046106 0.814094 0.526403 
521582020919532 -0.240828 -0.046170 0.814082 0.526442 
521582041490054 -0.240779 -0.046253 0.814079 0.526461 
521582062060263 -0.240774 -0.046226 0.814068 0.526483 
521582082630732 -0.240790 -0.046090 0.814033 0.526542 
521582103201564 -0.240756 -0.045904 0.813951 0.526701 
521582123772033 -0.240910 -0.045822 0.814016 0.526537 
521582144342294 -0.240908 -0.045966 0.814062 0.526454 
521582164912763 -0.240644 -0.046193 0.813979 0.526682 
521582185483856 -0.240294 -0.046118 0.813746 0.527209 
521582206054325 -0.239891 -0.046125 0.813508 0.527759 
521582226625054 -0.239612 -0.046304 0.813400 0.528036 
521582247195523 -0.239327 -0.046513 0.813299 0.528302 
521582267765053 -0.239213 -0.046762 0.813314 0.528310 
521582288335522 -0.239156 -0.046980 0.813351 0.528258 
521582308906512 -0.239204 -0.047150 0.813436 0.528091 
521582329477085 -0.239313 -0.047144 0.813499 0.527946 
521582350048127 -0.239641 -0.046905 0.813615 0.527638 
521582370618648 -0.240047 -0.046449 0.813437 0.527769 
521582391189585 -0.240428 -0.046103 0.813568 0.527424 
521582411760054 -0.240841 -0.045718 0.813512 0.527355 
521582432330419 -0.241248 -0.045590 0.813812 0.526717 
521582452900887 -0.241458 -0.045581 0.814006 0.526323 
521582473471565 -0.241645 -0.045645 0.814131 0.526038 
521582494042034 -0.241897 -0.046507 0.815466 0.523773 
521582514611095 -0.242122 -0.045366 0.814624 0.525078 
521582535181564 -0.242345 -0.045274 0.814368 0.525380 
521582555752502 -0.242164 -0.045576 0.814934 0.524559 
521582576322971 -0.241940 -0.045878 0.815779 0.523321 
521582596893179 -0.241868 -0.045448 0.814558 0.525290 
521582617463647 -0.241639 -0.045592 0.814461 0.525533 
521582638036148 -0.241353 -0.045510 0.814034 0.526333 
521582658606721 -0.241454 -0.045184 0.812521 0.528646 
521582679175314 -0.241461 -0.045654 0.812832 0.528126 
521582699745782 -0.241247 -0.046557 0.813694 0.526816 
521582720316616 -0.241047 -0.046634 0.813596 0.527052 
521582740886876 -0.241291 -0.046109 0.812789 0.528230 
521582761457449 -0.241448 -0.046503 0.812654 0.528331 
521582782028283 -0.241487 -0.047048 0.812197 0.528967 
521582802598699 -0.241556 -0.047415 0.811896 0.529365 
521582823169689 -0.242126 -0.048225 0.811909 0.529011 
521582843740262 -0.242902 -0.049030 0.811822 0.528716 
521582864310783 -0.243199 -0.049992 0.811936 0.528314 
521582884881199 -0.242977 -0.050675 0.811883 0.528432 
521582905451408 -0.242750 -0.052148 0.811945 0.528298 
521582926021981 -0.242766 -0.053901 0.812142 0.527812 
521582946593179 -0.242550 -0.056414 0.812376 0.527287 
521582967163595 -0.242651 -0.058452 0.811812 0.527887 
521582987732397 -0.243348 -0.060024 0.810867 0.528842 
521583008302866 -0.243219 -0.062508 0.809870 0.530139 
521583028872815 -0.243322 -0.062504 0.809402 0.530808 
521583049443388 -0.243014 -0.065336 0.811028 0.528119 
521583070013751 -0.241218 -0.067055 0.811864 0.527441 
521583090584168 -0.240262 -0.067852 0.812463 0.526854 
521583111155470 -0.239097 -0.068871 0.813031 0.526374 
521583131725939 -0.238223 -0.069607 0.813773 0.525527 
521583152295939 -0.238184 -0.071782 0.815068 0.523240 
521583172866407 -0.237480 -0.071800 0.815446 0.522968 
521583193436772 -0.237207 -0.071010 0.815184 0.523607 
521583214007345 -0.238259 -0.069949 0.815237 0.523191 
521583234577918 -0.239428 -0.069618 0.815693 0.521989 
521583255148438 -0.239984 -0.068338 0.815569 0.522097 
521583275719897 -0.240838 -0.068491 0.816792 0.519766 
521583296290314 -0.240396 -0.070667 0.818432 0.517092 
521583316862710 -0.238878 -0.071542 0.819588 0.515844 
521583337433126 -0.237907 -0.070875 0.821060 0.514041 
521583358003178 -0.236825 -0.070581 0.823667 0.510397 
521583378573595 -0.236311 -0.069848 0.826682 0.505842 
521583399141720 -0.237559 -0.068483 0.829796 0.500315 
521583419712137 -0.238853 -0.064543 0.833636 0.493796 
521583440282762 -0.239975 -0.061066 0.838777 0.484908 
521583460853022 -0.241032 -0.055529 0.843551 0.476698 
521583481423595 -0.243230 -0.051852 0.848791 0.466588 
521583501996043 -0.246310 -0.045080 0.853788 0.456448 
521583522566512 -0.250033 -0.037856 0.858390 0.446338 
521583543136303 -0.252562 -0.031422 0.864235 0.433963 
521583563706771 -0.254129 -0.026070 0.869509 0.422722 
521583584276511 -0.259094 -0.019571 0.871903 0.415056 
521583604846928 -0.267949 -0.012780 0.873248 0.406789 
521583625417084 -0.274355 -0.002854 0.876041 0.396576 
521583645987605 -0.279333 0.010035 0.880260 0.383426 
521583666558386 -0.282964 0.018560 0.884313 0.370915 
521583687128907 -0.288987 0.022433 0.886136 0.361589 
521583707699793 -0.294775 0.023182 0.887003 0.354677 
521583728270262 -0.303717 0.027166 0.886188 0.348840 
521583748840158 -0.309971 0.033466 0.885546 0.344393 
521583769410678 -0.312654 0.040689 0.886148 0.339607 
521583789981563 -0.313003 0.048123 0.886964 0.336166 
521583810552136 -0.311178 0.053119 0.888207 0.333818 
521583831122970 -0.312275 0.057041 0.888504 0.331349 
521583851693491 -0.317808 0.067572 0.887812 0.325916 
521583872264480 -0.311394 0.077686 0.891364 0.320107 
521583892835001 -0.308781 0.078665 0.893548 0.316289 
521583913406356 -0.311689 0.075152 0.894921 0.310352 
521583933976773 -0.312198 0.074954 0.897481 0.302394 
521583954546877 -0.310738 0.080311 0.900848 0.292345 
521583975117397 -0.307724 0.087932 0.904642 0.281420 
521583995686772 -0.312036 0.088660 0.905416 0.273852 
521584016257189 -0.319172 0.081338 0.904840 0.269774 
521584036827189 -0.327577 0.072524 0.904096 0.264657 
521584057397710 -0.337865 0.069921 0.902554 0.257594 
521584077968491 -0.339008 0.073201 0.902786 0.254345 
521584098539011 -0.334647 0.074554 0.903417 0.257469 
521584119110210 -0.335347 0.070169 0.903621 0.257075 
521584139680731 -0.341686 0.062193 0.903018 0.252868 
521584160250990 -0.347554 0.061159 0.900060 0.255654 
521584180821721 -0.344738 0.062310 0.898991 0.262848 
521584201392241 -0.345623 0.062940 0.896563 0.269737 
521584221962449 -0.345769 0.063570 0.894573 0.275938 
521584242533022 -0.345948 0.064804 0.893565 0.278678 
521584263103803 -0.345780 0.066756 0.894242 0.276243 
521584283674324 -0.342157 0.068849 0.896959 0.271390 
521584304245106 -0.337899 0.070785 0.899737 0.266998 
521584324815626 -0.335773 0.072335 0.901345 0.263822 
521584345385677 -0.335169 0.073730 0.902129 0.261514 
521584365956198 -0.331219 0.074238 0.904922 0.256708 
521584386526303 -0.323420 0.076119 0.910288 0.246942 
521584407096876 -0.314801 0.083919 0.916280 0.232998 
521584427668959 -0.310605 0.096403 0.919709 0.219923 
521584448239480 -0.310253 0.111413 0.919720 0.213178 
521584468808594 -0.309364 0.126786 0.917855 0.213922 
521584489379115 -0.301232 0.137595 0.916083 0.226094 
521584509949480 -0.283062 0.148974 0.914692 0.247026 
521584530520001 -0.257794 0.155977 0.913592 0.273062 
521584551090781 -0.230087 0.157966 0.911577 0.301886 
521584571661302 -0.204576 0.156524 0.907072 0.332970 
521584592233334 -0.201376 0.156762 0.895515 0.364590 
521584612803855 -0.205404 0.156915 0.882518 0.392873 
521584633372658 -0.204246 0.156037 0.872380 0.415799 
521584653943179 -0.200970 0.157663 0.864400 0.433089 
521584674513802 -0.197002 0.161383 0.856214 0.449492 
521584695084323 -0.191397 0.166182 0.846533 0.468115 
521584715654897 -0.180383 0.169484 0.835279 0.490965 
521584736225418 -0.162747 0.169357 0.821869 0.519002 
521584756795886 -0.141849 0.170173 0.804550 0.551016 
521584777366511 -0.119697 0.176358 0.783659 0.583480 
521584797937240 -0.095304 0.189174 0.759908 0.614550 
521584818507761 -0.074240 0.203549 0.735431 0.642026 
521584839076980 -0.058062 0.212966 0.716674 0.661554 
521584859647501 -0.042638 0.220117 0.704872 0.672968 
521584880218334 -0.021235 0.223764 0.694568 0.683414 
521584900788855 -0.000823 0.223446 0.680240 0.698101 
521584921360157 0.014962 0.221742 0.663559 0.714350 
521584941930625 0.028017 0.220354 0.648717 0.727891 
521584962501146 0.037244 0.222809 0.637613 0.736491 
521584983071251 0.037381 0.231724 0.632577 0.738074 
521585003641772 0.035981 0.246033 0.627332 0.737989 
521585024212397 0.038950 0.261084 0.621601 0.737517 
521585044782917 0.044292 0.276901 0.616556 0.735678 
521585065353438 0.054199 0.289687 0.612322 0.733625 
521585085923959 0.069922 0.299596 0.608380 0.731592 
521585106494688 0.086314 0.310365 0.602819 0.729954 
521585127065209 0.100451 0.321002 0.595833 0.729281 
521585147635835 0.113734 0.328079 0.588775 0.729913 
521585168206408 0.125997 0.332524 0.583806 0.729879 
521585188777292 0.135692 0.335737 0.580942 0.728955 
521585209347813 0.144212 0.336026 0.579129 0.728628 
521585229918438 0.151828 0.335269 0.579053 0.727489 
521585250488959 0.158541 0.337652 0.578600 0.725313 
521585271058855 0.166718 0.339891 0.576491 0.724111 
521585291629376 0.172704 0.340278 0.574630 0.724006 
521585312202136 0.172618 0.340828 0.573165 0.724929 
521585332772657 0.170774 0.340620 0.573622 0.725101 
521585353342136 0.172330 0.337071 0.577821 0.723054 
521585373912709 0.175180 0.333028 0.583435 0.719728 
521585394482917 0.176645 0.332481 0.586392 0.717215 
521585415053438 0.175733 0.333717 0.589085 0.714654 
521585435624114 0.173962 0.333403 0.593166 0.711852 
521585456194635 0.174284 0.330597 0.598303 0.708776 
521585476764636 0.175795 0.327419 0.602348 0.706449 
521585497335157 0.176744 0.325485 0.605079 0.704770 
521585517905522 0.177446 0.324561 0.606619 0.703695 
521585538476095 0.179301 0.323518 0.607502 0.702943 
521585559047501 0.180911 0.323386 0.608761 0.701500 
521585579618021 0.181956 0.324716 0.610765 0.698868 
521585600187604 0.183805 0.326669 0.613357 0.695195 
521585620759011 0.188293 0.326863 0.615317 0.692164 
521585641329532 0.192630 0.326833 0.616642 0.689802 
521585661899636 0.194507 0.327372 0.618666 0.687203 
521585682470157 0.194760 0.327915 0.620862 0.684888 
521585703040573 0.194886 0.328056 0.623399 0.682475 
521585723611459 0.196430 0.327830 0.626391 0.679395 
521585744180886 0.199591 0.327330 0.628906 0.676385 
521585764751407 0.201640 0.327014 0.631051 0.673927 
521585785321563 0.202096 0.326895 0.632983 0.672034 
521585805892084 0.202622 0.326809 0.635080 0.669935 
521585826462760 0.204082 0.326788 0.636993 0.667683 
521585847033281 0.207278 0.325997 0.638608 0.665538 
521585867603802 0.211709 0.325161 0.639290 0.663897 
521585888174323 0.215610 0.324772 0.639073 0.663039 
521585908748699 0.217300 0.325563 0.639526 0.661661 
521585929319220 0.214334 0.328127 0.641225 0.659716 
521585949885886 0.208040 0.330531 0.645033 0.656811 
521585970456406 0.203313 0.330180 0.647824 0.655721 
521585991027552 0.201105 0.328975 0.647353 0.657469 
521586011598073 0.201352 0.329365 0.646510 0.658028 
521586032167865 0.201781 0.330170 0.646553 0.657451 
521586052738438 0.199771 0.330330 0.647505 0.657047 
521586073310104 0.197261 0.329622 0.648803 0.656881 
521586093880624 0.196061 0.327893 0.649415 0.657500 
521586114450364 0.194779 0.326860 0.649157 0.658649 
521586135020885 0.192814 0.327067 0.649796 0.658495 
521586155591876 0.191896 0.327142 0.650949 0.657586 
521586176162397 0.192346 0.325710 0.651501 0.657619 
521586196732917 0.193791 0.323240 0.650396 0.659505 
521586217303437 0.195138 0.321675 0.649174 0.661075 
521586237874427 0.196116 0.321710 0.649685 0.660265 
521586258445000 0.196819 0.322979 0.651746 0.657400 
521586279015937 0.197952 0.322997 0.652836 0.655967 
521586299586458 0.199250 0.321603 0.652117 0.656973 
521586320160418 0.199332 0.321327 0.652097 0.657104 
521586340727241 0.199107 0.321966 0.653341 0.655621 
521586361297761 0.200273 0.321943 0.654617 0.654004 
521586381868073 0.202346 0.321348 0.654960 0.653314 
521586402438594 0.203687 0.320352 0.654134 0.654213 
521586423007760 0.204215 0.319546 0.652706 0.655866 
521586443578281 0.204347 0.319917 0.652515 0.655835 
521586464149375 0.205101 0.320708 0.653316 0.654414 
521586484719895 0.207584 0.319925 0.652678 0.654651 
521586505291197 0.211283 0.317965 0.649845 0.657236 
521586525861718 0.213882 0.317023 0.647215 0.659442 
521586546431719 0.212305 0.317844 0.647710 0.659071 
521586567002240 0.208615 0.320377 0.649621 0.657139 
521586587572344 0.207924 0.322521 0.650538 0.655399 
521586608142864 0.210001 0.325420 0.649115 0.654714 
521586628713542 0.216775 0.324065 0.644341 0.657886 
521586649284063 0.219963 0.320771 0.640899 0.661794 
521586669856250 0.216177 0.318965 0.641535 0.663296 
521586690426771 0.211961 0.317324 0.643934 0.663119 
521586710995730 0.212683 0.312042 0.645525 0.663848 
521586731566354 0.214590 0.304735 0.646430 0.665745 
