# Created at Thu Nov 07 18:48:03 EST 2019 in Burnaby Canada 
523727202267308 9.249600 -0.500367 -3.684518 
523727222834599 9.254389 -0.474032 -3.743174 
523727243403453 9.208900 -0.507549 -3.800632 
523727263972256 9.225659 -0.560219 -3.812602 
523727284541110 9.232841 -0.684712 -3.765917 
523727305109911 9.164610 -0.646407 -3.852105 
523727325678766 9.169398 -0.666757 -3.895199 
523727346247620 9.163412 -0.651195 -3.867666 
523727366816474 9.260374 -0.654786 -3.939489 
523727387385380 9.205311 -0.677530 -3.955051 
523727407954234 9.125107 -0.565007 -3.801829 
523727428523193 9.017373 -0.538672 -3.658183 
523727449092048 9.071240 -0.525505 -3.861681 
523727469660797 9.139472 -0.563810 -3.957445 
523727490229651 9.110743 -0.582963 -3.925125 
523727510797776 9.036526 -0.545855 -3.847317 
523727531366630 9.047299 -0.475229 -3.860484 
523727551936213 9.178974 -0.551840 -3.898790 
523727572505068 9.226857 -0.579372 -3.940687 
523727593074026 9.167004 -0.585357 -3.836543 
523727613642932 9.198127 -0.560219 -3.773100 
523727634211630 9.266359 -0.574584 -3.812602 
523727654780797 9.228054 -0.581766 -3.829361 
523727675349234 9.151443 -0.590145 -3.820982 
523727695918505 9.172989 -0.566204 -3.830558 
523727716487463 9.212492 -0.588948 -3.803026 
523727737056057 9.201718 -0.597328 -3.830558 
523727757625068 9.134684 -0.614086 -3.825770 
523727778193921 9.152639 -0.593737 -3.825770 
523727798762412 9.169398 -0.617677 -3.874849 
523727819331787 9.133486 -0.594934 -3.880834 
523727839900276 9.134684 -0.580569 -3.916746 
523727860469286 9.146654 -0.599722 -3.886819 
523727881038140 9.127501 -0.570993 -3.840134 
523727901606786 9.129896 -0.586554 -3.853302 
523727922175641 9.132290 -0.582963 -3.817390 
523727942744391 9.110743 -0.550643 -3.757538 
523727963313245 9.110743 -0.490790 -3.738385 
523727983884182 9.232841 -0.444105 -3.763523 
523728004453036 9.321424 -0.511140 -3.750356 
523728025020744 9.205310 -0.500367 -3.759932 
523728045589599 9.307058 -0.477623 -3.860484 
523728066158505 9.137078 -0.593737 -3.849711 
523728086727359 9.093985 -0.530293 -3.843726 
523728107296109 9.121515 -0.574584 -3.905972 
523728127864963 9.213689 -0.616480 -3.937095 
523728148433088 9.206507 -0.738580 -3.939489 
523728169001943 9.097576 -0.732594 -3.907169 
523728189570641 9.053284 -0.672742 -3.914351 
523728210139495 9.123910 -0.655983 -3.911957 
523728230708505 9.182566 -0.664362 -3.872455 
523728251277359 9.098772 -0.663165 -3.859287 
523728271847307 9.071239 -0.620072 -3.844923 
523728292417828 9.194536 -0.621269 -3.825770 
523728312984755 9.284315 -0.587751 -3.817390 
523728333553608 9.261571 -0.616480 -3.803026 
523728354122307 9.217280 -0.784067 -3.800632 
523728374691525 9.412399 -1.058192 0.616480 
523728395260328 9.275936 0.440514 -8.469124 
523728415831109 10.543612 0.293277 -4.318954 
523728436399182 8.245275 -2.324670 -1.598061 
523728456968973 8.974279 0.464455 -4.517664 
523728477535588 9.222068 -0.781673 -3.103949 
523728498105172 9.698494 0.119705 -3.397226 
523728518673140 9.038919 -0.126887 -3.599528 
523728539242046 8.745644 -0.327992 -3.738385 
523728559810224 9.322620 -0.635633 -3.435532 
523728580379286 9.660189 -0.691895 -3.173378 
523728600948139 9.134684 -0.264548 -3.249989 
523728621517098 9.244812 -0.082596 -3.980189 
523728642085952 9.553651 -1.207823 -3.943081 
523728662654703 8.975477 -0.742171 -3.003397 
523728683223609 9.287907 -0.791250 -3.595936 
523728703792410 9.626671 -0.108931 -3.598330 
523728724361265 9.605124 0.014365 -3.130284 
523728744931317 9.947481 -0.187937 -3.197319 
523728765500171 9.498587 -0.439317 -3.190137 
523728786068036 9.395640 -1.144379 -3.768312 
523728806636942 10.457424 -0.288489 -3.419970 
523728827205588 10.123447 0.259760 -3.005791 
523728847774494 9.880445 0.377071 -3.281112 
523728868343452 9.425568 0.501564 -3.188940 
523728888912358 8.026217 0.143646 -3.028535 
523728909482931 9.331000 -1.511873 -4.516468 
523728930051838 10.200058 0.208287 -3.261960 
523728950621109 8.587632 1.367030 -2.859751 
523728971190015 8.196197 -0.294474 -3.502566 
523728991757046 8.331463 -0.393829 -3.855696 
523729012325900 10.308989 0.549446 -3.569601 
523729032894390 11.004475 0.927713 -3.876046 
523729053463453 8.733673 -1.386183 -4.290225 
523729074032255 8.248867 -2.133142 -3.757538 
523729094601786 9.788273 1.721357 -4.056800 
523729115170068 8.357799 0.555431 -3.762326 
523729135738921 6.819590 -0.015562 -3.824573 
523729156307723 7.552185 0.866664 -3.518128 
523729176876942 9.062860 0.266942 -4.419507 
523729197445796 9.783485 -0.333977 -4.305787 
523729218014598 10.386798 -0.371085 -4.144185 
523729238583400 9.564425 0.609298 -3.925125 
523729259153036 7.900526 0.737382 -3.595936 
523729279721264 7.942423 -0.189134 -3.488202 
523729300290692 9.354940 -0.101749 -3.607907 
523729320858973 9.870869 0.241804 -3.914351 
523729341427567 9.898401 -0.773294 -3.788661 
523729361996473 8.861756 -0.371085 -3.549252 
523729382565484 9.159822 0.511140 -3.763523 
523729403134391 10.049230 0.339962 -3.581572 
523729423703505 10.170132 -0.430938 -3.366103 
523729444272359 9.023357 -0.459667 -3.062052 
523729464842046 8.268021 -0.104143 -3.323009 
523729485410953 11.394712 -0.308839 -4.251919 
523729505979703 11.161287 -1.660307 -4.362048 
523729526548557 6.820787 2.374946 -2.207359 
523729547116577 7.189478 -0.260957 -3.719233 
523729567685483 8.760007 -0.104143 -2.476695 
523729588256369 10.012121 -0.140055 -3.848514 
523729608825223 9.583577 -0.709850 -3.408000 
523729629392879 7.663510 -1.799165 -3.191334 
523729649961785 8.124374 -1.211414 -3.690503 
523729670530536 10.760277 2.066107 -1.157547 
523729691099442 11.078691 0.477623 -3.278718 
523729711667775 10.267093 -0.845117 -2.665829 
523729732236890 12.183569 -1.679460 -2.787928 
523729752805952 10.919484 -1.966752 -2.882495 
523729773374859 9.425566 -0.926516 -2.455148 
523729793943504 8.081281 -0.590145 -2.881298 
523729814512619 9.308256 -0.707456 -3.362512 
523729835081368 9.777499 -0.599722 -2.792716 
523729855650536 10.007332 -0.245395 -2.614356 
523729876224285 10.852449 -0.247789 -2.225315 
523729896790170 9.541680 -0.806811 -2.480286 
523729917357671 7.675480 -1.375410 -3.011776 
523729937926317 9.717647 -0.414179 -2.406069 
523729958496369 9.732012 0.296868 -2.755608 
523729979065014 9.196930 -0.381859 -3.091979 
523729999633764 8.895274 -1.364636 -1.838668 
523730020202462 9.626671 -0.786461 -2.233694 
523730040771108 9.384867 -0.561416 -3.005791 
523730061340119 9.153837 -0.418967 -2.668223 
523730081909025 10.024091 -0.580569 -2.167856 
523730102479234 10.530443 -0.562613 -1.936826 
523730123048140 9.625474 -0.518322 -2.410857 
523730143620066 9.400429 -0.477623 -2.511410 
523730164188972 9.928328 -0.469243 -2.048151 
523730184753713 9.651809 -0.598525 -2.248059 
523730205322619 9.775105 -0.896590 -2.664632 
523730225891525 9.722435 -0.943275 -2.640691 
523730246460431 10.353280 -0.486002 -2.317488 
523730267028556 9.425568 -0.128084 -2.517395 
523730287597462 9.070043 0.057458 -2.426419 
523730308166629 9.412399 0.723018 -2.206162 
523730328735535 9.775105 0.904969 -2.498242 
523730349304077 10.203650 -0.306445 -2.937559 
523730369872983 9.799046 -1.188670 -2.561686 
523730390442670 10.186890 -0.471637 -2.736455 
523730411011576 10.555582 0.142449 -2.723287 
523730431579963 9.856504 0.070626 -2.809475 
523730452149962 8.748037 -0.639224 -2.817854 
523730472719025 9.508163 -0.954048 -2.637100 
523730493286890 10.731547 -0.219060 -2.236088 
523730513857046 11.157698 -3.008185 -3.430743 
523730534425900 12.270953 0.391435 -3.087190 
523730554994753 10.068382 -1.035448 -2.923194 
523730575563713 9.667370 -0.785264 -2.963894 
523730596132618 9.090393 -0.282504 -3.038111 
523730616700692 6.978798 0.870255 -2.769972 
523730637269805 5.034789 -0.875043 -1.985905 
523730657839337 9.128698 -0.257366 -2.197783 
523730678405900 10.434679 -0.585357 -3.481020 
523730698977982 10.185693 -0.804417 -2.754411 
523730719544962 8.521795 -0.775688 -2.875313 
523730740113609 7.902920 -0.329189 -2.713711 
523730760682931 9.246010 -0.495578 -3.405605 
523730781251576 10.356871 -0.374676 -3.300265 
523730801820482 10.702818 -2.046954 -4.656522 
523730822390067 7.639569 -0.021547 -3.878440 
523730842959025 5.688379 -0.100552 -1.880564 
523730863527410 8.958717 0.949260 -3.720429 
523730884096316 10.133022 -0.530293 -4.816927 
523730904666837 11.130165 -0.896590 -3.157816 
523730925235743 11.192411 0.570993 -3.730006 
523730945804598 9.559637 -0.817585 -3.348147 
523730966373504 8.725292 -1.715372 -3.866469 
523730986941525 9.554848 -1.279646 -4.503300 
523731007510431 9.544075 -1.264084 -4.289028 
523731028079962 8.664244 -1.144379 -4.253117 
523731048648869 8.361389 -1.793180 -5.003666 
523731069217306 9.253192 -3.123102 -3.641424 
523731089786212 11.490477 -1.825500 -4.593079 
523731110355430 10.531640 -2.373749 -4.043633 
523731130924546 7.965166 -2.588021 -3.864075 
523731151493139 6.185154 -3.083599 -3.745568 
523731172061368 6.614895 -2.704134 -4.487738 
523731192629805 9.170595 -1.861412 -5.360387 
523731213198817 11.225929 -0.652392 -5.438195 
523731233767462 8.707336 -1.921264 -4.772635 
523731254336733 7.832294 -2.677799 -3.850908 
523731274905743 9.140669 -2.081669 -2.986638 
523731295474702 9.746376 -2.023013 -3.046491 
523731316043451 10.361660 -2.212147 -2.984244 
523731336612618 9.483025 -2.850174 -5.677605 
523731357181317 9.572803 -1.751283 -6.356332 
523731377750691 10.252728 -1.678263 -5.284973 
523731398319701 10.050426 -2.556897 -4.132215 
523731418889388 9.459084 -2.603582 -4.063983 
523731439458087 8.633120 -2.021816 -4.320151 
523731460026785 8.443986 -1.859018 -4.964164 
523731480595795 8.309917 -1.660307 -5.213150 
523731501163555 7.764062 -1.469977 -5.444180 
523731521732462 7.392977 -2.072093 -4.937829 
523731542300743 7.191873 -2.785534 -4.165732 
523731562869649 6.355135 -3.378073 -4.654128 
523731583438712 6.739388 -2.354596 -5.035987 
523731604007619 7.421706 -1.728539 -5.021623 
523731624577149 7.577322 -0.644013 -4.459009 
523731645146055 7.286439 1.259296 -6.689112 
523731665714232 8.119586 -1.976329 -6.577786 
523731686283139 7.663510 -2.905239 -5.347219 
523731706852618 6.691506 -3.503764 -5.611768 
523731727421524 6.419776 -3.898790 -5.786537 
523731747989909 7.523456 -2.974668 -5.618950 
523731768558816 8.443987 -1.589682 -5.779355 
523731789127826 8.113601 -1.647140 -5.805689 
523731809696732 6.934507 -2.847780 -5.377146 
523731830265536 6.553845 -4.048421 -5.076686 
523731850834442 8.270414 -3.351738 -5.107810 
523731871403347 9.178974 -3.372088 -4.698419 
523731891974128 8.364981 -3.445108 -5.324475 
523731912542983 7.675481 -4.381201 -5.068307 
523731933112358 7.620416 -4.766650 -5.047957 
523731953680847 7.689845 -4.172914 -5.000075 
523731974248399 7.831097 -3.805420 -4.662507 
523731994816993 7.741318 -4.204038 -4.326137 
523732015385900 6.041508 -3.714444 -4.734330 
523732035954753 5.646482 -2.644282 -4.523650 
523732056524285 7.182296 -2.415646 -4.308181 
523732077092774 8.132753 -2.984244 -4.391974 
523732097661785 8.709730 -4.317757 -3.478626 
523732118230535 11.704749 -7.098503 -3.202107 
523732138799544 7.424101 -9.210097 -2.888480 
523732159368296 9.698494 -6.635245 -3.984978 
523732179937410 9.007797 -3.968219 -4.611034 
523732200506211 7.819127 -2.239679 -3.429546 
523732221074961 8.115995 -1.444839 -2.418040 
523732241643868 7.226587 -2.298335 -1.417306 
523732262212774 7.358263 -3.569601 -0.897787 
523732282781680 8.945550 -3.888016 -2.187009 
523732303350846 10.741124 -4.705601 -2.883692 
523732323919753 10.918287 -5.611768 -2.837007 
523732344488347 10.228786 -5.586629 -3.227245 
523732365057253 9.754755 -4.157352 -3.640227 
523732385626159 8.812677 -3.534887 -3.692897 
523732406195118 7.432480 -4.485344 -1.523844 
523732426766264 6.683126 -5.123371 0.713441 
523732447335222 7.476770 -4.613429 0.256169 
523732467902671 8.507429 -2.646676 -1.892535 
523732488471577 9.313044 -1.869791 -2.473104 
523732509040066 9.044905 -2.653858 -0.770900 
523732529608972 8.402089 -2.690967 -0.169981 
523732550177305 8.882107 -2.737652 -0.943275 
523732570746211 9.574001 -3.423561 -1.751283 
523732591315274 10.310186 -4.091515 -1.935629 
523732611884232 10.281457 -4.759468 -0.969610 
523732632453087 9.210098 -4.678069 -1.203035 
523732653022201 8.822254 -4.388383 -2.153492 
523732673591003 8.581647 -4.578714 -2.692164 
523732694161732 4.415915 -9.448311 -0.013168 
523732714729129 9.079619 -8.108812 -1.766845 
523732735298764 11.532373 -5.678802 -3.251186 
523732755867462 10.352083 -3.716838 -3.528902 
523732776435743 10.247940 -2.210950 -5.087460 
523732797006004 10.823720 -2.397690 -5.753019 
523732817573607 11.330072 -3.336177 -4.381201 
523732838142201 12.013588 -2.984244 -2.262423 
523732858711888 13.736142 -2.124763 -0.445302 
523732879280170 15.261183 -1.501100 1.215005 
523732899851680 15.355749 -0.495578 1.851835 
523732920419753 14.858974 0.422558 1.084527 
523732940986940 13.997099 1.745298 0.526702 
523732961556628 13.523067 3.527704 0.992354 
523732982125014 11.762207 4.810942 1.355060 
523733002693972 9.000614 4.394368 1.590879 
523733023262305 3.527704 2.821445 1.588485 
523733043831212 -2.034984 1.121635 1.847047 
523733064400170 -3.024944 1.029462 1.600455 
523733084969076 -1.589682 5.190406 4.271072 
523733105537929 2.334246 5.591417 3.380467 
523733126106836 4.468585 3.667759 4.921070 
523733146675846 6.808817 3.476231 6.420973 
523733167244752 7.498317 3.333782 7.560564 
523733187813555 6.301268 2.321079 6.517934 
523733208382462 6.066647 1.625593 6.580180 
523733228951784 4.985711 0.399815 6.558634 
523733249520690 3.273930 -0.881028 6.717841 
523733270089127 2.809475 -1.526238 7.992699 
523733290658034 3.563616 -1.390971 10.377221 
523733311227045 4.923464 -0.100552 10.984125 
523733331796107 5.111401 0.116114 10.404753 
523733352364805 4.026874 -0.189134 10.039654 
523733372936472 4.165732 -0.027532 9.734406 
523733393504441 4.842065 0.694289 9.399231 
523733414073763 5.144918 1.475962 10.161752 
523733434642564 4.749892 0.714638 9.325014 
523733455210638 4.351274 0.518322 8.986250 
523733475779597 3.793449 0.869058 7.693437 
523733496348347 3.902381 1.815924 11.418653 
523733516917982 3.787464 1.692628 11.825651 
523733537485170 4.587093 2.377340 10.750700 
523733558053972 4.408733 3.046491 11.228323 
523733578623711 2.950727 2.734061 12.388264 
523733599191836 0.562613 2.531759 12.093790 
523733619761160 0.341159 2.869327 10.270683 
523733640329596 1.303587 3.898790 8.082478 
523733660898763 1.025871 4.011312 7.250528 
523733681467304 -1.028265 4.166929 7.205040 
523733702036211 -0.694289 4.272269 7.178705 
523733722605117 0.326794 4.225585 6.241415 
523733743174909 -0.063444 3.864075 4.475768 
523733763743815 -1.186276 5.129356 6.632851 
523733784312930 0.141252 9.714056 6.833955 
523733804881836 1.752480 6.684324 3.495384 
523733825450586 2.925589 6.142060 4.964164 
523733846019492 2.248059 6.486811 5.456151 
523733866587930 1.959570 6.826773 6.161213 
523733887156836 2.667026 8.867741 4.430280 
523733907726940 3.616286 10.475380 1.885353 
523733928295846 2.373749 9.593153 3.342162 
523733948865691 -0.322006 5.408269 3.700080 
523733969434597 -0.746959 7.011118 4.154959 
523733990002669 -1.055798 7.329533 6.027143 
523734010571575 0.214272 8.039384 7.546199 
523734031138763 -0.327992 6.804029 10.101899 
523734051707878 -1.206626 8.088463 11.393517 
523734072276732 -0.205892 8.974279 11.018839 
523734092845534 -0.114917 7.206237 9.074831 
523734113414492 0.204695 6.036720 6.575392 
523734133984493 0.497973 6.264159 5.682393 
523734154554283 0.655983 6.225854 7.608446 
523734175123242 1.103679 6.459278 9.363320 
523734195691628 0.209484 6.203110 9.732012 
523734216260377 -0.126887 6.000809 8.594814 
523734236829336 0.205893 5.852374 7.330730 
523734257397356 0.272927 6.104952 6.741782 
523734277966212 0.365100 6.444914 6.826773 
523734298534753 0.815191 6.521525 7.371430 
523734319103606 1.270069 6.320421 8.131557 
523734339672616 0.980383 6.138469 8.084871 
523734360241212 -0.367494 6.011582 7.509090 
523734380810325 -0.090976 7.297213 6.806423 
523734401379336 0.344750 7.381006 6.304859 
523734421952200 0.622466 7.311578 6.587363 
523734442521055 0.586554 7.118853 6.972813 
523734463086888 0.535081 6.915354 7.036256 
523734483655794 0.588948 6.752555 6.833955 
523734504223606 0.685909 6.819591 6.654397 
523734524792513 0.487199 6.808817 6.553845 
523734545361731 0.375874 6.827970 6.569407 
523734565930637 0.487199 6.917748 6.395835 
523734586499440 0.495578 7.165538 6.478431 
523734607068347 0.411785 7.203843 6.936901 
523734627637097 0.442908 7.039847 7.250528 
523734648206003 0.496776 6.958448 7.402553 
523734668774960 0.644013 6.997951 7.285243 
523734689343867 0.776885 7.012315 7.212222 
523734709913399 0.779279 6.945281 7.206237 
523734730482305 0.672742 6.905778 7.233769 
523734751050950 0.582963 6.982389 7.257710 
523734771620429 0.496776 7.026680 7.421706 
523734792190013 0.563810 6.994359 7.504303 
523734812757878 0.781673 6.895004 7.231375 
523734833326731 0.840329 6.823181 6.849516 
523734853896783 0.649998 6.815999 6.710659 
523734874466003 0.549446 6.815999 6.808817 
523734895036158 0.433332 6.787270 7.287636 
523734915602773 0.132872 6.665171 7.347489 
523734936171106 -0.131675 6.932113 6.836349 
523734956741315 -0.068232 7.126035 7.773639 
523734977309335 0.940881 7.042242 7.819127 
523734997877877 1.035448 7.005133 7.841870 
523735018447043 1.113256 6.963236 8.434410 
523735039015586 1.109665 6.715447 7.539017 
523735059584648 0.590145 6.751359 6.594545 
523735080153450 0.713441 6.707067 6.412594 
