# Created at Thu Nov 07 18:48:03 EST 2019 in Burnaby Canada 
523727202267308 0.000000 0.000000 0.000000 
523727222834599 0.000000 0.000000 0.000000 
523727243403453 0.000000 0.000000 0.000000 
523727263972256 0.000000 0.000000 0.000000 
523727284541110 0.000000 0.000000 0.000000 
523727305109911 0.000000 0.000000 0.000000 
523727325678766 0.000000 0.000000 0.000000 
523727346247620 0.000000 0.000000 0.000000 
523727366816474 0.000000 0.000000 0.000000 
523727387385380 0.000000 0.000000 0.000000 
523727407954234 0.000000 0.000000 0.000000 
523727428523193 0.000000 0.000000 0.000000 
523727449092048 0.000000 0.000000 0.000000 
523727469660797 0.000000 0.000000 0.000000 
523727490229651 0.000000 0.000000 0.000000 
523727510797776 0.000000 0.000000 0.000000 
523727531366630 0.000000 0.000000 0.000000 
523727551936213 0.000000 0.000000 0.000000 
523727572505068 0.000000 0.000000 0.000000 
523727593074026 0.000000 0.000000 0.000000 
523727613642932 0.000000 0.000000 0.000000 
523727634211630 0.000000 0.000000 0.000000 
523727654780797 0.000000 0.000000 0.000000 
523727675349234 0.000000 0.000000 0.000000 
523727695918505 0.000000 0.000000 0.000000 
523727716487463 0.000000 0.000000 0.000000 
523727737056057 0.000000 0.000000 0.000000 
523727757625068 0.000000 0.000000 0.000000 
523727778193921 0.000000 0.000000 0.000000 
523727798762412 0.000000 0.000000 0.000000 
523727819331787 0.000000 0.000000 0.000000 
523727839900276 0.000000 0.000000 0.000000 
523727860469286 0.000000 0.000000 0.000000 
523727881038140 0.000000 0.000000 0.000000 
523727901606786 0.000000 0.000000 0.000000 
523727922175641 0.000000 0.000000 0.000000 
523727942744391 0.000000 0.000000 0.000000 
523727963313245 0.000000 0.000000 0.000000 
523727983884182 0.000000 0.000000 0.000000 
523728004453036 0.000000 0.000000 0.000000 
523728025020744 0.000000 0.000000 0.000000 
523728045589599 0.000000 0.000000 0.000000 
523728066158505 0.000000 0.000000 0.000000 
523728086727359 0.000000 0.000000 0.000000 
523728107296109 0.000000 0.000000 0.000000 
523728127864963 0.000000 0.000000 0.000000 
523728148433088 0.000000 0.000000 0.000000 
523728169001943 0.000000 0.000000 0.000000 
523728189570641 0.000000 0.000000 0.000000 
523728210139495 0.000000 0.000000 0.000000 
523728230708505 0.000000 0.000000 0.000000 
523728251277359 0.000000 0.000000 0.000000 
523728271847307 0.000000 0.000000 0.000000 
523728292417828 0.000000 0.000000 0.000000 
523728312984755 0.000000 0.000000 0.000000 
523728333553608 0.000000 0.000000 0.000000 
523728354122307 0.000000 0.000000 0.000000 
523728374691525 0.000000 0.000000 0.000000 
523728395260328 0.000000 0.000000 0.000000 
523728415831109 0.000000 0.000000 0.000000 
523728436399182 0.000000 0.000000 0.000000 
523728456968973 0.000000 0.000000 0.000000 
523728477535588 0.000000 0.000000 0.000000 
523728498105172 0.000000 0.000000 0.000000 
523728518673140 0.000000 0.000000 0.000000 
523728539242046 0.000000 0.000000 0.000000 
523728559810224 0.000000 0.000000 0.000000 
523728580379286 0.000000 0.000000 0.000000 
523728600948139 0.000000 0.000000 0.000000 
523728621517098 0.000000 0.000000 0.000000 
523728642085952 0.000000 0.000000 0.000000 
523728662654703 0.000000 0.000000 0.000000 
523728683223609 0.000000 0.000000 0.000000 
523728703792410 0.000000 0.000000 0.000000 
523728724361265 0.000000 0.000000 0.000000 
523728744931317 0.000000 0.000000 0.000000 
523728765500171 0.000000 0.000000 0.000000 
523728786068036 0.000000 0.000000 0.000000 
523728806636942 0.000000 0.000000 0.000000 
523728827205588 0.000000 0.000000 0.000000 
523728847774494 0.000000 0.000000 0.000000 
523728868343452 0.000000 0.000000 0.000000 
523728888912358 0.000000 0.000000 0.000000 
523728909482931 0.000000 0.000000 0.000000 
523728930051838 0.000000 0.000000 0.000000 
523728950621109 0.000000 0.000000 0.000000 
523728971190015 0.000000 0.000000 0.000000 
523728991757046 0.000000 0.000000 0.000000 
523729012325900 0.000000 0.000000 0.000000 
523729032894390 0.000000 0.000000 0.000000 
523729053463453 0.000000 0.000000 0.000000 
523729074032255 0.000000 0.000000 0.000000 
523729094601786 0.000000 0.000000 0.000000 
523729115170068 0.000000 0.000000 0.000000 
523729135738921 0.000000 0.000000 0.000000 
523729156307723 0.000000 0.000000 0.000000 
523729176876942 0.000000 0.000000 0.000000 
523729197445796 0.000000 0.000000 0.000000 
523729218014598 0.000000 0.000000 0.000000 
523729238583400 0.000000 0.000000 0.000000 
523729259153036 0.000000 0.000000 0.000000 
523729279721264 0.000000 0.000000 0.000000 
523729300290692 0.000000 0.000000 0.000000 
523729320858973 0.000000 0.000000 0.000000 
523729341427567 0.000000 0.000000 0.000000 
523729361996473 0.000000 0.000000 0.000000 
523729382565484 0.000000 0.000000 0.000000 
523729403134391 0.000000 0.000000 0.000000 
523729423703505 0.000000 0.000000 0.000000 
523729444272359 0.000000 0.000000 0.000000 
523729464842046 0.000000 0.000000 0.000000 
523729485410953 0.000000 0.000000 0.000000 
523729505979703 0.000000 0.000000 0.000000 
523729526548557 0.000000 0.000000 0.000000 
523729547116577 0.000000 0.000000 0.000000 
523729567685483 0.000000 0.000000 0.000000 
523729588256369 0.000000 0.000000 0.000000 
523729608825223 0.000000 0.000000 0.000000 
523729629392879 0.000000 0.000000 0.000000 
523729649961785 0.000000 0.000000 0.000000 
523729670530536 0.000000 0.000000 0.000000 
523729691099442 0.000000 0.000000 0.000000 
523729711667775 0.000000 0.000000 0.000000 
523729732236890 0.000000 0.000000 0.000000 
523729752805952 0.000000 0.000000 0.000000 
523729773374859 0.000000 0.000000 0.000000 
523729793943504 0.000000 0.000000 0.000000 
523729814512619 0.000000 0.000000 0.000000 
523729835081368 0.000000 0.000000 0.000000 
523729855650536 0.000000 0.000000 0.000000 
523729876224285 0.000000 0.000000 0.000000 
523729896790170 0.000000 0.000000 0.000000 
523729917357671 0.000000 0.000000 0.000000 
523729937926317 0.000000 0.000000 0.000000 
523729958496369 0.000000 0.000000 0.000000 
523729979065014 0.000000 0.000000 0.000000 
523729999633764 0.000000 0.000000 0.000000 
523730020202462 0.000000 0.000000 0.000000 
523730040771108 0.000000 0.000000 0.000000 
523730061340119 0.000000 0.000000 0.000000 
523730081909025 0.000000 0.000000 0.000000 
523730102479234 0.000000 0.000000 0.000000 
523730123048140 0.000000 0.000000 0.000000 
523730143620066 0.000000 0.000000 0.000000 
523730164188972 0.000000 0.000000 0.000000 
523730184753713 0.000000 0.000000 0.000000 
523730205322619 0.000000 0.000000 0.000000 
523730225891525 0.000000 0.000000 0.000000 
523730246460431 0.000000 0.000000 0.000000 
523730267028556 0.000000 0.000000 0.000000 
523730287597462 0.000000 0.000000 0.000000 
523730308166629 0.000000 0.000000 0.000000 
523730328735535 0.000000 0.000000 0.000000 
523730349304077 0.000000 0.000000 0.000000 
523730369872983 0.000000 0.000000 0.000000 
523730390442670 0.000000 0.000000 0.000000 
523730411011576 0.000000 0.000000 0.000000 
523730431579963 0.000000 0.000000 0.000000 
523730452149962 0.000000 0.000000 0.000000 
523730472719025 0.000000 0.000000 0.000000 
523730493286890 0.000000 0.000000 0.000000 
523730513857046 0.000000 0.000000 0.000000 
523730534425900 0.000000 0.000000 0.000000 
523730554994753 0.000000 0.000000 0.000000 
523730575563713 0.000000 0.000000 0.000000 
523730596132618 0.000000 0.000000 0.000000 
523730616700692 0.000000 0.000000 0.000000 
523730637269805 0.000000 0.000000 0.000000 
523730657839337 0.000000 0.000000 0.000000 
523730678405900 0.000000 0.000000 0.000000 
523730698977982 0.000000 0.000000 0.000000 
523730719544962 0.000000 0.000000 0.000000 
523730740113609 0.000000 0.000000 0.000000 
523730760682931 0.000000 0.000000 0.000000 
523730781251576 0.000000 0.000000 0.000000 
523730801820482 0.000000 0.000000 0.000000 
523730822390067 0.000000 0.000000 0.000000 
523730842959025 0.000000 0.000000 0.000000 
523730863527410 0.000000 0.000000 0.000000 
523730884096316 0.000000 0.000000 0.000000 
523730904666837 0.000000 0.000000 0.000000 
523730925235743 0.000000 0.000000 0.000000 
523730945804598 0.000000 0.000000 0.000000 
523730966373504 0.000000 0.000000 0.000000 
523730986941525 0.000000 0.000000 0.000000 
523731007510431 0.000000 0.000000 0.000000 
523731028079962 0.000000 0.000000 0.000000 
523731048648869 0.000000 0.000000 0.000000 
523731069217306 0.000000 0.000000 0.000000 
523731089786212 0.000000 0.000000 0.000000 
523731110355430 0.000000 0.000000 0.000000 
523731130924546 0.000000 0.000000 0.000000 
523731151493139 0.000000 0.000000 0.000000 
523731172061368 0.000000 0.000000 0.000000 
523731192629805 0.000000 0.000000 0.000000 
523731213198817 0.000000 0.000000 0.000000 
523731233767462 0.000000 0.000000 0.000000 
523731254336733 0.000000 0.000000 0.000000 
523731274905743 0.000000 0.000000 0.000000 
523731295474702 0.000000 0.000000 0.000000 
523731316043451 0.000000 0.000000 0.000000 
523731336612618 0.000000 0.000000 0.000000 
523731357181317 0.000000 0.000000 0.000000 
523731377750691 0.000000 0.000000 0.000000 
523731398319701 0.000000 0.000000 0.000000 
523731418889388 0.000000 0.000000 0.000000 
523731439458087 0.000000 0.000000 0.000000 
523731460026785 0.000000 0.000000 0.000000 
523731480595795 0.000000 0.000000 0.000000 
523731501163555 0.000000 0.000000 0.000000 
523731521732462 0.000000 0.000000 0.000000 
523731542300743 0.000000 0.000000 0.000000 
523731562869649 0.000000 0.000000 0.000000 
523731583438712 0.000000 0.000000 0.000000 
523731604007619 0.000000 0.000000 0.000000 
523731624577149 0.000000 0.000000 0.000000 
523731645146055 0.000000 0.000000 0.000000 
523731665714232 0.000000 0.000000 0.000000 
523731686283139 0.000000 0.000000 0.000000 
523731706852618 0.000000 0.000000 0.000000 
523731727421524 0.000000 0.000000 0.000000 
523731747989909 0.000000 0.000000 0.000000 
523731768558816 0.000000 0.000000 0.000000 
523731789127826 0.000000 0.000000 0.000000 
523731809696732 0.000000 0.000000 0.000000 
523731830265536 0.000000 0.000000 0.000000 
523731850834442 0.000000 0.000000 0.000000 
523731871403347 0.000000 0.000000 0.000000 
523731891974128 0.000000 0.000000 0.000000 
523731912542983 0.000000 0.000000 0.000000 
523731933112358 0.000000 0.000000 0.000000 
523731953680847 0.000000 0.000000 0.000000 
523731974248399 0.000000 0.000000 0.000000 
523731994816993 0.000000 0.000000 0.000000 
523732015385900 0.000000 0.000000 0.000000 
523732035954753 0.000000 0.000000 0.000000 
523732056524285 0.000000 0.000000 0.000000 
523732077092774 0.000000 0.000000 0.000000 
523732097661785 0.000000 0.000000 0.000000 
523732118230535 0.000000 0.000000 0.000000 
523732138799544 0.000000 0.000000 0.000000 
523732159368296 0.000000 0.000000 0.000000 
523732179937410 0.000000 0.000000 0.000000 
523732200506211 0.000000 0.000000 0.000000 
523732221074961 0.000000 0.000000 0.000000 
523732241643868 0.000000 0.000000 0.000000 
523732262212774 0.000000 0.000000 0.000000 
523732282781680 0.000000 0.000000 0.000000 
523732303350846 0.000000 0.000000 0.000000 
523732323919753 0.000000 0.000000 0.000000 
523732344488347 0.000000 0.000000 0.000000 
523732365057253 0.000000 0.000000 0.000000 
523732385626159 0.000000 0.000000 0.000000 
523732406195118 0.000000 0.000000 0.000000 
523732426766264 0.000000 0.000000 0.000000 
523732447335222 0.000000 0.000000 0.000000 
523732467902671 0.000000 0.000000 0.000000 
523732488471577 0.000000 0.000000 0.000000 
523732509040066 0.000000 0.000000 0.000000 
523732529608972 0.000000 0.000000 0.000000 
523732550177305 0.000000 0.000000 0.000000 
523732570746211 0.000000 0.000000 0.000000 
523732591315274 0.000000 0.000000 0.000000 
523732611884232 0.000000 0.000000 0.000000 
523732632453087 0.000000 0.000000 0.000000 
523732653022201 0.000000 0.000000 0.000000 
523732673591003 0.000000 0.000000 0.000000 
523732694161732 0.000000 0.000000 0.000000 
523732714729129 0.000000 0.000000 0.000000 
523732735298764 0.000000 0.000000 0.000000 
523732755867462 0.000000 0.000000 0.000000 
523732776435743 0.000000 0.000000 0.000000 
523732797006004 0.000000 0.000000 0.000000 
523732817573607 0.000000 0.000000 0.000000 
523732838142201 0.000000 0.000000 0.000000 
523732858711888 0.000000 0.000000 0.000000 
523732879280170 0.000000 0.000000 0.000000 
523732899851680 0.000000 0.000000 0.000000 
523732920419753 0.000000 0.000000 0.000000 
523732940986940 0.000000 0.000000 0.000000 
523732961556628 0.000000 0.000000 0.000000 
523732982125014 0.000000 0.000000 0.000000 
523733002693972 0.000000 0.000000 0.000000 
523733023262305 0.000000 0.000000 0.000000 
523733043831212 0.000000 0.000000 0.000000 
523733064400170 0.000000 0.000000 0.000000 
523733084969076 0.000000 0.000000 0.000000 
523733105537929 0.000000 0.000000 0.000000 
523733126106836 0.000000 0.000000 0.000000 
523733146675846 0.000000 0.000000 0.000000 
523733167244752 0.000000 0.000000 0.000000 
523733187813555 0.000000 0.000000 0.000000 
523733208382462 0.000000 0.000000 0.000000 
523733228951784 0.000000 0.000000 0.000000 
523733249520690 0.000000 0.000000 0.000000 
523733270089127 0.000000 0.000000 0.000000 
523733290658034 0.000000 0.000000 0.000000 
523733311227045 0.000000 0.000000 0.000000 
523733331796107 0.000000 0.000000 0.000000 
523733352364805 0.000000 0.000000 0.000000 
523733372936472 0.000000 0.000000 0.000000 
523733393504441 0.000000 0.000000 0.000000 
523733414073763 0.000000 0.000000 0.000000 
523733434642564 0.000000 0.000000 0.000000 
523733455210638 0.000000 0.000000 0.000000 
523733475779597 0.000000 0.000000 0.000000 
523733496348347 0.000000 0.000000 0.000000 
523733516917982 0.000000 0.000000 0.000000 
523733537485170 0.000000 0.000000 0.000000 
523733558053972 0.000000 0.000000 0.000000 
523733578623711 0.000000 0.000000 0.000000 
523733599191836 0.000000 0.000000 0.000000 
523733619761160 0.000000 0.000000 0.000000 
523733640329596 0.000000 0.000000 0.000000 
523733660898763 0.000000 0.000000 0.000000 
523733681467304 0.000000 0.000000 0.000000 
523733702036211 0.000000 0.000000 0.000000 
523733722605117 0.000000 0.000000 0.000000 
523733743174909 0.000000 0.000000 0.000000 
523733763743815 0.000000 0.000000 0.000000 
523733784312930 0.000000 0.000000 0.000000 
523733804881836 0.000000 0.000000 0.000000 
523733825450586 0.000000 0.000000 0.000000 
523733846019492 0.000000 0.000000 0.000000 
523733866587930 0.000000 0.000000 0.000000 
523733887156836 0.000000 0.000000 0.000000 
523733907726940 0.000000 0.000000 0.000000 
523733928295846 0.000000 0.000000 0.000000 
523733948865691 0.000000 0.000000 0.000000 
523733969434597 0.000000 0.000000 0.000000 
523733990002669 0.000000 0.000000 0.000000 
523734010571575 0.000000 0.000000 0.000000 
523734031138763 0.000000 0.000000 0.000000 
523734051707878 0.000000 0.000000 0.000000 
523734072276732 0.000000 0.000000 0.000000 
523734092845534 0.000000 0.000000 0.000000 
523734113414492 0.000000 0.000000 0.000000 
523734133984493 0.000000 0.000000 0.000000 
523734154554283 0.000000 0.000000 0.000000 
523734175123242 0.000000 0.000000 0.000000 
523734195691628 0.000000 0.000000 0.000000 
523734216260377 0.000000 0.000000 0.000000 
523734236829336 0.000000 0.000000 0.000000 
523734257397356 0.000000 0.000000 0.000000 
523734277966212 0.000000 0.000000 0.000000 
523734298534753 0.000000 0.000000 0.000000 
523734319103606 0.000000 0.000000 0.000000 
523734339672616 0.000000 0.000000 0.000000 
523734360241212 0.000000 0.000000 0.000000 
523734380810325 0.000000 0.000000 0.000000 
523734401379336 0.000000 0.000000 0.000000 
523734421952200 0.000000 0.000000 0.000000 
523734442521055 0.000000 0.000000 0.000000 
523734463086888 0.000000 0.000000 0.000000 
523734483655794 0.000000 0.000000 0.000000 
523734504223606 0.000000 0.000000 0.000000 
523734524792513 0.000000 0.000000 0.000000 
523734545361731 0.000000 0.000000 0.000000 
523734565930637 0.000000 0.000000 0.000000 
523734586499440 0.000000 0.000000 0.000000 
523734607068347 0.000000 0.000000 0.000000 
523734627637097 0.000000 0.000000 0.000000 
523734648206003 0.000000 0.000000 0.000000 
523734668774960 0.000000 0.000000 0.000000 
523734689343867 0.000000 0.000000 0.000000 
523734709913399 0.000000 0.000000 0.000000 
523734730482305 0.000000 0.000000 0.000000 
523734751050950 0.000000 0.000000 0.000000 
523734771620429 0.000000 0.000000 0.000000 
523734792190013 0.000000 0.000000 0.000000 
523734812757878 0.000000 0.000000 0.000000 
523734833326731 0.000000 0.000000 0.000000 
523734853896783 0.000000 0.000000 0.000000 
523734874466003 0.000000 0.000000 0.000000 
523734895036158 0.000000 0.000000 0.000000 
523734915602773 0.000000 0.000000 0.000000 
523734936171106 0.000000 0.000000 0.000000 
523734956741315 0.000000 0.000000 0.000000 
523734977309335 0.000000 0.000000 0.000000 
523734997877877 0.000000 0.000000 0.000000 
523735018447043 0.000000 0.000000 0.000000 
523735039015586 0.000000 0.000000 0.000000 
523735059584648 0.000000 0.000000 0.000000 
523735080153450 0.000000 0.000000 0.000000 
