# Created at Thu Nov 07 18:48:03 EST 2019 in Burnaby Canada 
523727207408609 9.053722 -0.578464 -3.723690 
523727227976786 9.053044 -0.578465 -3.725340 
523727248545693 9.051547 -0.577298 -3.729156 
523727269114444 9.049642 -0.578730 -3.733555 
523727289683297 9.048612 -0.584254 -3.735190 
523727310252099 9.046275 -0.588334 -3.740208 
523727330821422 9.042398 -0.591092 -3.749138 
523727351389807 9.038773 -0.591240 -3.757848 
523727371959078 9.035143 -0.588422 -3.767006 
523727392527568 9.028664 -0.587789 -3.782611 
523727413096578 9.022697 -0.586857 -3.796962 
523727433665381 9.022750 -0.584139 -3.797257 
523727454234077 9.022954 -0.581899 -3.797116 
523727474802984 9.021949 -0.579144 -3.799923 
523727495372150 9.022045 -0.578218 -3.799834 
523727515939964 9.024108 -0.579208 -3.794783 
523727536509547 9.026649 -0.578242 -3.788883 
523727557078401 9.029564 -0.576907 -3.782136 
523727577647255 9.032608 -0.575613 -3.775057 
523727598216213 9.034606 -0.576986 -3.770061 
523727618785120 9.036365 -0.577309 -3.765796 
523727639353818 9.037827 -0.576813 -3.762361 
523727659922985 9.038135 -0.577297 -3.761547 
523727680491421 9.038049 -0.578143 -3.761623 
523727701060692 9.037408 -0.578216 -3.763151 
523727721629650 9.036353 -0.577477 -3.765798 
523727742198245 9.035698 -0.576993 -3.767444 
523727762767256 9.034680 -0.578311 -3.769681 
523727783336109 9.033921 -0.579327 -3.771344 
523727803904599 9.033360 -0.579715 -3.772628 
523727824473974 9.032428 -0.580275 -3.774776 
523727845042463 9.032039 -0.578867 -3.775923 
523727865611474 9.031304 -0.577877 -3.777827 
523727886180172 9.031548 -0.574985 -3.777689 
523727906748974 9.032226 -0.571242 -3.776634 
523727927318141 9.033713 -0.568256 -3.773524 
523727947886630 9.035896 -0.566344 -3.768584 
523727968457776 9.038606 -0.566846 -3.762003 
523727989026422 9.040524 -0.563624 -3.757876 
523728009594026 9.041344 -0.563791 -3.755879 
523728030162932 9.041324 -0.567988 -3.755295 
523728050731890 9.040235 -0.566653 -3.758118 
523728071300692 9.039010 -0.569049 -3.760700 
523728091869546 9.040137 -0.570081 -3.757834 
523728112438297 9.040587 -0.569735 -3.756804 
523728133006526 9.040391 -0.570334 -3.757185 
523728153575276 9.040203 -0.572286 -3.757340 
523728174144650 9.039526 -0.575770 -3.758436 
523728194712828 9.039037 -0.576985 -3.759428 
523728215282360 9.039424 -0.575193 -3.758770 
523728235850693 9.041512 -0.572210 -3.754204 
523728256420484 9.043894 -0.568998 -3.748948 
523728276989494 9.046247 -0.563616 -3.744079 
523728297560015 9.049189 -0.557782 -3.737842 
523728318126942 9.053045 -0.552316 -3.729305 
523728338695796 9.056902 -0.547052 -3.720706 
523728359264495 9.063905 -0.483761 -3.712410 
523728379833974 9.168905 -0.454590 -3.448897 
523728400402515 9.135074 -0.497999 -3.531687 
523728420973296 9.107521 -0.517461 -3.599399 
523728441541369 9.117608 -0.525811 -3.572554 
523728462111161 9.098779 -0.539821 -3.618176 
523728482677776 9.102742 -0.515565 -3.611739 
523728503247359 9.104617 -0.518839 -3.606543 
523728523815327 9.113752 -0.526904 -3.582214 
523728544384233 9.125315 -0.539028 -3.550838 
523728564952412 9.134987 -0.546774 -3.524690 
523728585523193 9.151742 -0.536451 -3.482559 
523728606090379 9.179296 -0.522688 -3.411410 
523728626659285 9.197590 -0.513359 -3.363210 
523728647228140 9.204952 -0.518264 -3.342251 
523728667796943 9.231609 -0.501199 -3.270563 
523728688366161 9.249829 -0.488286 -3.220656 
523728708934598 9.260660 -0.478873 -3.190806 
523728729505223 9.269571 -0.460092 -3.167609 
523728750073504 9.273425 -0.433412 -3.160082 
523728770641786 9.281408 -0.402173 -3.140717 
523728791210276 9.271682 -0.391210 -3.170688 
523728811779859 9.259439 -0.356509 -3.210310 
523728832347827 9.252152 -0.304755 -3.236541 
523728852917410 9.243526 -0.241060 -3.266423 
523728873485640 9.237709 -0.165529 -3.287509 
523728894056890 9.222899 -0.128160 -3.330481 
523728914625119 9.158973 -0.142606 -3.501897 
523728935194598 9.132519 -0.136309 -3.570563 
523728955763296 9.116123 -0.079610 -3.613911 
523728976330900 9.122643 -0.038894 -3.598090 
523728996899234 9.095059 -0.030737 -3.667337 
523729017468087 9.086865 0.020199 -3.687663 
523729038036577 9.073556 0.107766 -3.718784 
523729058605640 9.041403 0.110244 -3.796218 
523729079174443 9.014798 0.089318 -3.859512 
523729099743974 8.981951 0.125162 -3.934372 
523729120312255 8.956944 0.173527 -3.989164 
523729140881108 8.948604 0.163570 -4.008255 
523729161449963 8.976180 0.135689 -3.947170 
523729182019130 9.013815 0.117850 -3.861041 
523729202587984 9.037620 0.104229 -3.805384 
523729223156785 9.040342 0.093295 -3.799198 
523729243725587 9.039609 0.084426 -3.801150 
523729264295276 9.058524 0.085042 -3.755837 
523729284863452 9.091613 0.066721 -3.675391 
523729305432879 9.139051 0.042480 -3.556164 
523729326001056 9.175908 0.025805 -3.460119 
523729346569754 9.205913 0.025686 -3.379483 
523729367139129 9.224213 0.021140 -3.329242 
523729387707724 9.220039 -0.008443 -3.340835 
523729408277359 9.212054 -0.034204 -3.362629 
523729428845692 9.205981 -0.036823 -3.379194 
523729449416004 9.216308 -0.032606 -3.350972 
523729469984234 9.230731 -0.063186 -3.310589 
523729490552514 9.222108 -0.092298 -3.333854 
523729511121890 9.194372 -0.101003 -3.409357 
523729531691108 9.203060 -0.102000 -3.385804 
523729552258817 9.220640 -0.152193 -3.335718 
523729572830171 9.267056 -0.243897 -3.198840 
523729593398556 9.282831 -0.333668 -3.144536 
523729613967306 9.303762 -0.397178 -3.074516 
523729634535119 9.320390 -0.493481 -3.009519 
523729655104910 9.305300 -0.645057 -3.027486 
523729675672723 9.330620 -0.762208 -2.920438 
523729696241473 9.355490 -0.817684 -2.824286 
523729716810015 9.382888 -0.884933 -2.710847 
523729737379130 9.421706 -0.907824 -2.564704 
523729757948139 9.454609 -0.907149 -2.440867 
523729778517046 9.484282 -0.871655 -2.336449 
523729799085692 9.498691 -0.824570 -2.294635 
523729819654807 9.489639 -0.781499 -2.346573 
523729840223608 9.459169 -0.743055 -2.478381 
523729860792775 9.423147 -0.703891 -2.622826 
523729881366525 9.408048 -0.618995 -2.697381 
523729901932410 9.416192 -0.533873 -2.687135 
523729922499859 9.420613 -0.506490 -2.676920 
523729943068660 9.433728 -0.500850 -2.631407 
523729963638556 9.458345 -0.485705 -2.544441 
523729984207202 9.463635 -0.452424 -2.530868 
523730004775952 9.476320 -0.455901 -2.482318 
523730025344649 9.510480 -0.473795 -2.344500 
523730045913139 9.536226 -0.500015 -2.231761 
523730066482307 9.543712 -0.519606 -2.194982 
523730087052514 9.540398 -0.531824 -2.206437 
523730107621421 9.543601 -0.533971 -2.192020 
523730128189493 9.547981 -0.535430 -2.172501 
523730148762254 9.540261 -0.530573 -2.207326 
523730169328400 9.530572 -0.501480 -2.255457 
523730189895900 9.530198 -0.459754 -2.265908 
523730210465223 9.538094 -0.440574 -2.236303 
523730231033713 9.535298 -0.415157 -2.253026 
523730251602514 9.527924 -0.342997 -2.295956 
523730272170743 9.512190 -0.250376 -2.371906 
523730292740535 9.501447 -0.185225 -2.420450 
523730313308869 9.493114 -0.168231 -2.454159 
523730333878088 9.474286 -0.190171 -2.524307 
523730354446316 9.445146 -0.216983 -2.629167 
523730375016109 9.411905 -0.243915 -2.743525 
523730395584910 9.383930 -0.284682 -2.833937 
523730416154597 9.368864 -0.329800 -2.878541 
523730436722202 9.361884 -0.349543 -2.898850 
523730457292202 9.360379 -0.375311 -2.900487 
523730477861265 9.369448 -0.451382 -2.860085 
523730498429025 9.411454 -0.562183 -2.697941 
523730518999233 9.440176 -0.740264 -2.550583 
523730539568088 9.458948 -0.800238 -2.461362 
523730560136941 9.482608 -0.803364 -2.367517 
523730580705952 9.491710 -0.796249 -2.333196 
523730601274857 9.488068 -0.733850 -2.368213 
523730621842932 9.456497 -0.652084 -2.513931 
523730642412045 9.415035 -0.642793 -2.667266 
523730662981524 9.402762 -0.634554 -2.712158 
523730683548087 9.379944 -0.594105 -2.798944 
523730704120170 9.360244 -0.530918 -2.876518 
523730724687150 9.352068 -0.487579 -2.910580 
523730745255848 9.343262 -0.456371 -2.943735 
523730765825170 9.318601 -0.428440 -3.024981 
523730786393816 9.276193 -0.372942 -3.159677 
523730806963191 9.172297 -0.250944 -3.460691 
523730827532306 9.104989 -0.145148 -3.639847 
523730848101159 9.096363 -0.207561 -3.658346 
523730868669598 9.058545 -0.307662 -3.744129 
523730889241369 9.002293 -0.428445 -3.865949 
523730909809076 8.966116 -0.539139 -3.935540 
523730930378296 8.932133 -0.597893 -4.003737 
523730950946838 8.928813 -0.652760 -4.002575 
523730971515587 8.945810 -0.722821 -3.952262 
523730992083712 8.959315 -0.788777 -3.908822 
523731012653244 8.971622 -0.837092 -3.870354 
523731033222150 8.959920 -0.892473 -3.885063 
523731053790952 8.908981 -1.010282 -3.972376 
523731074359545 8.865995 -1.234126 -4.005177 
523731094931213 8.815272 -1.432621 -4.050798 
523731115497618 8.770334 -1.617493 -4.078646 
523731136066733 8.739786 -1.801075 -4.067267 
523731156635326 8.727877 -2.009096 -3.994757 
523731177203608 8.712447 -2.227587 -3.911715 
523731197772045 8.664507 -2.403023 -3.914358 
523731218341056 8.609704 -2.416877 -4.025182 
523731238909649 8.531895 -2.353508 -4.223526 
523731259478921 8.447856 -2.286993 -4.424226 
523731280047983 8.393310 -2.214102 -4.562946 
523731300616941 8.398820 -2.160010 -4.578709 
523731321185691 8.458411 -2.151725 -4.471663 
523731341754858 8.463007 -2.213503 -4.432639 
523731362323504 8.410424 -2.279411 -4.498826 
523731382892878 8.361290 -2.268159 -4.595069 
523731403461941 8.344160 -2.196523 -4.660544 
523731424031420 8.355220 -2.103235 -4.683704 
523731444600326 8.359608 -2.018044 -4.713264 
523731465169024 8.351622 -1.940244 -4.759858 
523731485737983 8.339705 -1.866232 -4.810083 
523731506305743 8.325251 -1.793756 -4.862410 
523731526874180 8.310456 -1.739205 -4.907328 
523731547442982 8.296945 -1.723265 -4.935732 
523731568011993 8.257109 -1.745737 -4.994292 
523731588580952 8.177521 -1.789945 -5.108290 
523731609150587 8.112307 -1.881724 -5.178801 
523731629719336 8.051510 -2.002915 -5.227993 
523731650287514 7.935252 -2.076516 -5.374965 
523731670856420 7.784200 -2.188367 -5.548662 
523731691425586 7.694347 -2.362710 -5.602233 
523731711994858 7.641196 -2.595714 -5.571784 
523731732563608 7.575617 -2.894561 -5.513795 
523731753132149 7.532113 -3.172604 -5.419616 
523731773701680 7.551677 -3.328642 -5.297425 
523731794270014 7.597574 -3.391575 -5.190807 
523731814839181 7.636263 -3.450070 -5.094593 
523731835407723 7.630781 -3.557626 -5.028407 
523731855977305 7.616346 -3.688552 -4.955426 
523731876545587 7.627038 -3.783782 -4.866382 
523731897116368 7.645547 -3.837609 -4.794659 
523731917685222 7.673678 -3.903378 -4.695603 
523731938254597 7.716361 -3.989284 -4.551241 
523731958823035 7.767827 -4.076301 -4.383495 
523731979390587 7.813337 -4.154082 -4.226789 
523731999959180 7.857146 -4.222095 -4.075482 
523732020528087 7.882051 -4.293743 -3.950624 
523732041096993 7.897691 -4.350646 -3.856003 
523732061666525 7.937974 -4.336283 -3.788878 
523732082235013 7.993771 -4.266630 -3.750450 
523732102804024 8.053581 -4.206259 -3.690205 
523732123372775 8.088184 -4.198328 -3.622943 
523732143941784 8.147448 -4.287897 -3.376898 
523732164510483 8.196414 -4.369144 -3.146388 
523732185079597 8.224780 -4.388251 -3.044113 
523732205648399 8.292411 -4.373373 -2.877485 
523732226217149 8.398959 -4.316148 -2.645515 
523732246786212 8.501720 -4.228730 -2.451320 
523732267354961 8.569278 -4.178806 -2.296834 
523732287924128 8.613749 -4.141442 -2.195948 
523732308493086 8.674975 -4.070980 -2.083820 
523732329061784 8.737680 -4.030438 -1.891800 
523732349630587 8.791602 -4.025799 -1.634339 
523732370199545 8.867697 -3.960472 -1.359781 
523732390768399 8.951268 -3.823793 -1.193225 
523732411341784 9.005956 -3.715160 -1.122821 
523732431908504 9.020411 -3.693433 -1.077554 
523732452476472 9.016447 -3.706341 -1.066357 
523732473044858 8.997457 -3.718961 -1.177074 
523732493613659 8.996793 -3.694560 -1.256324 
523732514182254 9.011903 -3.665670 -1.232418 
523732534751056 9.017476 -3.651307 -1.234294 
523732555319492 9.013494 -3.634754 -1.309916 
523732575888763 8.998185 -3.625418 -1.435058 
523732596457514 8.981285 -3.617275 -1.556352 
523732617026472 8.963206 -3.615699 -1.660733 
523732637595326 8.927754 -3.633554 -1.806342 
523732658164440 8.868788 -3.676322 -1.999909 
523732678733243 8.777010 -3.778491 -2.203973 
523732699303972 8.648962 -4.063483 -2.203164 
523732719871368 8.544344 -4.285010 -2.191635 
523732740441003 8.522049 -4.348860 -2.152321 
523732761009702 8.566984 -4.337162 -1.991534 
523732781577983 8.658448 -4.224354 -1.832073 
523732802148243 8.781231 -4.001601 -1.745725 
523732822715846 8.926737 -3.706923 -1.656044 
523732843284441 9.098522 -3.347249 -1.477565 
523732863854128 9.295345 -2.888143 -1.193972 
523732884422409 9.495287 -2.301474 -0.844475 
523732904993919 9.668871 -1.568952 -0.470863 
523732925561993 9.782253 -0.684059 -0.099892 
523732946129180 9.792705 0.363871 0.375412 
523732966698346 9.621440 1.594343 1.027782 
523732987267253 9.175922 2.934301 1.833767 
523733007835587 8.414796 4.199816 2.779054 
523733028404493 7.479381 5.061798 3.821971 
523733048973554 6.585546 5.356678 4.909885 
523733069542357 5.859446 5.197852 5.900815 
523733090111941 5.355677 4.856112 6.626107 
523733110680117 5.035806 4.494204 7.114293 
523733131249336 4.783333 4.136604 7.495240 
523733151818033 4.532783 3.770216 7.836436 
523733172387305 4.253003 3.404677 8.154172 
523733192955743 3.879715 3.008063 8.489390 
523733213524961 3.415404 2.587456 8.821025 
523733234093971 2.959208 2.153816 9.098052 
523733254662410 2.603127 1.715014 9.298002 
523733275231315 2.461692 1.301075 9.403068 
523733295800482 2.405959 1.001697 9.454013 
523733316369232 2.345786 0.802687 9.488065 
523733336938347 2.245902 0.646849 9.524070 
523733357506993 2.095281 0.534228 9.565290 
523733378078659 1.947819 0.508565 9.597799 
523733398646628 1.910649 0.605358 9.599653 
523733419215951 1.869896 0.827456 9.591100 
523733439784752 1.776678 1.151603 9.575365 
523733460352825 1.759012 1.561931 9.520328 
523733480921836 2.084249 1.886228 9.395128 
523733501490587 2.292951 2.248998 9.265784 
523733522060170 2.374873 2.609749 9.149839 
523733542627357 2.359751 2.950419 9.049695 
523733563196159 2.222644 3.301014 8.962897 
523733583765899 2.006974 3.723917 8.847308 
523733604334024 1.838260 4.230300 8.654232 
523733624903347 1.715569 4.750089 8.406179 
523733645471783 1.671727 5.234242 8.122710 
523733666040951 1.687196 5.681607 7.813007 
523733686609805 1.776485 6.107115 7.464424 
523733707178450 1.924379 6.552824 7.037590 
523733727748711 2.056674 6.987831 6.565875 
523733748317149 2.107821 7.293171 6.207829 
523733768886263 1.916201 7.198122 6.378527 
523733789455169 1.792440 7.303462 6.294204 
523733810024804 1.781189 7.424448 6.154292 
523733830592826 1.741554 7.549831 6.011442 
523733851161628 1.674039 7.675748 5.869486 
523733871730117 1.514139 7.773561 5.783556 
523733892300273 1.251994 7.788880 5.825481 
523733912869180 0.970558 7.727737 5.959068 
523733933439648 0.675593 7.627233 6.126930 
523733954007878 0.395708 7.456661 6.357045 
523733974575794 0.125686 7.214588 6.641108 
523733995144909 -0.041795 6.936136 6.932437 
523734015712409 -0.015913 6.682880 7.176994 
523734036280950 0.015131 6.474549 7.365486 
523734056850117 -0.034946 6.342661 7.479293 
523734077418920 -0.092513 6.351983 7.470887 
523734097987826 -0.103199 6.395012 7.433946 
523734118556679 -0.044073 6.380972 7.446586 
523734139126680 0.068190 6.312942 7.504166 
523734159696471 0.128963 6.251410 7.554708 
523734180265482 0.061785 6.248456 7.558000 
523734200833815 -0.071531 6.324902 7.494056 
523734221402460 -0.166139 6.442283 7.391873 
523734241971524 -0.173687 6.548185 7.298047 
523734262539544 -0.126793 6.607330 7.245515 
523734283108399 -0.047613 6.625199 7.230135 
523734303676940 0.040480 6.635356 7.220860 
523734324245794 0.088521 6.683775 7.175632 
523734344814804 0.096761 6.774171 7.090249 
523734365383399 0.136571 6.870476 6.996305 
523734385952512 0.187644 6.938619 6.927535 
523734406524805 0.247634 6.966852 6.897249 
523734427094388 0.306223 6.976252 6.885386 
523734447660638 0.343059 6.982985 6.876817 
523734468229127 0.366831 6.991759 6.866667 
523734488797045 0.384002 6.997453 6.859926 
523734509365846 0.384779 7.000468 6.856806 
523734529935013 0.383089 6.999194 6.858201 
523734550503970 0.394835 6.994526 6.862295 
523734571073243 0.415779 6.979125 6.876722 
523734591641680 0.431427 6.952361 6.902822 
523734612211210 0.444700 6.925877 6.928554 
523734632779284 0.462861 6.908496 6.944697 
523734653348138 0.482018 6.900268 6.951571 
523734673917148 0.493982 6.891700 6.959227 
523734694487721 0.498487 6.877261 6.973176 
523734715055586 0.509472 6.859962 6.989401 
523734735624545 0.528363 6.841622 7.005957 
523734756193190 0.542299 6.825866 7.020245 
523734776762669 0.541271 6.818225 7.027746 
523734797332252 0.530598 6.821486 7.025394 
523734817900118 0.515270 6.826155 7.022000 
523734838468971 0.499630 6.819269 7.029819 
523734859039388 0.494951 6.802254 7.046613 
523734879608190 0.485221 6.780033 7.068670 
523734900178345 0.440393 6.787346 7.064585 
523734920744961 0.399134 6.797694 7.057083 
523734941313294 0.439878 6.783298 7.068506 
523734961883554 0.488458 6.770732 7.077357 
523734982451574 0.545122 6.736636 7.105699 
523735003020117 0.621026 6.716558 7.118466 
523735023589283 0.631355 6.713715 7.120240 
523735044157825 0.605898 6.736984 7.100445 
523735064726835 0.615862 6.739506 7.097193 
