# Created at Thu Nov 07 18:48:03 EST 2019 in Burnaby Canada 
523727207408609 -0.006126 -0.005372 0.007798 
523727227976786 -0.006126 -0.005372 0.007798 
523727248545693 -0.006126 -0.005372 0.007798 
523727269114444 -0.006126 -0.005372 0.007798 
523727289683453 -0.006126 -0.005372 0.007798 
523727310252099 -0.006126 -0.005372 0.007798 
523727330821839 -0.006126 -0.005372 0.007798 
523727351389807 -0.006126 -0.005372 0.007798 
523727371959078 -0.006126 -0.005372 0.007798 
523727392527568 -0.006126 -0.005372 0.007798 
523727413096578 -0.006126 -0.005372 0.007798 
523727433665381 -0.006126 -0.005372 0.007798 
523727454234235 -0.006126 -0.005372 0.007798 
523727474802984 -0.006126 -0.005372 0.007798 
523727495371786 -0.006126 -0.005372 0.007798 
523727515939964 -0.006126 -0.005372 0.007798 
523727536509494 -0.006126 -0.005372 0.007798 
523727557078401 -0.006126 -0.005372 0.007798 
523727577647255 -0.006126 -0.005372 0.007798 
523727598216213 -0.006126 -0.005372 0.007798 
523727618785120 -0.006126 -0.005372 0.007798 
523727639353818 -0.006126 -0.005372 0.007798 
523727659922985 -0.006126 -0.005372 0.007798 
523727680491421 -0.006126 -0.005372 0.007798 
523727701060692 -0.006126 -0.005372 0.007798 
523727721629650 -0.006126 -0.005372 0.007798 
523727742198245 -0.006126 -0.005372 0.007798 
523727762767256 -0.006126 -0.005372 0.007798 
523727783336109 -0.006126 -0.005372 0.007798 
523727803904599 -0.006126 -0.005372 0.007798 
523727824473974 -0.006126 -0.005372 0.007798 
523727845042463 -0.006126 -0.005372 0.007798 
523727865611474 -0.006126 -0.005372 0.007798 
523727886180328 -0.006126 -0.005372 0.007798 
523727906748974 -0.006126 -0.005372 0.007798 
523727927318141 -0.006126 -0.005372 0.007798 
523727947886630 -0.006126 -0.005372 0.007798 
523727968457776 -0.006126 -0.005372 0.007798 
523727989026422 -0.006126 -0.005372 0.007798 
523728009594026 -0.006126 -0.005372 0.007798 
523728030162932 -0.006126 -0.005372 0.007798 
523728050732464 -0.006126 -0.005372 0.007798 
523728071300692 -0.006126 -0.005372 0.007798 
523728091869546 -0.006126 -0.005372 0.007798 
523728112438297 -0.006126 -0.005372 0.007798 
523728133006839 -0.006126 -0.005372 0.007798 
523728153575276 -0.006126 -0.005372 0.007798 
523728174144650 -0.006126 -0.005372 0.007798 
523728194712828 -0.006126 -0.005372 0.007798 
523728215282360 -0.006126 -0.005372 0.007798 
523728235850693 -0.006126 -0.005372 0.007798 
523728256420484 -0.006126 -0.005372 0.007798 
523728276989494 -0.006126 -0.005372 0.007798 
523728297560015 -0.006126 -0.005372 0.007798 
523728318126942 -0.006126 -0.005372 0.007798 
523728338695796 -0.006126 -0.005372 0.007798 
523728359264495 -0.006126 -0.005372 0.007798 
523728379833974 -0.006126 -0.005372 0.007798 
523728400402515 -0.006126 -0.005372 0.007798 
523728420973296 -0.006126 -0.005372 0.007798 
523728441541369 -0.006126 -0.005372 0.007798 
523728462111161 -0.006126 -0.005372 0.007798 
523728482677776 -0.006126 -0.005372 0.007798 
523728503247359 -0.006126 -0.005372 0.007798 
523728523815327 -0.006126 -0.005372 0.007798 
523728544384233 -0.006126 -0.005372 0.007798 
523728564952412 -0.006126 -0.005372 0.007798 
523728585523193 -0.006126 -0.005372 0.007798 
523728606090379 -0.006126 -0.005372 0.007798 
523728626659285 -0.006126 -0.005372 0.007798 
523728647228035 -0.006126 -0.005372 0.007798 
523728667796943 -0.006126 -0.005372 0.007798 
523728688366005 -0.006126 -0.005372 0.007798 
523728708934598 -0.006126 -0.005372 0.007798 
523728729505223 -0.006126 -0.005372 0.007798 
523728750073504 -0.006126 -0.005372 0.007798 
523728770641786 -0.006126 -0.005372 0.007798 
523728791210276 -0.006126 -0.005372 0.007798 
523728811779859 -0.006126 -0.005372 0.007798 
523728832347827 -0.006126 -0.005372 0.007798 
523728852917410 -0.006126 -0.005372 0.007798 
523728873485640 -0.006126 -0.005372 0.007798 
523728894056890 -0.006126 -0.005372 0.007798 
523728914625119 -0.006126 -0.005372 0.007798 
523728935194598 -0.006126 -0.005372 0.007798 
523728955763296 -0.006126 -0.005372 0.007798 
523728976330641 -0.006126 -0.005372 0.007798 
523728996899234 -0.006126 -0.005372 0.007798 
523729017468087 -0.006126 -0.005372 0.007798 
523729038036577 -0.006126 -0.005372 0.007798 
523729058605640 -0.006126 -0.005372 0.007798 
523729079174443 -0.006126 -0.005372 0.007798 
523729099743974 -0.006126 -0.005372 0.007798 
523729120312255 -0.006126 -0.005372 0.007798 
523729140881108 -0.006126 -0.005372 0.007798 
523729161449963 -0.006126 -0.005372 0.007798 
523729182019130 -0.006126 -0.005372 0.007798 
523729202587984 -0.006126 -0.005372 0.007798 
523729223156785 -0.006126 -0.005372 0.007798 
523729243725587 -0.006126 -0.005372 0.007798 
523729264295276 -0.006126 -0.005372 0.007798 
523729284863452 -0.006126 -0.005372 0.007798 
523729305432879 -0.006126 -0.005372 0.007798 
523729326001212 -0.006126 -0.005372 0.007798 
523729346569754 -0.006126 -0.005372 0.007798 
523729367138869 -0.006126 -0.005372 0.007798 
523729387707724 -0.006126 -0.005372 0.007798 
523729408277359 -0.006126 -0.005372 0.007798 
523729428845692 -0.006126 -0.005372 0.007798 
523729449415224 -0.006126 -0.005372 0.007798 
523729469984234 -0.006126 -0.005372 0.007798 
523729490552671 -0.006126 -0.005372 0.007798 
523729511121890 -0.006126 -0.005372 0.007798 
523729531690016 -0.006126 -0.005372 0.007798 
523729552258817 -0.006126 -0.005372 0.007798 
523729572830587 -0.006126 -0.005372 0.007798 
523729593398556 -0.006126 -0.005372 0.007798 
523729613967306 -0.006126 -0.005372 0.007798 
523729634535119 -0.006126 -0.005372 0.007798 
523729655104338 -0.006126 -0.005372 0.007798 
523729675672723 -0.006126 -0.005372 0.007798 
523729696241473 -0.006126 -0.005372 0.007798 
523729716810015 -0.006126 -0.005372 0.007798 
523729737379130 -0.006126 -0.005372 0.007798 
523729757948139 -0.006126 -0.005372 0.007798 
523729778517046 -0.006126 -0.005372 0.007798 
523729799085692 -0.006126 -0.005372 0.007798 
523729819654807 -0.006126 -0.005372 0.007798 
523729840223608 -0.006126 -0.005372 0.007798 
523729860792775 -0.006126 -0.005372 0.007798 
523729881366525 -0.006126 -0.005372 0.007798 
523729901932410 -0.006126 -0.005372 0.007798 
523729922499859 -0.006126 -0.005372 0.007798 
523729943068660 -0.006126 -0.005372 0.007798 
523729963638556 -0.006126 -0.005372 0.007798 
523729984207202 -0.006126 -0.005372 0.007798 
523730004775952 -0.006126 -0.005372 0.007798 
523730025344649 -0.006126 -0.005372 0.007798 
523730045913295 -0.006126 -0.005372 0.007798 
523730066482307 -0.006126 -0.005372 0.007798 
523730087052514 -0.006126 -0.005372 0.007798 
523730107621421 -0.006126 -0.005372 0.007798 
523730128188920 -0.006126 -0.005372 0.007798 
523730148762254 -0.006126 -0.005372 0.007798 
523730169329129 -0.006126 -0.005372 0.007798 
523730189895900 -0.006126 -0.005372 0.007798 
523730210465223 -0.006126 -0.005372 0.007798 
523730231033713 -0.006126 -0.005372 0.007798 
523730251602514 -0.006126 -0.005372 0.007798 
523730272170743 -0.006126 -0.005372 0.007798 
523730292740535 -0.006126 -0.005372 0.007798 
523730313308869 -0.006126 -0.005372 0.007798 
523730333878088 -0.006126 -0.005372 0.007798 
523730354446316 -0.006126 -0.005372 0.007798 
523730375016109 -0.006126 -0.005372 0.007798 
523730395584910 -0.006126 -0.005372 0.007798 
523730416153556 -0.006126 -0.005372 0.007798 
523730436722202 -0.006126 -0.005372 0.007798 
523730457292202 -0.006126 -0.005372 0.007798 
523730477861265 -0.006126 -0.005372 0.007798 
523730498429025 -0.006126 -0.005372 0.007798 
523730518999233 -0.006126 -0.005372 0.007798 
523730539568088 -0.006126 -0.005372 0.007798 
523730560136941 -0.006126 -0.005372 0.007798 
523730580705952 -0.006126 -0.005372 0.007798 
523730601274857 -0.006126 -0.005372 0.007798 
523730621842932 -0.006126 -0.005372 0.007798 
523730642412045 -0.006126 -0.005372 0.007798 
523730662981524 -0.006126 -0.005372 0.007798 
523730683548087 -0.006126 -0.005372 0.007798 
523730704120170 -0.006126 -0.005372 0.007798 
523730724687150 -0.006126 -0.005372 0.007798 
523730745255848 -0.006126 -0.005372 0.007798 
523730765825170 -0.006126 -0.005372 0.007798 
523730786393816 -0.006126 -0.005372 0.007798 
523730806963764 -0.006126 -0.005372 0.007798 
523730827532306 -0.006126 -0.005372 0.007798 
523730848101420 -0.006126 -0.005372 0.007798 
523730868669598 -0.006126 -0.005372 0.007798 
523730889241369 -0.006126 -0.005372 0.007798 
523730909809076 -0.006126 -0.005372 0.007798 
523730930378296 -0.006126 -0.005372 0.007798 
523730950946838 -0.006126 -0.005372 0.007798 
523730971515587 -0.006126 -0.005372 0.007798 
523730992083712 -0.006126 -0.005372 0.007798 
523731012653348 -0.006126 -0.005372 0.007798 
523731033222150 -0.006126 -0.005372 0.007798 
523731053791160 -0.006126 -0.005372 0.007798 
523731074359545 -0.006126 -0.005372 0.007798 
523731094931213 -0.006126 -0.005372 0.007798 
523731115497618 -0.006126 -0.005372 0.007798 
523731136066733 -0.006126 -0.005372 0.007798 
523731156635326 -0.006126 -0.005372 0.007798 
523731177203608 -0.006126 -0.005372 0.007798 
523731197772045 -0.006126 -0.005372 0.007798 
523731218341056 -0.006126 -0.005372 0.007798 
523731238909649 -0.006126 -0.005372 0.007798 
523731259478921 -0.006126 -0.005372 0.007798 
523731280047983 -0.006126 -0.005372 0.007798 
523731300616941 -0.006126 -0.005372 0.007798 
523731321185691 -0.006126 -0.005372 0.007798 
523731341754858 -0.006126 -0.005372 0.007798 
523731362323504 -0.006126 -0.005372 0.007798 
523731382892982 -0.006126 -0.005372 0.007798 
523731403461941 -0.006126 -0.005372 0.007798 
523731424031628 -0.006126 -0.005372 0.007798 
523731444600326 -0.006126 -0.005372 0.007798 
523731465169024 -0.006126 -0.005372 0.007798 
523731485737983 -0.006126 -0.005372 0.007798 
523731506305743 -0.006126 -0.005372 0.007798 
523731526874180 -0.006126 -0.005372 0.007798 
523731547442982 -0.006126 -0.005372 0.007798 
523731568012149 -0.006126 -0.005372 0.007798 
523731588580952 -0.006126 -0.005372 0.007798 
523731609151160 -0.006126 -0.005372 0.007798 
523731629719336 -0.006126 -0.005372 0.007798 
523731650287879 -0.006126 -0.005372 0.007798 
523731670856420 -0.006126 -0.005372 0.007798 
523731691425586 -0.006126 -0.005372 0.007798 
523731711994858 -0.006126 -0.005372 0.007798 
523731732563608 -0.006126 -0.005372 0.007798 
523731753132149 -0.006126 -0.005372 0.007798 
523731773701680 -0.006126 -0.005372 0.007798 
523731794270014 -0.006126 -0.005372 0.007798 
523731814839181 -0.006126 -0.005372 0.007798 
523731835407723 -0.006126 -0.005372 0.007798 
523731855977305 -0.006126 -0.005372 0.007798 
523731876545587 -0.006126 -0.005372 0.007798 
523731897116368 -0.006126 -0.005372 0.007798 
523731917685222 -0.006126 -0.005372 0.007798 
523731938254597 -0.006126 -0.005372 0.007798 
523731958823035 -0.006126 -0.005372 0.007798 
523731979390587 -0.006126 -0.005372 0.007798 
523731999959180 -0.006126 -0.005372 0.007798 
523732020528087 -0.006126 -0.005372 0.007798 
523732041096993 -0.006126 -0.005372 0.007798 
523732061666525 -0.006126 -0.005372 0.007798 
523732082235013 -0.006126 -0.005372 0.007798 
523732102804024 -0.006126 -0.005372 0.007798 
523732123372775 -0.006126 -0.005372 0.007798 
523732143941784 -0.006126 -0.005372 0.007798 
523732164510483 -0.006126 -0.005372 0.007798 
523732185079597 -0.006126 -0.005372 0.007798 
523732205648712 -0.006126 -0.005372 0.007798 
523732226217149 -0.006126 -0.005372 0.007798 
523732246786003 -0.006126 -0.005372 0.007798 
523732267354961 -0.006126 -0.005372 0.007798 
523732287924128 -0.006126 -0.005372 0.007798 
523732308493086 -0.006126 -0.005372 0.007798 
523732329061732 -0.006126 -0.005372 0.007798 
523732349630587 -0.006126 -0.005372 0.007798 
523732370199909 -0.006126 -0.005372 0.007798 
523732390768399 -0.006126 -0.005372 0.007798 
523732411341784 -0.006126 -0.005372 0.007798 
523732431908504 -0.006126 -0.005372 0.007798 
523732452476472 -0.006126 -0.005372 0.007798 
523732473044858 -0.006126 -0.005372 0.007798 
523732493613346 -0.006126 -0.005372 0.007798 
523732514182254 -0.006126 -0.005372 0.007798 
523732534750847 -0.006126 -0.005372 0.007798 
523732555319492 -0.006126 -0.005372 0.007798 
523732575888659 -0.006126 -0.005372 0.007798 
523732596457514 -0.006126 -0.005372 0.007798 
523732617026472 -0.006126 -0.005372 0.007798 
523732637595326 -0.006126 -0.005372 0.007798 
523732658164440 -0.006126 -0.005372 0.007798 
523732678733243 -0.006126 -0.005372 0.007798 
523732699303972 -0.006126 -0.005372 0.007798 
523732719871368 -0.006126 -0.005372 0.007798 
523732740441003 -0.006126 -0.005372 0.007798 
523732761009702 -0.006126 -0.005372 0.007798 
523732781577983 -0.006126 -0.005372 0.007798 
523732802148243 -0.006126 -0.005372 0.007798 
523732822715846 -0.006126 -0.005372 0.007798 
523732843284441 -0.006126 -0.005372 0.007798 
523732863854128 -0.006126 -0.005372 0.007798 
523732884422409 -0.006126 -0.005372 0.007798 
523732904993919 -0.006126 -0.005372 0.007798 
523732925561993 -0.006126 -0.005372 0.007798 
523732946129180 -0.006126 -0.005372 0.007798 
523732966698346 -0.006126 -0.005372 0.007798 
523732987267253 -0.006126 -0.005372 0.007798 
523733007835587 -0.006126 -0.005372 0.007798 
523733028404493 -0.006126 -0.005372 0.007798 
523733048973554 -0.006126 -0.005372 0.007798 
523733069542357 -0.006126 -0.005372 0.007798 
523733090111472 -0.006126 -0.005372 0.007798 
523733110680117 -0.006126 -0.005372 0.007798 
523733131249336 -0.006126 -0.005372 0.007798 
523733151818033 -0.006126 -0.005372 0.007798 
523733172387305 -0.006126 -0.005372 0.007798 
523733192955743 -0.006126 -0.005372 0.007798 
523733213524961 -0.006126 -0.005372 0.007798 
523733234093971 -0.006126 -0.005372 0.007798 
523733254662566 -0.006126 -0.005372 0.007798 
523733275231315 -0.006126 -0.005372 0.007798 
523733295800951 -0.006126 -0.005372 0.007798 
523733316369232 -0.006126 -0.005372 0.007798 
523733336938347 -0.006126 -0.005372 0.007798 
523733357506993 -0.006126 -0.005372 0.007798 
523733378078659 -0.006126 -0.005372 0.007798 
523733398646628 -0.006126 -0.005372 0.007798 
523733419215951 -0.006126 -0.005372 0.007798 
523733439784752 -0.006126 -0.005372 0.007798 
523733460352825 -0.006126 -0.005372 0.007798 
523733480921836 -0.006126 -0.005372 0.007798 
523733501490587 -0.006126 -0.005372 0.007798 
523733522060170 -0.006126 -0.005372 0.007798 
523733542627357 -0.006126 -0.005372 0.007798 
523733563196159 -0.006126 -0.005372 0.007798 
523733583765899 -0.006126 -0.005372 0.007798 
523733604334024 -0.006126 -0.005372 0.007798 
523733624903347 -0.006126 -0.005372 0.007798 
523733645471783 -0.006126 -0.005372 0.007798 
523733666040951 -0.006126 -0.005372 0.007798 
523733686609909 -0.006126 -0.005372 0.007798 
523733707178450 -0.006126 -0.005372 0.007798 
523733727748711 -0.006126 -0.005372 0.007798 
523733748317149 -0.006126 -0.005372 0.007798 
523733768886263 -0.006126 -0.005372 0.007798 
523733789455169 -0.006126 -0.005372 0.007798 
523733810024804 -0.006126 -0.005372 0.007798 
523733830592826 -0.006126 -0.005372 0.007798 
523733851161316 -0.006126 -0.005372 0.007798 
523733871730117 -0.006126 -0.005372 0.007798 
523733892300690 -0.006126 -0.005372 0.007798 
523733912869180 -0.006126 -0.005372 0.007798 
523733933439648 -0.006126 -0.005372 0.007798 
523733954007878 -0.006126 -0.005372 0.007798 
523733974575794 -0.006126 -0.005372 0.007798 
523733995144909 -0.006126 -0.005372 0.007798 
523734015712409 -0.006126 -0.005372 0.007798 
523734036280950 -0.006126 -0.005372 0.007798 
523734056850117 -0.006126 -0.005372 0.007798 
523734077418920 -0.006126 -0.005372 0.007798 
523734097987826 -0.006126 -0.005372 0.007798 
523734118556679 -0.006126 -0.005372 0.007798 
523734139126680 -0.006126 -0.005372 0.007798 
523734159696471 -0.006126 -0.005372 0.007798 
523734180265482 -0.006126 -0.005372 0.007798 
523734200833815 -0.006126 -0.005372 0.007798 
523734221402460 -0.006126 -0.005372 0.007798 
523734241971524 -0.006126 -0.005372 0.007798 
523734262539544 -0.006126 -0.005372 0.007798 
523734283108399 -0.006126 -0.005372 0.007798 
523734303676940 -0.006126 -0.005372 0.007798 
523734324245794 -0.006126 -0.005372 0.007798 
523734344814804 -0.006126 -0.005372 0.007798 
523734365383399 -0.006126 -0.005372 0.007798 
523734385952512 -0.006126 -0.005372 0.007798 
523734406521576 -0.006126 -0.005372 0.007798 
523734427094388 -0.006126 -0.005372 0.007798 
523734447660742 -0.006126 -0.005372 0.007798 
523734468229127 -0.006126 -0.005372 0.007798 
523734488797045 -0.006126 -0.005372 0.007798 
523734509365846 -0.006126 -0.005372 0.007798 
523734529935013 -0.006126 -0.005372 0.007798 
523734550503970 -0.006126 -0.005372 0.007798 
523734571073243 -0.006126 -0.005372 0.007798 
523734591641680 -0.006126 -0.005372 0.007798 
523734612211210 -0.006126 -0.005372 0.007798 
523734632779284 -0.006126 -0.005372 0.007798 
523734653348450 -0.006126 -0.005372 0.007798 
523734673917148 -0.006126 -0.005372 0.007798 
523734694486836 -0.006126 -0.005372 0.007798 
523734715055586 -0.006126 -0.005372 0.007798 
523734735625013 -0.006126 -0.005372 0.007798 
523734756193190 -0.006126 -0.005372 0.007798 
523734776762669 -0.006126 -0.005372 0.007798 
523734797332252 -0.006126 -0.005372 0.007798 
523734817900118 -0.006126 -0.005372 0.007798 
523734838468971 -0.006126 -0.005372 0.007798 
523734859039388 -0.006126 -0.005372 0.007798 
523734879608190 -0.006126 -0.005372 0.007798 
523734900178345 -0.006126 -0.005372 0.007798 
523734920744961 -0.006126 -0.005372 0.007798 
523734941313294 -0.006126 -0.005372 0.007798 
523734961883554 -0.006126 -0.005372 0.007798 
523734982451574 -0.006126 -0.005372 0.007798 
523735003020117 -0.006126 -0.005372 0.007798 
523735023589283 -0.006126 -0.005372 0.007798 
523735044157825 -0.006126 -0.005372 0.007798 
523735064726835 -0.006126 -0.005372 0.007798 
