# Created at Thu Nov 07 18:48:03 EST 2019 in Burnaby Canada 
523727207408609 -0.006397 0.000179 0.021829 
523727227976786 -0.004564 -0.022728 0.019996 
523727248545693 -0.001815 -0.025477 0.013582 
523727269114444 0.004599 -0.022117 0.016942 
523727289683453 0.007958 -0.012343 0.016637 
523727310252099 0.002461 -0.027309 0.010833 
523727330821839 -0.006702 -0.036472 0.007168 
523727351389807 -0.014338 -0.033113 -0.005049 
523727371958765 -0.024112 -0.040138 -0.011463 
523727392527568 -0.015865 -0.070986 -0.010547 
523727413096578 0.006126 -0.069765 -0.013907 
523727433665381 0.017732 -0.020895 -0.013907 
523727454234130 0.017427 -0.009594 -0.009936 
523727474802984 0.012234 -0.001348 -0.011463 
523727495372150 0.011318 0.016673 -0.008104 
523727515939964 0.019870 0.035915 -0.001384 
523727536509547 0.014067 0.040802 0.004419 
523727557078401 0.003072 0.046300 0.003503 
523727577647255 -0.002426 0.048438 0.001365 
523727598216213 0.006126 0.036831 0.001670 
523727618785120 0.007958 0.018811 0.002281 
523727639353818 0.003377 0.007510 0.000449 
523727659922985 0.005820 0.001401 0.001365 
523727680491421 0.003988 -0.001348 0.002587 
523727701060692 0.004293 -0.005624 0.000754 
523727721629650 0.006431 -0.016925 -0.004438 
523727742198245 0.011013 -0.014481 -0.007798 
523727762767256 0.016205 -0.012343 -0.004133 
523727783336109 0.018343 -0.007762 -0.005660 
523727803904599 0.013151 -0.005624 -0.005355 
523727824473974 0.007653 -0.002875 -0.004438 
523727845042463 -0.001510 0.005983 -0.006271 
523727865611474 -0.001510 0.003845 -0.006576 
523727886180328 -0.001510 0.006288 -0.014518 
523727906748974 0.002766 0.009953 -0.021543 
523727927318141 0.013151 0.020033 -0.023070 
523727947886630 0.022314 0.021865 -0.019099 
523727968457776 0.031171 0.027363 -0.005355 
523727989026422 0.039723 0.010259 -0.008104 
523728009594026 0.052857 -0.007151 -0.005049 
523728030162932 0.053773 -0.017230 0.010222 
523728050732464 0.041251 -0.019979 -0.001995 
523728071300692 0.055300 -0.017230 -0.005660 
523728091869546 0.053162 0.023698 -0.012685 
523728112438297 0.035142 0.014229 -0.011463 
523728133006839 0.024452 0.015756 -0.009631 
523728153575276 0.018954 0.015146 -0.012380 
523728174144650 0.002766 0.012397 -0.013296 
523728194712828 -0.001205 0.013618 -0.016350 
523728215282360 0.000628 0.027057 -0.023070 
523728235850693 -0.002426 0.036220 -0.027651 
523728256420484 -0.003648 0.039580 -0.034371 
523728276989494 -0.007619 0.042329 -0.038341 
523728297560015 -0.010673 0.044162 -0.037730 
523728318126942 -0.008840 0.048743 -0.032538 
523728338695796 -0.015865 0.045994 -0.027346 
523728359264495 -0.850612 0.095169 -0.022459 
523728379833974 -0.986224 1.291242 0.021829 
523728400402515 0.237338 -0.489734 0.154692 
523728420973296 0.200686 -0.273793 0.063062 
523728441541369 -0.012506 0.097918 0.046874 
523728462111161 -0.109328 -0.228895 0.088108 
523728482677776 -0.213480 0.043245 -0.021237 
523728503247359 -0.187213 0.034999 0.085359 
523728523815327 0.034836 0.117160 0.044736 
523728544384233 0.229091 0.162669 -0.016656 
523728564952412 0.156093 0.132126 -0.018488 
523728585523193 -0.036329 0.217953 -0.040479 
523728606090379 -0.069927 0.374029 -0.050559 
523728626659285 0.075154 0.253994 -0.063692 
523728647228140 0.079430 0.127239 -0.010242 
523728667796943 -0.066872 0.378610 -0.071633 
523728688366161 -0.038162 0.269571 -0.067968 
523728708934598 0.003377 0.165418 -0.049642 
523728729504962 -0.061375 0.128156 -0.064608 
523728750073504 -0.047325 0.035304 -0.112867 
523728770641786 0.049497 0.093642 -0.172732 
523728791210276 0.099894 -0.148261 -0.112561 
523728811779390 0.023230 -0.208125 -0.192585 
523728832347827 -0.018920 -0.147650 -0.259474 
523728852917410 -0.006091 -0.162616 -0.321172 
523728873485640 0.013151 -0.121383 -0.378898 
523728894056890 0.060798 -0.225230 -0.205413 
523728914625119 0.019565 -0.891683 0.046874 
523728935194598 -0.035108 -0.373364 -0.028873 
523728955763296 0.007958 -0.271045 -0.255504 
523728976330900 -0.054961 0.126323 -0.209078 
523728996899234 -0.088558 -0.382222 -0.013601 
523729017468087 -0.006702 -0.100613 -0.270775 
523729038036577 0.112722 -0.183996 -0.504431 
523729058605640 0.140821 -0.419485 -0.053918 
523729079174443 0.061104 -0.325106 0.016942 
523729099743974 -0.016171 -0.405435 -0.196861 
523729120312255 -0.078479 -0.306475 -0.194417 
523729140881108 0.013456 -0.089618 0.042598 
523729161449963 0.127077 0.343180 0.107961 
523729182019130 0.177473 0.479403 0.031908 
523729202587984 0.058966 0.309888 0.045347 
523729223156785 -0.012811 0.030723 0.050540 
523729243725587 0.014678 -0.011732 0.032824 
523729264295276 0.004904 0.242998 0.024883 
523729284863452 0.075764 0.442140 0.067644 
523729305432879 0.139600 0.639755 0.063979 
523729326001212 0.142349 0.514528 0.042904 
523729346569754 0.056217 0.432061 -0.030705 
523729367139129 -0.054655 0.269571 0.024578 
523729387707724 -0.098943 -0.050217 0.192566 
523729408277359 -0.056182 -0.110998 0.175767 
523729428845692 0.023535 -0.094199 0.003503 
523729449416004 0.063242 0.142511 -0.060027 
523729469984234 0.094396 0.211539 0.123843 
523729490552619 0.061104 -0.109165 0.123843 
523729511121890 -0.000288 -0.381306 -0.014212 
523729531691108 0.040945 0.089977 0.057259 
523729552258817 0.127993 0.292173 0.239602 
523729572830587 0.160369 0.717640 0.421945 
523729593398556 0.095923 0.283010 0.437217 
523729613967306 0.062631 0.373723 0.326650 
523729634535119 -0.008840 0.344402 0.479061 
523729655104910 -0.076341 -0.059074 0.777163 
523729675672723 -0.024112 0.548431 0.661099 
523729696241473 0.008264 0.469934 0.354750 
523729716810015 0.098977 0.580196 0.329705 
523729737379130 0.206489 0.727108 0.057870 
523729757948139 0.176252 0.615931 -0.076215 
523729778517046 0.080346 0.531326 -0.210911 
523729799085692 0.016511 0.223450 -0.245119 
523729819654807 -0.057404 -0.228895 -0.204191 
523729840223608 -0.129792 -0.658027 -0.161125 
523729860792775 -0.112687 -0.735913 -0.165096 
523729881366525 -0.066262 -0.391079 -0.406693 
523729901932410 0.081873 0.025530 -0.457395 
523729922499859 -0.007619 0.069513 -0.158071 
523729943068660 0.067823 0.236890 -0.065219 
523729963638556 0.151817 0.437253 -0.103093 
523729984207202 -0.084588 0.076538 -0.133331 
523730004775952 0.050108 0.257964 -0.013907 
523730025344649 0.341491 0.680377 -0.009631 
523730045913295 0.464885 0.561564 0.020302 
523730066482307 0.144181 0.198710 0.066727 
523730087052514 -0.052823 -0.054188 0.074058 
523730107621421 0.031477 0.068291 0.003503 
523730128189493 0.074237 0.086617 -0.007798 
523730148762254 -0.031442 -0.163532 -0.018183 
523730169329129 -0.081228 -0.244472 -0.124779 
523730189895900 0.045221 -0.060296 -0.227404 
523730210465223 0.129520 0.148620 -0.135774 
523730231033713 0.030866 -0.075262 -0.150435 
523730251602514 -0.053128 -0.215456 -0.365765 
523730272170743 -0.131624 -0.387414 -0.440901 
523730292740224 -0.156975 -0.238974 -0.288796 
523730313308869 -0.144147 -0.172084 -0.037730 
523730333878088 -0.095889 -0.362674 0.166909 
523730354446316 -0.113909 -0.541047 0.184930 
523730375016109 -0.177744 -0.586251 0.173018 
523730395584910 -0.134373 -0.474462 0.232272 
523730416153347 -0.044271 -0.239585 0.257317 
523730436722202 0.014067 -0.118634 0.112237 
523730457292202 0.002766 -0.006235 0.132090 
523730477861265 0.056828 0.207873 0.372160 
523730498429025 0.193661 0.816906 0.515713 
523730518999233 0.213209 0.719473 0.859630 
523730539568088 -0.010062 0.501394 0.308935 
523730560136941 -0.014949 0.472072 0.004114 
523730580705952 -0.034191 0.193518 -0.024597 
523730601274857 -0.089474 -0.160783 -0.313536 
523730621842932 -0.230584 -0.712394 -0.313536 
523730642412045 -0.211953 -0.754849 0.018164 
523730662981524 -0.006397 -0.231949 -0.046283 
523730683548087 0.040029 -0.453082 -0.214576 
523730704120170 0.134407 -0.416430 -0.370041 
523730724687150 -0.007008 -0.177582 -0.234123 
523730745255848 -0.189656 -0.154675 -0.104926 
523730765825170 -0.162778 -0.408794 -0.094541 
523730786393816 -0.001205 -0.709340 -0.289712 
523730806963244 0.069350 -1.582571 -0.715179 
523730827532306 0.043694 -0.953075 -0.579262 
523730848100847 0.064158 -0.089923 0.308019 
523730868669598 -0.004259 -0.471408 0.557557 
523730889241369 -0.067789 -0.627179 0.700194 
523730909809076 -0.151172 -0.395355 0.654990 
523730930378296 -0.210426 -0.388941 0.432025 
523730950946838 0.028728 -0.028226 0.304659 
523730971515587 0.224205 0.253688 0.263120 
523730992083712 0.195799 0.222229 0.251514 
523731012653348 0.080957 0.207263 0.219749 
523731033222150 0.018038 -0.078622 0.283890 
523731053791108 -0.066262 -0.443308 0.663237 
523731074359545 -0.036024 -0.158035 1.203547 
523731094931213 0.022619 -0.289065 1.068545 
523731115497618 0.114554 -0.184913 0.952481 
523731136066733 0.310031 -0.012954 0.867266 
523731156635326 0.525055 0.305917 0.882537 
523731177203608 0.657002 0.320273 0.885286 
523731197772045 0.811551 -0.187356 0.611008 
523731218341056 0.666776 -0.802191 -0.173037 
523731238909649 0.518641 -1.258813 -0.562769 
523731259478921 0.240087 -1.212692 -0.513594 
523731280047983 -0.007313 -0.826321 -0.422575 
523731300616941 -0.005481 -0.138487 -0.308344 
523731321185691 0.119747 0.532243 -0.101871 
523731341754858 0.124328 0.166335 0.282974 
523731362323504 0.350959 -0.439338 0.203867 
523731382892878 0.504286 -0.683684 -0.305595 
523731403461941 0.525972 -0.546239 -0.697159 
523731424031628 0.514671 -0.300061 -0.843156 
523731444600326 0.524750 -0.323273 -0.795814 
523731465169024 0.546130 -0.404518 -0.761300 
523731485737983 0.659446 -0.434451 -0.805587 
523731506305743 0.724808 -0.450944 -0.835214 
523731526874180 0.768790 -0.407267 -0.770768 
523731547442982 0.835375 -0.337323 -0.614998 
523731568012827 0.873248 -0.531578 -0.443039 
523731588580952 0.990840 -0.869692 -0.383785 
523731609151836 1.116067 -0.659249 -0.166928 
523731629719336 0.991756 -0.538298 0.100630 
523731650287879 0.334160 -0.961932 0.313211 
523731670856420 0.522307 -1.174819 0.384072 
523731691425586 1.139891 -0.676659 0.271367 
523731711994858 1.471896 -0.281735 0.380101 
523731732563608 1.738233 -0.237752 0.611008 
523731753132149 1.776412 -0.095421 0.484559 
523731773701680 1.437687 0.173970 0.024578 
523731794270014 1.102628 0.210011 -0.292766 
523731814839181 1.007639 0.181301 -0.268637 
523731835407723 1.116067 -0.072819 -0.064914 
523731855977305 1.231215 -0.114052 0.022440 
523731876545587 1.031768 0.048132 -0.031927 
523731897116368 0.736109 0.083257 -0.097290 
523731917685222 0.900432 0.184966 -0.131804 
523731938254597 1.215638 0.297671 -0.205718 
523731958823035 1.429135 0.322716 -0.286963 
523731979390587 1.627055 0.136402 -0.404249 
523731999959180 1.658820 0.064320 -0.447010 
523732020528087 1.366827 0.053936 -0.255809 
523732041096993 0.812773 0.185577 -0.045061 
523732061666525 0.145708 0.378610 -0.124779 
523732082235013 -0.215618 0.375250 -0.279327 
523732102804024 -0.037246 0.393271 -0.331251 
523732123372775 0.298730 0.217342 -0.193501 
523732143941784 1.007028 0.891737 0.007168 
523732164510483 1.481670 0.579585 -0.183116 
523732185079597 1.488084 -0.155591 -0.451286 
523732205648295 1.278252 0.337377 -0.506875 
523732226217149 0.574841 1.069193 -0.469917 
523732246786003 -0.386660 1.309263 -0.337970 
523732267354961 -0.411095 1.060335 -0.165401 
523732287924128 0.153650 0.479708 -0.247868 
523732308493086 0.736415 0.291867 -0.569488 
523732329061784 1.154552 0.547820 -0.488243 
523732349630587 1.044290 0.970233 -0.258863 
523732370199493 0.497872 1.337668 -0.453424 
523732390768399 0.009180 0.974509 -0.734422 
523732411341784 0.047054 0.411902 -0.604002 
523732431908504 0.409297 0.053325 -0.217019 
523732452477982 0.582782 -0.220648 -0.051780 
523732473044858 0.343323 -0.751490 0.015109 
523732493613659 0.022619 -0.396883 -0.092097 
523732514182254 0.103559 0.098834 -0.132109 
523732534751056 -0.031137 -0.022117 -0.059416 
523732555319492 -0.238220 -0.329382 -0.038952 
523732575888815 -0.277926 -0.564870 0.008695 
523732596457514 -0.263266 -0.543796 0.005030 
523732617026472 -0.129792 -0.524553 0.009001 
523732637595326 -0.168276 -0.753628 0.107350 
523732658164440 -0.363447 -0.918867 0.293053 
523732678733243 -0.391242 -0.951548 0.642773 
523732699303972 -0.052212 0.010564 1.529748 
523732719871368 -0.190878 0.111051 1.136352 
523732740441003 -0.491729 0.476654 0.468066 
523732761009702 -0.552510 1.217327 0.085970 
523732781577983 -0.713778 1.316593 -0.422270 
523732802148243 -0.993860 1.053310 -0.972048 
523732822715846 -1.270581 1.133944 -1.330320 
523732843284441 -1.504543 1.590566 -1.655606 
523732863854128 -1.522258 2.009619 -2.168732 
523732884422409 -1.267527 2.118964 -2.855344 
523732904993919 -0.839311 2.007481 -3.619230 
523732925561993 -0.533268 1.877061 -4.378230 
523732946129180 -0.385438 2.362699 -5.194345 
523732966698346 -0.409568 3.240817 -6.171423 
523732987267253 -0.685984 4.025167 -7.012584 
523733007835587 -1.036620 4.838533 -7.252043 
523733028404493 -1.718956 5.404194 -5.986026 
523733048973554 -2.630977 5.535836 -3.629615 
523733069542357 -3.235428 4.910310 -1.531906 
523733090111941 -2.991693 3.521815 -0.293377 
523733110680117 -2.670683 2.192573 0.008695 
523733131249336 -2.512469 1.615611 -0.115921 
523733151818033 -2.571112 1.435712 -0.408831 
523733172387305 -2.637391 1.447318 -0.762216 
523733192955743 -2.757731 1.915240 -0.917070 
523733213524961 -2.835311 2.321160 -1.145228 
523733234093971 -2.740016 2.259768 -1.145534 
523733254662462 -2.529573 1.760081 -0.839185 
523733275231315 -2.179243 0.709088 -0.314452 
523733295800951 -1.484384 0.298281 -0.033454 
523733316369232 -1.021960 0.334322 -0.171815 
523733336938347 -0.873825 0.546293 -0.388367 
523733357506993 -0.657884 0.796442 -0.434182 
523733378078659 -0.225392 0.765288 -0.547497 
523733398646628 0.344545 0.207263 -0.769241 
523733419215951 0.857366 0.185882 -1.337956 
523733439784752 1.301770 0.363949 -1.809849 
523733460352825 1.770914 -0.106722 -1.862383 
523733480921836 1.439520 -1.850741 -1.292141 
523733501490587 1.605370 -1.340058 -1.296723 
523733522060170 1.641411 -0.727971 -1.207842 
523733542627357 1.542451 -0.264325 -1.232276 
523733563196159 1.574826 0.315386 -1.373692 
523733583765899 2.027477 0.662968 -1.388352 
523733604334024 2.633150 0.399074 -1.165387 
523733624903347 2.809384 0.058212 -1.104300 
523733645471783 2.650559 -0.491261 -1.201122 
523733666040951 2.509755 -0.898708 -1.173633 
523733686609701 2.550683 -1.254537 -0.824219 
523733707178450 2.852145 -1.653126 -0.659285 
523733727748711 2.921172 -1.787211 -0.776571 
523733748317149 2.194243 -0.975677 -0.497406 
523733768886263 -0.316411 2.749987 1.170865 
523733789455169 1.092243 2.069178 1.064270 
523733810024804 1.226023 1.430214 1.163535 
523733830592826 1.265118 1.500158 0.918578 
523733851161628 1.254428 1.548111 0.738679 
523733871730117 1.023826 2.236861 0.661099 
523733892300690 0.222983 2.743878 0.371854 
523733912869180 -0.610237 2.254575 -0.119586 
523733933439648 -0.952932 2.167527 -0.244814 
523733954007878 -1.372901 2.171804 -0.020932 
523733974575794 -1.847543 2.091780 0.077112 
523733995144909 -2.027137 1.275970 0.114986 
523734015712409 -1.784930 -0.351984 -0.176702 
523734036280950 -1.369847 -0.730109 -0.587814 
523734056850117 -0.834119 -0.286927 -0.676695 
523734077418920 0.089509 0.069513 -0.333389 
523734097987826 0.284069 0.176108 0.122011 
523734118556679 -0.088253 -0.223092 0.188900 
523734139126680 -0.466378 -0.706286 0.012055 
523734159696471 -0.419952 -0.606409 -0.274135 
523734180265482 -0.007924 0.039275 -0.505042 
523734200833815 0.526888 0.719778 -0.204802 
523734221402460 0.802388 0.668771 0.056954 
523734241971524 0.721754 0.104637 0.052983 
523734262539544 0.401050 -0.253940 0.052678 
523734283108399 0.116387 -0.426815 0.103379 
523734303676940 0.067518 -0.552042 0.025494 
523734324245794 0.338436 -0.580753 -0.312620 
523734344814804 0.640203 -0.463467 -0.473888 
523734365383399 0.687545 -0.435062 -0.177008 
523734385952512 0.488404 -0.431702 -0.049031 
523734406524909 0.182055 -0.414903 0.009917 
523734427094388 0.050719 -0.426204 -0.020015 
523734447660690 0.040945 -0.281124 -0.030400 
523734468229127 0.063547 -0.187967 -0.025513 
523734488797045 0.043694 -0.150399 -0.033760 
523734509365846 0.020787 -0.034640 -0.038647 
523734529935013 -0.010673 0.011175 -0.008714 
523734550503970 -0.032053 -0.026088 0.055121 
523734571073243 -0.109633 -0.082287 0.064589 
523734591641680 -0.197598 -0.073430 0.032519 
523734612211210 -0.192711 -0.051744 0.041987 
523734632779284 -0.120018 -0.083204 0.045958 
523734653348450 -0.048547 -0.090229 0.045653 
523734673917148 -0.050685 -0.034945 0.047485 
523734694487721 -0.094667 0.031639 0.056343 
523734715055586 -0.113909 -0.004097 0.063673 
523734735625013 -0.119407 -0.057547 0.068865 
523734756193190 -0.104441 -0.051744 0.043515 
523734776762669 -0.049768 0.023392 0.017553 
523734797332252 0.028422 0.089060 0.017553 
523734817900118 0.037891 0.124185 0.014193 
523734838468971 -0.047630 0.123269 0.002587 
523734859039388 -0.152699 0.095780 0.000449 
523734879608190 -0.195765 0.089977 0.000143 
523734900178345 0.035753 0.337071 0.006863 
523734920744961 0.133186 0.227421 -0.019404 
523734941313294 -0.102914 -0.340683 0.029465 
523734961883554 -0.110549 -0.386193 0.135144 
523734982451574 -0.159113 -0.323884 0.103379 
523735003020117 -0.114825 -0.318387 0.100325 
523735023589283 0.098672 0.060350 0.066117 
523735044157825 0.174724 0.195962 0.002892 
523735064726835 0.022619 -0.000431 0.064284 
