# Created at Thu Nov 07 18:48:03 EST 2019 in Burnaby Canada 
523727207408609 0.029413 0.096195 0.104123 
523727227976786 0.051207 0.098619 0.072465 
523727248545693 0.022650 0.104623 0.026134 
523727269114444 0.008718 0.060611 -0.013559 
523727289683245 0.019971 -0.054636 0.009887 
523727310252099 0.014554 -0.056433 -0.006305 
523727330821839 -0.029371 -0.057220 -0.060673 
523727351389807 -0.039825 -0.064266 -0.067468 
523727371959078 0.016491 -0.037125 -0.056440 
523727392527568 0.083719 -0.082996 -0.114303 
523727413096578 -0.034231 -0.033699 -0.037653 
523727433665381 -0.097607 0.054193 0.159292 
523727454234130 -0.156219 0.063483 0.126598 
523727474802984 -0.043429 0.047487 -0.074235 
523727495372150 -0.044513 0.009424 -0.089975 
523727515939964 -0.080515 0.012696 -0.030114 
523727536509547 -0.158432 0.093999 0.004943 
523727557078401 -0.049034 0.067439 -0.043041 
523727577647255 0.055381 0.035170 -0.087438 
523727598216213 0.011406 -0.019618 -0.071643 
523727618785120 -0.012365 0.022558 0.029049 
523727639353818 0.067323 0.022145 0.041714 
523727659922985 0.069617 0.002427 -0.012072 
523727680491421 -0.000842 -0.001507 0.004730 
523727701060692 -0.023520 0.012893 -0.008336 
523727721629650 0.006269 0.012142 0.012313 
523727742198245 0.038317 -0.005048 0.015575 
523727762767256 -0.009513 -0.024072 -0.001394 
523727783336109 -0.053800 -0.015963 0.006798 
523727803904599 -0.004198 -0.010777 -0.012228 
523727824473974 -0.021248 -0.023373 -0.050728 
523727845042463 -0.048841 0.005075 -0.057054 
523727865611474 -0.032539 -0.010294 -0.076665 
523727886180172 -0.030945 0.003485 -0.022010 
523727906748974 -0.043651 0.000807 -0.010396 
523727927318141 -0.047460 -0.005897 -0.006912 
523727947886630 -0.050075 0.006400 0.042304 
523727968457776 -0.062119 0.031880 0.065631 
523727989026422 -0.028519 0.144597 0.076160 
523728009594026 0.118716 0.082692 0.046551 
523728030162932 0.098825 0.051164 0.069514 
523728050732464 0.058838 0.119338 -0.007160 
523728071300692 0.068534 0.020167 -0.028711 
523728091869546 -0.080338 0.024686 -0.040792 
523728112438297 -0.086971 0.031379 -0.033178 
523728133006839 -0.009006 -0.017014 -0.120858 
523728153575276 0.045547 -0.087856 -0.131383 
523728174144650 -0.032279 -0.170460 -0.109628 
523728194712828 -0.116898 -0.123883 -0.076046 
523728215282360 -0.099121 -0.069531 -0.112015 
523728235850693 -0.014412 -0.070130 -0.069736 
523728256420484 -0.028893 -0.102116 -0.061868 
523728276989494 -0.126455 -0.063477 -0.050093 
523728297560015 -0.053100 -0.057486 -0.043639 
523728318126942 0.056876 -0.041351 -0.039419 
523728338695796 0.083618 -0.035750 -0.027822 
523728359264495 0.034112 -0.176550 -0.034355 
523728379833974 0.626708 -1.195556 0.772565 
523728400402515 -0.991293 0.661693 2.024431 
523728420973296 0.968871 1.295034 -4.660619 
523728441541369 0.551064 -0.091070 1.798622 
523728462111161 -1.324996 -1.062325 0.138176 
523728482677776 0.294417 0.877422 0.061383 
523728503247359 0.083984 -0.243264 0.107666 
523728523815327 0.255136 0.580146 0.379917 
523728544384233 -0.567132 0.339764 -0.158037 
523728564952412 -0.421775 0.051851 0.068392 
523728585523193 0.507311 -0.001622 0.165163 
523728606090640 -0.041920 -0.138952 0.334368 
523728626659285 -0.219901 0.519460 -0.047788 
523728647228140 0.030682 -0.296634 -0.924370 
523728667796943 -0.008193 -0.211049 0.135081 
523728688366161 -0.356977 -0.503160 -0.099270 
523728708934598 0.003699 0.030762 -0.379592 
523728729505223 0.262561 0.483376 -0.224331 
523728750073504 0.353159 0.408425 0.164664 
523728770641786 0.317545 0.290520 0.139378 
523728791210276 -0.211210 -0.818325 -0.501693 
523728811779859 0.709758 -0.125671 -0.279380 
523728832347827 0.928723 0.197674 0.132931 
523728852917410 0.447309 0.435742 0.093356 
523728873485640 0.623255 0.884395 0.224591 
523728894056265 -1.089623 0.521867 0.307111 
523728914625119 -0.939630 -0.849669 -0.314627 
523728935194598 1.039872 -0.356838 -0.019129 
523728955763296 0.724453 1.894565 1.477221 
523728976330900 -1.914009 -0.515868 -1.075590 
523728996899234 -1.215686 -0.199789 1.059290 
523729017468087 0.407189 -0.037295 -0.519423 
523729038036577 1.683723 0.412264 0.111244 
523729058605640 0.918586 0.675436 -0.139784 
523729079174443 -1.095655 -2.638198 -0.186183 
523729099743974 0.025843 -0.382318 0.025267 
523729120312255 0.199286 1.235953 0.266753 
523729140881108 -1.709633 -0.230938 0.149967 
523729161449963 -2.290807 0.457144 0.570371 
523729182019078 -0.687760 0.459730 -0.214849 
523729202587984 0.204446 -0.105834 -0.499245 
523729223156785 1.064414 -0.501782 -0.338178 
523729243725587 0.863431 -0.319239 -0.300905 
523729264295276 -0.403500 1.134570 0.184888 
523729284863452 -1.620856 0.007665 0.191149 
523729305432879 -0.665165 -0.380688 0.127524 
523729326001056 0.422618 0.338899 -0.338942 
523729346569754 0.651856 -0.394781 -0.472144 
523729367139129 0.068797 -0.736112 -0.226069 
523729387707724 -0.628439 0.036107 -0.248676 
523729408277359 0.273435 0.744592 -0.265451 
523729428845692 0.934949 -0.067921 -0.054349 
523729449416004 0.341398 -0.561796 0.144881 
523729469984234 -0.923076 -0.117767 0.367901 
523729490552255 0.267238 -0.295260 -0.701727 
523729511121890 2.498446 -2.339203 -1.688820 
523729531691108 -0.565841 2.584019 1.700404 
523729552258817 -2.712411 0.858451 -0.299946 
523729572830171 -1.342781 -0.104376 0.412224 
523729593398556 -0.174125 -0.012089 0.002512 
523729613967306 0.832994 0.552936 -0.690664 
523729634535119 -1.007284 -0.978698 0.110941 
523729655104910 -1.975614 -1.386795 -0.676487 
523729675672723 -0.002010 1.639530 0.550418 
523729696241108 2.024452 2.529562 0.718460 
523729716810015 0.602798 0.330863 -0.189465 
523729737379130 1.977172 -0.288997 -0.171224 
523729757948139 2.079097 -1.225947 -0.351751 
523729778517046 0.540022 -0.385536 -0.258516 
523729799085692 -1.074997 0.086846 -0.190917 
523729819654807 -1.144179 0.160008 -1.065653 
523729840223608 0.112842 0.106635 -0.359229 
523729860792775 0.194108 0.229680 -0.017023 
523729881366525 0.834497 0.466790 0.228543 
523729901931005 1.099733 0.184132 0.641879 
523729922499859 -1.445938 -0.674814 -0.295582 
523729943068660 -0.929595 -0.624509 0.005311 
523729963638556 0.324888 0.632629 0.022614 
523729984207202 -0.140643 0.599957 -0.065592 
523730004775952 -0.894360 -0.694290 -0.242812 
523730025344649 -0.083249 -0.566014 0.379494 
523730045913920 -0.259413 -0.074960 -0.349336 
523730066482307 -0.399942 0.026281 -0.699395 
523730087052515 -0.360111 0.005077 0.031263 
523730107621421 0.874930 -0.054750 -0.059016 
523730128189493 0.387729 0.052158 0.273432 
523730148762254 -0.362102 -0.012700 -0.422863 
523730169329129 0.059442 0.179196 0.133614 
523730189895900 0.059709 -0.150491 0.182566 
523730210465223 0.089300 -0.298033 -0.180134 
523730231033713 0.070781 -0.550061 -0.499273 
523730251602514 0.307616 -0.424630 -0.138016 
523730272170743 0.410310 -0.018365 0.049788 
523730292740535 -0.642383 0.200235 -0.076379 
523730313308869 -0.306618 0.489377 0.172913 
523730333878088 -0.202300 1.161642 0.265376 
523730354446316 0.571720 0.622740 0.039852 
523730375016109 0.405921 -0.659405 -0.083923 
523730395584910 0.292151 -0.730457 0.351829 
523730416154597 0.955711 0.355796 0.125525 
523730436722202 1.011273 0.518483 0.234869 
523730457292202 -0.471712 -0.016802 0.044319 
523730477861265 -0.656089 -0.175386 0.169824 
523730498429025 0.589322 -0.054186 0.340755 
523730518999233 1.597296 -0.079606 0.660697 
523730539568088 2.450720 -0.328564 -2.381870 
523730560136941 1.012860 -0.705631 0.194276 
523730580705952 0.272539 0.101276 -0.684150 
523730601274857 -0.571587 -0.602964 -0.348482 
523730621842932 -1.008684 1.912105 -0.483615 
523730642412045 -4.058206 0.570194 0.276524 
523730662981524 -2.982163 -0.012584 0.874516 
523730683548087 0.767320 0.211109 -0.173416 
523730704120170 1.073167 -0.110181 -0.079863 
523730724687150 -0.121006 -0.427203 0.069515 
523730745255848 -1.725909 -0.000860 0.189240 
523730765824805 -0.829269 -0.004267 -0.022715 
523730786393816 0.506797 -0.005467 0.048972 
523730806963504 1.188629 -1.849355 -0.729708 
523730827532306 0.752820 0.013520 -0.342576 
523730848100638 -3.607038 0.086162 1.008751 
523730868669598 -2.327709 0.828940 1.508303 
523730889241369 1.211922 0.727885 -1.645920 
523730909809076 1.317128 -0.426036 0.612463 
523730930378296 2.413766 0.597834 0.364996 
523730950946838 1.320568 0.643069 0.876599 
523730971515587 -0.180198 -0.664796 0.175090 
523730992083712 -0.101807 -0.771337 -0.109637 
523731012653348 0.702724 -0.341189 -0.577882 
523731033222150 -0.065914 -0.320789 -0.111614 
523731053790847 -0.593906 -0.235814 -0.846763 
523731074359545 -0.653440 -1.351466 -0.540900 
523731094931213 2.088337 -0.722254 0.546961 
523731115497618 1.915320 -0.952620 -0.455850 
523731136066733 0.668031 -0.385699 0.342859 
523731156635326 -2.208403 -0.823292 0.139503 
523731177203608 -2.536100 -0.775776 0.254115 
523731197772045 -1.455703 -0.020180 -1.297304 
523731218341056 2.356073 1.423544 -1.249505 
523731238909649 1.258252 1.352090 -0.908729 
523731259478921 -0.694421 -0.243800 0.205106 
523731280047983 -0.143879 -0.045857 1.278324 
523731300616941 1.010131 0.058405 1.660834 
523731321185691 1.462469 0.279061 1.734815 
523731341754858 1.530007 -0.520882 0.328609 
523731362323504 0.652051 0.007571 -1.912193 
523731382892878 1.506604 0.778512 -1.186552 
523731403461941 1.743254 0.107277 0.183493 
523731424031628 1.236461 -0.568806 0.739394 
523731444600326 0.447628 -0.191257 0.736217 
523731465169024 0.018019 0.046445 0.185060 
523731485737983 -0.199354 0.138404 -0.259411 
523731506305743 -0.386030 0.322788 -0.369297 
523731526874180 -0.990330 0.107254 -0.277372 
523731547442982 -1.130099 -0.734705 0.437267 
523731568012827 -1.759472 -1.467518 1.095752 
523731588580952 -1.679155 -1.044145 0.060693 
523731609151836 -1.413460 -0.080474 0.257159 
523731629719336 -0.187396 0.432636 0.389809 
523731650287514 -1.128184 3.243214 0.440899 
523731670856420 -0.021578 1.684050 -1.664948 
523731691425586 0.199746 -0.060982 0.070556 
523731711994858 -0.588528 -0.648162 0.213197 
523731732563608 -1.354600 -0.802681 -0.159026 
523731753132149 -0.771646 -0.488324 -0.193402 
523731773701680 0.437640 1.262394 -0.268340 
523731794270014 0.742164 2.032946 -0.617957 
523731814839181 -0.195746 1.350699 -0.427108 
523731835407723 -1.191128 -0.023539 -0.109931 
523731855977305 -0.573721 -0.026723 0.064945 
523731876545587 1.267916 0.531091 0.061396 
523731897116368 1.107335 0.527380 -0.183196 
523731917685222 0.189174 0.135237 -0.528407 
523731938254597 -0.314642 -0.659284 -0.376601 
523731958823035 -0.203962 -0.395544 -0.558502 
523731979390587 -0.245076 0.315373 -0.553997 
523731999959180 -0.088289 0.329328 -0.384704 
523732020528087 -0.949918 0.248595 -0.434024 
523732041096993 -2.481631 1.220669 -0.668738 
523732061666525 -1.717240 1.997736 -0.769432 
523732082235013 -0.288396 1.823514 -0.476047 
523732102804024 0.163359 0.574838 -0.277360 
523732123372775 1.928876 -1.193417 0.361989 
523732143941784 0.993863 -4.164431 1.119415 
523732164510483 0.996125 -3.810066 -0.616195 
523732185079597 0.679915 -0.849845 -1.565483 
523732205648399 0.125955 1.464011 -1.164383 
523732226217149 -0.721784 2.724582 -0.151945 
523732246786212 -0.877108 2.669522 0.625996 
523732267354961 -1.583903 1.085585 1.279355 
523732287924128 -0.676509 0.535593 0.838294 
523732308493086 1.078135 -0.182233 -0.635215 
523732329061784 2.216837 -0.990171 -0.944879 
523732349630587 1.530478 -1.751489 -1.181797 
523732370199545 1.048257 -0.956347 -2.131478 
523732390768399 0.264502 0.325067 -2.650304 
523732411341784 -0.924482 -0.150563 -1.812570 
523732431908504 -2.449284 -1.150750 1.087415 
523732452477982 -2.210979 -1.297738 1.783732 
523732473044858 -1.016397 -0.029903 0.587252 
523732493613659 -0.228284 1.869985 -1.433560 
523732514182254 0.192555 1.565861 -0.409438 
523732534751056 -0.560344 0.879112 1.045067 
523732555319492 -0.552970 0.987379 0.799119 
523732575888763 0.062078 0.708174 0.081930 
523732596457514 0.924674 -0.158971 -0.380879 
523732617026472 1.301538 -0.737289 0.177505 
523732637595326 0.704986 -1.161608 0.967756 
523732658164440 -0.082021 -0.736077 0.368424 
523732678733243 -0.108189 -0.568494 -0.319501 
523732699303972 -2.283643 -2.113326 0.939841 
523732719871368 -2.862758 -5.697190 1.769203 
523732740441003 2.513957 -2.237255 -0.838249 
523732761009702 2.131533 -0.367136 -1.196893 
523732781579337 1.584287 1.516115 -2.379142 
523732802148243 1.427734 1.989530 -3.883346 
523732822715534 2.048925 0.843464 -3.594628 
523732843284441 2.237527 0.059233 -1.812948 
523732863854128 3.312605 0.468706 -0.093253 
523732884422409 4.877069 0.515616 1.297744 
523732904993919 5.565956 0.591383 2.214856 
523732925561993 5.006949 0.677227 1.637532 
523732946129180 4.412491 0.555595 0.323422 
523732966698346 3.826830 1.028414 -0.395311 
523732987267253 3.214166 1.297589 -0.671974 
523733007835587 1.823076 0.483675 -1.397267 
523733028404493 -0.982297 -1.708294 -2.347991 
523733048973554 -6.551416 -3.427173 -3.306252 
523733069542357 -8.929916 -4.775984 -4.364925 
523733090111941 -8.363394 -2.024385 -3.637074 
523733110680117 -4.440181 1.485716 -3.734847 
523733131249336 -1.530270 0.367127 -3.574301 
523733151818033 1.120021 -0.504262 -2.286457 
523733172387305 3.140481 0.156432 -1.096340 
523733192955743 2.952538 -0.317987 -1.694288 
523733213524961 2.597732 -0.620869 -2.316497 
523733234093971 2.749644 -1.076844 -2.706511 
523733254662514 1.441442 -2.066428 -2.858482 
523733275231315 0.390957 -2.531922 -2.312795 
523733295800951 0.460146 -2.714311 -0.462920 
523733316369232 2.050015 -1.527107 1.428535 
523733336938347 2.927489 -0.548497 1.011872 
523733357506993 2.420928 -0.520683 0.444821 
523733378078659 1.972688 -0.765321 0.238969 
523733398646628 2.556092 -0.297447 -0.291760 
523733419215951 3.248165 0.259688 -0.118060 
523733439784752 3.228464 0.047355 0.137380 
523733460352825 2.655160 -0.988338 -0.429874 
523733480921836 1.982451 -1.417213 -1.397030 
523733501490587 1.340692 -0.755002 -0.046363 
523733522060170 1.555766 -0.919151 2.852188 
523733542627357 1.638401 -1.103077 1.879121 
523733563196159 2.417286 -0.536756 1.783523 
523733583765899 1.750891 -0.818176 2.850643 
523733604334024 0.098928 -1.777840 3.451605 
523733624903347 -1.884780 -2.179808 2.956639 
523733645471783 -0.814758 -2.008481 0.693266 
523733666040951 -0.188920 -1.726398 -0.471452 
523733686609805 -1.970843 -2.187912 -0.415459 
523733707178450 -3.019672 -2.427951 0.019390 
523733727748711 -2.371537 -2.756306 0.246680 
523733748317149 -1.614153 -3.457208 -0.961490 
523733768886263 -3.442651 -4.536542 -1.171951 
523733789455169 -1.880536 2.402229 1.375496 
523733810024804 -1.045501 0.271266 -2.203477 
523733830592826 0.963392 -1.622550 -1.829239 
523733851161628 0.998107 -1.253191 -0.715749 
523733871730117 0.381484 -1.469942 0.032807 
523733892300690 1.076355 -0.083713 -0.110163 
523733912869180 2.130776 2.004117 -3.179989 
523733933439648 2.673331 2.729993 -3.914303 
523733954007878 0.366377 -0.487916 -2.688147 
523733974575794 -0.454780 -0.928680 -3.049520 
523733995144909 -1.288986 0.028419 -1.890313 
523734015712409 -0.268852 1.474654 -0.841875 
523734036280950 0.209777 0.366194 1.827713 
523734056850117 -0.955834 1.181846 3.242250 
523734077418920 -0.729852 2.024819 4.024018 
523734097987826 0.020934 2.115850 2.776899 
523734118556679 0.032751 -0.302831 -0.011100 
523734139126680 0.403695 -0.243224 -1.794589 
523734159696471 0.435511 -0.045972 -1.261412 
523734180265482 0.774100 -0.071768 1.048572 
523734200833815 0.897346 0.010638 2.134206 
523734221402460 0.035788 -0.448271 1.774273 
523734241971524 0.258906 -0.770737 0.492291 
523734262539544 0.381231 -0.758554 -0.417342 
523734283108399 0.324813 -0.418697 -0.598953 
523734303676940 0.519168 -0.221882 -0.287754 
523734324245794 0.983974 -0.311085 0.516399 
523734344814804 1.175511 -0.704165 1.031755 
523734365383399 0.318744 -0.751520 0.710528 
523734385952512 -0.767277 -0.656509 0.148376 
523734406524909 -0.082348 0.455784 -0.511473 
523734427094388 0.204221 0.244842 -0.612280 
523734447660690 0.284180 0.149425 -0.163085 
523734468229127 0.176277 -0.059480 0.091306 
523734488797045 0.152921 -0.297926 -0.004068 
523734509365846 0.279092 -0.304468 -0.224672 
523734529935013 0.212661 -0.288395 -0.360969 
523734550503970 0.008125 -0.266464 -0.382662 
523734571073243 -0.014188 -0.226341 -0.476933 
523734591641680 0.099332 0.018886 -0.602485 
523734612211210 -0.020625 0.190918 -0.336100 
523734632779284 -0.042648 0.151672 0.086277 
523734653348086 -0.034570 -0.023880 0.320377 
523734673917148 0.057399 -0.014780 0.320219 
523734694487721 0.221580 0.047189 0.153513 
523734715055586 0.289420 0.037902 0.131802 
523734735624596 0.186464 -0.025214 0.130282 
523734756193190 0.077745 0.034652 0.115405 
523734776762669 -0.011048 0.089569 0.196854 
523734797332252 -0.033846 0.114951 0.385896 
523734817900118 0.137245 0.029208 0.284361 
523734838468971 0.360213 -0.058062 -0.095520 
523734859039388 0.251803 -0.076109 -0.397741 
523734879608190 0.081450 -0.039958 -0.413277 
523734900178345 0.086380 -0.066787 -0.203350 
523734920744961 -0.154677 -0.142625 0.398262 
523734941313294 -0.385912 -0.111432 -0.139921 
523734961883554 -0.768033 0.240248 0.021177 
523734982451574 -0.101391 0.240944 0.841165 
523735003020117 0.481480 0.234339 0.332601 
523735023589283 0.354034 0.146082 1.099020 
523735044157825 0.606013 -0.027005 0.833219 
523735064726835 0.184159 -0.175904 -0.212324 
