# Created at Thu Nov 07 18:48:03 EST 2019 in Burnaby Canada 
523727210918558 2.614215 148.623901 2.072610 
523727218000485 3.535425 148.788406 2.678850 
523727230923609 3.535425 148.788406 2.678850 
523727251093349 0.657795 150.019608 -0.060180 
523727270970902 1.727895 149.897476 1.159470 
523727290971319 2.194710 150.341400 1.001490 
523727310924755 2.170890 149.334213 1.308570 
523727330923193 0.925710 148.003937 2.242290 
523727350923141 1.107150 149.304153 1.626360 
523727370923766 2.000520 148.464905 1.924680 
523727390923141 1.241280 148.442947 2.239530 
523727410923557 0.995145 150.586868 2.704620 
523727430923662 3.222885 148.787155 1.451790 
523727450923714 1.230210 148.012039 2.239350 
523727470923297 0.487410 148.709991 2.247000 
523727490923818 -0.103800 149.706100 1.023300 
523727510919182 1.202370 147.008270 1.931430 
523727530922984 1.994475 148.029709 2.693250 
523727550924286 0.955230 149.153046 2.242770 
523727570923922 0.199005 149.128510 3.018870 
523727590923870 1.103130 149.307571 1.011360 
523727611061161 2.055870 150.619507 1.925580 
523727631061057 1.866045 149.032867 2.387640 
523727650942151 0.658440 149.285156 2.860770 
523727670923870 0.981060 150.158539 2.243190 
523727690923400 1.756395 150.607117 2.697270 
523727710917671 0.141645 146.975632 2.710470 
523727717848088 2.015955 149.185669 1.463730 
523727730923609 2.015955 149.185669 1.463730 
523727750923557 0.655425 149.287735 2.399520 
523727770923714 0.969645 149.434341 3.319140 
523727790923869 1.272135 149.444153 3.008700 
523727810923245 2.611200 148.626465 1.611360 
523727830924235 2.913345 148.343002 2.377050 
523727850923661 0.527970 149.409378 5.629800 
523727870923765 2.162490 148.607452 2.845770 
523727890923296 -0.425760 148.538605 2.870760 
523727910917620 1.681935 148.028458 1.466190 
523727930923974 2.170890 149.334213 1.308570 
523727951131266 2.752365 147.759262 3.300780 
523727970997203 0.356970 149.714828 1.633890 
523727990999286 1.852620 148.310379 3.156090 
523728010919495 2.023335 149.472961 1.463850 
523728030925692 1.711455 149.177567 1.466670 
523728050917880 3.373110 148.352585 2.833890 
523728070924286 1.428090 150.032166 1.316220 
523728090924494 2.632320 149.048828 3.149040 
523728110923765 3.241995 149.211212 2.681970 
523728130924026 2.630310 149.050537 2.841540 
523728150923766 1.107810 149.010025 2.856240 
523728170923401 1.982070 147.746719 1.924380 
523728190923349 1.953225 146.743790 1.462710 
523728210916995 0.668850 150.010208 1.631070 
523728230923036 1.684950 148.025894 1.927440 
523728250924026 2.186985 149.760864 2.077500 
523728270924234 1.210425 147.441742 1.470360 
523728290925015 2.165520 149.045227 1.615950 
523728310938401 1.401240 148.587204 2.853120 
523728330970640 0.641010 149.006439 1.323150 
523728350970432 1.257060 149.456985 0.702450 
523728370921682 0.372390 149.995255 2.864010 
523728390918714 3.642720 146.922577 3.137850 
523728410918088 -0.624930 147.987366 -2.048010 
523728430920067 1.838895 148.615616 -0.072540 
523728450925172 2.613225 149.065079 0.227790 
523728470922046 2.618595 149.354065 -0.079590 
523728490924234 0.477360 148.718536 0.709500 
523728510918557 2.147415 148.620285 0.539520 
523728530917775 2.152455 149.056335 -0.382800 
523728550917827 2.590740 147.909973 1.303560 
523728570917099 0.922710 148.446808 0.089970 
523728590919026 1.094085 149.315262 -0.372390 
523728610917567 0.187290 149.432053 0.097740 
523728630917462 1.991820 148.765869 -0.535200 
523728650918816 1.183275 147.024506 -0.989820 
523728670951526 -0.315405 147.991196 -1.282200 
523728690927932 0.422025 147.004257 -0.982470 
523728710927879 0.590040 147.582001 -0.829950 
523728730917046 -0.159450 148.579208 -2.974680 
523728750918036 2.721555 148.079041 -2.541600 
523728770918296 0.423045 147.443726 -2.519790 
523728790920120 -1.675260 148.239456 -0.807600 
523728810920380 0.903615 148.463058 -2.831280 
523728830923504 1.349625 147.897217 -2.220930 
523728850922931 2.853675 147.219513 -2.235930 
523728870923556 1.014270 146.887924 -2.987160 
523728890923452 0.609480 147.859024 1.015170 
523728910919025 0.613515 148.295929 -0.060900 
523728930924702 1.188300 147.020233 -0.221070 
523728951126421 4.387560 147.103577 0.055560 
523728970919182 2.564910 146.904495 1.303140 
523728990917203 1.347255 147.165344 0.238770 
523729010927723 0.889830 147.007004 0.704370 
523729030916994 2.124600 147.612244 1.000350 
523729050930744 2.899275 148.354965 0.224550 
523729070930901 3.632670 146.931137 1.600350 
523729090917880 4.263135 147.662964 2.056020 
523729110917828 4.392240 146.806030 1.900440 
523729130916890 4.226235 146.226563 2.055420 
523729150917254 3.628650 146.934555 0.985350 
523729170917046 4.726920 147.669128 3.127860 
523729190916942 3.494520 147.795761 0.372180 
523729210922984 4.703790 147.248474 1.282680 
523729230923556 4.738335 148.393326 2.051910 
523729250917254 2.897250 147.916351 1.608120 
523729270919078 1.672545 147.742889 1.158570 
523729290917306 3.199410 148.073227 0.682740 
523729310917462 1.683960 148.467056 0.082620 
523729330917879 3.485130 147.510178 0.064560 
523729350920171 0.878775 147.016403 -0.986880 
523729370916161 2.761125 149.219589 -1.003620 
523729390916682 4.724250 147.964966 1.590480 
523729410928401 3.464670 146.793686 -0.243240 
523729430928609 2.727240 147.780640 -0.542970 
523729450917255 2.467680 149.202087 0.690570 
523729470917828 1.216140 148.024002 0.086850 
523729490917723 2.008920 149.191650 0.387480 
523729510918140 3.499890 148.084747 0.064800 
523729530924338 3.499890 148.084747 0.064800 
523729550923452 2.184315 150.056686 0.540120 
523729570923348 3.951600 147.660843 0.982710 
523729590925171 1.668870 148.039566 -0.532560 
523729610918765 1.233600 149.183365 -1.757670 
523729630917358 2.004255 149.929520 -3.148470 
523729650917723 2.165565 150.366196 -3.457260 
523729670917984 0.952575 149.889191 -0.985680 
523729690918609 -1.792605 150.113846 -2.804100 
523729710916994 2.176635 150.797119 -3.457080 
523729717988608 0.672585 151.474823 -3.442080 
523729730917150 0.672585 151.474823 -3.442080 
523729750916941 -1.061865 149.426163 -4.656750 
523729770938660 -0.253305 151.607849 -5.893200 
523729791334598 1.382520 149.777374 -4.526400 
523729810917514 -1.293555 152.732025 -6.497430 
523729830917098 -0.266730 150.885376 -5.124750 
523729850923400 -1.145010 152.152100 -4.807890 
523729870917879 -0.847560 151.725876 -4.196010 
523729890922514 -0.251655 150.872559 -2.818500 
523729910919181 -0.123210 150.309723 -4.203960 
523729930925015 2.640765 151.096558 -3.461370 
523729951126004 1.195035 148.041962 -3.141900 
523729970919025 1.436850 151.492508 -2.988180 
523729990918348 0.940860 150.192734 -3.906810 
523730010918452 2.923815 150.829330 -5.616930 
523730030986316 1.098825 150.779022 -5.291790 
523730050918139 1.104195 151.068008 -5.599170 
523730070917723 1.117275 151.497223 -5.291490 
523730090917984 1.714545 151.376617 -6.527430 
523730110931577 1.366425 149.350723 -5.295330 
523730130918973 1.120290 151.494659 -4.830240 
523730151321368 0.929820 150.642456 -7.289130 
523730170922254 0.194055 151.334412 -6.205230 
523730190918088 1.228275 150.215363 -6.523500 
523730210919234 1.977765 149.218155 -4.378770 
523730218054442 1.218870 149.489471 -5.140050 
523730230920275 1.218870 149.489471 -5.140050 
523730250925171 2.454330 150.681244 -6.996330 
523730270923452 1.398300 150.791397 -6.063480 
523730290923243 1.694070 150.219818 -5.144160 
523730310917254 2.101845 148.365494 -5.303100 
523730330923660 0.586725 148.612274 -5.288280 
523730350924025 1.826190 149.360321 -4.838490 
523730370917045 1.210470 148.762726 -3.602850 
523730390918399 1.069620 149.042526 -2.986260 
523730410918035 3.982830 149.835968 -2.706390 
523730430919806 1.994850 149.203613 -1.765020 
523730450917411 1.283925 151.342255 -2.525520 
523730470918869 1.725585 150.926910 -3.145110 
523730490919129 1.134360 151.482697 -2.677740 
523730511248400 1.731630 151.362091 -3.913680 
523730530918660 0.702450 152.917191 -4.517730 
523730550918713 1.134705 151.775955 -3.753870 
523730571004180 0.702795 153.210464 -5.593860 
523730590918973 -0.197955 153.762451 -5.892300 
523730610918295 -2.019930 153.709579 -5.105910 
523730630921109 -1.898880 152.419144 -4.800420 
523730650924128 -0.198975 153.322983 -4.354980 
523730670924389 -0.393810 152.180893 -6.352740 
523730690922254 -1.564860 153.576355 -4.802880 
523730710919128 -1.594725 152.133972 -3.727230 
523730730917931 0.564945 153.047409 -2.824950 
523730750917671 0.255075 152.750305 -2.514630 
523730770917931 0.385515 151.745438 -1.901520 
523730790918451 0.526035 151.612717 -3.133050 
523730810917670 0.408990 152.459366 -1.132470 
523730830921160 1.924095 151.772278 0.543780 
523730850953452 2.456610 148.771179 0.690390 
523730871207098 2.043810 150.629761 0.080580 
523730890966108 3.257430 149.931992 2.221020 
523730910919649 3.275880 150.650192 2.221320 
523730930919649 2.259105 152.488312 2.386140 
523730951127098 2.550510 151.626877 3.766590 
523730970925796 2.697405 151.782272 2.381430 
523730990918452 2.267145 152.481461 3.616140 
523731010918556 1.156455 151.023560 2.395830 
523731030925275 1.362375 153.036865 2.702700 
523731050925223 0.004875 153.576675 2.408670 
523731070924754 1.120605 155.470642 2.706660 
523731090918452 1.241325 154.327271 2.397210 
523731110919389 1.125285 155.173096 4.551540 
523731130919024 -0.959250 156.984573 4.419150 
523731150925222 0.107520 157.452393 2.871540 
523731170918035 -3.534075 157.638199 3.675690 
523731190917670 -3.484095 159.503799 3.983970 
523731210917774 -3.500190 159.077164 3.215040 
523731231175170 -6.046185 160.293396 4.624321 
523731250964649 -3.925770 159.478836 6.294630 
523731270918244 -3.939855 159.050491 5.833200 
523731290917618 -3.466021 159.048096 8.442540 
523731310917879 -3.331890 158.186890 9.055711 
523731330920795 -2.757105 156.911179 8.895540 
523731350917774 -3.213855 156.899033 8.899950 
523731370924025 -3.936195 158.313477 9.215400 
523731390924076 -4.081080 158.156387 10.908060 
523731410918243 -5.038185 156.554611 10.454970 
523731430918763 -4.669291 158.709595 11.836680 
523731450918712 -3.958365 156.570984 12.597180 
523731470918399 -4.693785 157.556213 12.604950 
523731490918972 -3.321195 157.443893 13.514160 
523731510917670 -3.916440 158.003098 13.366530 
523731530924180 -1.690710 156.205078 11.806200 
523731550923399 -2.386905 158.037613 14.428081 
523731570929597 -1.809450 156.466095 15.805290 
523731591139962 -2.215875 158.612808 15.041850 
523731610965171 -0.878850 156.916168 16.719151 
523731630919180 -1.916100 157.597473 18.267241 
523731650917722 0.527265 157.509247 19.934910 
523731670917097 0.576570 159.228638 20.704380 
523731690923191 0.250590 158.064560 21.936840 
523731710917826 1.524930 159.810394 23.770800 
523731730924233 0.328395 160.493637 24.244110 
523731750923295 1.461225 162.813385 25.464781 
523731770922982 0.409575 163.653717 24.245430 
523731790923451 -1.213875 164.886520 27.029642 
523731810917514 -0.417735 166.344894 26.715389 
523731830917515 1.118190 167.107864 25.932240 
523731850917358 -1.602180 167.898514 25.651562 
523731870917305 -1.114245 168.764801 27.031261 
523731890917253 -0.917385 170.345490 27.645451 
523731910919076 -1.833225 170.469940 26.731831 
523731930918712 0.182579 171.665741 27.789452 
523731951139649 -3.288315 172.573792 28.592432 
523731971139649 -3.266835 173.729752 27.362911 
523731990964962 -3.272880 173.294556 28.131481 
523732010917566 -4.025070 173.706940 27.831511 
523732030918087 -3.224910 175.161865 28.132261 
523732050917097 -3.514650 175.728333 28.135441 
523732070922202 -4.114921 176.291824 27.219061 
523732090923919 -4.460685 174.557495 27.682529 
523732110917670 -4.273876 176.146698 26.759220 
523732130923504 -5.541180 174.394882 26.001511 
523732150917044 -4.927485 174.553879 26.149439 
523732170916837 -4.927485 174.553879 26.149439 
523732190917045 -5.516010 175.694504 24.772049 
523732210916680 -5.752440 177.536621 27.850771 
523732218402878 -6.680685 177.378067 26.168280 
523732230916784 -6.680685 177.378067 26.168280 
523732250916889 -5.623335 176.679672 27.695190 
523732270916472 -7.601206 177.800095 23.409781 
523732290917045 -7.943281 176.209381 23.873310 
523732311027826 -9.167985 176.035919 23.423761 
523732331027826 -10.388656 176.299332 21.898142 
523732350934701 -10.306846 173.721298 21.280590 
523732370952774 -11.932620 175.543198 21.451290 
523732390916993 -10.398705 176.307892 20.360641 
523732410916889 -11.953725 175.561157 18.222540 
523732430919962 -10.438950 175.021103 19.283850 
523732450926368 -9.998296 174.606628 18.510509 
523732470924598 -11.821590 175.141998 16.837141 
523732490924129 -11.968485 174.986588 18.222301 
523732510917566 -12.090555 175.837570 19.454130 
523732530924129 -10.999320 176.578125 20.520391 
523732550917200 -10.450020 174.590195 19.283670 
523732570916732 -11.324281 175.853546 20.215530 
523732590916837 -11.009730 175.853088 21.750090 
523732610916889 -9.955380 175.597565 21.124681 
523732630923243 -9.634786 176.032303 21.890671 
523732650923607 -8.757855 174.473160 22.496189 
523732671007409 -8.410770 175.619263 24.492479 
523732691007409 -8.113996 175.046814 25.565552 
523732710918764 -6.308475 173.939453 26.777430 
523732718008191 -6.225630 176.804565 28.162380 
523732730917254 -6.225630 176.804565 28.162380 
523732750918451 -5.923470 176.961426 27.237001 
523732770918452 -6.499275 177.797668 28.934490 
523732790917410 -7.237050 178.491348 29.710890 
523732810918504 -8.184736 178.055771 26.183279 
523732830923763 -8.230035 175.892639 27.719879 
523732850923347 -7.683751 173.907272 26.021910 
523732870917670 -8.806516 172.019302 24.647671 
523732890917409 -9.199546 169.444489 21.267031 
523732910919909 -9.879631 167.580612 17.735880 
523732930919701 -9.276675 162.598282 13.267681 
523732951124440 -7.568745 158.491592 11.403300 
523732970918242 -6.523125 153.093033 6.469260 
523732990917305 -4.398660 148.592346 0.141540 
523733010917983 -0.442515 143.842728 -4.358940 
523733030940378 6.973470 138.194473 -11.353650 
523733050940378 13.259655 135.227554 -15.567960 
523733070917462 18.138391 131.815536 -23.766720 
523733090917305 22.519470 131.962051 -29.036850 
523733110918294 23.767050 134.904877 -35.812412 
523733130917148 25.461287 136.547409 -39.056671 
523733150917148 27.192764 139.919632 -43.376461 
523733170923554 28.570757 140.976944 -46.156773 
523733190923555 30.020868 144.761719 -48.628437 
523733210917357 33.633286 143.720078 -50.509201 
523733230923711 34.923435 147.360565 -53.594463 
523733250917305 39.071430 149.199570 -54.709682 
523733270917565 40.377003 153.120514 -56.564819 
523733290917409 42.223473 154.326782 -58.119480 
523733310916941 42.266762 156.491638 -59.963581 
523733330921264 43.814434 157.831741 -61.207741 
523733350916732 43.127644 160.390167 -59.969311 
523733370917149 43.719872 159.833542 -60.282932 
523733390920378 44.817837 161.595810 -62.137501 
523733410919441 45.284294 161.306168 -59.528282 
523733430919076 46.304100 159.905807 -60.922920 
523733450919908 47.533173 160.369110 -60.934502 
523733470918294 48.701508 157.948532 -58.948532 
523733490919909 49.906757 157.404648 -58.653030 
523733510918399 48.622993 154.492599 -57.412472 
523733530925326 48.354378 155.481445 -55.871609 
523733550923607 47.661507 152.160660 -55.713364 
523733570923607 48.246002 150.583145 -53.259903 
523733590923919 50.340618 149.643784 -54.972153 
523733610917461 51.237659 148.507828 -52.982700 
523733630917305 50.581665 145.742813 -49.441711 
523733650917044 51.940830 144.908020 -47.764050 
523733670917096 54.610531 141.665222 -45.639393 
523733690917409 54.881119 139.353714 -41.799541 
523733710916627 52.164093 139.994736 -41.004032 
523733730916888 53.503128 138.296387 -39.019230 
523733750941940 51.651943 136.507019 -35.927311 
523733770941940 53.754242 134.827209 -33.642361 
523733790918138 53.296818 134.668839 -33.176762 
523733810918242 54.190517 133.682541 -32.263500 
523733830917461 54.792812 133.557678 -32.730690 
523733850918607 55.544659 132.852036 -31.354591 
523733870918867 55.119076 133.253677 -28.275002 
523733890923815 53.399719 131.632523 -28.874491 
523733910918190 52.824257 132.762024 -28.253132 
523733930925273 53.441990 133.357910 -29.181271 
523733951133347 54.032207 132.802979 -29.802391 
523733970919232 57.107719 133.591919 -27.986490 
523733990919909 57.252605 133.748993 -29.679152 
523734010918502 57.133919 135.771301 -32.444340 
523734030923190 56.821068 136.357437 -35.977409 
523734050916627 58.184940 136.105759 -35.837009 
523734070916680 58.079689 138.850494 -39.370651 
523734090918920 58.847973 138.864777 -38.301750 
523734110928242 59.624298 138.872208 -36.002850 
523734130928242 57.322445 138.386520 -37.057228 
523734150918451 57.317074 138.097519 -36.749851 
523734170919387 56.585690 139.519653 -37.818150 
523734190919597 57.645046 138.819550 -35.983742 
523734210918763 58.864410 139.584686 -38.608952 
523734230918137 59.123611 137.429642 -37.075291 
523734250924857 59.123268 137.136383 -35.999161 
523734270923971 57.772125 137.524017 -34.755749 
523734290923868 58.359005 137.118698 -36.453060 
523734310917409 58.345577 136.396225 -35.684612 
523734330923189 58.384834 138.124161 -36.452641 
523734350917043 58.868073 138.847687 -35.226749 
523734370916785 58.547806 138.265900 -35.377804 
523734390923919 56.557472 137.341980 -33.667801 
523734410917565 58.109825 138.384537 -33.067081 
523734430922252 57.354961 139.092743 -34.904430 
523734450921784 57.745274 136.079071 -33.218849 
523734470918190 57.604427 136.358871 -32.602261 
523734490918190 56.596386 138.776657 -33.359703 
523734510917617 56.575924 138.060165 -33.667500 
523734530923658 56.732864 138.207031 -33.515160 
523734550917512 58.064552 137.102036 -34.912621 
523734570917408 57.618843 136.640167 -31.525890 
523734590917201 58.825802 137.122299 -34.919971 
523734610917201 56.441792 138.921402 -34.280670 
523734630923295 58.369053 137.110138 -34.915562 
523734650922982 57.623222 137.370331 -33.678089 
523734670923033 56.877407 138.070831 -34.131691 
523734690923502 55.327068 137.026581 -34.424911 
523734710917930 55.324051 137.029144 -34.886162 
523734730918347 57.460590 137.521912 -35.829060 
523734750917669 57.470642 137.513351 -34.291557 
523734770917721 57.486076 138.234116 -34.752510 
523734790918659 58.229534 137.242035 -33.530281 
523734810919023 57.159107 137.511246 -35.364872 
523734830923398 57.159107 137.511246 -35.364872 
523734851296887 57.316730 137.804276 -35.673721 
523734870919440 57.316730 137.804276 -35.673721 
523734890919284 56.872383 138.075104 -34.900440 
523734910920741 57.592369 136.369125 -34.447262 
523734930918034 55.908226 136.039017 -34.738708 
523734951124700 56.731876 138.648209 -35.359982 
523734970925742 57.485718 137.500534 -31.985312 
523734990924804 59.605846 138.154007 -36.003151 
523735010924075 56.591358 138.780930 -34.128452 
523735030924543 55.657066 138.187225 -35.042370 
523735050923606 55.350227 138.327896 -35.961872 
523735070923242 56.077248 136.615906 -34.432442 
523735090923554 57.480061 138.679565 -37.366077 
