# Created at Thu Nov 07 18:48:03 EST 2019 in Burnaby Canada 
523727210918558 -38.159252 -36.919724 12.438288 
523727217999131 -37.238045 -36.755219 13.044528 
523727230923609 -37.238045 -36.755219 13.044528 
523727251093349 -40.115673 -35.524017 10.305498 
523727270970902 -39.045574 -35.646149 11.525148 
523727290971319 -38.578758 -35.202225 11.367167 
523727310924755 -38.602577 -36.209412 11.674248 
523727330923193 -39.847759 -37.539688 12.607967 
523727350923141 -39.666317 -36.239471 11.992038 
523727370923766 -38.772949 -37.078720 12.290358 
523727390923141 -39.532188 -37.100677 12.605207 
523727410923557 -39.778324 -34.956757 13.070298 
523727430923662 -37.550583 -36.756470 11.817468 
523727450923714 -39.543259 -37.531586 12.605028 
523727470923297 -40.286057 -36.833633 12.612679 
523727490923818 -40.877266 -35.837524 11.388978 
523727510919182 -39.571098 -38.535355 12.297108 
523727530922984 -38.778992 -37.513916 13.058928 
523727550924286 -39.818237 -36.390579 12.608448 
523727570923922 -40.574463 -36.415115 13.384548 
523727590923870 -39.670338 -36.236053 11.377038 
523727611061161 -38.717598 -34.924118 12.291258 
523727631061057 -38.907421 -36.510757 12.753318 
523727650942151 -40.115028 -36.258469 13.226448 
523727670923870 -39.792408 -35.385086 12.608868 
523727690923400 -39.017075 -34.936508 13.062948 
523727710917671 -40.631824 -38.567993 13.076148 
523727717848088 -38.757515 -36.357956 11.829408 
523727730923609 -38.757515 -36.357956 11.829408 
523727750923557 -40.118042 -36.255890 12.765198 
523727770923714 -39.803822 -36.109283 13.684818 
523727790923869 -39.501335 -36.099472 13.374378 
523727810923245 -38.162270 -36.917160 11.977037 
523727830924235 -37.860123 -37.200623 12.742727 
523727850923661 -40.245499 -36.134247 15.995478 
523727870923765 -38.610977 -36.936172 13.211448 
523727890923296 -41.199226 -37.005020 13.236438 
523727910917620 -39.091534 -37.515167 11.831868 
523727930923974 -38.602577 -36.209412 11.674248 
523727951131266 -38.021103 -37.784363 13.666458 
523727970997203 -40.416496 -35.828796 11.999568 
523727990999286 -38.920849 -37.233246 13.521768 
523728010919495 -38.750134 -36.070663 11.829528 
523728030925692 -39.062012 -36.366058 11.832348 
523728050917880 -37.400356 -37.191040 13.199568 
523728070924286 -39.345379 -35.511459 11.681898 
523728090924494 -38.141148 -36.494797 13.514718 
523728110923765 -37.531471 -36.332413 13.047647 
523728130924026 -38.143158 -36.493088 13.207218 
523728150923766 -39.665657 -36.533600 13.221918 
523728170923401 -38.791397 -37.796906 12.290058 
523728190923349 -38.820244 -38.799835 11.828388 
523728210916995 -40.104618 -35.533417 11.996748 
523728230923036 -39.088516 -37.517731 12.293118 
523728250924026 -38.586483 -35.782761 12.443178 
523728270924234 -39.563042 -38.101883 11.836038 
523728290925015 -38.607948 -36.498398 11.981627 
523728310938401 -39.372227 -36.956421 13.218798 
523728330970640 -40.132458 -36.537186 11.688828 
523728350970432 -39.516407 -36.086639 11.068128 
523728370921682 -40.401077 -35.548370 13.229688 
523728390918714 -37.130749 -38.621048 13.503528 
523728410918088 -41.398399 -37.556259 8.317668 
523728430920067 -38.934574 -36.928009 10.293138 
523728450925172 -38.160244 -36.478546 10.593468 
523728470922046 -38.154873 -36.189560 10.286088 
523728490924234 -40.296108 -36.825089 11.075178 
523728510918557 -38.626053 -36.923340 10.905198 
523728530917775 -38.621014 -36.487289 9.982878 
523728550917827 -38.182728 -37.633652 11.669238 
523728570917099 -39.850758 -37.096817 10.455647 
523728590919026 -39.679382 -36.228363 9.993288 
523728610917567 -40.586178 -36.111572 10.463418 
523728630917462 -38.781647 -36.777756 9.830478 
523728650918816 -39.590195 -38.519119 9.375857 
523728670951526 -41.088875 -37.552429 9.083478 
523728690927932 -40.351444 -38.539368 9.383207 
523728710927879 -40.183430 -37.961624 9.535728 
523728730917046 -40.932919 -36.964417 7.390998 
523728750918036 -38.051914 -37.464584 7.824078 
523728770918296 -40.350422 -38.099899 7.845888 
523728790920120 -42.448727 -37.304169 9.558078 
523728810920380 -39.869854 -37.080566 7.534398 
523728830923504 -39.423843 -37.646408 8.144748 
523728850922931 -37.919792 -38.324112 8.129747 
523728870923556 -39.759197 -38.655701 7.378518 
523728890923452 -40.163986 -37.684601 11.380848 
523728910919025 -40.159954 -37.247696 10.304778 
523728930924702 -39.585167 -38.523392 10.144608 
523728951126421 -36.385910 -38.440048 10.421238 
523728970919182 -38.208557 -38.639130 11.668818 
523728990917203 -39.426212 -38.378281 10.604448 
523729010927723 -39.883636 -38.536621 11.070047 
523729030916994 -38.648869 -37.931381 11.366028 
523729050930744 -37.874191 -37.188660 10.590228 
523729070930901 -37.140797 -38.612488 11.966028 
523729090917880 -36.510334 -37.880661 12.421698 
523729110917828 -36.381229 -38.737595 12.266118 
523729130916890 -36.547234 -39.317062 12.421098 
523729150917254 -37.144817 -38.609070 11.351027 
523729170917046 -36.046547 -37.874496 13.493538 
523729190916942 -37.278950 -37.747864 10.737858 
523729210922984 -36.069679 -38.295151 11.648357 
523729230923556 -36.035133 -37.150299 12.417587 
523729250917254 -37.876217 -37.627274 11.973798 
523729270919078 -39.100922 -37.800735 11.524248 
523729290917306 -37.574059 -37.470398 11.048418 
523729310917462 -39.089508 -37.076569 10.448298 
523729330917879 -37.288338 -38.033447 10.430238 
523729350920171 -39.894691 -38.527222 9.378798 
523729370916161 -38.012344 -36.324036 9.362058 
523729390916682 -36.049217 -37.578659 11.956158 
523729410928401 -37.308800 -38.749939 10.122437 
523729430928609 -38.046227 -37.762985 9.822708 
523729450917255 -38.305786 -36.341537 11.056248 
523729470917828 -39.557327 -37.519623 10.452528 
523729490917723 -38.764549 -36.351974 10.753158 
523729510918140 -37.273579 -37.458878 10.430478 
523729530924338 -37.273579 -37.458878 10.430478 
523729550923452 -38.589153 -35.486938 10.905798 
523729570923348 -36.821869 -37.882782 11.348388 
523729590925171 -39.104599 -37.504059 9.833117 
523729610918765 -39.539867 -36.360260 8.608007 
523729630917358 -38.769215 -35.614105 7.217208 
523729650917723 -38.607903 -35.177429 6.908418 
523729670917984 -39.820892 -35.654434 9.379998 
523729690918609 -42.566074 -35.429779 7.561578 
523729710916994 -38.596832 -34.746506 6.908598 
523729717988608 -40.100883 -34.068802 6.923598 
523729730917150 -40.100883 -34.068802 6.923598 
523729750916941 -41.835335 -36.117462 5.708928 
523729770938660 -41.026772 -33.935776 4.472477 
523729791334598 -39.390949 -35.766251 5.839278 
523729810917514 -42.067024 -32.811600 3.868248 
523729830917098 -41.040199 -34.658249 5.240928 
523729850923400 -41.918480 -33.391525 5.557788 
523729870917879 -41.621029 -33.817749 6.169668 
523729890922514 -41.025124 -34.671066 7.547178 
523729910919181 -40.896679 -35.233902 6.161717 
523729930925015 -38.132702 -34.447067 6.904308 
523729951126004 -39.578434 -37.501663 7.223778 
523729970919025 -39.336617 -34.051117 7.377498 
523729990918348 -39.832607 -35.350891 6.458868 
523730010918452 -37.849655 -34.714294 4.748748 
523730030986316 -39.674644 -34.764603 5.073888 
523730050918139 -39.669273 -34.475616 4.766508 
523730070917723 -39.656193 -34.046402 5.074188 
523730090917984 -39.058922 -34.167007 3.838248 
523730110931577 -39.407043 -36.192902 5.070348 
523730130918973 -39.653179 -34.048965 5.535438 
523730151321368 -39.843647 -34.901169 3.076548 
523730170922254 -40.579414 -34.209213 4.160448 
523730190918088 -39.545193 -35.328262 3.842178 
523730210919234 -38.795704 -36.325470 5.986907 
523730218054129 -39.554600 -36.054153 5.225627 
523730230920275 -39.554600 -36.054153 5.225627 
523730250925171 -38.319138 -34.862381 3.369348 
523730270923452 -39.375168 -34.752228 4.302198 
523730290923243 -39.079399 -35.323807 5.221518 
523730310917254 -38.671623 -37.178131 5.062578 
523730330923660 -40.186745 -36.931351 5.077398 
523730350924025 -38.947277 -36.183304 5.527188 
523730370917045 -39.563000 -36.780899 6.762828 
523730390918399 -39.703846 -36.501099 7.379418 
523730410918035 -36.790638 -35.707657 7.659288 
523730430919806 -38.778618 -36.340012 8.600657 
523730450917411 -39.489544 -34.201370 7.840158 
523730470918869 -39.047882 -34.616714 7.220568 
523730490919129 -39.639107 -34.060928 7.687938 
523730511248400 -39.041840 -34.181534 6.451998 
523730530918660 -40.071018 -32.626434 5.847948 
523730550918713 -39.638763 -33.767670 6.611808 
523730571004180 -40.070675 -32.333160 4.771818 
523730590918973 -40.971424 -31.781174 4.473378 
523730610918295 -42.793400 -31.834045 5.259768 
523730630921109 -42.672348 -33.124481 5.565258 
523730650924128 -40.972443 -32.220642 6.010697 
523730670924389 -41.167278 -33.362732 4.012938 
523730690922254 -42.338329 -31.967270 5.562798 
523730710919128 -42.368195 -33.409653 6.638448 
523730730917931 -40.208523 -32.496216 7.540728 
523730750917671 -40.518394 -32.793320 7.851048 
523730770917931 -40.387955 -33.798187 8.464158 
523730790918451 -40.247433 -33.930908 7.232628 
523730810917670 -40.364479 -33.084259 9.233208 
523730830921160 -38.849373 -33.771347 10.909458 
523730850953452 -38.316856 -36.772446 11.056067 
523730871207098 -38.729660 -34.913864 10.446258 
523730890966108 -37.516037 -35.611633 12.586698 
523730910919649 -37.497589 -34.893433 12.586998 
523730930919649 -38.514362 -33.055313 12.751818 
523730951127098 -38.222958 -33.916748 14.132268 
523730970925796 -38.076065 -33.761353 12.747108 
523730990918452 -38.506325 -33.062164 13.981817 
523731010918556 -39.617012 -34.520065 12.761508 
523731030925275 -39.411095 -32.506760 13.068378 
523731050925223 -40.768593 -31.966949 12.774347 
523731070924754 -39.652863 -30.072983 13.072338 
523731090918452 -39.532143 -31.216354 12.762888 
523731110919389 -39.648182 -30.370529 14.917218 
523731130919024 -41.732719 -28.559052 14.784828 
523731150925222 -40.665947 -28.091232 13.237218 
523731170918035 -44.307545 -27.905426 14.041368 
523731190917670 -44.257565 -26.039825 14.349648 
523731210917774 -44.273659 -26.466461 13.580718 
523731231175170 -46.819653 -25.250229 14.989998 
523731250964649 -44.699238 -26.064789 16.660309 
523731270918244 -44.713322 -26.493134 16.198877 
523731290917618 -44.239487 -26.495529 18.808218 
523731310917879 -44.105358 -27.356735 19.421389 
523731330920795 -43.530575 -28.632446 19.261219 
523731350917774 -43.987324 -28.644592 19.265629 
523731370924025 -44.709663 -27.230148 19.581078 
523731390924076 -44.854549 -27.387238 21.273739 
523731410918243 -45.811653 -28.989014 20.820648 
523731430918763 -45.442760 -26.834030 22.202358 
523731450918712 -44.731834 -28.972641 22.962858 
523731470918399 -45.467255 -27.987411 22.970627 
523731490918972 -44.094662 -28.099731 23.879837 
523731510917670 -44.689907 -27.540527 23.732208 
523731530924180 -42.464176 -29.338547 22.171879 
523731550923399 -43.160374 -27.506012 24.793758 
523731570929597 -42.582916 -29.077530 26.170967 
523731591139962 -42.989342 -26.930817 25.407528 
523731610965171 -41.652317 -28.627457 27.084827 
523731630919180 -42.689568 -27.946152 28.632919 
523731650917722 -40.246204 -28.034378 30.300587 
523731670917097 -40.196899 -26.314987 31.070057 
523731690923191 -40.522877 -27.479065 32.302517 
523731710917826 -39.248539 -25.733231 34.136478 
523731730924233 -40.445072 -25.049988 34.609787 
523731750923295 -39.312244 -22.730240 35.830460 
523731770922982 -40.363892 -21.889908 34.611107 
523731790923451 -41.987343 -20.657104 37.395321 
523731810917514 -41.191204 -19.198730 37.081066 
523731830917515 -39.655277 -18.435760 36.297916 
523731850917358 -42.375648 -17.645111 36.017239 
523731870917305 -41.887714 -16.778824 37.396938 
523731890917253 -41.690853 -15.198135 38.011127 
523731910919076 -42.606693 -15.073685 37.097507 
523731930918712 -40.590889 -13.877884 38.155128 
523731951139649 -44.061783 -12.969833 38.958111 
523731971139649 -44.040302 -11.813873 37.728588 
523731990964962 -44.046349 -12.249069 38.497158 
523732010917566 -44.798538 -11.836685 38.197189 
523732030918087 -43.998379 -10.381760 38.497940 
523732050917097 -44.288116 -9.815292 38.501118 
523732070922202 -44.888390 -9.251801 37.584740 
523732090923919 -45.234154 -10.986130 38.048206 
523732110917670 -45.047344 -9.396927 37.124897 
523732130923504 -46.314648 -11.148743 36.367188 
523732150917044 -45.700954 -10.989746 36.515118 
523732170916837 -45.700954 -10.989746 36.515118 
523732190917045 -46.289478 -9.849121 35.137726 
523732210916680 -46.525909 -8.007004 38.216450 
523732218402774 -47.454151 -8.165558 36.533958 
523732230916784 -47.454151 -8.165558 36.533958 
523732250916889 -46.396805 -8.863953 38.060867 
523732270916472 -48.374672 -7.743530 33.775459 
523732290917045 -48.716751 -9.334244 34.238987 
523732311027826 -49.941452 -9.507706 33.789440 
523732331027826 -51.162125 -9.244293 32.263821 
523732350934701 -51.080315 -11.822327 31.646267 
523732370952774 -52.706089 -10.000427 31.816967 
523732390916993 -51.172173 -9.235733 30.726318 
523732410916889 -52.727192 -9.982468 28.588219 
523732430919962 -51.212418 -10.522522 29.649529 
523732450926368 -50.771763 -10.936996 28.876186 
523732470924598 -52.595058 -10.401627 27.202820 
523732490924129 -52.741951 -10.557037 28.587978 
523732510917566 -52.864021 -9.706055 29.819809 
523732530924129 -51.772789 -8.965500 30.886070 
523732550917200 -51.223488 -10.953430 29.649349 
523732570916732 -52.097748 -9.690079 30.581207 
523732590916837 -51.783199 -9.690536 32.115768 
523732610916889 -50.728848 -9.946060 31.490360 
523732630923243 -50.408253 -9.511322 32.256348 
523732650923607 -49.531322 -11.070465 32.861866 
523732671007409 -49.184238 -9.924362 34.858158 
523732691007409 -48.887463 -10.496811 35.931229 
523732710918764 -47.081944 -11.604172 37.143108 
523732718008191 -46.999100 -8.739059 38.528057 
523732730917254 -46.999100 -8.739059 38.528057 
523732750918451 -46.696938 -8.582199 37.602680 
523732770918452 -47.272743 -7.745956 39.300167 
523732790917410 -48.010517 -7.052277 40.076569 
523732810918504 -48.958206 -7.487854 36.548958 
523732830923763 -49.003502 -9.650986 38.085556 
523732850923347 -48.457218 -11.636353 36.387589 
523732870917670 -49.579983 -13.524323 35.013348 
523732890917409 -49.973015 -16.099136 31.632710 
523732910919909 -50.653099 -17.963013 28.101559 
523732930919701 -50.050144 -22.945343 23.633358 
523732951124440 -48.342213 -27.052032 21.768978 
523732970918242 -47.296593 -32.450592 16.834938 
523732990917305 -45.172127 -36.951279 10.507217 
523733010917983 -41.215984 -41.700897 6.006738 
523733030940378 -33.799999 -47.349152 -0.987972 
523733050940378 -27.513813 -50.316071 -5.202282 
523733070917462 -22.635077 -53.728088 -13.401042 
523733090917305 -18.253998 -53.581573 -18.671173 
523733110918294 -17.006418 -50.638748 -25.446735 
523733130917148 -15.312181 -48.996216 -28.690994 
523733150917148 -13.580704 -45.623993 -33.010784 
523733170923554 -12.202711 -44.566681 -35.791096 
523733190923555 -10.752600 -40.781906 -38.262760 
523733210917357 -7.140182 -41.823547 -40.143524 
523733230923711 -5.850033 -38.183060 -43.228786 
523733250917305 -1.702038 -36.344055 -44.344006 
523733270917565 -0.396465 -32.423111 -46.199142 
523733290917409 1.450005 -31.216843 -47.753803 
523733310916941 1.493294 -29.051987 -49.597904 
523733330921264 3.040966 -27.711884 -50.842064 
523733350916732 2.354176 -25.153458 -49.603634 
523733370917149 2.946404 -25.710083 -49.917255 
523733390920378 4.044369 -23.947815 -51.771824 
523733410919441 4.510826 -24.237457 -49.162605 
523733430919076 5.530632 -25.637817 -50.557243 
523733450919908 6.759705 -25.174515 -50.568825 
523733470918294 7.928040 -27.595093 -48.582855 
523733490919909 9.133289 -28.138977 -48.287354 
523733510918399 7.849525 -31.051025 -47.046795 
523733530925326 7.580910 -30.062180 -45.505932 
523733550923607 6.888039 -33.382965 -45.347687 
523733570923607 7.472534 -34.960480 -42.894226 
523733590923919 9.567150 -35.899841 -44.606476 
523733610917461 10.464191 -37.035797 -42.617023 
523733630917305 9.808197 -39.800812 -39.076035 
523733650917044 11.167362 -40.635605 -37.398373 
523733670917096 13.837063 -43.878403 -35.273716 
523733690917409 14.107651 -46.189911 -31.433865 
523733710916627 11.390625 -45.548889 -30.638355 
523733730916888 12.729660 -47.247238 -28.653553 
523733750941940 10.878475 -49.036606 -25.561634 
523733770941940 12.980774 -50.716415 -23.276684 
523733790918138 12.523350 -50.874786 -22.811085 
523733810918242 13.417049 -51.861084 -21.897823 
523733830917461 14.019344 -51.985947 -22.365013 
523733850918607 14.771191 -52.691589 -20.988914 
523733870918867 14.345608 -52.289948 -17.909325 
523733890923815 12.626251 -53.911102 -18.508812 
523733910918190 12.050789 -52.781601 -17.887455 
523733930925273 12.668522 -52.185715 -18.815594 
523733951133347 13.258739 -52.740646 -19.436714 
523733970919232 16.334251 -51.951706 -17.620811 
523733990919909 16.479137 -51.794632 -19.313473 
523734010918502 16.360451 -49.772324 -22.078663 
523734030923190 16.047600 -49.186188 -25.611732 
523734050916627 17.411472 -49.437866 -25.471333 
523734070916680 17.306221 -46.693130 -29.004974 
523734090918920 18.074505 -46.678848 -27.936073 
523734110928242 18.850830 -46.671417 -25.637173 
523734130928242 16.548977 -47.157104 -26.691551 
523734150918451 16.543606 -47.446106 -26.384174 
523734170919387 15.812222 -46.023972 -27.452473 
523734190919597 16.871578 -46.724075 -25.618065 
523734210918763 18.090942 -45.958939 -28.243275 
523734230918137 18.350143 -48.113983 -26.709614 
523734250924857 18.349800 -48.407242 -25.633484 
523734270923971 16.998657 -48.019608 -24.390072 
523734290923868 17.585537 -48.424927 -26.087383 
523734310917409 17.572109 -49.147400 -25.318935 
523734330923189 17.611366 -47.419464 -26.086964 
523734350917043 18.094604 -46.695938 -24.861073 
523734370916785 17.774338 -47.277725 -25.012127 
523734390923919 15.784004 -48.201645 -23.302124 
523734410917565 17.336357 -47.159088 -22.701405 
523734430922252 16.581493 -46.450882 -24.538754 
523734450921784 16.971806 -49.464554 -22.853172 
523734470918190 16.830959 -49.184753 -22.236584 
523734490918190 15.822918 -46.766968 -22.994026 
523734510917617 15.802456 -47.483459 -23.301823 
523734530923658 15.959396 -47.336594 -23.149483 
523734550917512 17.291084 -48.441589 -24.546944 
523734570917408 16.845375 -48.903458 -21.160213 
523734590917201 18.052334 -48.421326 -24.554295 
523734610917201 15.668324 -46.622223 -23.914993 
523734630923295 17.595585 -48.433487 -24.549885 
523734650922982 16.849754 -48.173294 -23.312412 
523734670923033 16.103939 -47.472794 -23.766014 
523734690923502 14.553600 -48.517044 -24.059235 
523734710917930 14.550583 -48.514481 -24.520485 
523734730918347 16.687122 -48.021713 -25.463383 
523734750917669 16.697174 -48.030273 -23.925880 
523734770917721 16.712608 -47.309509 -24.386833 
523734790918659 17.456066 -48.301590 -23.164604 
523734810919023 16.385639 -48.032379 -24.999195 
523734830923398 16.385639 -48.032379 -24.999195 
523734851296887 16.543262 -47.739349 -25.308044 
523734870919440 16.543262 -47.739349 -25.308044 
523734890919284 16.098915 -47.468521 -24.534763 
523734910920741 16.818901 -49.174500 -24.081585 
523734930918034 15.134758 -49.504608 -24.373032 
523734951124700 15.958408 -46.895416 -24.994305 
523734970925742 16.712250 -48.043091 -21.619633 
523734990924804 18.832378 -47.389618 -25.637474 
523735010924075 15.817890 -46.762695 -23.762775 
523735030924543 14.883598 -47.356400 -24.676693 
523735050923606 14.576759 -47.215729 -25.596195 
523735070923242 15.303780 -48.927719 -24.066765 
523735090923554 16.706593 -46.864059 -27.000401 
