# Created at Thu Nov 07 18:48:03 EST 2019 in Burnaby Canada 
523727186839078 0.827543 -0.072063 0.556609 0.012851 
523727207407932 0.827571 -0.070577 0.556780 0.011845 
523727227976735 0.827977 -0.066286 0.556759 0.008952 
523727248545589 0.828261 -0.064173 0.556604 0.007588 
523727269114339 0.828282 -0.065631 0.556390 0.008463 
523727289683245 0.828335 -0.065596 0.556321 0.008093 
523727310252099 0.828478 -0.065739 0.556093 0.007919 
523727330820953 0.828754 -0.065720 0.555687 0.007701 
523727351389859 0.829090 -0.064862 0.555295 0.007084 
523727371958713 0.829412 -0.064340 0.554877 0.006872 
523727392527673 0.829943 -0.063677 0.554166 0.006408 
523727413096527 0.830397 -0.063495 0.553506 0.006290 
523727433665276 0.830447 -0.062964 0.553495 0.006102 
523727454234130 0.830474 -0.062543 0.553503 0.005959 
523727474802255 0.830570 -0.062418 0.553373 0.006035 
523727495371109 0.830557 -0.062551 0.553375 0.006181 
523727515940693 0.830453 -0.061864 0.553613 0.005680 
523727536509547 0.830383 -0.060367 0.553894 0.004762 
523727557078453 0.830223 -0.059713 0.554207 0.004432 
523727577647359 0.830078 -0.058698 0.554537 0.003858 
523727598216109 0.829888 -0.059210 0.554764 0.004133 
523727618784964 0.829789 -0.058760 0.554962 0.003826 
523727639353713 0.829743 -0.057907 0.555124 0.003297 
523727659922567 0.829760 -0.057300 0.555163 0.002864 
523727680491942 0.829766 -0.057250 0.555160 0.002779 
523727701060796 0.829852 -0.056683 0.555092 0.002390 
523727721629547 0.829937 -0.056627 0.554970 0.002389 
523727742198402 0.829970 -0.056890 0.554894 0.002590 
523727762766891 0.830036 -0.056922 0.554791 0.002523 
523727783335745 0.830142 -0.056112 0.554717 0.001914 
523727803904755 0.830224 -0.055489 0.554660 0.001470 
523727824473609 0.830284 -0.055570 0.554561 0.001483 
523727845042619 0.830369 -0.054832 0.554509 0.001073 
523727865611266 0.830423 -0.054899 0.554421 0.001173 
523727886180120 0.830424 -0.054819 0.554427 0.001297 
523727906748870 0.830401 -0.054673 0.554476 0.001433 
523727927317724 0.830320 -0.054446 0.554618 0.001474 
523727947888713 0.830187 -0.054157 0.554846 0.001413 
523727968457515 0.830005 -0.053850 0.555148 0.001197 
523727989025224 0.829897 -0.053567 0.555338 0.001218 
523728009594078 0.829842 -0.053474 0.555430 0.001152 
523728030162984 0.829851 -0.053053 0.555457 0.000614 
523728050731838 0.829956 -0.052761 0.555328 0.000492 
523728071300588 0.830063 -0.052328 0.555210 0.000048 
523728091869442 -0.830006 0.051830 -0.555341 0.000341 
523728112437568 -0.829997 0.051469 -0.555388 0.000558 
523728133006422 -0.830018 0.051312 -0.555371 0.000701 
523728153575120 -0.830025 0.051284 -0.555363 0.000840 
523728174143974 -0.830048 0.051448 -0.555313 0.000948 
523728194712932 -0.830048 0.051947 -0.555268 0.000691 
523728215281839 -0.829975 0.052775 -0.555298 0.000025 
523728235851786 0.829846 -0.052603 0.555508 0.000057 
523728256420640 0.829708 -0.052233 0.555749 0.000021 
523728276989234 0.829545 -0.052447 0.555972 0.000510 
523728297558088 0.829345 -0.052564 0.556257 0.000965 
523728318126734 0.829100 -0.052296 0.556648 0.001146 
523728338695589 0.828834 -0.052317 0.557041 0.001509 
523728359264807 0.828245 -0.057359 0.557353 0.008819 
523728379833661 0.819720 -0.062483 0.569146 0.015108 
523728400403661 0.822345 -0.061765 0.565508 0.011598 
523728420972515 0.824421 -0.062041 0.562472 0.010326 
523728441540015 0.823584 -0.062123 0.563694 0.009968 
523728462108922 0.824874 -0.063712 0.561626 0.010013 
523728482677619 0.824604 -0.064623 0.561876 0.012156 
523728503246473 0.824302 -0.066402 0.562089 0.013187 
523728523814651 0.823558 -0.066287 0.563202 0.012711 
523728544383557 0.822702 -0.064841 0.564654 0.011098 
523728564952619 0.821994 -0.063527 0.565857 0.009817 
523728585521525 0.820703 -0.063301 0.567741 0.010463 
523728606090431 0.818495 -0.063235 0.570906 0.011547 
523728626659182 0.817075 -0.062167 0.573053 0.011567 
523728647228036 0.816451 -0.061760 0.573995 0.011055 
523728667796890 0.814228 -0.061517 0.577147 0.012221 
523728688365744 0.812679 -0.061330 0.579328 0.013086 
523728708935744 0.811774 -0.060906 0.580631 0.013486 
523728729504650 0.811067 -0.060608 0.581623 0.014540 
523728750072515 0.810870 -0.060072 0.581919 0.015859 
523728770641370 0.810393 -0.058274 0.582746 0.016601 
523728791210067 0.811417 -0.057117 0.581440 0.016347 
523728811778921 0.812765 -0.055620 0.579673 0.017304 
523728832347931 0.813723 -0.053590 0.578465 0.019001 
523728852916785 0.814829 -0.050934 0.577077 0.020989 
523728873487359 0.815679 -0.047786 0.576052 0.023401 
523728894056265 0.817150 -0.045531 0.574123 0.023993 
523728914625536 0.822439 -0.046277 0.566500 0.023036 
523728935194442 0.824559 -0.046379 0.563392 0.023261 
523728955761473 0.826050 -0.043586 0.561366 0.024706 
523728976330380 0.825622 -0.042424 0.562003 0.026476 
523728996898817 0.827731 -0.042940 0.558823 0.027097 
523729017467723 0.828461 -0.040875 0.557812 0.028764 
523729038036682 0.829652 -0.035808 0.556288 0.030632 
523729058605588 0.832075 -0.034704 0.552773 0.029810 
523729079174495 0.833999 -0.035026 0.549913 0.028555 
523729099743401 0.836345 -0.033523 0.546380 0.029531 
523729120312150 0.838067 -0.032164 0.543711 0.031424 
523729140881056 0.838629 -0.032645 0.542835 0.031075 
523729161450224 0.836756 -0.032990 0.545768 0.029785 
523729182019078 0.834167 -0.032005 0.549855 0.028300 
523729202587827 0.832453 -0.032298 0.552454 0.027818 
523729223156681 0.832242 -0.032842 0.552754 0.027529 
523729243725691 0.832296 -0.032982 0.552687 0.027073 
523729264294598 0.830905 -0.033023 0.554763 0.027266 
523729284863400 0.828423 -0.033293 0.558482 0.026551 
523729305431994 0.824756 -0.033029 0.563960 0.025211 
523729326000900 0.821799 -0.032618 0.568330 0.024159 
523729346569911 0.819315 -0.032064 0.571943 0.023981 
523729367138818 0.817717 -0.032920 0.574159 0.024433 
523729387707932 0.817975 -0.035383 0.573650 0.024288 
523729408276786 0.818589 -0.036852 0.572708 0.023653 
523729428846473 0.819112 -0.036699 0.571983 0.023334 
523729449415380 0.818269 -0.035886 0.573249 0.023109 
523729469984078 0.816993 -0.036271 0.575101 0.021589 
523729490552984 0.817678 -0.037177 0.574114 0.020348 
523729511121004 0.820012 -0.037531 0.570769 0.019844 
523729531689911 0.819298 -0.037129 0.571830 0.019566 
523729552260796 0.817675 -0.038502 0.574124 0.017544 
523729572829650 0.813283 -0.040813 0.580270 0.013829 
523729593397306 0.811418 -0.043907 0.582719 0.010566 
523729613966212 0.809075 -0.046415 0.585807 0.008577 
523729634534963 0.806754 -0.050896 0.588661 0.005950 
523729655103817 0.806803 -0.058541 0.587910 0.001894 
523729675672202 -0.803014 0.063797 -0.592535 0.001320 
523729696241108 -0.799754 0.066275 -0.596653 0.002684 
523729716810379 -0.795947 0.068431 -0.601465 0.004975 
523729737379285 -0.791311 0.067756 -0.607614 0.006466 
523729757947879 -0.787429 0.066375 -0.612781 0.007084 
523729778516785 -0.784191 0.064580 -0.617122 0.005851 
523729799085796 -0.782990 0.062610 -0.618861 0.004208 
523729819654702 -0.784731 0.061957 -0.616728 0.002084 
523729840228712 -0.789024 0.061674 -0.611259 0.000237 
523729860797618 0.793720 -0.061114 0.605203 0.001383 
523729881362099 0.796333 -0.058152 0.602041 0.004332 
523729901931005 0.796316 -0.053721 0.602455 0.006461 
523729922500744 0.796041 -0.052957 0.602873 0.007666 
523729943069650 0.794633 -0.052173 0.604796 0.007573 
523729963638139 0.791963 -0.050244 0.608454 0.007333 
523729984207046 0.791566 -0.049609 0.608999 0.009026 
523730004775483 0.790011 -0.049450 0.611031 0.008824 
523730025344494 0.785677 -0.047405 0.616784 0.006468 
523730045913400 0.782160 -0.044882 0.621452 0.003066 
523730066483609 0.780960 -0.044877 0.622963 0.001875 
523730087052515 0.781269 -0.046002 0.622494 0.001946 
523730107624441 0.780791 -0.046118 0.623085 0.001935 
523730128193347 0.780182 -0.045632 0.623884 0.001499 
523730148758088 0.781304 -0.045898 0.622458 0.001943 
523730169326994 0.782878 -0.045803 0.620476 0.003642 
523730189895900 0.783321 -0.044009 0.620038 0.004910 
523730210464806 0.782440 -0.042510 0.621253 0.005043 
523730231032931 0.783032 -0.041632 0.620558 0.005961 
523730251601837 0.784539 -0.039501 0.618757 0.008863 
523730272171004 0.787119 -0.037115 0.615551 0.012807 
523730292739963 0.788739 -0.036054 0.613460 0.016069 
523730313308504 0.789791 -0.036838 0.612013 0.017686 
523730333877410 0.791951 -0.038956 0.609083 0.017718 
523730354447097 0.795197 -0.041369 0.604683 0.017545 
523730375016004 0.798704 -0.044184 0.599841 0.017613 
523730395584390 0.801419 -0.047092 0.596006 0.016910 
523730416153296 0.802701 -0.049358 0.594132 0.015585 
523730436723452 0.803308 -0.049960 0.593282 0.014713 
523730457292359 0.803285 -0.051158 0.593230 0.013959 
523730477861421 0.801813 -0.054039 0.595018 0.011399 
523730498430327 0.796435 -0.056991 0.601991 0.007088 
523730518999128 0.791285 -0.062548 0.608240 0.000381 
523730539568035 -0.788158 0.065586 -0.611968 0.000843 
523730560136993 -0.785109 0.065678 -0.615865 0.000651 
523730580705951 0.783967 -0.066001 0.617284 0.000183 
523730601274232 0.785232 -0.064471 0.615830 0.002913 
523730621843139 0.790031 -0.063443 0.609736 0.006882 
523730642410275 0.794819 -0.065232 0.603273 0.008278 
523730662979181 0.796274 -0.065034 0.601370 0.008485 
523730683549337 0.799171 -0.063502 0.597663 0.009588 
523730704118244 0.801909 -0.060029 0.594326 0.010734 
523730724687306 0.803103 -0.058515 0.592834 0.012240 
523730745256003 0.804116 -0.059046 0.591356 0.014486 
523730765824909 0.806655 -0.059490 0.587796 0.016269 
523730786394494 0.811065 -0.057206 0.581886 0.017598 
523730806963400 0.820838 -0.051681 0.568459 0.020203 
523730827531785 0.826670 -0.046872 0.560267 0.022815 
523730848100691 0.827100 -0.049289 0.559512 0.020548 
523730868671212 0.829449 -0.053960 0.555703 0.017239 
523730889240118 0.832724 -0.060658 0.550182 0.013844 
523730909809025 0.834376 -0.066886 0.547014 0.010906 
523730930377932 0.836087 -0.071358 0.543845 0.009956 
523730950945900 0.835879 -0.073357 0.543933 0.007919 
523730971514806 0.834289 -0.073964 0.546326 0.004261 
523730992084337 0.832881 -0.074852 0.548365 0.000997 
523731012653244 -0.831575 0.076268 -0.550151 0.000867 
523731033221681 -0.831816 0.078516 -0.549462 0.002840 
523731053790639 -0.833873 0.084796 -0.545367 0.006314 
523731074359805 -0.833712 0.095563 -0.543709 0.013151 
523731094928712 -0.834076 0.104169 -0.541358 0.019963 
523731115497514 -0.834014 0.111240 -0.539744 0.026892 
523731136066420 -0.832931 0.116617 -0.539838 0.034667 
523731156634180 -0.829993 0.121601 -0.542582 0.043924 
523731177203139 -0.826791 0.125929 -0.545538 0.054278 
523731197771837 -0.826734 0.126838 -0.544277 0.064695 
523731218340743 -0.831019 0.120973 -0.538411 0.069906 
523731238910118 -0.838281 0.112361 -0.528615 0.072291 
523731259479025 -0.845205 0.105836 -0.518746 0.073002 
523731280047878 -0.849906 0.101518 -0.512074 0.071659 
523731300616784 -0.850754 0.098319 -0.511471 0.070341 
523731321185692 -0.847736 0.096618 -0.516755 0.070517 
523731341754598 -0.846368 0.098298 -0.518313 0.073146 
523731362324076 -0.848376 0.098152 -0.514414 0.077473 
523731382892982 -0.851924 0.092248 -0.509135 0.080614 
523731403462514 -0.854865 0.082627 -0.505601 0.082136 
523731424031420 -0.856502 0.072154 -0.504337 0.082714 
523731444600170 -0.858172 0.062055 -0.502703 0.083545 
523731465167930 -0.860205 0.052281 -0.500157 0.084603 
523731485736837 -0.862264 0.041805 -0.497310 0.086240 
523731506305118 -0.864276 0.030661 -0.494259 0.088284 
523731526874024 -0.865907 0.020224 -0.491455 0.090929 
523731547443139 -0.866908 0.011093 -0.489188 0.095091 
523731568012046 -0.868694 0.003017 -0.484980 0.100777 
523731588581524 -0.872021 -0.005372 -0.477465 0.107597 
523731609150430 -0.874014 -0.012070 -0.471628 0.116284 
523731629718607 -0.875384 -0.016009 -0.466662 0.125192 
523731650287514 -0.879660 -0.015667 -0.457645 0.128507 
523731670856993 -0.884680 -0.015642 -0.446249 0.134010 
523731691425899 -0.886160 -0.018832 -0.439612 0.145282 
523731711994337 -0.885211 -0.021979 -0.436132 0.160335 
523731732563243 -0.883488 -0.023953 -0.432340 0.178766 
523731753132201 -0.880672 -0.027199 -0.429983 0.196955 
523731773701107 -0.876933 -0.032883 -0.431199 0.209700 
523731794269911 -0.873540 -0.039809 -0.433525 0.217712 
523731814838817 -0.870425 -0.045959 -0.435416 0.225081 
523731835407722 -0.868189 -0.051240 -0.434287 0.234559 
523731855976680 -0.865753 -0.055925 -0.432703 0.245177 
523731876547410 -0.862826 -0.060397 -0.432922 0.253894 
523731897116316 -0.860438 -0.064078 -0.433702 0.259698 
523731917685222 -0.857196 -0.068003 -0.435270 0.266703 
523731938254128 -0.852411 -0.073788 -0.437609 0.276495 
523731958821368 -0.846720 -0.080997 -0.440236 0.287570 
523731979390274 -0.840998 -0.090715 -0.441386 0.299453 
523731999959128 -0.835196 -0.101189 -0.441937 0.311287 
523732020528034 -0.830472 -0.108363 -0.441987 0.321281 
523732041097201 -0.827240 -0.110796 -0.442904 0.327467 
523732061666107 -0.825205 -0.110527 -0.446557 0.327732 
523732082234962 -0.824013 -0.110555 -0.451075 0.324517 
523732102803868 -0.822005 -0.111608 -0.455708 0.322772 
523732123372671 -0.819627 -0.113709 -0.458086 0.324713 
523732143941577 -0.811927 -0.113790 -0.464762 0.334398 
523732164510586 -0.803878 -0.119168 -0.468481 0.346561 
523732185079336 -0.798951 -0.129940 -0.466975 0.355989 
523732205648243 -0.792121 -0.138761 -0.470016 0.363833 
523732226217149 -0.784181 -0.141224 -0.479977 0.367067 
523732246786055 -0.778531 -0.137374 -0.492572 0.363854 
523732267355221 -0.774272 -0.132699 -0.502370 0.361273 
523732287924180 -0.770792 -0.133573 -0.507076 0.361818 
523732308492774 -0.765814 -0.140619 -0.510574 0.364786 
523732329061680 -0.757971 -0.148107 -0.515108 0.371764 
523732349630587 -0.748653 -0.151153 -0.522101 0.379583 
523732370199493 -0.739226 -0.151241 -0.533407 0.382293 
523732390770691 -0.733195 -0.152521 -0.543626 0.378990 
523732411339597 -0.730274 -0.154753 -0.549147 0.375753 
523732431907046 -0.728064 -0.157678 -0.549885 0.377738 
523732452475952 -0.726852 -0.161418 -0.547718 0.381622 
523732473044441 -0.729774 -0.165660 -0.541713 0.382796 
523732493613347 -0.732014 -0.167957 -0.539209 0.381050 
523732514181680 -0.730896 -0.169196 -0.540494 0.380829 
523732534750586 -0.730935 -0.169311 -0.540984 0.380006 
523732555319649 -0.733620 -0.169083 -0.539546 0.376965 
523732575888555 -0.737919 -0.169244 -0.536071 0.373444 
523732596457514 -0.742074 -0.169344 -0.532625 0.370080 
523732617026420 -0.745517 -0.169938 -0.529133 0.367891 
523732637595430 -0.750379 -0.170380 -0.523562 0.365767 
523732658164336 -0.757287 -0.168771 -0.516303 0.362580 
523732678733556 -0.765048 -0.164540 -0.507311 0.360921 
523732699302462 -0.767851 -0.150780 -0.501958 0.368385 
523732719871889 -0.769822 -0.138264 -0.498834 0.373393 
523732740440795 -0.769988 -0.129830 -0.501487 0.372523 
523732761010431 -0.765991 -0.121646 -0.511488 0.369919 
523732781579337 -0.761448 -0.116647 -0.524130 0.363151 
523732802146628 -0.758735 -0.115446 -0.536744 0.350570 
523732822715534 -0.755798 -0.114911 -0.551427 0.333906 
523732843284597 -0.749869 -0.114154 -0.570762 0.314477 
523732863853503 -0.739834 -0.116284 -0.594618 0.292497 
523732884424180 -0.726237 -0.125043 -0.620408 0.268398 
523732904993086 -0.709754 -0.142324 -0.645995 0.242245 
523732925561055 -0.690829 -0.166877 -0.670639 0.212486 
523732946129441 -0.665117 -0.196161 -0.698176 0.178018 
523732966698347 -0.628452 -0.229445 -0.730440 0.137333 
523732987266680 -0.580605 -0.263441 -0.765169 0.089509 
523733007835587 -0.521852 -0.293221 -0.800096 0.039233 
523733028404545 0.458420 0.308197 0.833582 0.002558 
523733048973451 0.397492 0.302763 0.865777 0.027646 
523733069542304 0.346087 0.281719 0.894102 0.037941 
523733090111211 0.309868 0.257185 0.914458 0.040042 
523733110680221 0.287445 0.233768 0.927855 0.042573 
523733131249127 0.270840 0.210938 0.937992 0.048184 
523733151817930 0.255461 0.187597 0.946715 0.057257 
523733172386837 0.239294 0.164290 0.954369 0.070193 
523733192956159 0.217861 0.140350 0.962165 0.084129 
523733213525065 0.191615 0.116348 0.969420 0.099855 
523733234093502 0.165749 0.093036 0.974979 0.115268 
523733254662409 0.144777 0.070522 0.978712 0.127236 
523733275231420 0.134741 0.049214 0.980518 0.134192 
523733295800326 0.129720 0.033944 0.981469 0.136890 
523733316369180 0.125220 0.023731 0.981806 0.140760 
523733336938087 0.118991 0.015769 0.981818 0.147055 
523733357508816 0.110434 0.010499 0.981935 0.153290 
523733378077722 0.102737 0.009672 0.981714 0.159964 
523733398646939 0.101777 0.013977 0.980311 0.168630 
523733419215846 0.102026 0.024096 0.977578 0.182624 
523733439783972 0.101173 0.039450 0.973614 0.200709 
523733460352878 0.105799 0.058351 0.968289 0.218673 
523733480922409 0.127197 0.069301 0.961865 0.232020 
523733501491316 0.143692 0.083242 0.955299 0.244595 
523733522058347 0.154071 0.098743 0.949426 0.255150 
523733542627253 0.159677 0.114443 0.943852 0.265611 
523733563196211 0.159768 0.132263 0.938321 0.276647 
523733583765118 0.157415 0.155349 0.932342 0.286052 
523733604333971 0.159083 0.182892 0.925120 0.292228 
523733624902877 0.163955 0.211005 0.916525 0.297619 
523733645471679 0.173636 0.236025 0.906020 0.305404 
523733666040586 0.186963 0.258249 0.894198 0.314266 
523733686609544 0.203987 0.278944 0.882034 0.320307 
523733707179336 0.225511 0.300546 0.867944 0.324792 
523733727748242 0.247960 0.322102 0.851884 0.330243 
523733748317357 0.261967 0.338914 0.840256 0.332386 
523733768886263 0.240225 0.342166 0.852733 0.313147 
523733789455013 0.228776 0.356015 0.857012 0.294017 
523733810023919 0.224331 0.368638 0.858763 0.276237 
523733830592357 0.218835 0.381593 0.859524 0.260224 
523733851161263 0.212370 0.394510 0.859420 0.246287 
523733871731315 0.198164 0.407249 0.861482 0.229626 
523733892300273 0.176831 0.414384 0.866323 0.215643 
523733912870118 0.156330 0.414407 0.871756 0.209449 
523733933439024 0.135537 0.411392 0.877607 0.205407 
523733954007044 0.113507 0.403729 0.885720 0.199044 
523733974575950 0.091259 0.391241 0.895301 0.192454 
523733995143190 0.075884 0.375214 0.904374 0.188582 
523734015712044 0.075344 0.358327 0.910180 0.193644 
523734036281107 0.077504 0.344177 0.913320 0.203427 
523734056850065 0.075859 0.336017 0.914596 0.211782 
523734077418867 0.074178 0.337029 0.913594 0.215071 
523734097987773 0.073842 0.339885 0.912860 0.213804 
523734118558658 0.076664 0.338308 0.913262 0.213597 
523734139127564 0.082766 0.332481 0.914047 0.217082 
523734159696003 0.087028 0.327480 0.914071 0.222838 
523734180264961 0.085319 0.327673 0.912870 0.228078 
523734200833711 0.079453 0.334061 0.911193 0.227636 
523734221402617 0.075376 0.342692 0.909068 0.224669 
523734241970587 0.076474 0.349364 0.906646 0.223807 
523734262539493 0.080283 0.352330 0.904981 0.224561 
523734283107981 0.085215 0.352284 0.904282 0.225630 
523734303676887 0.091015 0.351504 0.903413 0.228048 
523734324245587 0.096563 0.353299 0.900761 0.233420 
523734344814493 0.101448 0.358059 0.896543 0.240237 
523734365383763 0.107043 0.363083 0.892835 0.244044 
523734385956575 0.112276 0.366317 0.890135 0.246708 
523734406525482 0.117016 0.366941 0.888636 0.248974 
523734427091315 0.121620 0.366267 0.887429 0.252046 
523734447660221 0.124837 0.365781 0.886422 0.254707 
523734468228033 0.127093 0.365711 0.885579 0.256618 
523734488796940 0.128886 0.365554 0.884860 0.258422 
523734509366158 0.129637 0.365506 0.884316 0.259973 
523734529935064 0.129979 0.365287 0.884027 0.261090 
523734550503867 0.130783 0.364714 0.883941 0.261778 
523734571072774 0.132395 0.363120 0.883745 0.263838 
523734591641524 0.133312 0.360946 0.883985 0.265550 
523734612210378 0.133892 0.358908 0.884367 0.266744 
523734632779335 0.134989 0.357347 0.884435 0.268059 
523734653348242 0.136218 0.356389 0.884332 0.269049 
523734673917774 0.136962 0.355555 0.884321 0.269811 
523734694486680 0.136972 0.354550 0.884643 0.270075 
523734715055377 0.137313 0.353249 0.884988 0.270474 
523734735624284 0.138275 0.351676 0.885170 0.271437 
523734756194440 0.139048 0.350332 0.885273 0.272443 
523734776763346 0.139193 0.349728 0.885194 0.273399 
523734797331158 0.138903 0.350015 0.884969 0.273908 
523734817900065 0.138369 0.350473 0.884737 0.274340 
523734838470430 0.137668 0.350181 0.884735 0.275074 
523734859039284 0.137648 0.348964 0.884723 0.276662 
523734879607148 0.137192 0.347529 0.884896 0.278138 
523734900176054 0.134934 0.348711 0.884824 0.277992 
523734920745742 0.132744 0.350097 0.884807 0.277359 
523734941314648 0.135042 0.348382 0.884753 0.278576 
523734961882304 0.137500 0.346769 0.884861 0.279045 
523734982451210 0.139883 0.343719 0.885527 0.279521 
523735003020013 0.144340 0.340918 0.885146 0.281881 
523735023588919 0.144620 0.340667 0.885362 0.281364 
523735044157877 0.143749 0.342512 0.884853 0.281172 
