# Created at Thu Nov 07 18:08:23 EST 2019 in Burnaby Canada 
521347390616601 0.000000 0.000000 0.000000 
521347411186705 0.000000 0.000000 0.000000 
521347431757331 0.000000 0.000000 0.000000 
521347452327488 0.000000 0.000000 0.000000 
521347472897227 0.000000 0.000000 0.000000 
521347493467383 0.000000 0.000000 0.000000 
521347514037539 0.000000 0.000000 0.000000 
521347534607695 0.000000 0.000000 0.000000 
521347555178946 0.000000 0.000000 0.000000 
521347575749102 0.000000 0.000000 0.000000 
521347596317904 0.000000 0.000000 0.000000 
521347616888008 0.000000 0.000000 0.000000 
521347637457904 0.000000 0.000000 0.000000 
521347658028060 0.000000 0.000000 0.000000 
521347678598424 0.000000 0.000000 0.000000 
521347699168529 0.000000 0.000000 0.000000 
521347719738686 0.000000 0.000000 0.000000 
521347740308945 0.000000 0.000000 0.000000 
521347760879154 0.000000 0.000000 0.000000 
521347781449101 0.000000 0.000000 0.000000 
521347802019310 0.000000 0.000000 0.000000 
521347822590091 0.000000 0.000000 0.000000 
521347843159310 0.000000 0.000000 0.000000 
521347863729935 0.000000 0.000000 0.000000 
521347884299831 0.000000 0.000000 0.000000 
521347904870404 0.000000 0.000000 0.000000 
521347925439987 0.000000 0.000000 0.000000 
521347946010716 0.000000 0.000000 0.000000 
521347966580715 0.000000 0.000000 0.000000 
521347987150820 0.000000 0.000000 0.000000 
521348007720768 0.000000 0.000000 0.000000 
521348028291185 0.000000 0.000000 0.000000 
521348048861341 0.000000 0.000000 0.000000 
521348069431289 0.000000 0.000000 0.000000 
521348090001446 0.000000 0.000000 0.000000 
521348110571862 0.000000 0.000000 0.000000 
521348131142018 0.000000 0.000000 0.000000 
521348151712331 0.000000 0.000000 0.000000 
521348172282488 0.000000 0.000000 0.000000 
521348192851654 0.000000 0.000000 0.000000 
521348213421810 0.000000 0.000000 0.000000 
521348233991966 0.000000 0.000000 0.000000 
521348254562123 0.000000 0.000000 0.000000 
521348275132800 0.000000 0.000000 0.000000 
521348295702904 0.000000 0.000000 0.000000 
521348316273164 0.000000 0.000000 0.000000 
521348336843320 0.000000 0.000000 0.000000 
521348357413373 0.000000 0.000000 0.000000 
521348377983841 0.000000 0.000000 0.000000 
521348398553893 0.000000 0.000000 0.000000 
521348419123944 0.000000 0.000000 0.000000 
521348439694258 0.000000 0.000000 0.000000 
521348460264727 0.000000 0.000000 0.000000 
521348480834466 0.000000 0.000000 0.000000 
521348501404518 0.000000 0.000000 0.000000 
521348521974623 0.000000 0.000000 0.000000 
521348542544935 0.000000 0.000000 0.000000 
521348563114987 0.000000 0.000000 0.000000 
521348583685195 0.000000 0.000000 0.000000 
521348604256185 0.000000 0.000000 0.000000 
521348624825560 0.000000 0.000000 0.000000 
521348645395663 0.000000 0.000000 0.000000 
521348665966080 0.000000 0.000000 0.000000 
521348686535768 0.000000 0.000000 0.000000 
521348707106498 0.000000 0.000000 0.000000 
521348727676237 0.000000 0.000000 0.000000 
521348748246393 0.000000 0.000000 0.000000 
521348768816550 0.000000 0.000000 0.000000 
521348789386497 0.000000 0.000000 0.000000 
521348809956653 0.000000 0.000000 0.000000 
521348830527018 0.000000 0.000000 0.000000 
521348851097175 0.000000 0.000000 0.000000 
521348871667435 0.000000 0.000000 0.000000 
521348892237591 0.000000 0.000000 0.000000 
521348912807487 0.000000 0.000000 0.000000 
521348933377644 0.000000 0.000000 0.000000 
521348953947487 0.000000 0.000000 0.000000 
521348974517643 0.000000 0.000000 0.000000 
521348995088372 0.000000 0.000000 0.000000 
521349015658529 0.000000 0.000000 0.000000 
521349036230351 0.000000 0.000000 0.000000 
521349056800507 0.000000 0.000000 0.000000 
521349077369725 0.000000 0.000000 0.000000 
521349097941081 0.000000 0.000000 0.000000 
521349118510455 0.000000 0.000000 0.000000 
521349139080247 0.000000 0.000000 0.000000 
521349159651080 0.000000 0.000000 0.000000 
521349180222851 0.000000 0.000000 0.000000 
521349200790715 0.000000 0.000000 0.000000 
521349221360403 0.000000 0.000000 0.000000 
521349241930872 0.000000 0.000000 0.000000 
521349262501810 0.000000 0.000000 0.000000 
521349283071810 0.000000 0.000000 0.000000 
521349303641913 0.000000 0.000000 0.000000 
521349324212017 0.000000 0.000000 0.000000 
521349344780924 0.000000 0.000000 0.000000 
521349365350924 0.000000 0.000000 0.000000 
521349385920976 0.000000 0.000000 0.000000 
521349406491653 0.000000 0.000000 0.000000 
521349427061289 0.000000 0.000000 0.000000 
521349447631236 0.000000 0.000000 0.000000 
521349468202226 0.000000 0.000000 0.000000 
521349488772435 0.000000 0.000000 0.000000 
521349509343320 0.000000 0.000000 0.000000 
521349529913684 0.000000 0.000000 0.000000 
521349550483683 0.000000 0.000000 0.000000 
521349571053840 0.000000 0.000000 0.000000 
521349591623841 0.000000 0.000000 0.000000 
521349612193997 0.000000 0.000000 0.000000 
521349632763945 0.000000 0.000000 0.000000 
521349653334101 0.000000 0.000000 0.000000 
521349673903215 0.000000 0.000000 0.000000 
521349694473423 0.000000 0.000000 0.000000 
521349715045664 0.000000 0.000000 0.000000 
521349735615820 0.000000 0.000000 0.000000 
521349756183944 0.000000 0.000000 0.000000 
521349776754100 0.000000 0.000000 0.000000 
521349797324153 0.000000 0.000000 0.000000 
521349817894205 0.000000 0.000000 0.000000 
521349838464569 0.000000 0.000000 0.000000 
521349859034830 0.000000 0.000000 0.000000 
521349879605039 0.000000 0.000000 0.000000 
521349900175143 0.000000 0.000000 0.000000 
521349920745247 0.000000 0.000000 0.000000 
521349941316341 0.000000 0.000000 0.000000 
521349961886340 0.000000 0.000000 0.000000 
521349982456132 0.000000 0.000000 0.000000 
521350003027174 0.000000 0.000000 0.000000 
521350023598112 0.000000 0.000000 0.000000 
521350044167747 0.000000 0.000000 0.000000 
521350064737903 0.000000 0.000000 0.000000 
521350085307694 0.000000 0.000000 0.000000 
521350105878788 0.000000 0.000000 0.000000 
521350126448944 0.000000 0.000000 0.000000 
521350147017799 0.000000 0.000000 0.000000 
521350167587539 0.000000 0.000000 0.000000 
521350188157538 0.000000 0.000000 0.000000 
521350208727747 0.000000 0.000000 0.000000 
521350229298319 0.000000 0.000000 0.000000 
521350249868527 0.000000 0.000000 0.000000 
521350270438163 0.000000 0.000000 0.000000 
521350291008372 0.000000 0.000000 0.000000 
521350311578736 0.000000 0.000000 0.000000 
521350332148892 0.000000 0.000000 0.000000 
521350352719153 0.000000 0.000000 0.000000 
521350373289309 0.000000 0.000000 0.000000 
521350393859517 0.000000 0.000000 0.000000 
521350414429673 0.000000 0.000000 0.000000 
521350435000090 0.000000 0.000000 0.000000 
521350455570246 0.000000 0.000000 0.000000 
521350476140663 0.000000 0.000000 0.000000 
521350496710872 0.000000 0.000000 0.000000 
521350517281444 0.000000 0.000000 0.000000 
521350537853215 0.000000 0.000000 0.000000 
521350558422851 0.000000 0.000000 0.000000 
521350578992903 0.000000 0.000000 0.000000 
521350599562642 0.000000 0.000000 0.000000 
521350620133110 0.000000 0.000000 0.000000 
521350640702902 0.000000 0.000000 0.000000 
521350661272590 0.000000 0.000000 0.000000 
521350681842903 0.000000 0.000000 0.000000 
521350702412955 0.000000 0.000000 0.000000 
521350722984153 0.000000 0.000000 0.000000 
521350743553163 0.000000 0.000000 0.000000 
521350764125559 0.000000 0.000000 0.000000 
521350784694517 0.000000 0.000000 0.000000 
521350805263423 0.000000 0.000000 0.000000 
521350825834100 0.000000 0.000000 0.000000 
521350846404101 0.000000 0.000000 0.000000 
521350866975455 0.000000 0.000000 0.000000 
521350887544621 0.000000 0.000000 0.000000 
521350908114726 0.000000 0.000000 0.000000 
521350928684934 0.000000 0.000000 0.000000 
521350949253787 0.000000 0.000000 0.000000 
521350969823944 0.000000 0.000000 0.000000 
521350990395402 0.000000 0.000000 0.000000 
521351010965610 0.000000 0.000000 0.000000 
521351031536080 0.000000 0.000000 0.000000 
521351052106236 0.000000 0.000000 0.000000 
521351072676444 0.000000 0.000000 0.000000 
521351093246652 0.000000 0.000000 0.000000 
521351113816497 0.000000 0.000000 0.000000 
521351134386705 0.000000 0.000000 0.000000 
521351154958162 0.000000 0.000000 0.000000 
521351175528371 0.000000 0.000000 0.000000 
521351196098319 0.000000 0.000000 0.000000 
521351216668527 0.000000 0.000000 0.000000 
521351237237747 0.000000 0.000000 0.000000 
521351257808111 0.000000 0.000000 0.000000 
521351278378163 0.000000 0.000000 0.000000 
521351298952018 0.000000 0.000000 0.000000 
521351319518528 0.000000 0.000000 0.000000 
521351340088996 0.000000 0.000000 0.000000 
521351360658476 0.000000 0.000000 0.000000 
521351381229413 0.000000 0.000000 0.000000 
521351401799778 0.000000 0.000000 0.000000 
521351422369673 0.000000 0.000000 0.000000 
521351442939986 0.000000 0.000000 0.000000 
521351463510663 0.000000 0.000000 0.000000 
521351484080141 0.000000 0.000000 0.000000 
521351504650819 0.000000 0.000000 0.000000 
521351525220142 0.000000 0.000000 0.000000 
521351545790298 0.000000 0.000000 0.000000 
521351566360507 0.000000 0.000000 0.000000 
521351586931079 0.000000 0.000000 0.000000 
521351607500923 0.000000 0.000000 0.000000 
521351628070820 0.000000 0.000000 0.000000 
521351648641028 0.000000 0.000000 0.000000 
521351669211340 0.000000 0.000000 0.000000 
521351689781549 0.000000 0.000000 0.000000 
521351710352486 0.000000 0.000000 0.000000 
521351730922694 0.000000 0.000000 0.000000 
521351751492954 0.000000 0.000000 0.000000 
521351772063163 0.000000 0.000000 0.000000 
521351792633266 0.000000 0.000000 0.000000 
521351813203474 0.000000 0.000000 0.000000 
521351833773944 0.000000 0.000000 0.000000 
521351854344882 0.000000 0.000000 0.000000 
521351874914881 0.000000 0.000000 0.000000 
521351895485090 0.000000 0.000000 0.000000 
521351916054830 0.000000 0.000000 0.000000 
521351936625038 0.000000 0.000000 0.000000 
521351957194882 0.000000 0.000000 0.000000 
521351977764933 0.000000 0.000000 0.000000 
521351998336600 0.000000 0.000000 0.000000 
521352018907122 0.000000 0.000000 0.000000 
521352039476288 0.000000 0.000000 0.000000 
521352060046964 0.000000 0.000000 0.000000 
521352080617380 0.000000 0.000000 0.000000 
521352101187121 0.000000 0.000000 0.000000 
521352121757693 0.000000 0.000000 0.000000 
521352142328370 0.000000 0.000000 0.000000 
521352162898423 0.000000 0.000000 0.000000 
521352183468319 0.000000 0.000000 0.000000 
521352204037329 0.000000 0.000000 0.000000 
521352224607954 0.000000 0.000000 0.000000 
521352245176756 0.000000 0.000000 0.000000 
521352265747225 0.000000 0.000000 0.000000 
521352286319361 0.000000 0.000000 0.000000 
521352306888006 0.000000 0.000000 0.000000 
521352327458475 0.000000 0.000000 0.000000 
521352348029359 0.000000 0.000000 0.000000 
521352368599568 0.000000 0.000000 0.000000 
521352389170141 0.000000 0.000000 0.000000 
521352409740818 0.000000 0.000000 0.000000 
521352430309412 0.000000 0.000000 0.000000 
521352450879620 0.000000 0.000000 0.000000 
521352471450297 0.000000 0.000000 0.000000 
521352492020454 0.000000 0.000000 0.000000 
521352512590037 0.000000 0.000000 0.000000 
521352533160245 0.000000 0.000000 0.000000 
521352553731340 0.000000 0.000000 0.000000 
521352574301496 0.000000 0.000000 0.000000 
521352594871600 0.000000 0.000000 0.000000 
521352615441809 0.000000 0.000000 0.000000 
521352636010558 0.000000 0.000000 0.000000 
521352656580766 0.000000 0.000000 0.000000 
521352677150870 0.000000 0.000000 0.000000 
521352697721027 0.000000 0.000000 0.000000 
521352718291235 0.000000 0.000000 0.000000 
521352738861443 0.000000 0.000000 0.000000 
521352759432538 0.000000 0.000000 0.000000 
521352780002121 0.000000 0.000000 0.000000 
521352800572328 0.000000 0.000000 0.000000 
521352821142434 0.000000 0.000000 0.000000 
521352841712850 0.000000 0.000000 0.000000 
521352862283162 0.000000 0.000000 0.000000 
521352882852641 0.000000 0.000000 0.000000 
521352903423370 0.000000 0.000000 0.000000 
521352923993110 0.000000 0.000000 0.000000 
521352944563579 0.000000 0.000000 0.000000 
521352965133527 0.000000 0.000000 0.000000 
521352985703683 0.000000 0.000000 0.000000 
521353006276078 0.000000 0.000000 0.000000 
521353026846183 0.000000 0.000000 0.000000 
521353047414464 0.000000 0.000000 0.000000 
521353067984568 0.000000 0.000000 0.000000 
521353088554725 0.000000 0.000000 0.000000 
521353109124829 0.000000 0.000000 0.000000 
521353129695037 0.000000 0.000000 0.000000 
521353150265245 0.000000 0.000000 0.000000 
521353170835454 0.000000 0.000000 0.000000 
521353191406807 0.000000 0.000000 0.000000 
521353211975713 0.000000 0.000000 0.000000 
521353232546131 0.000000 0.000000 0.000000 
521353253116339 0.000000 0.000000 0.000000 
521353273686390 0.000000 0.000000 0.000000 
521353294256599 0.000000 0.000000 0.000000 
521353314826704 0.000000 0.000000 0.000000 
521353335396912 0.000000 0.000000 0.000000 
521353355967173 0.000000 0.000000 0.000000 
521353376537381 0.000000 0.000000 0.000000 
521353397107485 0.000000 0.000000 0.000000 
521353417677849 0.000000 0.000000 0.000000 
521353438247902 0.000000 0.000000 0.000000 
521353458818891 0.000000 0.000000 0.000000 
521353479388318 0.000000 0.000000 0.000000 
521353499958735 0.000000 0.000000 0.000000 
521353520528682 0.000000 0.000000 0.000000 
521353541099152 0.000000 0.000000 0.000000 
521353561669100 0.000000 0.000000 0.000000 
521353582239880 0.000000 0.000000 0.000000 
521353602809621 0.000000 0.000000 0.000000 
521353623380506 0.000000 0.000000 0.000000 
521353643950037 0.000000 0.000000 0.000000 
521353664521027 0.000000 0.000000 0.000000 
521353685090870 0.000000 0.000000 0.000000 
521353705660922 0.000000 0.000000 0.000000 
521353726231183 0.000000 0.000000 0.000000 
521353746801755 0.000000 0.000000 0.000000 
521353767371495 0.000000 0.000000 0.000000 
521353787943370 0.000000 0.000000 0.000000 
521353808513578 0.000000 0.000000 0.000000 
