# Created at Thu Nov 07 18:08:23 EST 2019 in Burnaby Canada 
521347385474049 0.619072 -0.725566 0.128639 0.271581 
521347406044623 0.619112 -0.725501 0.128452 0.271751 
521347426614831 0.619283 -0.725311 0.128381 0.271902 
521347447184779 0.619583 -0.725081 0.128339 0.271852 
521347467754727 0.619954 -0.724877 0.128217 0.271608 
521347488324883 0.620312 -0.724749 0.128074 0.271199 
521347508894987 0.620588 -0.724700 0.127904 0.270778 
521347529466289 0.620753 -0.724642 0.127838 0.270587 
521347550036446 0.620933 -0.724518 0.127875 0.270486 
521347570605768 0.621205 -0.724339 0.127922 0.270321 
521347591175300 0.621480 -0.724193 0.127947 0.270066 
521347611745195 0.621674 -0.724122 0.128021 0.269776 
521347632315404 0.621768 -0.724116 0.128097 0.269541 
521347652885716 0.621773 -0.724175 0.128153 0.269343 
521347673455820 0.621782 -0.724207 0.128160 0.269233 
521347694025977 0.621799 -0.724220 0.128121 0.269179 
521347714596186 0.621817 -0.724218 0.128061 0.269170 
521347735166446 0.621831 -0.724210 0.128004 0.269186 
521347755736550 0.621772 -0.724280 0.127853 0.269204 
521347776306549 0.621740 -0.724331 0.127633 0.269246 
521347796876810 0.621696 -0.724415 0.127405 0.269230 
521347817446654 0.621630 -0.724494 0.127285 0.269228 
521347838016758 0.621653 -0.724468 0.127179 0.269295 
521347858587123 0.621650 -0.724445 0.127162 0.269372 
521347879157331 0.621664 -0.724429 0.127097 0.269412 
521347899727279 0.621680 -0.724415 0.127028 0.269444 
521347920297383 0.621699 -0.724435 0.126990 0.269363 
521347940868007 0.621730 -0.724474 0.126936 0.269213 
521347961438215 0.621751 -0.724510 0.126910 0.269083 
521347982008059 0.621769 -0.724535 0.126880 0.268985 
521348002578477 0.621783 -0.724539 0.126838 0.268963 
521348023148633 0.621777 -0.724542 0.126864 0.268957 
521348043718633 0.621769 -0.724572 0.126924 0.268864 
521348064288737 0.621764 -0.724600 0.126972 0.268779 
521348084859102 0.621749 -0.724629 0.127057 0.268697 
521348105429310 0.621733 -0.724647 0.127131 0.268650 
521348125999675 0.621710 -0.724648 0.127207 0.268666 
521348146569831 0.621691 -0.724627 0.127244 0.268746 
521348167138998 0.621652 -0.724614 0.127276 0.268856 
521348187709102 0.621619 -0.724607 0.127245 0.268969 
521348208279310 0.621570 -0.724612 0.127150 0.269112 
521348228849414 0.621584 -0.724575 0.127060 0.269221 
521348249420039 0.621608 -0.724533 0.126935 0.269339 
521348269990196 0.621638 -0.724499 0.126796 0.269426 
521348290560456 0.621685 -0.724477 0.126618 0.269462 
521348311130664 0.621723 -0.724465 0.126479 0.269470 
521348331700664 0.621792 -0.724487 0.126284 0.269345 
521348352270769 0.621943 -0.724562 0.125872 0.268986 
521348372841185 0.622207 -0.724675 0.125154 0.268404 
521348393411341 0.622517 -0.724827 0.124101 0.267764 
521348413981601 0.623364 -0.724828 0.122053 0.266730 
521348434551758 0.624267 -0.724952 0.120048 0.265186 
521348455121810 0.624573 -0.724979 0.119116 0.264812 
521348475691914 0.624626 -0.724862 0.118993 0.265062 
521348496261914 0.623808 -0.725179 0.118822 0.266195 
521348516832018 0.622132 -0.725885 0.119875 0.267716 
521348537402279 0.620527 -0.726548 0.122355 0.268523 
521348557972487 0.619201 -0.726882 0.125725 0.269120 
521348578543528 0.618506 -0.726724 0.129089 0.269554 
521348599113685 0.618382 -0.726347 0.132934 0.268983 
521348619683007 0.618183 -0.726214 0.138022 0.267232 
521348640253163 0.618049 -0.726063 0.143659 0.264971 
521348660823111 0.617733 -0.725798 0.149336 0.263290 
521348681393268 0.617732 -0.725349 0.153250 0.262281 
521348701963529 0.618532 -0.724607 0.155120 0.261342 
521348722533633 0.619827 -0.723587 0.155942 0.260612 
521348743103789 0.620730 -0.722599 0.157021 0.260557 
521348763673736 0.621248 -0.721625 0.159048 0.260791 
521348784243893 0.621792 -0.720558 0.162167 0.260526 
521348804814258 0.622789 -0.719217 0.166364 0.259197 
521348825384414 0.624166 -0.716874 0.172425 0.258415 
521348845954674 0.626010 -0.713207 0.180852 0.258339 
521348866524831 0.628478 -0.707904 0.191913 0.258953 
521348887094727 0.631397 -0.700701 0.205924 0.260674 
521348907664883 0.635094 -0.691781 0.221748 0.262531 
521348928234726 0.638521 -0.681760 0.240365 0.264043 
521348948804883 0.641381 -0.670076 0.261927 0.266500 
521348969375612 0.645656 -0.656422 0.283638 0.267932 
521348989945768 0.652782 -0.642605 0.300873 0.265349 
521349010517590 0.659317 -0.632397 0.312170 0.260625 
521349031087747 0.664162 -0.629056 0.316086 0.251528 
521349051656965 0.669974 -0.629014 0.313374 0.239316 
521349072227121 0.672420 -0.629504 0.308867 0.237016 
521349092797694 0.670137 -0.631612 0.304885 0.242959 
521349113367955 0.665816 -0.635007 0.301640 0.249936 
521349133938424 0.662778 -0.637001 0.299564 0.255375 
521349154508580 0.660520 -0.635939 0.303095 0.259668 
521349175078007 0.660153 -0.632254 0.311165 0.260055 
521349195648111 0.662534 -0.629516 0.317356 0.253068 
521349216218112 0.664346 -0.629340 0.321177 0.243763 
521349236788268 0.664737 -0.630445 0.325454 0.233974 
521349257359205 0.666064 -0.631155 0.328340 0.224041 
521349277929310 0.666486 -0.632379 0.328767 0.218644 
521349298499309 0.663751 -0.634790 0.329734 0.218521 
521349319069465 0.658340 -0.636578 0.334716 0.222084 
521349339638164 0.653306 -0.638895 0.339149 0.223566 
521349360208424 0.651294 -0.642802 0.338434 0.219282 
521349380778997 0.651953 -0.645987 0.333818 0.214995 
521349401349153 0.652436 -0.646941 0.331218 0.214687 
521349421918528 0.652711 -0.646593 0.330887 0.215404 
521349442489466 0.652832 -0.646684 0.330415 0.215489 
521349463059726 0.656372 -0.640647 0.323710 0.232288 
521349483630612 0.644082 -0.644289 0.335145 0.240267 
521349504200924 0.643276 -0.651800 0.328676 0.230922 
521349524770975 0.646642 -0.653616 0.324331 0.222372 
521349545341131 0.647030 -0.653586 0.324237 0.221467 
521349565911081 0.645298 -0.654829 0.325030 0.221688 
521349586481341 0.643551 -0.654923 0.327692 0.222567 
521349607051236 0.643492 -0.655200 0.327093 0.222803 
521349627621392 0.641417 -0.654324 0.332084 0.223976 
521349648190455 0.643299 -0.653169 0.331975 0.222102 
521349668760715 0.644233 -0.652667 0.331182 0.222056 
521349689332955 0.644825 -0.651817 0.331130 0.222911 
521349709903059 0.645394 -0.650952 0.331083 0.223859 
521349730471236 0.645361 -0.650789 0.331090 0.224415 
521349751041392 0.644525 -0.651059 0.332125 0.224506 
521349771611444 0.643546 -0.651642 0.333231 0.223982 
521349792181601 0.642018 -0.652396 0.334593 0.224140 
521349812751757 0.640662 -0.652933 0.335969 0.224399 
521349833322017 0.638555 -0.652098 0.340602 0.225847 
521349853892278 0.637785 -0.651432 0.342494 0.227077 
521349874462539 0.636778 -0.650053 0.346219 0.228202 
521349895032539 0.635701 -0.648673 0.349826 0.229626 
521349915602643 0.634286 -0.646766 0.354466 0.231795 
521349936173632 0.633192 -0.643379 0.359535 0.236361 
521349956743736 0.637410 -0.642086 0.355429 0.234744 
521349977314465 0.641844 -0.642847 0.347456 0.232505 
521349997884622 0.640057 -0.642654 0.349051 0.235555 
521350018455039 0.641730 -0.640146 0.349723 0.236831 
521350039025195 0.643250 -0.639402 0.348081 0.237137 
521350059594985 0.644431 -0.637836 0.347909 0.238398 
521350080165142 0.646260 -0.635852 0.347210 0.239759 
521350100736236 0.648177 -0.633706 0.345535 0.242671 
521350121306392 0.649722 -0.631862 0.343278 0.246520 
521350141874831 0.650999 -0.630059 0.341107 0.250744 
521350162444830 0.650528 -0.628571 0.341350 0.255329 
521350183015038 0.648165 -0.628975 0.339815 0.262296 
521350203585610 0.645239 -0.630530 0.338459 0.267478 
521350224155819 0.643061 -0.633468 0.339294 0.264708 
521350244725455 0.641865 -0.630664 0.343294 0.269112 
521350265295663 0.636901 -0.633052 0.348854 0.268147 
521350285865976 0.633206 -0.641054 0.348498 0.258164 
521350306436184 0.640482 -0.638164 0.347098 0.249103 
521350327006340 0.641246 -0.636939 0.347933 0.249107 
521350347576601 0.640553 -0.638527 0.347268 0.247751 
521350368146705 0.641044 -0.640035 0.344872 0.245930 
521350388716965 0.642123 -0.641109 0.340586 0.246291 
521350409287277 0.641405 -0.640895 0.339274 0.250494 
521350429857538 0.643006 -0.639589 0.338385 0.250929 
521350450430194 0.644494 -0.634777 0.341146 0.255549 
521350470998111 0.645935 -0.631101 0.342782 0.258804 
521350491568736 0.645172 -0.628680 0.345789 0.262573 
521350512138840 0.643795 -0.623757 0.349966 0.271993 
521350532710142 0.644249 -0.615577 0.354814 0.283046 
521350553280246 0.644358 -0.614080 0.355356 0.285359 
521350573849934 0.637660 -0.615434 0.362095 0.288995 
521350594420142 0.636550 -0.618042 0.360545 0.287810 
521350614990558 0.644125 -0.623585 0.343775 0.279399 
521350635560350 0.636370 -0.631107 0.342956 0.281278 
521350656130091 0.630458 -0.637588 0.341862 0.281311 
521350676700351 0.626261 -0.639189 0.346078 0.281894 
521350697271445 0.619057 -0.635633 0.361820 0.286051 
521350717841601 0.632140 -0.647514 0.331506 0.266887 
521350738411236 0.636757 -0.668457 0.290461 0.251669 
521350758982954 0.611166 -0.686478 0.305685 0.248557 
521350779550715 0.586238 -0.698724 0.327993 0.246030 
521350800120819 0.570547 -0.703767 0.348734 0.239943 
521350820691340 0.567830 -0.701427 0.358437 0.238940 
521350841261549 0.573303 -0.695509 0.361041 0.239250 
521350861831809 0.578462 -0.688460 0.362711 0.244631 
521350882402017 0.583019 -0.678057 0.368808 0.253589 
521350902972226 0.590017 -0.668073 0.372971 0.257781 
521350923541027 0.596847 -0.660371 0.375240 0.258609 
521350944111235 0.603143 -0.654488 0.375437 0.258670 
521350964682589 0.609562 -0.650466 0.371437 0.259542 
521350985252850 0.615470 -0.648643 0.364273 0.260314 
521351005823319 0.618798 -0.648384 0.357553 0.262380 
521351026393527 0.618777 -0.647958 0.354568 0.267483 
521351046963632 0.616051 -0.648869 0.354343 0.271827 
521351067533892 0.609388 -0.648048 0.362498 0.277985 
521351088104621 0.599374 -0.640443 0.382190 0.290715 
521351108673997 0.585050 -0.632183 0.406056 0.305252 
521351129245402 0.569341 -0.625167 0.427230 0.320144 
521351149815610 0.562363 -0.624967 0.434217 0.323449 
521351170385611 0.557290 -0.630411 0.436719 0.318255 
521351190955819 0.549364 -0.629526 0.445184 0.322037 
521351211524986 0.542454 -0.627719 0.453466 0.325701 
521351232095195 0.535067 -0.630580 0.458939 0.324727 
521351252665403 0.526195 -0.635540 0.463894 0.322505 
521351273235611 0.517608 -0.641396 0.467712 0.319277 
521351293805715 0.513061 -0.648580 0.463201 0.318679 
521351314375976 0.517807 -0.648880 0.453025 0.324960 
521351334945715 0.536469 -0.644717 0.436128 0.326089 
521351355515923 0.563676 -0.641666 0.412898 0.316304 
521351376087070 0.596033 -0.641282 0.382144 0.295750 
521351396657278 0.627771 -0.640797 0.346169 0.274683 
521351417227225 0.651058 -0.634371 0.325549 0.260221 
521351437797434 0.666506 -0.623713 0.315423 0.259348 
521351458367433 0.669655 -0.618055 0.317888 0.261759 
521351478937589 0.671789 -0.618970 0.321021 0.250044 
521351499507382 0.666650 -0.627056 0.328180 0.233829 
521351520077590 0.654983 -0.645661 0.336258 0.202610 
521351540647694 0.637519 -0.664045 0.350033 0.173466 
521351561217955 0.626466 -0.677112 0.352467 0.157564 
521351581788215 0.614367 -0.685148 0.361665 0.149407 
521351602358007 0.597794 -0.696999 0.365201 0.153176 
521351622928267 0.585886 -0.700779 0.373411 0.161899 
521351643498580 0.578656 -0.705313 0.374032 0.166706 
521351664068788 0.578977 -0.704385 0.372849 0.172081 
521351684639777 0.581641 -0.701514 0.371087 0.178514 
521351705209986 0.586793 -0.698573 0.366513 0.182588 
521351725780194 0.592814 -0.693698 0.364167 0.186377 
521351746350402 0.598557 -0.691411 0.362188 0.180277 
521351766920506 0.602931 -0.684255 0.366548 0.184148 
521351787490714 0.604127 -0.679179 0.371808 0.188427 
521351808061235 0.606544 -0.675158 0.380033 0.178439 
521351828632070 0.601298 -0.679050 0.388794 0.161775 
521351849202121 0.601007 -0.689343 0.384592 0.125246 
521351869772329 0.619078 -0.680224 0.381739 0.091171 
521351890342122 0.627963 -0.665540 0.397996 0.065717 
521351910912330 0.620404 -0.656798 0.425272 0.053471 
521351931482121 0.612229 -0.647737 0.449901 0.056517 
521351952052330 0.604469 -0.641810 0.466377 0.072072 
521351972623736 0.610866 -0.624420 0.475637 0.103503 
521351993193996 0.618090 -0.604132 0.479307 0.152494 
521352013764569 0.620372 -0.585218 0.477160 0.212077 
521352034333736 0.622876 -0.563869 0.468562 0.272998 
521352054904672 0.628093 -0.530884 0.459622 0.335274 
521352075474828 0.625950 -0.485321 0.460714 0.400490 
521352096046392 0.608427 -0.430865 0.472898 0.469616 
521352116615141 0.573335 -0.365256 0.492829 0.543133 
521352137185610 0.529498 -0.291437 0.512785 0.609711 
521352157755871 0.483904 -0.217956 0.529622 0.661689 
521352178324621 0.440796 -0.149541 0.544445 0.697793 
521352198894829 0.401762 -0.086156 0.557917 0.721037 
521352219463996 0.364311 -0.026035 0.572154 0.734330 
521352240034204 0.332439 0.022111 0.594616 0.731729 
521352260606652 0.303731 0.052540 0.620387 0.721184 
521352281176861 0.286188 0.071456 0.636045 0.713048 
521352301745715 0.283613 0.085395 0.644772 0.704656 
521352322316651 0.288747 0.098987 0.644864 0.700698 
521352342886859 0.298411 0.115020 0.634511 0.703646 
521352363457381 0.312748 0.133330 0.619196 0.707819 
521352384028058 0.325192 0.151788 0.608531 0.707743 
521352404596703 0.330939 0.168291 0.607031 0.702617 
521352425166808 0.331468 0.177923 0.607813 0.699311 
521352445737537 0.328795 0.181570 0.607879 0.699578 
521352466307745 0.325133 0.180291 0.604509 0.704523 
521352486877329 0.317501 0.185451 0.596563 0.713382 
521352507447485 0.318556 0.186200 0.601233 0.708781 
521352528018579 0.329497 0.180660 0.600276 0.706019 
521352548588788 0.345294 0.172856 0.599835 0.700779 
521352569158788 0.355837 0.162729 0.600222 0.697591 
521352589729048 0.356790 0.154057 0.600482 0.698849 
521352610297849 0.349705 0.155712 0.598592 0.703668 
521352630867954 0.338756 0.164210 0.595057 0.710061 
521352651438110 0.329818 0.177911 0.587812 0.716969 
521352672008318 0.326569 0.190262 0.580922 0.720890 
521352692578423 0.330388 0.200108 0.574372 0.721732 
521352713148683 0.340627 0.207802 0.568446 0.719487 
521352733719829 0.352601 0.215412 0.561022 0.717304 
521352754289933 0.362459 0.221898 0.552442 0.717072 
521352774859568 0.366563 0.226565 0.543984 0.719987 
521352795429776 0.365723 0.231536 0.538997 0.722579 
521352815999934 0.362610 0.237332 0.537830 0.723137 
521352836570298 0.357867 0.239568 0.539572 0.723464 
521352857139933 0.352271 0.237780 0.543264 0.724037 
521352877710141 0.346295 0.234423 0.546581 0.725517 
521352898280818 0.340204 0.228540 0.548966 0.728469 
521352918850558 0.332676 0.220955 0.552404 0.731680 
521352939420818 0.324756 0.213413 0.556064 0.734698 
521352959990975 0.318974 0.207573 0.558244 0.737247 
521352980563318 0.316687 0.203973 0.558428 0.739096 
521353001133526 0.317692 0.201895 0.556602 0.740611 
521353021701651 0.320791 0.201356 0.553956 0.741405 
521353042271808 0.323504 0.201532 0.550464 0.742778 
521353062842016 0.324067 0.202399 0.547730 0.744316 
521353083412068 0.323010 0.204280 0.546357 0.745271 
521353103982277 0.321029 0.206804 0.545809 0.745832 
521353124552537 0.318562 0.208928 0.546042 0.746127 
521353145122641 0.316747 0.210681 0.546638 0.745971 
521353165692797 0.316092 0.211276 0.546817 0.745949 
521353186263005 0.315638 0.210461 0.546274 0.746769 
521353206833318 0.314206 0.209161 0.545579 0.748245 
521353227403579 0.311727 0.208333 0.545423 0.749625 
521353247973682 0.308893 0.208152 0.546059 0.750385 
521353268543890 0.306520 0.208373 0.546967 0.750636 
521353289113944 0.304192 0.208391 0.548119 0.750737 
521353309684152 0.301988 0.207755 0.549883 0.750513 
521353330254464 0.299445 0.207840 0.550442 0.751098 
521353350824568 0.296752 0.208544 0.551542 0.751165 
521353371394725 0.295528 0.209237 0.552132 0.751021 
521353391964933 0.295142 0.209764 0.551900 0.751196 
521353412535089 0.295414 0.210652 0.551650 0.751025 
521353433105350 0.296104 0.211477 0.551459 0.750661 
521353453675610 0.296353 0.212176 0.551192 0.750562 
521353474245714 0.295964 0.213126 0.550965 0.750614 
521353494815922 0.295587 0.214333 0.551218 0.750232 
521353515386130 0.295658 0.215823 0.551634 0.749471 
521353535956287 0.295758 0.217548 0.552101 0.748588 
521353556526548 0.295642 0.219461 0.552786 0.747570 
521353577096913 0.295250 0.221447 0.553631 0.746513 
521353597667017 0.294624 0.223657 0.554720 0.745292 
521353618237276 0.293783 0.226678 0.555762 0.743933 
521353638807485 0.293757 0.232293 0.556854 0.741391 
521353659378058 0.295351 0.234699 0.560224 0.737451 
521353679948318 0.297105 0.234194 0.560855 0.736426 
521353700518475 0.296294 0.232953 0.561215 0.736872 
521353721088579 0.293869 0.232220 0.561900 0.737552 
521353741658734 0.291604 0.232923 0.562912 0.737458 
521353762230662 0.291726 0.233358 0.564231 0.736263 
521353782800766 0.293587 0.231415 0.564432 0.735982 
521353803370818 0.295490 0.228109 0.563652 0.736850 
