# Created at Thu Nov 07 18:08:23 EST 2019 in Burnaby Canada 
521347385474049 0.009031 -0.051028 -0.004686 
521347406044153 0.002923 -0.014376 -0.025456 
521347426614831 0.007810 0.008837 -0.034924 
521347447184988 0.016972 0.004255 -0.034313 
521347467754727 0.017889 -0.001243 -0.029426 
521347488324831 0.015751 -0.011322 -0.019347 
521347508894987 0.014529 -0.020485 -0.013239 
521347529465195 0.015751 -0.011933 -0.019042 
521347550036446 0.016362 0.000284 -0.029121 
521347570606550 0.012696 0.003339 -0.029121 
521347591175300 0.007504 0.006699 -0.021180 
521347611745456 0.007199 0.007920 -0.007435 
521347632315404 0.005061 0.006393 0.002949 
521347652885508 0.004450 0.000284 0.006309 
521347673455820 0.000479 -0.000326 0.004782 
521347694025976 -0.002575 -0.000632 0.006004 
521347714596186 -0.003797 0.002422 0.006920 
521347735166393 -0.005630 0.001812 0.011501 
521347755736550 -0.002575 0.000590 0.011807 
521347776306549 -0.003491 -0.003686 0.013334 
521347796876810 0.000479 -0.009184 0.013334 
521347817447591 0.001395 -0.003381 0.010891 
521347838016758 -0.004102 0.000284 0.005698 
521347858587383 0.000785 0.000590 0.002033 
521347879157331 0.002312 -0.000937 -0.000410 
521347899727852 0.004144 -0.000326 0.002033 
521347920297383 0.005061 -0.004908 0.001422 
521347940868164 0.003839 -0.009795 0.000811 
521347961438215 0.002312 -0.009184 0.000200 
521347982008267 0.005977 -0.001854 -0.004381 
521348002578164 0.000174 0.005171 -0.004076 
521348023148633 -0.001353 0.008531 -0.002243 
521348043718841 -0.001048 0.006088 0.002644 
521348064288737 -0.001048 0.004255 0.004782 
521348084858842 -0.000437 0.004866 0.006920 
521348105429310 -0.003797 0.006393 0.003866 
521348125999518 -0.006546 0.007920 0.003560 
521348146569831 -0.006546 0.010058 0.000506 
521348167139936 -0.007462 0.013113 0.002338 
521348187709102 -0.009600 0.007920 0.004476 
521348208279310 -0.008378 0.002117 0.002644 
521348228849414 -0.006546 -0.002770 0.003560 
521348249419518 -0.004102 -0.003992 0.002644 
521348269990196 -0.002575 -0.005213 0.004782 
521348290560352 -0.002575 -0.007046 0.007531 
521348311130664 -0.000743 -0.006435 0.002644 
521348331700768 0.001090 -0.014071 -0.001632 
521348352270769 -0.006240 -0.024150 -0.008657 
521348372841237 -0.036478 -0.047974 -0.023929 
521348393411341 -0.062440 -0.097454 -0.081350 
521348413981444 -0.122305 -0.185418 -0.137550 
521348434551758 -0.078017 -0.239480 -0.094789 
521348455122227 -0.020596 -0.072103 -0.033092 
521348475691914 -0.044114 0.048848 0.092136 
521348496261914 -0.052666 0.097717 0.166356 
521348516832018 0.034688 0.127650 0.167272 
521348537402226 0.153195 0.165523 0.171853 
521348557972487 0.237495 0.217141 0.143143 
521348578542695 0.281782 0.216531 0.080529 
521348599113685 0.385629 0.187209 0.114127 
521348619683060 0.580190 0.160026 0.203618 
521348640253163 0.635168 0.173770 0.255542 
521348660823060 0.494058 0.226304 0.192012 
521348681393268 0.350505 0.161858 0.059760 
521348701963841 0.215504 0.042129 -0.073103 
521348722533633 0.112267 0.000284 -0.107006 
521348743103789 0.105242 0.076032 -0.090513 
521348763673945 0.183128 0.160026 -0.076769 
521348784243893 0.323627 0.191791 -0.086542 
521348804814049 0.503526 0.185682 -0.116475 
521348825384414 0.645247 0.344201 -0.195582 
521348845954570 0.819649 0.564418 -0.291182 
521348866524831 1.016042 0.794409 -0.376703 
521348887094987 1.214267 1.085486 -0.460086 
521348907664883 1.344076 1.234537 -0.503458 
521348928235039 1.568569 1.430013 -0.464668 
521348948804883 1.818413 1.719258 -0.574623 
521348969375039 1.929895 1.676497 -0.735892 
521348989945768 1.570402 1.133744 -0.572791 
521349010515924 1.039255 0.564723 -0.225514 
521349031087747 0.872794 -0.366234 -0.011406 
521349051657903 0.274452 -1.018943 0.261040 
521349072227121 -0.576177 -0.351574 0.220723 
521349092798476 -0.924065 0.206757 0.142837 
521349113367955 -0.690409 0.244630 0.030438 
521349133938215 -0.309229 0.172548 -0.163206 
521349154508580 0.301025 0.449575 -0.280492 
521349175080299 0.792160 0.538762 -0.187030 
521349195648111 0.805599 -0.037589 0.142837 
521349216217799 0.780859 -0.328361 0.360000 
521349236788268 0.929604 -0.341494 0.427500 
521349257359205 0.634557 -0.424267 0.538678 
521349277929310 0.023997 -0.258417 0.503553 
521349298499413 -0.215156 0.142616 0.424141 
521349319069465 -0.073741 0.672541 0.401539 
521349339638320 0.107991 0.439496 0.389016 
521349360208424 0.154417 -0.344243 0.403982 
521349380778476 -0.059080 -0.657311 0.185903 
521349401349153 -0.102757 -0.284684 -0.056305 
521349421918737 -0.065189 -0.003381 -0.048974 
521349442488632 -0.029759 -0.029037 -0.011711 
521349463059726 -1.913971 0.849997 -0.574012 
521349483629883 0.184960 1.305702 0.502331 
521349504200716 0.456184 -1.083695 0.287307 
521349524771184 0.134259 -0.918761 0.238438 
521349545341131 -0.110393 -0.071492 0.162385 
521349565911236 0.010558 0.075421 0.125733 
521349586481341 0.109824 0.263567 0.110156 
521349607051497 -0.044114 -0.010406 -0.018126 
521349627621392 0.399679 0.397346 -0.043171 
521349648191497 0.055457 -0.112115 -0.031565 
521349668760715 -0.028537 -0.079739 -0.103952 
521349689330871 -0.019069 0.057095 -0.118613 
521349709903059 -0.071908 0.077864 -0.075241 
521349730473320 -0.068243 0.044878 -0.001632 
521349751041392 0.029190 0.085500 0.099771 
521349771611600 0.033160 0.074810 0.194455 
521349792181601 0.045989 0.129788 0.164218 
521349812751705 0.071645 0.129788 0.096106 
521349833322017 0.206341 0.461182 0.117792 
521349853892225 0.106464 0.244630 -0.035230 
521349874462539 0.155028 0.358862 0.012112 
521349895032591 0.167245 0.380853 0.007531 
521349915602643 0.212144 0.498445 -0.039200 
521349936173789 0.284837 0.677123 -0.329361 
521349956743736 -0.173617 -0.419074 -0.300956 
521349977313632 -0.539220 -0.772154 -0.170231 
521349997884622 0.190153 0.290751 -0.212075 
521350018455612 -0.023039 0.156360 -0.206883 
521350039025195 -0.042587 -0.117002 -0.216657 
521350059595403 0.038964 0.055568 -0.242313 
521350080165142 -0.048390 0.033577 -0.252087 
521350100736288 -0.232566 0.065342 -0.334248 
521350121306392 -0.306786 0.084889 -0.376092 
521350141875143 -0.360236 0.136202 -0.315311 
521350162444987 -0.493100 0.361611 0.033493 
521350183015038 -0.623214 0.371079 -0.039811 
521350203585194 -0.315643 0.248296 -0.065773 
521350224155819 0.254904 -0.157624 0.222861 
521350244725975 -0.238369 0.632835 0.092441 
521350265295663 0.063704 0.410175 0.659629 
521350285865820 1.076823 -0.884248 0.038685 
521350306436184 0.222528 -0.699461 0.169715 
521350327006288 -0.064578 0.080919 0.086638 
521350347576601 0.029801 -0.149072 0.152611 
521350368146705 -0.085042 -0.318587 0.126955 
521350388716965 -0.324501 -0.277659 -0.019653 
521350409287069 -0.081071 0.175603 -0.343716 
521350429857538 0.118681 -0.033008 -0.340968 
521350450427746 -0.007768 0.496001 -0.479328 
521350470998111 -0.101230 0.374745 -0.260944 
521350491568320 -0.008378 0.521963 -0.135412 
521350512138840 -0.019069 0.948957 -0.652814 
521350532710663 -0.370927 1.193914 -0.674805 
521350553280246 -0.334580 0.328013 0.251571 
521350573850507 0.081419 0.806320 0.387794 
521350594420142 -0.055720 -0.225125 0.050902 
521350614989569 -1.139394 -1.730295 0.419865 
521350635560350 -0.446368 0.030522 0.722548 
521350656129986 -0.059386 -0.154875 0.385045 
521350676700351 0.261929 0.306938 0.243935 
521350697270455 0.398152 1.441620 0.388710 
521350717841601 -1.922828 -3.264482 0.654437 
521350738410611 -2.718174 -4.081514 1.038365 
521350758982954 0.570416 0.814567 3.035587 
521350779551965 1.444869 1.240645 2.239325 
521350800120819 1.789702 0.907113 1.323944 
521350820691495 1.152570 0.434304 -0.046225 
521350841261549 0.363333 0.162164 -0.596309 
521350861832851 0.267122 0.376577 -0.979627 
521350882402069 0.556671 0.897645 -1.207479 
521350902972226 0.496807 0.564723 -1.057206 
521350923542382 0.399679 0.222945 -0.807363 
521350944111235 0.177935 0.035409 -0.654036 
521350964681339 -0.208131 -0.212907 -0.681219 
521350985252850 -0.547161 -0.434651 -0.573096 
521351005823058 -0.666585 -0.312478 -0.405414 
521351026393527 -0.655895 0.186293 -0.238648 
521351046963632 -0.392918 0.326792 0.057927 
521351067533892 0.226194 1.038144 0.268981 
521351088104100 0.363027 2.510633 0.441856 
521351108673997 0.366998 3.105615 0.717356 
521351129244153 0.477870 2.922661 0.546313 
521351149815610 0.077143 0.959342 0.506607 
521351170385819 -0.011127 -0.123416 0.848081 
521351190955819 0.210311 0.996605 0.512410 
521351211525975 0.038353 1.061051 0.521573 
521351232095195 -0.111309 0.519214 0.898782 
521351252665559 -0.096037 0.352753 1.076849 
521351273235611 -0.293652 0.218669 1.155957 
521351293809413 -0.297623 -0.459086 0.386878 
521351314375976 0.199926 -0.729699 -1.184572 
521351334946444 0.307439 -1.737931 -2.164704 
521351355515923 0.349283 -3.018303 -2.337274 
521351376086861 0.083251 -4.230870 -2.064522 
521351396657278 -0.023345 -4.562875 -2.258472 
521351417227121 0.104326 -2.674692 -1.752371 
521351437797434 -0.465305 -0.782844 -1.238939 
521351458368163 0.146781 0.323126 -0.575234 
521351478937589 0.376161 -0.385477 0.717966 
521351499508267 0.670292 -0.375092 1.856007 
521351520077590 1.336135 -1.264511 3.206629 
521351540647694 1.757631 -0.847596 3.334911 
521351561217955 0.637611 -0.740389 2.148306 
521351581788527 -0.103062 0.506997 2.372799 
521351602358319 -0.216989 0.525934 1.300426 
521351622928267 -0.124137 1.223846 0.616257 
521351643498476 0.020332 0.255931 0.075031 
521351664068788 -0.177588 0.206757 -0.419769 
521351684638996 -0.175144 0.217447 -0.726729 
521351705209986 -0.175144 -0.163733 -0.874863 
521351725780142 -0.009295 -0.081877 -0.985430 
521351746350402 0.267732 -0.672583 -0.424045 
521351766920611 0.107075 0.512189 -0.569431 
521351787490714 0.715496 0.528072 -0.783539 
521351808060922 0.666933 0.063814 0.438190 
521351828631340 1.593309 -0.626463 0.885954 
521351849202330 2.915831 -3.592211 0.360916 
521351869772329 2.148890 -2.825576 -0.105174 
521351890342538 2.005948 -0.067522 0.841056 
521351910912330 2.369413 1.458113 0.998048 
521351931482486 1.390196 2.402510 0.467512 
521351952052330 1.068576 1.794089 -0.788731 
521351972622538 -0.568847 2.590351 -2.267329 
521351993193996 -2.159539 3.491071 -3.236466 
521352013764360 -2.669916 3.584533 -3.919719 
521352034333736 -2.294845 3.061633 -4.664362 
521352054904464 -1.990940 3.382031 -5.474980 
521352075474828 -1.932297 4.973640 -5.600207 
521352096046392 -1.853495 6.914357 -5.219944 
521352116615141 -1.683980 8.990380 -4.974071 
521352137185766 -1.431388 9.670883 -4.687881 
521352157755871 -0.883137 9.174556 -4.008599 
521352178325767 -0.340078 8.256732 -3.047709 
521352198894829 0.177935 7.510561 -2.204410 
521352219465402 0.769863 7.405492 -1.131732 
521352240034204 0.518798 5.985537 0.177657 
521352260605610 -0.501041 4.066811 0.443077 
521352281176861 -0.135133 2.559197 0.396957 
521352301745454 0.655326 1.007906 -0.077074 
521352322315923 1.083237 0.157888 -1.037964 
521352342886859 1.665391 0.031744 -1.634474 
521352363457016 2.393847 0.289223 -1.291778 
521352384027589 2.347727 0.814873 -0.457643 
521352404598266 1.499541 0.804488 -0.368151 
521352425166808 0.520020 0.468818 -0.367540 
521352445737068 -0.146434 0.007615 -0.683663 
521352466307745 -0.461029 -0.207410 -0.768573 
521352486877954 -0.033118 1.343576 -0.427405 
521352507447485 0.104021 -0.356155 -0.060275 
521352528017693 0.615009 -0.999090 0.475759 
521352548588788 0.852635 -1.430972 0.761338 
521352569158892 0.243909 -1.298719 0.677344 
521352589729048 -0.438122 -0.574845 0.346255 
521352610299256 -0.497376 0.475537 -0.528503 
521352630867954 -0.417352 0.959342 -1.201370 
521352651438214 0.104632 1.183529 -1.484812 
521352672008318 0.493752 0.755313 -1.173271 
521352692578423 0.951596 0.257153 -0.730394 
521352713148683 1.345603 -0.284379 -0.437790 
521352733718891 1.471136 -0.456948 -0.542247 
521352754289933 1.210908 -0.442898 -0.686106 
521352774859569 0.599432 0.039380 -0.591117 
521352795429776 0.195650 0.497528 -0.378536 
521352815999934 0.070423 0.605346 -0.307981 
521352836570298 -0.315032 0.448048 -0.072798 
521352857139933 -0.657422 0.173770 0.106796 
521352877710141 -0.760353 -0.014071 -0.017209 
521352898280818 -0.909709 -0.072714 0.111989 
521352918850558 -1.147946 -0.080044 0.196288 
521352939421079 -1.145809 -0.103868 0.128177 
521352959990975 -0.834573 -0.151821 0.007531 
521352980561131 -0.390169 -0.253224 -0.131135 
521353001133526 -0.015098 -0.291709 -0.143658 
521353021703578 0.241465 -0.334469 -0.214213 
521353042271912 0.248796 -0.180532 -0.215435 
521353062842016 0.105548 0.059538 -0.167787 
521353083412120 0.024303 0.219585 -0.151599 
521353103982277 -0.016014 0.312742 -0.147323 
521353124552485 -0.085958 0.304800 -0.096316 
521353145122641 -0.053277 0.176824 -0.108228 
521353165692902 -0.027315 -0.021096 -0.119224 
521353186263005 -0.097565 -0.101425 -0.094484 
521353206833109 -0.203855 -0.016514 -0.059664 
521353227403579 -0.257611 0.116349 -0.021485 
521353247973787 -0.246005 0.171327 -0.004686 
521353268543890 -0.179115 0.171021 0.016999 
521353289114047 -0.188278 0.177435 0.065563 
521353309684152 -0.231649 0.054041 0.044183 
521353330254360 -0.209047 0.209200 0.019137 
521353350824568 -0.177893 0.190569 -0.038589 
521353371394829 -0.050528 0.066869 -0.063635 
521353391964933 0.013307 0.056179 -0.035230 
521353412535245 0.088749 0.047932 -0.024234 
521353433105350 0.117460 0.014334 -0.014766 
521353453675662 0.070423 0.041823 -0.018431 
521353474245714 0.032550 0.126733 -0.006214 
521353494816183 0.049348 0.145059 0.019748 
521353515386130 0.104326 0.143532 0.042656 
521353535956548 0.121430 0.174075 0.058538 
521353556526548 0.113795 0.201564 0.062509 
521353577097328 0.093331 0.239743 0.079002 
521353597667017 0.089360 0.276090 0.090303 
521353618237953 0.126928 0.412007 0.139172 
521353638807485 0.359973 0.568694 0.131842 
521353659378423 0.276895 -0.042782 0.108018 
521353679948318 0.102799 -0.141436 0.111989 
521353700518370 -0.157124 -0.002159 0.061592 
521353721088579 -0.271661 0.167050 0.045710 
521353741659203 -0.142463 0.250128 -0.004381 
521353762228943 0.077143 -0.068438 -0.029121 
521353782800766 -0.002881 -0.360126 0.011196 
521353803371026 -0.070687 -0.416936 0.041739 
