# Created at Thu Nov 07 18:08:23 EST 2019 in Burnaby Canada 
521347410924726 18.687197 143.384537 13.906950 
521347430924883 20.375385 144.591904 11.431260 
521347450925196 19.912245 143.851288 13.280370 
521347470924987 18.197910 142.225845 13.449631 
521347490936081 18.070831 143.521378 12.221640 
521347510936133 20.355225 142.847687 15.120540 
521347530924570 19.411890 142.261658 12.822870 
521347550926446 19.613791 144.278366 12.514740 
521347570925925 17.477596 144.078888 12.381511 
521347590924988 17.161680 143.346603 13.460401 
521347610923946 18.080221 143.806961 12.529260 
521347630925560 18.846495 143.822937 13.290660 
521347650924674 18.109741 144.956070 12.529740 
521347670924466 18.664066 142.963882 12.061770 
521347690924466 17.150610 142.915695 13.460220 
521347710924466 19.157385 144.559509 11.443020 
521347730924623 18.043322 142.370560 12.528660 
521347750924101 18.103695 144.520889 13.298310 
521347770924675 19.735861 143.427429 11.282910 
521347790924518 18.995071 144.123657 11.598061 
521347810924831 19.736507 142.692978 14.203860 
521347830925247 19.107374 141.813232 14.516881 
521347850935612 17.644936 144.510437 12.995221 
521347870936133 19.901834 143.126251 14.510071 
521347890924727 19.895821 143.571686 11.896501 
521347910925039 17.316614 143.495132 13.305240 
521347930923841 17.957821 144.804962 13.146151 
521347951132070 19.126156 142.384384 15.132120 
521347970924726 19.462860 143.686096 14.975970 
521347990925091 19.760326 143.700180 13.896780 
521348010924518 17.501070 144.792816 13.150560 
521348030924779 19.718401 142.268051 13.127430 
521348050925195 18.970577 142.970276 12.366330 
521348070924519 18.846495 143.822937 13.290660 
521348090924831 18.959162 142.246094 13.442281 
521348110925091 20.218096 144.151779 12.355050 
521348130924831 18.669090 142.959610 12.830520 
521348150924519 16.557720 143.766449 12.543960 
521348170925092 17.928301 143.655853 13.145670 
521348190917695 18.869970 144.536865 14.059710 
521348210936445 19.464226 144.418823 12.362520 
521348230936445 19.594320 143.120712 14.051760 
521348250924675 19.762337 143.698471 14.204281 
521348270924987 18.677490 143.686371 11.293320 
521348290925091 20.652046 143.596222 11.120400 
521348310925143 18.973591 142.967712 12.827580 
521348330924675 19.873335 142.416595 12.972271 
521348350924518 19.778776 144.418381 13.897080 
521348370924779 19.157042 144.266220 12.519150 
521348390925403 20.671143 143.579971 14.041650 
521348410925091 20.671143 143.579971 14.041650 
521348430924569 18.416235 144.522141 14.525371 
521348450924883 18.844484 143.824646 12.983161 
521348470925300 19.148985 143.832748 12.980221 
521348490924935 20.355572 143.140961 14.044410 
521348510924883 19.432350 142.978149 13.130671 
521348530925143 19.141605 143.545456 12.980101 
521348550924726 19.561455 142.121216 12.975091 
521348570949675 19.157042 144.266220 12.519150 
521348590949727 18.214006 142.652481 14.218560 
521348610926028 19.629211 144.558823 13.744861 
521348630925247 20.658062 143.150772 13.733971 
521348650925351 19.035976 145.116333 13.904730 
521348670925039 18.867615 144.245300 14.828340 
521348690925143 17.263306 146.782852 15.460590 
521348710925976 18.448111 145.962814 13.757220 
521348730925039 17.393431 146.365372 13.767691 
521348750924883 18.447765 145.669540 14.833350 
521348770925247 18.007469 146.817627 12.839490 
521348790924986 19.087290 146.834015 14.981700 
521348810924361 17.400465 146.359390 14.843940 
521348830924675 18.344490 147.531967 14.989350 
521348850924675 17.756624 148.378464 14.841840 
521348870924831 16.226400 147.757416 15.932550 
521348890924674 17.271706 147.509598 13.923390 
521348910924154 16.507080 146.758316 16.236691 
521348930948789 18.418951 150.110641 16.220430 
521348950948476 16.583910 150.068893 15.008070 
521348970924414 14.890725 149.746460 13.332870 
521348990924935 13.740135 151.858414 15.190530 
521349010924935 14.478915 151.163879 14.567881 
521349030925872 12.997335 152.556366 15.198180 
521349050926861 13.164330 152.694626 16.888020 
521349070926601 13.926240 152.420746 18.110550 
521349090926027 13.057711 154.706696 15.967830 
521349110927018 14.401441 153.151108 18.106440 
521349130926132 13.612036 152.714493 15.499860 
521349150925976 14.512455 152.309570 15.183360 
521349170926289 13.750185 151.849854 16.728029 
521349190928476 12.725716 153.988083 14.586720 
521349210926184 12.338685 150.527481 15.510720 
521349230925455 13.160310 152.698044 16.273020 
521349250925924 12.731730 153.542618 17.200291 
521349270926758 13.952070 153.426239 18.110970 
521349290932122 13.592265 157.147888 18.270691 
521349311331705 13.103641 155.695068 19.043249 
521349330926236 13.126125 156.850159 17.967482 
521349350924622 11.595585 156.816498 16.752180 
521349370924726 12.219676 157.260193 17.361481 
521349390923944 11.468475 157.231400 18.906330 
521349410924935 13.900801 157.592880 17.191681 
521349430925299 12.552329 157.684692 19.972469 
521349450924205 12.345765 156.405838 16.744650 
521349470924726 13.755256 157.729919 17.654459 
521349490925143 12.324960 155.396072 17.512980 
521349510925612 10.658939 155.931198 16.606890 
521349530925403 12.940021 156.287796 15.047461 
521349550925454 12.962477 156.562241 17.353830 
521349570925663 12.394725 157.831985 18.590252 
521349590925403 10.267275 158.652512 15.843691 
521349610925664 10.813875 156.079758 16.451731 
521349630918528 12.020805 155.681244 16.439791 
521349650925663 10.677735 156.942688 15.531060 
521349671307331 10.535206 157.077148 16.455091 
521349690924621 11.614035 157.534698 16.752480 
521349710927799 10.828290 156.361069 17.528099 
521349730926445 11.607000 157.540695 15.676229 
521349750924674 12.064095 157.846115 14.595691 
521349770924621 12.087226 158.266754 16.440870 
521349790924362 11.603625 156.809662 17.982182 
521349810924361 11.650935 158.971100 16.753080 
521349830923840 11.002695 157.667282 15.835920 
521349850924049 10.088865 157.790039 15.229800 
521349870924569 10.663651 156.514328 15.069631 
521349890924778 10.093890 157.785767 15.998550 
521349910924206 10.081485 157.502747 15.229680 
521349930924414 10.128435 158.930588 16.767780 
521349951132278 9.945345 158.365662 14.309011 
521349970925142 9.918840 157.213989 14.769780 
521349990918580 10.711620 158.381638 15.070411 
521350010925715 10.084500 157.500183 15.690929 
521350031287851 10.829655 157.093811 14.914650 
521350050926081 10.094550 157.491623 17.228432 
521350070926185 11.576115 155.658844 18.289200 
521350090925298 10.808850 156.084045 15.682980 
521350110925351 10.797781 155.653137 15.682800 
521350130926080 12.922231 155.275452 16.277040 
521350150925560 12.168015 155.249222 17.360640 
521350170924414 12.132481 154.545563 14.746591 
521350190924153 12.727725 153.986374 14.894219 
521350210923997 12.439335 154.845230 13.975020 
521350230924360 12.268305 154.270050 13.361250 
521350250923944 12.730080 154.277924 14.125590 
521350270924101 13.059075 155.439407 13.354380 
521350290924205 10.159620 155.221375 12.921000 
521350310924778 12.061080 157.848679 14.134439 
521350330924361 10.835700 157.528992 14.146080 
521350350918007 10.653914 155.935486 15.838140 
521350370924413 11.302845 157.825867 14.603041 
521350391263528 12.955096 156.274963 17.353710 
521350410924413 12.496695 156.998123 14.283421 
521350430924257 11.002695 157.667282 15.835920 
521350450924517 11.717655 155.965546 15.520350 
521350470924674 11.539591 155.396347 13.830331 
521350490924413 12.460455 155.267593 15.512700 
521350510924985 12.161340 155.988800 13.517191 
521350530925402 11.691165 155.254181 14.290051 
521350550926236 10.443331 154.660065 11.995320 
521350570925611 11.679105 155.264435 12.445050 
521350590925767 11.498370 154.991089 9.217649 
521350610925507 12.144600 156.296616 9.827311 
521350630925715 11.516460 154.975693 11.985150 
521350650925610 10.805535 157.114334 11.224650 
521350670924934 11.679451 155.557724 11.368920 
521350690924258 11.713335 156.996689 10.908270 
521350710924778 10.807545 157.112625 11.532149 
521350730925403 11.723385 156.988129 12.445770 
521350751241236 12.305205 155.706451 13.361850 
521350770927173 12.520515 158.005310 13.976340 
521350790925767 10.609710 160.976791 12.612960 
521350810924881 8.992995 163.231339 12.476340 
521350830925298 7.513440 165.062424 11.723070 
521350850924934 7.512420 164.622971 13.260390 
521350870927590 9.005055 163.221085 14.321341 
521350890925194 8.535255 163.660385 10.635930 
521350910925403 9.752235 163.253296 12.161490 
521350930925038 9.752235 163.253296 12.161490 
521350951131027 9.673065 160.091507 12.467670 
521350970923839 9.673065 160.091507 12.467670 
521350990924829 9.827010 160.681259 10.467690 
521351010924360 9.354810 159.507980 12.624120 
521351030925246 11.303865 158.265320 13.065721 
521351050925142 11.402790 156.553375 11.679780 
521351070924673 9.896385 156.939529 12.463410 
521351090925090 10.000006 155.370377 11.231280 
521351111220924 10.495665 156.817230 11.534969 
521351130971757 8.048639 157.642487 6.485100 
521351150927433 6.699181 158.175446 7.421070 
521351170925819 3.579750 156.396423 2.837250 
521351190924726 3.600210 157.112915 3.145050 
521351210925246 2.414085 158.521194 2.388660 
521351230924361 1.630020 157.492889 2.856840 
521351250925195 2.402025 158.531448 0.543660 
521351270925194 -0.291855 160.033463 1.493280 
521351290924674 0.072030 162.633072 0.415170 
521351310928528 -0.190200 164.350357 0.111330 
521351330924570 -1.260660 163.738907 1.658880 
521351350925194 -0.050040 163.484024 1.647000 
521351370924413 1.272225 161.212814 3.324060 
521351390924830 2.463705 159.653198 5.464140 
521351410925455 5.330250 157.550766 9.894060 
521351430918684 8.357790 156.472382 11.709180 
521351450936444 11.974875 154.692871 13.364370 
521351471199830 12.744165 154.706284 14.587021 
521351490972537 13.186170 154.584167 12.891300 
521351510925298 13.837755 155.738403 14.884650 
521351530924517 12.748185 154.702866 15.202020 
521351550925767 10.125405 158.492844 17.997601 
521351570924413 11.762970 163.132385 17.523569 
521351590924308 10.304851 164.798462 20.613991 
521351610924361 9.289425 166.928986 19.856430 
521351630924622 10.462470 165.091507 20.305141 
521351650924361 8.834685 166.915131 20.168341 
521351670923944 9.082515 165.356873 17.704741 
521351690924101 8.641860 165.771362 18.478079 
521351710925142 7.691790 164.163605 19.101240 
521351730925090 8.593545 163.610794 19.553431 
521351750925402 8.298450 164.328583 18.172920 
521351770924934 7.524765 163.144684 20.793539 
521351790918579 7.203166 162.710785 19.873800 
521351810946391 7.155195 160.843460 19.873020 
521351831179308 6.349665 159.099548 19.879650 
521351850973006 3.680940 161.460800 21.290880 
521351870926443 4.498860 163.047424 23.744190 
521351890925454 6.090075 164.203720 29.726219 
521351910925455 6.930150 167.092468 30.488819 
521351930925351 7.327890 170.250412 32.332203 
521351951132693 2.516940 172.417328 32.687702 
521351970925038 -0.840585 172.775391 29.798969 
521351990924829 -0.896925 171.061981 27.953251 
521352010926444 -3.897990 167.848038 23.828609 
521352030926913 -3.994545 165.728485 17.523960 
521352050925507 -7.667985 160.790894 10.483230 
521352070926808 -4.054920 154.451447 6.292530 
521352090927068 -0.241605 150.863998 -1.281000 
521352110927798 3.421815 147.564041 -9.621691 
521352130926339 6.446040 142.952591 -17.495790 
521352150920245 11.394570 142.857086 -27.999420 
521352170937850 18.600315 140.790009 -34.682190 
521352191157486 25.498531 138.277084 -40.132198 
521352210971756 31.894051 138.886642 -41.731258 
521352230925402 39.200401 139.816345 -44.876518 
521352250924100 44.956711 138.674088 -44.317921 
521352270926496 48.802528 139.915894 -42.816692 
521352290926236 47.631165 141.898727 -43.572842 
521352310924829 49.463879 142.529602 -44.973988 
521352330924777 50.334766 140.535233 -43.599899 
521352350925818 52.176842 140.571014 -41.311291 
521352370925766 54.589352 139.481552 -40.412788 
521352390925870 55.346569 139.064896 -39.344070 
521352410926391 55.342846 138.040604 -35.961990 
521352430925870 56.572906 138.062729 -34.128750 
521352450925245 58.521976 137.260406 -35.378223 
521352470925349 57.192650 138.656921 -34.749390 
521352490925141 59.287247 137.277222 -34.770569 
521352510923735 58.887516 139.124710 -33.381630 
521352530924464 59.809395 139.435425 -33.236580 
521352551148318 57.641327 137.795273 -32.601658 
521352570973058 59.303688 137.997131 -35.077770 
521352590925558 57.156090 137.513809 -35.826118 
521352610925454 55.179855 137.458588 -35.345764 
521352630924100 57.336514 138.374542 -34.904732 
521352650923995 56.724827 138.213867 -34.745159 
521352670924099 61.153831 138.906708 -34.941303 
521352690924048 60.101837 139.453781 -35.084518 
521352710924100 62.405025 139.791565 -33.261452 
521352730923839 64.479156 137.255051 -31.899361 
521352750923943 61.614571 138.034805 -30.948570 
521352770924829 63.006947 138.492767 -29.270370 
521352790924517 64.025406 136.800003 -29.742632 
521352810925037 65.151855 138.831619 -28.368332 
521352830924256 65.139801 138.841873 -30.213329 
521352850924673 66.188080 137.710861 -28.379101 
521352870919100 65.915466 139.143433 -29.144310 
521352890934933 66.182716 137.421860 -28.071720 
521352911111443 64.524422 138.537537 -30.053820 
521352930971287 65.111641 138.425507 -32.827263 
521352951131340 65.254822 137.556595 -30.830341 
521352970923683 62.838963 138.795670 -32.805031 
521352990923891 65.282013 139.294800 -33.443371 
521353010926026 64.337990 138.122238 -33.588779 
521353030926027 65.927574 140.894470 -34.063591 
521353050924464 64.368835 139.123459 -32.819611 
521353070923995 64.040192 138.255203 -33.124531 
521353090924100 64.566063 141.437698 -34.972622 
521353110924048 65.584160 139.011337 -32.677681 
521353130923475 65.447670 139.581009 -32.522221 
521353150923839 66.331322 138.603241 -33.146461 
521353170924100 64.857140 140.723328 -34.207111 
521353190917902 66.063721 140.031540 -33.142921 
521353210924411 67.442696 140.647675 -34.078411 
521353230923995 66.405121 141.476044 -33.145260 
521353250947641 65.151566 140.299652 -34.056480 
521353271089672 65.621399 140.741013 -33.753212 
521353290971234 65.461441 140.596741 -34.366798 
521353310970454 65.346420 141.882019 -33.749790 
521353330924412 66.400757 141.186188 -32.684128 
521353350924568 66.369583 140.772385 -35.759312 
521353370923995 67.775055 142.099884 -35.464500 
521353390924151 65.322281 141.462234 -35.748722 
521353410923891 65.634476 141.170212 -33.445530 
521353430924099 66.220337 140.325439 -33.605518 
521353450924100 66.220337 140.325439 -33.605518 
521353470924568 66.812912 140.062042 -34.995270 
521353490924256 66.084198 141.188339 -34.526192 
521353510924360 66.080162 140.751450 -33.450123 
521353530924359 65.586510 139.302902 -33.446312 
521353550924100 66.833015 140.044952 -31.920269 
521353570923995 66.839058 140.480133 -32.688839 
521353590924411 67.771019 141.662979 -34.388428 
521353610917538 66.045273 139.313339 -33.143219 
521353631070245 66.990974 140.631256 -33.305248 
521353651069568 65.916824 139.876175 -31.757761 
521353670968892 68.375969 140.801956 -31.627171 
521353690924777 66.056343 139.744247 -33.143040 
521353710924985 66.371239 140.037079 -32.684608 
521353730924725 66.368225 140.039642 -33.145859 
521353750924621 68.198570 139.938629 -32.087311 
521353770924620 67.893394 139.784302 -31.623180 
521353790926235 66.846092 140.474152 -31.612591 
521353810926391 67.140892 140.784073 -34.229160 
