# Created at Thu Nov 07 18:08:23 EST 2019 in Burnaby Canada 
521347364903945 0.940483 -0.157994 0.273523 0.125357 
521347385474519 0.940742 -0.157165 0.273208 0.125147 
521347406044623 0.940887 -0.156150 0.273300 0.125124 
521347426614414 0.941066 -0.154862 0.273479 0.124986 
521347447184571 0.941276 -0.153703 0.273520 0.124745 
521347467754779 0.941474 -0.153023 0.273307 0.124555 
521347488324883 0.942333 -0.148513 0.273483 0.123122 
521347508896081 0.942948 -0.145495 0.273445 0.122100 
521347529466289 0.943936 -0.139373 0.274036 0.120266 
521347550035092 0.944565 -0.135213 0.274497 0.119019 
521347570605196 0.945055 -0.132034 0.274783 0.118032 
521347591175039 0.945541 -0.129020 0.274972 0.117033 
521347611745195 0.945827 -0.127445 0.275006 0.116362 
521347632315612 0.946201 -0.125072 0.275188 0.115465 
521347652885716 0.946382 -0.124070 0.275225 0.114977 
521347673455821 0.946631 -0.122388 0.275363 0.114396 
521347694025977 0.946789 -0.121320 0.275427 0.114072 
521347714596342 0.946946 -0.120175 0.275512 0.113776 
521347735166446 0.947112 -0.118878 0.275635 0.113453 
521347755736446 0.947250 -0.117895 0.275664 0.113256 
521347776306602 0.947450 -0.116429 0.275711 0.112991 
521347796876497 0.947573 -0.115709 0.275629 0.112896 
521347817446654 0.947924 -0.112940 0.275880 0.112141 
521347838017019 0.947919 -0.112943 0.275843 0.112272 
521347858587123 0.947904 -0.112898 0.275885 0.112332 
521347879157174 0.947901 -0.112900 0.275863 0.112412 
521347899727279 0.947900 -0.112910 0.275830 0.112492 
521347920297851 0.947920 -0.112983 0.275739 0.112479 
521347940868007 0.947954 -0.113111 0.275582 0.112439 
521347961437955 0.947983 -0.113213 0.275465 0.112387 
521347982008372 0.948005 -0.113294 0.275368 0.112357 
521348002578477 0.948012 -0.113328 0.275318 0.112381 
521348023148425 0.948012 -0.113320 0.275334 0.112356 
521348043718633 0.948026 -0.113356 0.275314 0.112249 
521348064289049 0.948039 -0.113393 0.275291 0.112157 
521348084859154 0.948049 -0.113410 0.275299 0.112035 
521348105429467 0.948052 -0.113409 0.275325 0.111943 
521348125999675 0.948043 -0.113363 0.275399 0.111885 
521348146568893 0.948024 -0.113291 0.275489 0.111899 
521348167138998 0.948000 -0.113200 0.275600 0.111927 
521348187709102 0.947979 -0.113135 0.275663 0.112007 
521348208279310 0.947958 -0.113077 0.275701 0.112150 
521348228849935 0.947944 -0.113044 0.275708 0.112291 
521348249420039 0.947930 -0.113020 0.275693 0.112470 
521348269990300 0.947923 -0.113024 0.275643 0.112643 
521348290560456 0.947930 -0.113081 0.275524 0.112819 
521348311130560 0.947939 -0.113139 0.275416 0.112947 
521348331700664 0.947980 -0.113315 0.275163 0.113046 
521348352271029 0.948084 -0.113752 0.274560 0.113200 
521348372841185 0.948256 -0.114484 0.273538 0.113495 
521348393411341 0.948617 -0.114133 0.272360 0.113661 
521348413981601 0.949300 -0.113084 0.270208 0.114145 
521348434551654 0.950047 -0.112586 0.267684 0.114368 
521348455121810 0.950289 -0.112411 0.266743 0.114726 
521348475691758 0.950088 -0.113647 0.266656 0.115375 
521348496261862 0.949612 -0.115143 0.267208 0.116526 
521348516832122 0.948972 -0.115800 0.269134 0.116658 
521348537402279 0.948381 -0.116181 0.271653 0.115238 
521348557973372 0.947806 -0.115894 0.274712 0.112987 
521348578543528 0.947332 -0.115063 0.277620 0.110681 
521348599112851 0.947047 -0.114365 0.280117 0.107506 
521348619683007 0.946884 -0.113790 0.282734 0.102586 
521348640252955 0.946713 -0.113524 0.285365 0.097026 
521348660823111 0.946322 -0.113369 0.288410 0.091884 
521348681393425 0.946112 -0.112228 0.290674 0.088236 
521348701963529 0.946261 -0.110585 0.291458 0.086106 
521348722533633 0.946505 -0.109046 0.291556 0.085039 
521348743103580 0.946483 -0.107819 0.292300 0.084300 
521348763673736 0.946269 -0.106148 0.293999 0.082905 
521348784244102 0.946035 -0.104141 0.296176 0.080321 
521348804814258 0.946011 -0.101006 0.298463 0.076025 
521348825384518 0.945595 -0.096650 0.302489 0.070773 
521348845954674 0.944639 -0.090606 0.308733 0.064269 
521348866524571 0.942986 -0.083008 0.317334 0.056450 
521348887094727 0.940318 -0.073800 0.328800 0.047392 
521348907664570 0.936934 -0.063718 0.341601 0.037459 
521348928234726 0.932570 -0.053089 0.356162 0.025342 
521348948805456 0.926693 -0.040152 0.373500 0.011237 
521348969375612 -0.920382 0.025650 -0.390162 0.003462 
521348989947434 -0.915882 0.015031 -0.400871 0.015397 
521349010517590 -0.913527 0.009707 -0.405973 0.023688 
521349031086809 -0.914757 0.006588 -0.402695 0.031841 
521349051656965 -0.918939 0.008713 -0.392629 0.036303 
521349072227538 -0.920983 0.014672 -0.388019 0.031886 
521349092797694 -0.920640 0.020912 -0.389143 0.023479 
521349113368268 -0.919761 0.024177 -0.391362 0.017038 
521349133938424 -0.918957 0.023722 -0.393419 0.013312 
521349154507850 -0.916703 0.019035 -0.398839 0.014881 
521349175078007 -0.913985 0.013379 -0.404958 0.021489 
521349195647956 -0.913839 0.011793 -0.404801 0.029919 
521349216218112 -0.915024 0.012513 -0.401370 0.038430 
521349236788893 -0.916060 0.013050 -0.397880 0.048532 
521349257359049 -0.917468 0.015872 -0.393470 0.056419 
521349277929153 -0.918505 0.021363 -0.390457 0.058617 
521349298499309 -0.918028 0.027361 -0.391244 0.058346 
521349319068059 -0.915210 0.032153 -0.397320 0.059102 
521349339638164 -0.913085 0.035660 -0.401499 0.061666 
521349360208841 -0.914253 0.038989 -0.398030 0.064763 
521349380778997 -0.916875 0.041012 -0.391739 0.064795 
521349401348371 -0.917916 0.040425 -0.389537 0.063690 
521349421919362 -0.917878 0.040181 -0.389788 0.062852 
521349442489466 -0.918014 0.040497 -0.389518 0.062331 
521349463059726 -0.916116 0.044550 -0.396348 0.040671 
521349483630820 -0.909739 0.048216 -0.409851 0.045526 
521349504200715 -0.914435 0.049564 -0.398534 0.050229 
521349524770975 -0.918011 0.051150 -0.389713 0.052570 
521349545340976 -0.918149 0.053158 -0.389168 0.052206 
521349565911081 -0.917732 0.054563 -0.389866 0.052860 
521349586481080 -0.916521 0.055421 -0.392410 0.054153 
521349607051236 -0.916642 0.056008 -0.392143 0.053431 
521349627620350 -0.914645 0.054580 -0.396502 0.056839 
521349648190455 -0.915130 0.054779 -0.395311 0.057153 
521349668762799 -0.915441 0.054571 -0.394739 0.056316 
521349689332955 -0.915268 0.054308 -0.395318 0.055316 
521349709900975 -0.915038 0.054569 -0.395993 0.054023 
521349730471236 -0.914850 0.055376 -0.396421 0.053221 
521349751041236 -0.914324 0.057462 -0.397332 0.053266 
521349771611444 -0.913907 0.059694 -0.397878 0.053893 
521349792181653 -0.913256 0.061419 -0.399009 0.054616 
521349812751757 -0.912608 0.062575 -0.400201 0.055400 
521349833322174 -0.910459 0.063625 -0.404643 0.057274 
521349853892278 -0.909429 0.063815 -0.406886 0.057530 
521349874462383 -0.907717 0.064080 -0.410460 0.058878 
521349895032539 -0.905965 0.064197 -0.414132 0.060006 
521349915603371 -0.903638 0.063752 -0.419047 0.061437 
521349936173632 -0.900688 0.060244 -0.425753 0.062181 
521349956744205 -0.902827 0.058894 -0.421771 0.059533 
521349977314465 -0.906446 0.059768 -0.414511 0.054449 
521349997884831 -0.905205 0.057276 -0.417512 0.054835 
521350018455039 -0.904696 0.055948 -0.418960 0.053557 
521350039024777 -0.905344 0.054384 -0.417930 0.052242 
521350059594985 -0.905204 0.052266 -0.418625 0.051257 
521350080166028 -0.905232 0.050162 -0.419033 0.049499 
521350100736236 -0.905189 0.048474 -0.419761 0.045655 
521350121304622 -0.905099 0.046736 -0.420635 0.040964 
521350141874674 -0.904821 0.045528 -0.421827 0.035895 
521350162444830 -0.903323 0.047903 -0.425142 0.031106 
521350183015454 -0.901777 0.050255 -0.428565 0.024603 
521350203585610 -0.900726 0.050925 -0.430882 0.020959 
521350224155299 -0.901163 0.052097 -0.429624 0.024775 
521350244725455 -0.898219 0.054133 -0.435623 0.022475 
521350265295819 -0.895964 0.060390 -0.439218 0.026268 
521350285865976 -0.899284 0.056473 -0.431900 0.039526 
521350306436236 -0.902338 0.057062 -0.425187 0.041777 
521350327006340 -0.901945 0.058163 -0.425934 0.041133 
521350347576601 -0.902487 0.059506 -0.424527 0.041863 
521350368146705 -0.903816 0.060813 -0.421548 0.041427 
521350388717173 -0.905256 0.062070 -0.418604 0.037802 
521350409287277 -0.904791 0.059157 -0.420250 0.035268 
521350429857747 -0.905196 0.056135 -0.419831 0.034812 
521350450427955 -0.903109 0.052039 -0.424973 0.032927 
521350470998527 -0.901627 0.050902 -0.428437 0.030336 
521350491568736 -0.899434 0.050043 -0.433197 0.029248 
521350512139882 -0.895296 0.044603 -0.442459 0.026193 
521350532710142 -0.890126 0.040843 -0.453452 0.019708 
521350553280298 -0.888959 0.045216 -0.455487 0.015465 
521350573849934 -0.884871 0.048700 -0.462929 0.018104 
521350594419985 -0.885822 0.049920 -0.460950 0.018758 
521350614990141 -0.894530 0.059754 -0.442907 0.008876 
521350635559987 -0.893672 0.067923 -0.443474 0.008194 
521350656130091 -0.893809 0.071415 -0.442610 0.010073 
521350676701236 -0.891936 0.072225 -0.446139 0.013956 
521350697271445 -0.884177 0.074110 -0.460748 0.021214 
521350717842642 -0.900251 0.091780 -0.425519 0.007655 
521350738412850 0.916272 -0.112879 0.384185 0.010322 
521350758980454 -0.908780 0.137464 -0.393962 0.004160 
521350779550715 -0.899562 0.150596 -0.409191 0.025926 
521350800121080 -0.892592 0.155214 -0.420523 0.048463 
521350820691340 -0.889981 0.149547 -0.426810 0.058329 
521350841261705 -0.889915 0.143039 -0.429070 0.059074 
521350861831757 -0.889344 0.132904 -0.433789 0.056840 
521350882402017 -0.886281 0.119080 -0.444102 0.055673 
521350902970871 -0.884726 0.108175 -0.450074 0.054695 
521350923541027 -0.884496 0.099916 -0.452448 0.054540 
521350944112485 -0.885036 0.094064 -0.452802 0.053232 
521350964682589 -0.886933 0.089562 -0.450524 0.048539 
521350985253111 -0.889875 0.087544 -0.445787 0.041626 
521351005823319 -0.891984 0.087625 -0.442154 0.034449 
521351026393527 -0.891527 0.088960 -0.443274 0.027817 
521351046963632 -0.890059 0.091359 -0.445930 0.024406 
521351067533580 -0.884755 0.092344 -0.456049 0.026450 
521351088103788 -0.872048 0.094595 -0.479323 0.028877 
521351108675246 -0.855559 0.099792 -0.506977 0.032168 
521351129245402 -0.839319 0.102591 -0.532659 0.035949 
521351149815402 -0.833852 0.107360 -0.540128 0.037761 
521351170385611 -0.833547 0.114846 -0.538642 0.043299 
521351190954830 -0.827086 0.118456 -0.547477 0.046534 
521351211524986 -0.820426 0.123244 -0.556241 0.048046 
521351232095195 -0.816420 0.131856 -0.559865 0.051231 
521351252665403 -0.812856 0.141623 -0.562204 0.055977 
521351273235611 -0.809875 0.153006 -0.563113 0.059971 
521351293805715 -0.811852 0.157432 -0.559000 0.060253 
521351314375507 -0.817449 0.144726 -0.554748 0.055545 
521351334945715 -0.829707 0.122661 -0.542449 0.047855 
521351355516861 -0.848333 0.098981 -0.518458 0.041649 
521351376087070 -0.871922 0.079060 -0.481938 0.035191 
521351396657069 -0.895199 0.057747 -0.441101 0.026713 
521351417227225 -0.908046 0.041897 -0.416207 0.021653 
521351437797225 -0.912219 0.033211 -0.408197 0.011313 
521351458367433 -0.910861 0.027584 -0.411648 0.010791 
521351478937173 -0.912798 0.034980 -0.406509 0.018083 
521351499507382 -0.913784 0.051184 -0.401680 0.032114 
521351520077590 -0.916476 0.077144 -0.388057 0.059430 
521351540647694 -0.915000 0.100803 -0.379834 0.091323 
521351561218007 -0.914937 0.117608 -0.371469 0.105213 
521351581787903 -0.909534 0.140082 -0.374380 0.113860 
521351602358007 -0.905529 0.152256 -0.378553 0.116330 
521351622928371 -0.899503 0.158895 -0.389944 0.116580 
521351643498580 -0.898307 0.159228 -0.392516 0.116714 
521351664069569 -0.898367 0.155915 -0.394814 0.112917 
521351684639777 -0.898846 0.150009 -0.397439 0.107774 
521351705210038 -0.901113 0.142569 -0.396436 0.102513 
521351725780194 -0.902729 0.133138 -0.396953 0.098906 
521351746350297 -0.905535 0.127774 -0.391468 0.102144 
521351766920506 -0.903757 0.122293 -0.397610 0.100867 
521351787492016 -0.901942 0.112940 -0.403852 0.103199 
521351808061965 -0.900233 0.115387 -0.404358 0.112963 
521351828631861 -0.899478 0.116651 -0.399361 0.133577 
521351849202121 -0.908657 0.103662 -0.368434 0.166894 
521351869771913 -0.915359 0.089890 -0.344411 0.188196 
521351890342122 -0.910410 0.091834 -0.343839 0.210936 
521351910911965 -0.898396 0.095759 -0.357908 0.235833 
521351931482121 -0.885607 0.100471 -0.380364 0.246839 
521351952053684 -0.876833 0.091994 -0.400457 0.249670 
521351972623892 -0.869920 0.079344 -0.429229 0.229577 
521351993193267 -0.861659 0.067484 -0.465632 0.190199 
521352013763527 -0.851262 0.051907 -0.502246 0.142853 
521352034334464 -0.839771 0.026589 -0.533863 0.095226 
521352054904672 -0.822367 -0.007235 -0.567079 0.045631 
521352075474724 0.791009 0.040677 0.610444 0.002859 
521352096044933 0.742196 0.070522 0.664783 0.047278 
521352116615506 0.672415 0.099920 0.728198 0.087189 
521352137185610 0.590555 0.128640 0.787262 0.122128 
521352157754413 0.507398 0.155614 0.834596 0.147587 
521352178324621 0.429281 0.179947 0.870087 0.162126 
521352198893839 0.357320 0.202874 0.896188 0.167368 
521352219463996 0.287309 0.225507 0.917163 0.159414 
521352240036444 0.231431 0.239675 0.932005 0.142695 
521352260606652 0.193066 0.240289 0.942298 0.130616 
521352281175559 0.169310 0.241544 0.947730 0.121648 
521352301746443 0.160899 0.248677 0.947594 0.119734 
521352322316651 0.159436 0.260295 0.943494 0.129022 
521352342886859 0.158230 0.277924 0.936604 0.143159 
521352363457850 0.156318 0.301916 0.928115 0.151705 
521352384026495 0.151404 0.325371 0.921156 0.150607 
521352404596703 0.146241 0.341257 0.916252 0.150466 
521352425167277 0.142576 0.348137 0.913829 0.152938 
521352445737537 0.141195 0.348048 0.912697 0.160965 
521352466307120 0.140613 0.344157 0.912477 0.170792 
521352486877329 0.126884 0.345108 0.914162 0.170615 
521352507448371 0.130643 0.345081 0.913167 0.173140 
521352528018579 0.142741 0.347608 0.910633 0.171876 
521352548588684 0.160405 0.351251 0.906771 0.169294 
521352569158788 0.175528 0.349701 0.904804 0.168016 
521352589727641 0.181665 0.343556 0.905812 0.168739 
521352610297849 0.175271 0.340323 0.907271 0.174123 
521352630867850 0.162321 0.339665 0.908029 0.183747 
521352651438110 0.147306 0.344577 0.906384 0.195028 
521352672008318 0.137496 0.352054 0.903191 0.203469 
521352692578423 0.134544 0.362073 0.898482 0.208642 
521352713149621 0.138674 0.374136 0.891941 0.212682 
521352733719829 0.144552 0.387085 0.884093 0.218287 
521352754289307 0.149196 0.397940 0.876697 0.225358 
521352774859568 0.148531 0.404523 0.872413 0.230642 
521352795429933 0.143753 0.408285 0.870692 0.233524 
521352816000142 0.137686 0.410919 0.870140 0.234614 
521352836569725 0.133083 0.409573 0.871422 0.234867 
521352857139933 0.130740 0.404403 0.874128 0.235085 
521352877710193 0.129525 0.397615 0.876811 0.237336 
521352898280350 0.128494 0.389177 0.880403 0.238582 
521352918850610 0.127704 0.378400 0.884769 0.240185 
521352939420818 0.127006 0.367261 0.888890 0.242615 
521352959993110 0.126909 0.358783 0.891546 0.245590 
521352980563318 0.128247 0.354187 0.892143 0.249368 
521353001131547 0.130917 0.352917 0.891172 0.253224 
521353021701547 0.134219 0.354170 0.889178 0.256733 
521353042271808 0.136276 0.355947 0.887222 0.259936 
521353062841912 0.136079 0.357026 0.886061 0.262509 
521353083412016 0.134208 0.357846 0.885464 0.264364 
521353103982329 0.131555 0.358498 0.885033 0.266250 
521353124552537 0.128793 0.358532 0.885034 0.267549 
521353145122536 0.127204 0.358516 0.884731 0.269326 
521353165692797 0.127434 0.358207 0.884023 0.271941 
521353186263214 0.128275 0.357025 0.883526 0.274701 
521353206833318 0.128169 0.355030 0.883636 0.276973 
521353227403474 0.126878 0.352815 0.884166 0.278700 
521353247973682 0.125065 0.350857 0.884844 0.279838 
521353268543787 0.123393 0.349497 0.885427 0.280437 
521353289113944 0.121817 0.348023 0.886167 0.280623 
521353309684256 0.121263 0.345911 0.886770 0.281567 
521353330254464 0.119344 0.344415 0.887416 0.282184 
521353350824464 0.117410 0.343173 0.887803 0.283289 
521353371394725 0.117475 0.342515 0.886981 0.286613 
521353391964985 0.117225 0.342591 0.886585 0.287850 
521353412535089 0.117289 0.343346 0.885978 0.288791 
521353433105402 0.117823 0.344264 0.885229 0.289775 
521353453675610 0.117977 0.344855 0.884653 0.290768 
521353474245661 0.117344 0.345322 0.884299 0.291544 
521353494815922 0.116669 0.345975 0.884004 0.291937 
521353515386183 0.116203 0.347116 0.883617 0.291940 
521353535956287 0.115501 0.348511 0.883308 0.291492 
521353556526705 0.114615 0.349901 0.883016 0.291060 
521353577096913 0.113454 0.351197 0.882842 0.290480 
521353597667016 0.112129 0.352495 0.882649 0.290008 
521353618237276 0.109578 0.354520 0.882820 0.287988 
521353638807954 0.106393 0.359074 0.882192 0.285453 
521353659378058 0.108354 0.361352 0.881079 0.285278 
521353679948266 0.110906 0.361688 0.880364 0.286080 
521353700518475 0.111202 0.360127 0.880710 0.286868 
521353721088474 0.109802 0.358090 0.881517 0.287475 
521353741660453 0.108064 0.357223 0.881874 0.288117 
521353762230662 0.109240 0.357249 0.881217 0.289648 
521353782800558 0.113028 0.356330 0.880283 0.292157 
