# Created at Thu Nov 07 17:55:17 EST 2019 in Burnaby Canada 
520561887706433 0.000211 -0.014281 -0.000285 
520561908275079 -0.004160 -0.000664 0.006472 
520561928840808 0.001826 -0.018823 0.004518 
520561949407734 0.004172 -0.009471 0.006010 
520561969974923 -0.001743 -0.025023 0.014380 
520561990542683 0.000778 -0.027432 0.006617 
520562011110079 -0.011866 -0.013507 0.010578 
520562031677682 -0.011494 -0.009069 0.013995 
520562052245339 -0.012476 -0.017668 0.007749 
520562072812994 0.000592 -0.009543 0.001855 
520562093380808 0.000700 -0.028507 0.011735 
520562113948308 0.005404 -0.023831 0.006255 
520562134516016 -0.007597 -0.016893 0.010920 
520562155083464 0.000949 -0.014629 0.015920 
520562175651172 0.007962 -0.027306 0.019312 
520562196218569 0.003215 -0.027252 0.018283 
520562216786538 0.017119 -0.024700 0.013672 
520562237353881 -0.006268 -0.008528 0.016675 
520562257922214 -0.006696 -0.012562 0.023451 
520562278489193 0.000914 -0.010046 0.004037 
520562299056953 0.010216 -0.036362 0.013335 
520562319624349 -0.004737 -0.032899 0.009193 
520562340192058 0.006238 -0.027342 0.000560 
520562360759610 -0.016040 -0.004824 0.017930 
520562381327265 -0.004090 -0.020559 0.026728 
520562401895130 0.014750 -0.034559 0.005836 
520562422462527 -0.012333 -0.017076 0.017823 
520562443030026 -0.010451 -0.021407 0.018028 
520562463597995 -0.006446 -0.017072 0.020677 
520562484165443 0.011532 -0.021750 0.023483 
520562504733359 0.009135 -0.026582 0.023834 
520562525300704 -0.007487 -0.014745 0.020820 
520562545868465 -0.007420 -0.021870 0.024744 
520562566435756 0.005465 -0.014815 0.007870 
520562587003464 0.004191 -0.017096 0.012623 
520562607570912 0.009744 -0.010509 0.019460 
520562628138985 0.002380 -0.019423 0.007675 
520562648706433 -0.025232 -0.023362 0.036928 
520562669273829 -0.038375 -0.038909 0.056943 
520562689841484 -0.106661 0.067727 0.019023 
520562710409454 -0.136377 0.138984 -0.023357 
520562730977109 -0.119287 0.020380 -0.035887 
520562751544298 -0.058138 0.013584 -0.002531 
520562772112787 0.067318 -0.103725 -0.055831 
520562792680078 0.275810 -0.250974 -0.016379 
520562813248463 0.251423 -0.086477 0.108955 
520562833815287 -0.000301 0.038558 0.008824 
520562854383568 0.030185 -0.015357 0.054979 
520562874950807 0.330250 -0.217560 -0.118491 
520562895517943 0.243057 -0.064509 0.182928 
520562916086120 -0.080415 0.100318 0.252287 
520562936654401 -0.323900 0.181663 0.079054 
520562957221120 -0.214583 0.073808 -0.042102 
520562977788933 -0.004870 -0.039049 -0.084985 
520562998356641 0.080482 -0.121289 -0.151515 
520563018924193 -0.035764 -0.128424 -0.128667 
520563039491796 -0.177082 -0.055584 -0.070045 
520563060059505 -0.172451 -0.057530 -0.130763 
520563080626694 0.017153 -0.150283 -0.050297 
520563101195548 0.059162 -0.133611 0.021045 
520563121762318 -0.060097 -0.037530 0.013838 
520563142330911 -0.110169 0.023179 -0.030720 
520563162897786 -0.014431 -0.005810 -0.023583 
520563183466381 0.090997 -0.048800 0.043762 
520563204034036 0.040978 -0.013745 0.095035 
520563224600130 0.003275 0.115461 0.141007 
520563245168672 0.019719 0.274809 0.233206 
520563265736432 0.194737 0.230203 0.276179 
520563286302631 0.354482 0.051227 0.251505 
520563306870287 0.174166 0.023252 0.259983 
520563327437787 -0.188757 0.078966 0.377868 
520563348005598 -0.238337 0.210578 0.180101 
520563368573047 0.157588 -0.260772 -0.550918 
520563389140599 0.201625 -0.459697 -0.259492 
520563409708307 0.010432 -0.240267 -0.359551 
520563430276640 0.086395 -0.111004 -0.002280 
520563450844661 -0.188083 0.036782 0.133175 
520563471411173 -0.492094 0.137724 -0.125479 
520563491978932 -0.244721 -0.014150 -0.247767 
520563512546432 -0.019995 -0.486897 -0.005698 
520563533114245 0.317010 -0.411055 -1.256598 
520563553681953 -0.243818 0.481248 2.256849 
520563574250027 -0.145835 0.184612 -0.205783 
520563594817005 0.599758 -0.182311 -0.327682 
520563615384661 0.109885 0.280523 0.160019 
520563635952265 -1.055753 0.434455 -0.376369 
520563656522058 -1.042545 0.464741 -0.319834 
520563677089297 -0.085447 -0.063881 0.330051 
520563697656953 0.998367 -0.287606 0.417740 
520563718224661 1.035591 -0.424156 0.202359 
520563738791484 0.119398 -0.004673 0.139194 
520563759358516 -0.463304 -0.266760 -0.679396 
520563779926328 -0.266800 0.033640 0.005874 
520563800493307 0.020063 -0.077203 0.037610 
520563821061327 0.010982 -0.134843 0.077131 
520563841628672 0.186324 -0.062308 -0.096793 
520563862196588 0.200506 -0.245219 -0.062061 
520563882763932 0.170364 -0.099203 0.191094 
520563903331796 -0.316724 -0.054647 0.095579 
520563923899192 0.068478 -0.268934 -0.337624 
520563944467526 0.541337 -0.199938 0.176769 
520563965034661 0.397428 -0.262203 0.109966 
520563985602213 0.220583 -0.818281 0.170242 
520564006169817 0.612521 -1.160397 -0.635114 
520564026737578 0.228118 -1.692986 -0.186948 
520564047305651 -0.144659 -2.650391 -0.066664 
520564067873463 -0.258163 -3.154768 -1.077477 
520564088440599 1.126605 -0.719365 -0.492573 
520564109009037 0.832555 -0.350517 1.019691 
520564129576849 -1.489977 -1.999330 2.640403 
520564150143828 -2.493531 -2.834128 1.037962 
520564170711796 -0.222960 -1.190242 0.217255 
520564191278776 1.410764 -0.372735 -2.664458 
520564211846432 2.039735 -0.967616 -1.483410 
520564232414661 1.803578 -1.805332 -1.103800 
520564252983620 -0.009480 -2.208826 -2.937423 
520564273549453 -0.032995 -1.458509 -4.936583 
520564294119453 0.646198 -1.130506 -0.122423 
520564314686745 2.426123 -1.155754 0.332684 
520564335253151 2.958588 -1.700138 -0.060959 
520564355822057 4.504217 1.553226 -4.023496 
520564376388099 7.730165 5.667145 -8.991709 
520564396955755 8.164027 6.494209 -9.212270 
520564417524452 6.652963 4.549320 -4.543752 
520564438091328 5.096763 2.928751 -0.282395 
520564458659088 4.224333 2.747755 -0.946786 
520564479226744 3.415977 2.664905 -0.709078 
520564499794401 2.565764 2.047945 -1.069558 
520564520361901 1.757379 0.773873 0.342094 
520564540929557 -0.190920 -1.591133 0.707074 
520564561497265 -1.356174 -2.863853 0.386513 
520564582065337 -0.287537 -3.513019 -1.174306 
520564602632266 1.559944 -3.639791 -1.476988 
520564623201224 -0.815472 -6.359942 -4.105041 
520564643767994 -5.084764 -7.106313 -4.840900 
520564664314818 -5.398848 -6.214032 -4.653584 
520564684903776 -4.272035 -3.753120 -5.557297 
520564705473150 -1.447632 -2.729905 -3.210999 
520564726039556 0.350932 -1.036423 -2.308066 
520564746607682 -0.111024 -0.857436 -1.843788 
520564767174036 0.316758 -1.886732 -0.046752 
520564787742108 0.410327 -2.803582 1.340107 
520564808308984 0.841035 -1.706817 0.826194 
520564828877422 1.932189 -0.380966 -0.037187 
520564849444401 3.548350 -0.438439 0.537560 
520564870012994 5.094975 -1.579550 1.555305 
520564890579973 4.608632 -2.870525 1.489835 
520564911148828 3.280092 -3.457273 0.909174 
520564931716432 2.522120 -3.359662 0.459804 
520564952283307 1.371029 -2.499436 -1.249452 
520564972850702 1.822417 -1.914640 -2.094265 
520564993418307 2.954569 -2.360710 -2.572136 
520565013986223 2.094373 -2.351855 -2.623866 
520565034553723 0.960958 -2.091228 -2.262103 
520565055121848 0.195122 -1.646662 -1.869677 
520565075689401 -0.499608 -1.053533 1.300399 
520565096256900 0.697659 -0.993612 1.700515 
520565116824036 0.793891 -3.031220 -0.691749 
520565137392422 -0.991866 -1.440162 -8.242018 
520565157960182 -4.232524 3.584694 1.244278 
520565178530025 1.171600 4.559512 3.950737 
520565199096224 2.618396 1.949838 4.329556 
520565219664453 -0.089724 -0.463718 4.312280 
520565240231276 -2.865351 -1.631123 2.209363 
520565260798150 -4.220056 -1.238630 0.622097 
520565281366380 -3.463100 -0.437515 -0.431006 
520565301934870 -2.188893 -0.209174 1.236052 
520565322503410 -0.024890 0.027519 3.901334 
520565343068827 1.587007 -0.207413 3.886436 
520565363636431 0.860110 -0.734314 2.173235 
520565384205755 -1.325763 -1.026932 -0.076327 
520565404771744 -2.968010 -0.919976 -2.009830 
520565425339401 -3.190917 -0.972596 -2.937513 
520565445908151 -2.279502 -1.104949 -2.106511 
520565466474973 -0.592151 -0.664104 -1.100081 
520565487042317 1.259726 -0.119106 -2.375065 
520565507611120 2.942888 1.425212 -1.960552 
520565528178567 4.101487 2.751596 -0.284029 
520565548745858 2.815577 1.988907 1.010059 
520565569313254 -0.003892 0.515544 0.954276 
520565589880650 -1.871798 -0.649405 0.834512 
520565610448775 -2.275693 -0.887092 0.674428 
520565631017316 -1.491913 -0.832911 0.085705 
520565651584922 -0.246424 -0.537914 -0.792511 
520565672155025 0.697557 -0.058125 -1.333584 
520565692720285 0.185876 -1.958901 -3.586443 
520565713288099 1.256079 0.499351 -1.557958 
520565733855390 1.112391 1.076592 -0.455779 
520565754422577 0.903153 0.852937 0.287005 
520565774990546 0.537504 0.374666 0.489817 
520565795557733 0.066011 0.081680 0.237075 
520565816126171 -0.179221 0.002760 0.173697 
520565836693202 -0.068216 -0.069715 0.508690 
520565857261432 0.021159 -0.163080 0.694004 
520565877828723 -0.083350 -0.228266 0.509798 
520565898396223 -0.250724 -0.214511 0.077210 
520565918963463 -0.325961 -0.013366 0.019156 
520565939532473 -0.203023 0.041740 0.305308 
520565960099296 -0.172719 -0.017097 0.384007 
520565980667316 -0.388072 -0.104878 0.207308 
520566001234452 -0.518228 -0.105855 0.215177 
520566021802838 -0.367110 -0.145633 0.341630 
520566042369868 -0.238176 -0.116811 0.251038 
520566062938567 -0.190032 -0.050734 0.094258 
520566083504921 -0.159177 -0.004109 0.089403 
520566104072316 -0.135633 -0.040915 0.013731 
520566124641014 -0.193123 0.052702 -0.092566 
520566145207994 -0.243769 0.053562 -0.083658 
520566165775285 -0.180891 -0.001287 0.111028 
520566186343514 0.077928 0.089380 0.194674 
520566206911379 0.212582 0.168479 0.162377 
520566227478515 0.039203 0.056625 0.053386 
520566248045962 -0.186338 -0.027835 0.030857 
520566268614349 -0.307976 -0.024585 0.101501 
520566289181223 -0.235686 -0.059997 0.088335 
520566309749035 -0.044812 -0.010064 0.139896 
520566330316847 0.239024 0.176220 0.218054 
520566350884400 0.297744 0.288546 0.279318 
520566371452733 0.073250 0.145357 0.179075 
520566392020233 -0.240569 -0.048716 -0.052761 
520566412587838 -0.290232 -0.059697 -0.069846 
520566433155338 -0.070339 0.006520 0.069230 
520566453723515 0.107921 0.047885 0.130205 
520566474290442 0.112210 0.089199 0.032727 
520566494858567 -0.046136 0.038250 -0.059515 
520566515426275 -0.201511 -0.091784 -0.192538 
520566535994087 -0.273301 -0.089693 -0.202525 
520566556561432 -0.171714 -0.052562 -0.032022 
520566577129400 -0.052729 -0.042241 0.011993 
520566597696848 -0.060912 0.046270 -0.126799 
520566618264400 -0.108498 0.105149 -0.135187 
520566638832005 -0.040818 0.046810 0.085100 
520566659400754 0.000941 -0.045035 0.219066 
520566679968567 -0.118903 -0.035248 0.068468 
520566700536848 -0.193468 0.019114 -0.110089 
520566721104243 -0.041706 0.067370 -0.039578 
520566741671899 0.119711 0.090976 0.139896 
520566762239817 0.056012 0.056938 0.097860 
520566782806744 -0.107003 0.057747 -0.008128 
520566803374035 -0.077957 0.065688 -0.004605 
520566823941638 0.018210 0.027949 0.043563 
520566844509295 0.011102 0.019629 0.029995 
520566865077213 0.043631 0.069550 -0.030549 
520566885646431 0.131678 0.155861 -0.025380 
520566906212942 0.079158 0.116467 0.061185 
520566926780338 -0.120840 -0.057659 0.109841 
520566947349035 -0.220674 -0.140479 0.118232 
520566967918098 -0.127102 -0.070752 0.157967 
520566988483306 -0.011109 0.020092 0.088419 
520567009051222 -0.036766 0.009646 -0.151626 
520567029619556 -0.102735 0.038938 -0.215720 
520567050186536 -0.085580 0.033536 0.010054 
520567070753670 -0.066136 -0.082460 0.148902 
520567091321796 -0.132938 -0.111218 0.033241 
520567111889505 -0.117200 -0.034059 -0.120547 
520567132458202 0.028737 0.070395 -0.102042 
520567153025701 0.086425 0.104126 -0.011085 
520567173594347 -0.029373 0.058188 -0.004662 
520567194162161 -0.044349 0.061253 0.071463 
520567214728879 0.127868 0.118742 0.205170 
520567235296378 0.129351 0.087468 0.199245 
520567255862942 -0.039271 -0.014986 0.035060 
520567276430650 -0.091862 -0.048083 -0.071058 
520567296999243 0.032356 0.031799 0.079033 
520567317566951 0.086010 0.025112 0.086364 
520567338135494 -0.073888 -0.022783 -0.102589 
520567358701587 -0.130297 -0.037722 -0.140644 
520567379270441 -0.005646 -0.007283 -0.048121 
520567399838150 0.001255 0.002587 -0.011409 
520567420406691 -0.074089 -0.008389 -0.055945 
520567440973149 -0.018973 0.037762 0.000142 
520567461540389 0.014145 0.032506 -0.025170 
520567482108046 -0.062042 -0.009092 -0.134617 
520567502675546 -0.093879 -0.032584 -0.083892 
520567523242368 0.032138 0.019044 0.184822 
520567543811744 0.123720 0.082147 0.305431 
520567564378045 0.005763 0.075875 0.178169 
520567584945493 -0.115343 -0.009276 -0.085252 
520567605513306 -0.030017 -0.042651 -0.106544 
520567626081379 0.112357 -0.008125 -0.027278 
520567646648983 -0.000810 0.023243 -0.076416 
520567667216795 -0.190820 -0.024049 -0.127983 
520567687784139 -0.046381 0.013664 0.037640 
520567708351483 0.182469 0.051659 0.164222 
520567728919191 0.066757 0.016092 0.050577 
520567749486848 -0.085116 -0.013055 -0.072296 
520567770054504 -0.107465 -0.053077 -0.185709 
520567790622212 -0.061788 -0.002689 -0.169447 
520567811189868 0.029846 0.099279 0.049171 
520567831757473 0.114662 0.064723 0.185849 
520567852325493 0.043972 -0.015667 0.036340 
520567872892941 -0.047350 -0.001810 -0.069399 
520567893461014 -0.029567 0.006938 0.034624 
520567914028253 0.069994 -0.069825 0.079132 
520567934596014 -0.111279 -0.163080 -0.129633 
520567955163565 -0.287394 -0.003081 -0.488996 
520567975731743 0.034611 0.336041 -0.110251 
520567996299660 0.614692 0.342215 0.673066 
520568016867732 0.423303 -0.169863 0.501929 
520568037434920 -0.374373 0.002891 -0.085440 
520568058003097 -0.829082 -0.084470 -1.116827 
520568078570232 -0.644291 -0.151098 -0.927148 
