# Created at Thu Nov 07 17:55:17 EST 2019 in Burnaby Canada 
520561910932735 -4.093485 157.873367 10.139190 
520561930930860 -4.062285 159.167831 9.832231 
520561951172944 -3.201795 156.888779 10.744950 
520561970916745 -4.256129 157.584610 9.679290 
520561990916953 -4.713226 157.279205 10.759830 
520562010916537 -4.731330 156.854263 9.683400 
520562030923515 -4.972080 159.727509 8.150040 
520562050916276 -4.696785 157.999100 10.452630 
520562070916067 -4.542855 158.148514 10.143720 
520562090916640 -3.977460 156.587234 9.675930 
520562110916849 -4.848345 158.581573 8.301840 
520562130916954 -4.721626 156.552444 12.297030 
520562150916798 -3.213855 156.899033 8.899950 
520562170916850 -6.121695 156.394577 8.312700 
520562190917683 -3.324855 158.180908 10.131960 
520562210916694 -5.472120 157.550491 9.998550 
520562230916225 -3.471406 158.318787 10.440989 
520562250916902 -4.870831 157.426483 9.377610 
520562270931329 -4.226610 158.733719 9.679770 
520562290931329 -4.266525 157.299896 9.217920 
520562310916224 -4.116961 157.159439 9.370140 
520562330916484 -5.795070 156.824203 10.001190 
520562350923725 -5.795070 156.824203 10.001190 
520562370916902 -3.943230 158.319458 8.139150 
520562390916849 -3.184995 158.342270 7.670550 
520562410917266 -3.793665 158.179016 8.291370 
520562430917475 -4.870171 157.132355 10.607491 
520562450916588 -3.794010 157.885742 9.367499 
520562470925495 -5.502631 156.842545 8.153250 
520562490917006 -5.320529 157.848663 8.767200 
520562510917370 -4.570350 157.438004 8.759670 
520562530916797 -5.807130 156.834457 8.156190 
520562550917215 -4.998930 158.282562 9.686940 
520562570920391 -3.969060 157.313980 8.138730 
520562590917579 -4.093485 157.873367 10.139190 
520562606066798 -6.074399 158.115707 8.774671 
520562610916485 -6.074399 158.115707 8.774671 
520562630921173 -4.741725 156.569550 9.222031 
520562651267474 -4.130040 156.730240 9.062461 
520562670917787 -4.266525 157.299896 9.217920 
520562690916953 -4.248075 158.018082 9.218220 
520562710916954 -4.706836 158.007645 8.915130 
520562730917005 -5.463721 158.277237 8.461350 
520562750917162 -3.798030 157.889160 8.752501 
520562770925548 -4.264170 157.591446 8.449290 
520562790925859 -5.604570 158.557053 9.077941 
520562810917005 -3.523381 156.895203 8.134140 
520562830917944 -4.709851 158.010208 8.453880 
520562850918100 -5.479156 157.556473 8.922300 
520562870954140 -4.116615 157.452713 8.294010 
520562890917630 -5.768220 158.269150 8.464291 
520562910918256 -5.316510 157.845245 9.382200 
520562930918360 -4.536810 158.583694 9.375150 
520562951123881 -4.880220 157.140900 9.069990 
520562970926433 -3.957000 157.303726 9.983730 
520562990917474 -5.615640 158.126144 9.077761 
520563011184870 -5.344005 157.134735 7.998150 
520563030971745 -4.524405 158.866714 10.144020 
520563050918203 -4.132050 156.731949 8.754960 
520563070918255 -6.066345 158.549179 8.313601 
520563090917423 -3.938205 158.315186 8.907900 
520563106205234 -5.292690 158.852448 9.075121 
520563110917943 -5.292690 158.852448 9.075121 
520563130917839 -5.463060 157.983109 9.691230 
520563150918880 -5.783655 157.548386 8.925240 
520563170917786 -3.329220 157.891052 10.593091 
520563190918776 -3.359730 157.183105 8.747790 
520563210918619 -4.253100 158.022354 8.449471 
520563230917422 -5.632081 157.406235 9.384960 
520563250918204 -3.488835 158.040039 8.903370 
520563270918516 -5.355420 156.410553 9.074100 
520563290916797 -3.045840 157.476791 9.052470 
520563310917683 -4.865806 157.422211 10.146359 
520563330916641 -4.573365 157.440567 8.298420 
520563350917161 -4.609245 156.443634 6.760500 
520563371110911 -5.602215 158.848618 8.309310 
520563390964609 -4.901340 156.718536 7.532310 
520563410964401 -4.543500 158.882950 7.222770 
520563430917527 -5.025420 157.571198 8.456640 
520563450917474 -4.240695 158.305374 9.218340 
520563470918412 -5.336625 157.422028 7.998270 
520563490922839 -4.850355 158.583282 7.994340 
520563510917317 -3.996570 156.163147 8.445750 
520563530916849 -5.006970 158.289398 8.456941 
520563550916641 -4.746751 156.573822 8.453280 
520563570917214 -6.081779 157.828415 8.774550 
520563590917526 -6.241395 157.977402 7.084830 
520563606360338 -5.761830 158.997620 6.619590 
520563610916849 -5.761830 158.997620 6.619590 
520563630916692 -5.777265 158.276855 7.080540 
520563650916797 -4.170946 155.737579 6.755790 
520563670918255 -4.889925 157.442734 6.456360 
520563690918359 -3.972075 157.316544 7.677480 
520563710928672 -4.935225 155.279572 7.992960 
520563731040599 -4.122630 157.898163 5.680440 
520563751039818 -5.370150 156.716660 5.691720 
520563770946953 -4.906365 156.722824 6.763560 
520563790917265 -5.496586 157.277740 7.384680 
520563810916432 -5.495221 158.010468 4.771230 
520563830922057 -5.068335 156.580261 5.842470 
520563850916901 -5.533486 155.841339 7.384080 
520563870917473 -5.831595 156.561722 5.542320 
520563890916797 -4.897305 157.155441 6.456240 
520563910917734 -5.681685 156.714539 4.618410 
520563930916640 -6.538515 158.256607 7.087890 
520563951125234 -5.370495 156.423386 6.767850 
520563970917578 -7.299765 158.236343 7.095240 
520563990916692 -7.573065 159.522736 6.791220 
520564010931432 -6.811815 159.542984 6.783870 
520564030916849 -7.058970 161.247421 8.786281 
520564050917474 -5.368456 161.865677 8.924100 
520564070926536 -8.383965 162.053146 12.336120 
520564090979141 -8.485905 163.767654 13.260811 
520564106095287 -8.590891 164.604050 17.106390 
520564111548932 -8.590891 164.604050 17.106390 
520564130918307 -7.943326 165.761688 18.484739 
520564150918463 -8.219340 166.022903 21.716549 
520564170917317 -9.322965 170.003036 23.421242 
520564190916849 -10.609051 172.243454 27.279181 
520564210917265 -11.259601 176.532394 27.288330 
520564230917109 -13.724401 181.349014 27.007860 
520564250917265 -13.599631 185.646255 29.162161 
520564270916848 -11.126055 187.293655 28.678051 
520564290916953 -9.008955 192.072739 31.120920 
520564310918881 -6.046454 194.145279 33.861332 
520564330918776 -5.959230 197.740555 33.094082 
520564350919036 -4.388445 199.060959 35.386173 
520564370918932 -6.977040 198.698853 36.487289 
520564390917474 -5.699701 200.001785 40.473572 
520564410917526 -6.481425 198.824722 41.864189 
520564430923203 -5.136991 198.296005 40.159470 
520564450917630 -6.163155 195.285202 34.785778 
520564470918776 -9.839611 190.350189 27.283800 
520564490917942 -10.446915 186.356293 20.060280 
520564510918359 -9.579375 179.948212 15.127290 
520564530917838 -8.364060 175.272766 10.038330 
520564550917994 -5.270085 172.656860 4.932570 
520564570917317 -3.787155 166.993423 -1.851000 
520564590918463 -1.638225 162.765503 -5.564850 
520564610917266 1.486245 155.853851 -12.365130 
520564630918359 5.907180 151.109558 -15.640019 
520564650917890 10.110825 149.512100 -17.988152 
520564670917474 11.589736 148.415451 -20.155830 
520564690918932 13.521375 147.334366 -22.942921 
520564710920181 15.268230 145.102676 -26.190271 
520564730918202 15.893010 146.132919 -27.733231 
520564750918671 17.998695 145.624451 -29.445301 
520564770954036 21.177826 144.844254 -28.861530 
520564790919035 21.006824 145.149704 -32.857441 
520564810917630 24.627975 144.687729 -35.660461 
520564830918359 25.534754 144.130646 -34.439522 
520564850917318 26.948971 146.478165 -36.758041 
520564870919296 29.598570 143.252457 -37.708382 
520564890917369 31.097597 142.579041 -38.492130 
520564910919036 36.768391 143.430847 -35.624969 
520564930918619 38.826420 140.467682 -35.031811 
520564951124661 42.159824 140.130142 -35.833080 
520564970917943 45.477436 138.338242 -33.406200 
520564990919296 48.385967 139.429230 -34.971210 
520565010917526 51.011448 140.787399 -34.380661 
520565030917577 55.435097 141.631607 -35.960491 
520565050917161 55.435097 141.631607 -35.960491 
520565070918515 58.350990 142.569550 -35.834309 
520565090917786 59.855038 141.891846 -35.849308 
520565106277265 61.694447 142.223450 -35.098080 
520565110917266 61.694447 142.223450 -35.098080 
520565130953880 63.093887 143.556091 -35.725773 
520565150920494 64.436958 142.294647 -34.817039 
520565170961224 62.897373 142.268692 -37.416088 
520565191346536 60.651886 144.377075 -40.006893 
520565210918411 59.710217 143.496063 -40.920929 
520565230919401 58.674000 145.057159 -42.601231 
520565250919036 58.665253 144.037140 -39.987904 
520565270923306 57.313801 145.012161 -41.050503 
520565290917578 57.851009 142.153854 -40.750084 
520565310917629 54.260399 144.204407 -39.483902 
520565330919504 52.090332 143.006271 -40.847549 
520565350918046 48.711315 141.768051 -40.815689 
520565370924972 49.811611 142.941238 -40.056751 
520565390920755 50.390762 141.955399 -40.678051 
520565410917682 50.679478 140.949448 -39.143913 
520565430917161 50.393429 141.659546 -39.140671 
520565450918099 47.206562 141.418884 -36.957359 
520565470921015 45.494930 140.378281 -38.632862 
520565490916901 44.158543 141.340454 -37.389210 
520565510919766 42.209503 143.023453 -39.521877 
520565530918255 43.767254 145.235657 -42.610680 
520565551301223 44.517090 144.531723 -41.542080 
520565570917993 45.859169 143.711456 -42.478172 
520565590917473 44.333641 143.233215 -41.233650 
520565606217109 44.204193 143.796875 -40.001942 
520565610917994 44.204193 143.796875 -40.001942 
520565630917734 43.422134 142.766861 -39.226261 
520565650917161 41.406971 140.836639 -37.362930 
520565670918983 42.463997 140.285309 -36.450958 
520565690918879 41.732613 141.707443 -37.519260 
520565710918932 41.871418 140.548676 -35.061211 
520565730918724 42.161835 140.128433 -35.525581 
520565750917681 42.054569 142.874908 -39.366722 
520565770917369 43.752464 143.780441 -39.228779 
520565790917420 44.492592 143.378342 -40.773811 
520565810985806 44.170303 142.357910 -39.541290 
520565830918202 45.122387 143.963974 -39.856953 
520565850919036 45.553307 142.970642 -39.861782 
520565870927785 45.713612 143.408173 -40.324318 
520565890926015 44.025784 142.934402 -40.615833 
520565911235338 46.644886 144.004486 -39.871651 
520565930917525 44.764561 142.239868 -41.238480 
520565951125493 45.687782 142.402695 -40.324738 
520565970917421 45.987255 142.415070 -41.096428 
520565990917785 46.595928 142.578339 -41.717251 
520566010981170 45.593220 144.404465 -39.399933 
520566030918098 45.729706 143.834793 -39.555389 
520566050917681 45.098911 143.250046 -40.626003 
520566070923827 45.530178 142.549988 -41.706963 
520566090917369 45.110329 143.974228 -41.701950 
520566106549869 45.839355 142.260529 -39.865021 
520566110917420 45.839355 142.260529 -39.865021 
520566130918619 46.469147 142.846146 -38.948162 
520566150916952 44.931210 142.084885 -38.472511 
520566170916848 45.269939 143.825226 -40.012230 
520566190917681 45.812851 141.108841 -39.404251 
520566210917472 45.968460 141.403595 -40.020599 
520566230917421 46.600605 142.280792 -39.872372 
520566250921118 46.758553 142.426758 -39.566280 
520566271178099 47.486923 141.007187 -38.959232 
520566290964400 46.602962 142.572357 -40.641003 
520566310919713 46.421177 140.978836 -38.948940 
520566330916691 46.437614 141.698746 -39.256142 
520566350917160 46.781372 143.434814 -40.027111 
520566370917160 46.465126 142.849564 -39.563160 
520566390986015 44.773605 142.232178 -39.854733 
520566410917212 46.451042 142.421234 -40.024590 
520566430916432 44.919792 141.360703 -37.396561 
520566450916900 46.000332 142.844269 -40.788750 
520566470916901 45.818897 141.544037 -40.172821 
520566490920703 44.889629 140.946045 -40.317989 
520566510917056 46.425213 141.415741 -40.025009 
520566530916483 46.167328 142.982544 -39.098911 
520566550925963 44.222641 144.515076 -40.001640 
520566570916067 45.246464 143.111313 -40.781281 
520566590925859 44.451332 141.652100 -40.313278 
520566606258515 45.876255 143.696930 -39.864422 
520566610929504 45.876255 143.696930 -39.864422 
520566631097317 45.563358 142.962082 -38.324284 
520566651097213 45.090511 142.523285 -39.088802 
520566670965910 46.012394 142.834000 -38.943752 
520566690918255 44.767563 141.796982 -39.086163 
520566710918619 45.561348 142.963791 -38.631783 
520566730918305 44.038189 143.217422 -39.846962 
520566750918045 44.909744 141.369247 -38.934059 
520566770919139 44.162926 142.070618 -39.541409 
520566790918202 44.356113 143.947998 -40.618351 
520566810917368 44.164936 142.068909 -39.233910 
520566830917055 45.220634 142.105820 -40.781700 
520566850925180 44.041203 143.214844 -39.385712 
520566870917786 46.000332 142.844269 -40.788750 
520566890919244 44.043213 143.213135 -39.078213 
520566910918202 44.813522 143.666000 -39.392883 
520566930917942 45.081120 142.237701 -39.396423 
520566951126900 43.420124 142.768570 -39.533760 
520566970924973 45.106609 142.949921 -38.319874 
520566991013618 44.462399 142.083008 -40.313099 
520567011013878 44.924175 142.090866 -39.548759 
520567030923411 44.032803 142.488098 -37.848511 
520567050917786 45.226006 142.394821 -41.089081 
520567070918723 45.106609 142.949921 -38.319874 
520567090917473 44.471790 142.368591 -40.005482 
520567110917630 46.019775 143.121292 -38.943630 
520567130917525 44.450985 141.358810 -39.237148 
520567150918462 44.029789 142.490662 -38.309761 
520567170923878 44.128380 140.925797 -40.310638 
520567190919400 43.699123 141.624146 -38.922180 
520567210919036 44.004299 141.778442 -39.386311 
520567230918774 43.722599 142.338074 -38.153130 
520567250918930 44.469433 142.077011 -39.236851 
520567270917525 44.038849 142.923279 -38.617081 
520567290917212 46.606621 141.835342 -37.258801 
520567310920701 46.566719 140.841812 -39.411720 
520567330923410 45.038177 140.366119 -38.628452 
520567350951640 45.053612 141.086884 -39.089401 
520567370950077 46.111980 140.827942 -39.099812 
520567390918671 46.749809 141.406738 -36.952950 
520567410918879 45.792049 140.099075 -38.635921 
520567430919138 43.699123 141.624146 -38.922180 
520567450918201 44.901688 140.935776 -38.472988 
520567470954140 45.524448 141.527390 -38.632381 
520567490917733 45.072060 141.805084 -39.089104 
520567510917421 42.799381 142.175247 -39.066872 
520567530916848 45.565712 143.253647 -39.092911 
520567550918462 45.551296 142.972351 -40.169281 
520567570923514 44.750134 141.518250 -40.623783 
520567590916899 44.802109 142.941818 -38.316933 
520567610916847 45.551945 142.237900 -37.248329 
520567630918046 44.293022 140.772507 -37.852173 
520567650917212 45.833973 141.531204 -37.866573 
520567670917420 43.978470 140.772949 -39.386730 
520567690918097 45.835983 141.529495 -37.559071 
520567710916587 45.217606 141.668060 -39.551880 
520567730916587 44.458366 141.646103 -39.237030 
520567750919348 44.458366 141.646103 -39.237030 
520567770916171 44.760181 141.509689 -39.086281 
520567790917421 44.320862 141.776291 -37.544250 
520567810916744 44.165924 141.627747 -37.389091 
520567830919504 44.928543 142.380737 -40.009892 
520567850916848 44.773605 142.232178 -39.854733 
520567870916900 44.321880 142.215744 -39.081573 
520567890917004 45.688423 141.668243 -37.403790 
520567910917055 44.176350 142.793106 -40.309860 
520567930917003 45.095539 142.519012 -38.320053 
520567951125753 44.033165 143.221695 -40.615711 
520567970916638 44.482861 142.799500 -40.005299 
520567990926379 43.715565 142.344055 -39.229382 
520568010918410 42.043159 142.150726 -38.290771 
520568030927003 44.319870 142.217453 -39.389072 
520568050916847 44.300404 141.059799 -37.852051 
520568070917159 44.311470 141.490707 -37.851871 
520568090917159 44.324898 142.213181 -38.620323 
520568106073149 43.741394 143.349533 -39.228958 
