# Created at Thu Nov 07 18:30:31 EST 2019 in Burnaby Canada 
522675877687239 -0.179371 0.191677 0.027253 0.964543 
522675898256354 -0.179342 0.191637 0.027014 0.964563 
522675918824947 -0.179292 0.191586 0.026764 0.964589 
522675939393906 -0.179217 0.191575 0.026535 0.964612 
522675959962656 -0.179129 0.191588 0.026325 0.964631 
522675980531667 -0.179073 0.191612 0.026109 0.964643 
522676001100729 -0.179022 0.191643 0.025905 0.964652 
522676021670417 -0.179011 0.191716 0.025725 0.964644 
522676042239427 -0.178937 0.191810 0.025603 0.964642 
522676062807916 -0.178879 0.191846 0.025408 0.964651 
522676083377031 -0.178787 0.191886 0.025271 0.964664 
522676103945937 -0.178754 0.191879 0.025135 0.964675 
522676124514896 -0.178708 0.191826 0.024920 0.964700 
522676145084010 -0.178653 0.191780 0.024746 0.964723 
522676165653021 -0.178610 0.191762 0.024568 0.964739 
522676186221875 -0.178583 0.191748 0.024367 0.964752 
522676206790990 -0.178562 0.191746 0.024200 0.964761 
522676227360104 -0.178521 0.191741 0.023989 0.964775 
522676247929062 -0.178495 0.191778 0.023859 0.964775 
522676268498229 -0.178449 0.191788 0.023670 0.964787 
522676289067239 -0.178412 0.191768 0.023445 0.964803 
522676309636094 -0.178356 0.191799 0.023285 0.964811 
522676330205104 -0.178287 0.191817 0.023075 0.964825 
522676350774584 -0.178253 0.191821 0.022849 0.964836 
522676371343542 -0.178220 0.191846 0.022685 0.964841 
522676391912344 -0.178185 0.191871 0.022471 0.964847 
522676412481354 -0.178142 0.191916 0.022348 0.964849 
522676433050625 -0.178080 0.191940 0.022154 0.964860 
522676453619583 -0.178044 0.191957 0.021985 0.964868 
522676474188333 -0.178000 0.191955 0.021828 0.964880 
522676494757344 -0.177971 0.191978 0.021687 0.964884 
522676515326458 -0.177931 0.192003 0.021531 0.964890 
522676535895573 -0.177903 0.192015 0.021359 0.964896 
522676556464583 -0.177846 0.192017 0.021175 0.964910 
522676577033542 -0.177756 0.192038 0.020991 0.964927 
522676597602604 -0.177693 0.192041 0.020823 0.964941 
522676618171615 -0.177696 0.192072 0.020662 0.964938 
522676638740885 -0.177657 0.192106 0.020461 0.964943 
522676659309999 -0.177635 0.192131 0.020283 0.964946 
522676679878958 -0.177612 0.192204 0.020136 0.964938 
522676700447812 -0.177557 0.192236 0.019925 0.964946 
522676721017448 -0.177515 0.192211 0.019686 0.964964 
522676741589895 -0.177428 0.192178 0.019493 0.964991 
522676762158854 -0.177356 0.192207 0.019354 0.965001 
522676782724478 -0.177328 0.192233 0.019180 0.965005 
522676803293489 -0.177260 0.192230 0.019014 0.965021 
522676823861874 -0.177204 0.192250 0.018887 0.965030 
522676844430988 -0.177153 0.192216 0.018690 0.965049 
522676865000000 -0.177061 0.192210 0.018508 0.965071 
522676885569739 -0.176944 0.192246 0.018347 0.965089 
522676906138802 -0.176827 0.192214 0.018151 0.965120 
522676926707760 -0.176687 0.192169 0.017944 0.965158 
522676947278229 -0.176643 0.192049 0.017682 0.965195 
522676967847187 -0.176562 0.191806 0.017346 0.965264 
522676988417083 -0.176363 0.191445 0.017003 0.965379 
522677008986041 -0.176245 0.191138 0.016684 0.965466 
522677029553698 -0.176300 0.190890 0.016372 0.965511 
522677050122708 -0.176264 0.190622 0.015995 0.965577 
522677070692551 -0.176307 0.190436 0.015602 0.965612 
522677091261302 -0.176187 0.190254 0.015085 0.965678 
522677111830624 -0.176078 0.190216 0.014711 0.965711 
522677132399635 -0.175939 0.190263 0.014356 0.965733 
522677152968437 -0.175748 0.190487 0.014114 0.965727 
522677173537448 -0.175549 0.190770 0.013901 0.965710 
522677194105989 -0.176022 0.191048 0.013543 0.965574 
522677214675000 -0.175363 0.191684 0.013684 0.965566 
522677235244583 -0.175315 0.191935 0.013732 0.965524 
522677255813541 -0.175374 0.192093 0.013724 0.965482 
522677276382187 -0.175602 0.192187 0.013747 0.965422 
522677296951250 -0.175581 0.192113 0.013473 0.965444 
522677317519843 -0.175599 0.192014 0.013371 0.965462 
522677338088905 -0.175781 0.192019 0.013193 0.965430 
522677358658541 -0.175990 0.191935 0.012886 0.965413 
522677379227968 -0.176341 0.191716 0.012369 0.965399 
522677399796823 -0.177294 0.191274 0.011550 0.965322 
522677420365781 -0.177975 0.190477 0.010496 0.965367 
522677440935416 -0.178229 0.190379 0.009934 0.965345 
522677461504478 -0.178162 0.190476 0.008531 0.965352 
522677482073125 -0.178645 0.189548 0.006705 0.965460 
522677502641718 -0.178992 0.188372 0.005794 0.965631 
522677523210781 -0.179544 0.186970 0.005087 0.965806 
522677543780208 -0.180788 0.185844 0.004116 0.965795 
522677564349219 -0.181050 0.185118 0.003166 0.965889 
522677584917499 -0.180642 0.185311 0.002844 0.965930 
522677605485989 -0.180252 0.185241 0.002338 0.966017 
522677626054426 -0.180758 0.185262 0.001975 0.965920 
522677646623593 -0.181427 0.184726 0.001239 0.965898 
522677667192760 -0.182101 0.183680 0.000508 0.965971 
522677687761667 -0.183059 0.182787 -0.000244 0.965960 
522677708330781 -0.183845 0.182022 -0.000935 0.965954 
522677728899844 -0.184411 0.182397 -0.000817 0.965776 
522677749468749 -0.185394 0.182531 -0.001334 0.965562 
522677770037812 -0.186541 0.181451 -0.001480 0.965544 
522677790606979 -0.187107 0.180299 -0.000681 0.965651 
522677811176041 -0.187537 0.180090 0.000975 0.965607 
522677831745051 -0.187742 0.179566 0.002634 0.965661 
522677852314113 -0.187434 0.178744 0.004102 0.965869 
522677872883281 -0.187721 0.178575 0.005575 0.965837 
522677893452343 -0.188198 0.178317 0.006379 0.965787 
522677914021562 -0.188119 0.178329 0.007991 0.965788 
522677934590624 -0.187454 0.178315 0.010003 0.965901 
522677955160104 -0.186710 0.178169 0.012186 0.966047 
522677975729166 -0.185451 0.178137 0.014367 0.966265 
522677996300103 -0.184522 0.177851 0.016578 0.966460 
522678016868905 -0.184197 0.177222 0.018882 0.966596 
522678037437499 -0.184512 0.177967 0.021819 0.966337 
522678058006561 -0.183216 0.179278 0.024697 0.966272 
522678078575311 -0.181305 0.180442 0.028023 0.966325 
522678099145832 -0.181356 0.181219 0.030360 0.966099 
522678119712916 -0.181419 0.182474 0.032856 0.965770 
522678140281978 -0.181149 0.183911 0.036093 0.965432 
522678160851562 -0.180105 0.186006 0.040404 0.965055 
522678181421145 -0.180049 0.188887 0.042525 0.964415 
522678201988541 -0.179526 0.191647 0.042867 0.963953 
522678222558698 -0.178449 0.194431 0.043746 0.963555 
522678243127760 -0.177450 0.197610 0.045977 0.962989 
522678263696978 -0.176599 0.199970 0.048024 0.962558 
522678284266040 -0.176078 0.201670 0.049772 0.962210 
522678304834947 -0.175605 0.204337 0.053356 0.961542 
522678325404009 -0.173907 0.208713 0.057915 0.960646 
522678345971926 -0.171433 0.213049 0.063447 0.959789 
522678366541040 -0.169889 0.216125 0.071463 0.958812 
522678387110260 -0.168121 0.217553 0.081663 0.957986 
522678407679322 -0.166331 0.219500 0.094493 0.956674 
522678428248853 -0.163081 0.222686 0.106189 0.955269 
522678448817915 -0.159271 0.226388 0.114862 0.954038 
522678469386301 -0.156850 0.229322 0.118869 0.953247 
522678489955415 -0.155937 0.231362 0.119398 0.952837 
522678510524270 -0.155595 0.232542 0.117378 0.952857 
522678531093384 -0.156470 0.232287 0.113842 0.953205 
522678551662342 -0.158313 0.230845 0.109536 0.953755 
522678572231457 -0.161443 0.228666 0.104503 0.954320 
522678592800728 -0.164109 0.226603 0.100688 0.954768 
522678613369895 -0.165619 0.225058 0.097885 0.955164 
522678633939217 -0.166276 0.223883 0.095086 0.955608 
522678654508332 -0.166833 0.223060 0.091935 0.956012 
522678675077447 -0.167752 0.223080 0.089472 0.956080 
522678695646562 -0.167650 0.224674 0.087717 0.955887 
522678716215780 -0.166756 0.227640 0.085906 0.955506 
522678736784843 -0.165677 0.230801 0.084286 0.955080 
522678757353957 -0.163795 0.233660 0.084118 0.954724 
522678777923020 -0.160976 0.236772 0.085864 0.954281 
522678798492499 -0.157308 0.241270 0.092759 0.953120 
522678819061613 -0.152636 0.247057 0.105798 0.951037 
522678839630520 -0.148771 0.253146 0.122714 0.948011 
522678860199634 -0.145840 0.256298 0.140016 0.945218 
522678880768072 -0.142151 0.258060 0.156210 0.942760 
522678901337186 -0.137539 0.260393 0.169424 0.940518 
522678921907030 -0.134574 0.262439 0.178340 0.938728 
522678942475415 -0.134161 0.265275 0.182276 0.937233 
522678963044530 -0.135723 0.268170 0.180841 0.936462 
522678983613749 -0.139193 0.270267 0.174090 0.936629 
522679004182811 -0.143839 0.270222 0.160724 0.938327 
522679024755260 -0.149235 0.269389 0.146758 0.940011 
522679045324374 -0.155481 0.267884 0.138717 0.940649 
522679065890832 -0.160989 0.268345 0.134939 0.940141 
522679086459946 -0.164457 0.269280 0.133430 0.939489 
522679107032238 -0.166537 0.272086 0.134796 0.938118 
522679127601301 -0.165054 0.275665 0.137246 0.936979 
522679148167186 -0.161884 0.279723 0.140826 0.935797 
522679168736301 -0.158616 0.284090 0.143891 0.934574 
522679189305572 -0.155767 0.287543 0.144326 0.933930 
522679209874687 -0.155817 0.293853 0.145432 0.931784 
522679230443800 -0.154209 0.299477 0.144296 0.930436 
522679251012864 -0.150769 0.304407 0.143738 0.929486 
522679271582135 -0.145227 0.310800 0.145008 0.928055 
522679292151249 -0.138300 0.319318 0.147361 0.925847 
522679312719999 -0.131088 0.328791 0.148035 0.923471 
522679333289113 -0.121881 0.347361 0.158143 0.916229 
522679353858332 -0.105425 0.357223 0.161109 0.913959 
522679374427447 -0.094633 0.360566 0.166278 0.912901 
522679394997186 -0.089235 0.367891 0.177795 0.908340 
522679415566301 -0.079099 0.373682 0.191057 0.904214 
522679436135832 -0.064278 0.372648 0.205508 0.902645 
522679456704999 -0.056256 0.375663 0.227250 0.896700 
522679477274217 -0.057086 0.381664 0.249834 0.888064 
522679497843331 -0.055820 0.378663 0.273915 0.882309 
522679518411457 -0.059276 0.375507 0.298229 0.875523 
522679538980571 -0.072769 0.374105 0.308922 0.871388 
522679559549894 -0.074245 0.367000 0.305072 0.875631 
522679580119008 -0.075683 0.358759 0.300793 0.880391 
522679600688072 -0.076511 0.349544 0.295814 0.885697 
522679621257187 -0.079112 0.341441 0.290288 0.890445 
522679641825572 -0.087804 0.339403 0.284889 0.892152 
522679662395155 -0.098347 0.337800 0.277802 0.893893 
522679682964322 -0.108975 0.335147 0.270285 0.895961 
522679703533280 -0.118660 0.330602 0.260999 0.899167 
522679724102395 -0.128520 0.327956 0.253340 0.900970 
522679744671664 -0.134384 0.330937 0.247668 0.900601 
522679765240571 -0.138539 0.340982 0.241902 0.897787 
522679785810676 -0.135933 0.351791 0.249072 0.892036 
522679806379790 -0.122710 0.359350 0.254967 0.889270 
522679826947550 -0.108277 0.367148 0.249416 0.889533 
522679847516664 -0.099964 0.374320 0.240807 0.889890 
522679868086405 -0.095140 0.373821 0.233172 0.892657 
522679888655676 -0.092773 0.362626 0.226972 0.899099 
522679909226040 -0.094012 0.342786 0.220220 0.908385 
522679929794009 -0.098442 0.320095 0.216112 0.917139 
522679950363539 -0.101333 0.298858 0.212692 0.924758 
522679970932655 -0.097573 0.276315 0.201005 0.934734 
522679991501614 -0.087727 0.249304 0.182271 0.947063 
522680012070206 -0.070729 0.217622 0.161214 0.960025 
522680032638280 -0.046931 0.186954 0.141646 0.970970 
522680053207447 -0.031934 0.167803 0.120581 0.977897 
522680073778071 -0.022112 0.152743 0.089877 0.983922 
522680094347238 -0.015791 0.137426 0.063010 0.988380 
522680114915727 -0.006733 0.122203 0.045356 0.991445 
522680135484894 0.007073 0.107713 0.028607 0.993745 
522680156054165 0.027048 0.087028 0.004847 0.995827 
522680176623279 0.054286 0.058719 -0.021517 0.996565 
522680197192290 0.085479 0.043611 -0.037239 0.994688 
522680217761404 0.119516 0.049756 -0.050174 0.990314 
522680238330727 0.155537 0.061375 -0.068571 0.983534 
522680258899842 0.188051 0.058775 -0.090505 0.976213 
522680279469060 0.209837 0.050064 -0.108418 0.970416 
522680300038175 0.218681 0.049315 -0.125469 0.966439 
522680320607343 0.217902 0.057186 -0.145547 0.963361 
522680341176509 0.209311 0.061877 -0.166897 0.961512 
522680361745676 0.198835 0.065749 -0.183736 0.960408 
522680382314686 0.190751 0.073013 -0.195232 0.959254 
522680402883800 0.185719 0.080797 -0.205858 0.957394 
522680423454269 0.182580 0.082512 -0.218876 0.954961 
522680444023383 0.176339 0.073687 -0.232958 0.953523 
522680464591300 0.170272 0.063585 -0.244148 0.952553 
522680485160467 0.168516 0.057266 -0.250771 0.951544 
522680505730362 0.170713 0.055277 -0.252704 0.950759 
522680526299008 0.174820 0.052264 -0.252770 0.950165 
522680546868488 0.180452 0.046330 -0.252827 0.949405 
522680567437133 0.186609 0.042892 -0.249911 0.949148 
522680588006978 0.191592 0.043355 -0.245573 0.949266 
522680608576091 0.195646 0.045505 -0.241485 0.949388 
522680629144529 0.201537 0.046563 -0.238967 0.948741 
522680649713696 0.208494 0.044410 -0.237728 0.947652 
522680670282758 0.213375 0.039624 -0.235878 0.947239 
522680690851925 0.215947 0.035559 -0.232615 0.947625 
522680711421197 0.217446 0.035125 -0.227630 0.948508 
522680731990311 0.219043 0.038037 -0.221022 0.949591 
522680752559842 0.221994 0.041540 -0.212955 0.950602 
522680773129009 0.226540 0.041336 -0.205030 0.951280 
522680793698123 0.233761 0.036844 -0.199287 0.950938 
522680814267290 0.244710 0.029666 -0.196488 0.949015 
522680834836405 0.256973 0.022878 -0.194245 0.946420 
522680855405519 0.268139 0.020197 -0.190557 0.944130 
522680875975727 0.278064 0.019321 -0.185773 0.942229 
522680896543591 0.286930 0.015510 -0.181080 0.940553 
522680917112811 0.294960 0.008568 -0.177685 0.938804 
522680937681978 0.302553 0.002571 -0.175954 0.936747 
522680958254008 0.309516 -0.000299 -0.174661 0.934716 
522680978823175 0.315316 0.000497 -0.172411 0.933194 
522680999390363 0.319833 0.003174 -0.169133 0.932250 
522681019959477 0.322741 0.003635 -0.165336 0.931928 
522681040528957 0.326279 0.000489 -0.163143 0.931089 
522681061097811 0.331287 -0.005896 -0.162032 0.929494 
522681081665727 0.334676 -0.010292 -0.162941 0.928082 
522681102234894 0.333967 -0.007022 -0.162879 0.928379 
522681122804061 0.331685 0.000019 -0.161388 0.929483 
522681143373695 0.329017 0.003214 -0.158829 0.930865 
522681163942862 0.324764 0.001516 -0.158316 0.932450 
522681184511507 0.319558 -0.003669 -0.160872 0.933804 
522681205080987 0.316960 -0.006623 -0.163248 0.934260 
522681225649894 0.318289 -0.006328 -0.162873 0.933876 
