# Created at Thu Nov 07 18:30:31 EST 2019 in Burnaby Canada 
522675877687083 -0.001651 0.018005 -0.005080 
522675898256354 -0.001346 0.018311 -0.005385 
522675918825520 0.000181 0.018311 -0.006912 
522675939393906 0.000487 0.018922 -0.006301 
522675959962656 -0.000735 0.021670 -0.004469 
522675980531667 -0.002262 0.020754 -0.005691 
522676001100834 -0.003789 0.023503 -0.003247 
522676021669844 -0.005011 0.021976 -0.002331 
522676042239427 -0.003178 0.023503 -0.002331 
522676062808072 -0.002262 0.016784 -0.004163 
522676083377031 -0.001957 0.012202 -0.003247 
522676103947082 -0.001957 0.015867 -0.004163 
522676124514896 -0.001651 0.014035 -0.002025 
522676145083905 -0.001040 0.015867 -0.002636 
522676165653021 -0.001651 0.018311 -0.002636 
522676186222031 -0.004095 0.015867 -0.003858 
522676206790990 -0.002568 0.018616 -0.005385 
522676227360312 -0.002262 0.014951 -0.003553 
522676247929062 -0.001651 0.018616 -0.003858 
522676268498281 -0.002568 0.020143 -0.003553 
522676289067239 -0.004400 0.017089 -0.005996 
522676309636459 -0.000430 0.018616 -0.007218 
522676330205104 -0.001651 0.018616 -0.007523 
522676350774479 -0.005316 0.017089 -0.005691 
522676371343542 -0.002568 0.021060 -0.005691 
522676391912604 -0.003484 0.015562 -0.003858 
522676412481354 -0.000430 0.019227 -0.004774 
522676433050729 0.000181 0.017394 -0.002331 
522676453619583 -0.000735 0.015256 -0.002331 
522676474188436 -0.003789 0.015562 -0.003553 
522676494757344 -0.004095 0.019227 -0.001720 
522676515326406 -0.001651 0.018616 -0.001415 
522676535895573 0.000181 0.018311 -0.002025 
522676556464687 0.001403 0.018616 -0.003858 
522676577033542 -0.000430 0.015562 -0.004163 
522676597602968 -0.001957 0.015867 -0.004774 
522676618171615 -0.003789 0.021365 -0.005385 
522676638741198 -0.006844 0.020754 -0.003553 
522676659309999 -0.003178 0.019532 -0.004163 
522676679879114 -0.000735 0.020449 -0.006301 
522676700447916 -0.000124 0.018616 -0.005691 
522676721016927 -0.000124 0.016478 -0.002942 
522676741586458 0.000181 0.014951 -0.003858 
522676762158854 0.000487 0.016478 -0.004469 
522676782725000 -0.003178 0.017700 -0.002331 
522676803293489 -0.002568 0.017089 0.000113 
522676823861874 0.002319 0.016478 -0.001109 
522676844430988 0.005374 0.012813 -0.005996 
522676865000000 0.007512 0.008537 -0.012410 
522676885569739 0.009039 0.002734 -0.016075 
522676906139219 0.006595 -0.001542 -0.023406 
522676926707760 0.001709 -0.001848 -0.023100 
522676947278334 0.002014 -0.003986 -0.023406 
522676967847187 0.000487 -0.010400 -0.024017 
522676988416406 0.004763 -0.010400 -0.022184 
522677008986041 0.007512 -0.007651 -0.017908 
522677029554375 0.009955 0.001512 -0.013937 
522677050122708 0.006290 0.014035 -0.008745 
522677070692551 0.007512 0.031444 -0.007218 
522677091261302 0.005985 0.030833 -0.005080 
522677111831614 0.005068 0.039386 -0.002025 
522677132399635 0.009039 0.043662 0.000113 
522677152969895 0.011177 0.044272 -0.000498 
522677173537448 0.007817 0.036637 -0.011494 
522677194105833 -0.034943 0.039691 -0.032874 
522677214675000 0.033473 0.001817 -0.000804 
522677235244583 -0.016617 0.019532 -0.000193 
522677255813541 -0.017228 0.006399 -0.001720 
522677276381979 -0.000430 0.017700 -0.005996 
522677296951250 -0.012647 0.001206 -0.007523 
522677317519791 -0.006538 0.007315 -0.012410 
522677338088905 -0.008371 0.010369 -0.016075 
522677358658541 -0.021504 0.017089 -0.023711 
522677379227968 -0.041968 0.004872 -0.048757 
522677399797760 -0.078009 -0.012233 -0.088768 
522677420365781 -0.033416 -0.048579 -0.129391 
522677440935364 0.011177 0.050381 -0.118701 
522677461504478 0.008123 0.025641 -0.086936 
522677482073385 -0.017839 -0.055299 -0.063417 
522677502642030 -0.059683 -0.066294 -0.044480 
522677523210781 -0.060905 -0.090423 -0.117479 
522677543780520 -0.046855 -0.063851 -0.139470 
522677564349219 -0.028224 -0.028420 -0.117173 
522677584917499 -0.017839 0.032055 -0.034401 
522677605485989 -0.006233 0.014340 -0.020351 
522677626054739 -0.034333 0.007315 -0.029209 
522677646623593 -0.056324 -0.037889 -0.043259 
522677667192760 -0.039525 -0.067210 -0.082354 
522677687761667 -0.049910 -0.052244 -0.078078 
522677708330780 -0.088394 -0.046441 -0.107705 
522677728899844 -0.127184 0.054657 -0.046313 
522677749468957 -0.192546 -0.016203 0.008359 
522677770037812 -0.105498 -0.094699 0.062726 
522677790606927 -0.021199 -0.090423 0.115261 
522677811176041 -0.003178 -0.035140 0.219413 
522677831745207 -0.049299 -0.048884 0.175125 
522677852314113 -0.068235 -0.081871 0.073722 
522677872883645 -0.053880 -0.037889 0.065170 
522677893452343 -0.005927 -0.047052 0.136641 
522677914021353 0.057908 -0.018952 0.240488 
522677934590624 0.074401 -0.014981 0.285692 
522677955160104 0.100363 -0.012233 0.277140 
522677975729166 0.136710 -0.044303 0.292411 
522677996300103 0.069820 -0.087063 0.267977 
522678016868905 0.027059 -0.068432 0.230103 
522678037437708 0.042942 0.051908 0.279583 
522678058006561 0.079288 0.048243 0.347389 
522678078575311 0.100974 0.065958 0.345251 
522678099145832 0.058824 0.085200 0.320817 
522678119713437 0.078067 0.081535 0.392899 
522678140281978 0.057297 0.048854 0.394426 
522678160851562 -0.102444 0.273041 0.246902 
522678181421145 -0.004095 0.309999 0.122286 
522678201988541 0.017896 0.258686 0.123202 
522678222558854 0.041415 0.219285 0.223689 
522678243127760 0.013926 0.246163 0.297909 
522678263697968 0.005068 0.176830 0.247513 
522678284266040 -0.044106 0.101694 0.268893 
522678304834999 -0.024559 0.220507 0.336394 
522678325404009 0.029197 0.321605 0.586543 
522678345972083 -0.021199 0.223256 0.903887 
522678366541040 -0.141845 0.085506 1.085619 
522678387111719 -0.112523 -0.076984 1.204127 
522678407679322 0.012399 0.048548 1.120438 
522678428248906 0.216733 0.195461 0.987270 
522678448817915 0.331270 0.275179 0.701996 
522678469386353 0.253690 0.251050 0.315319 
522678489955415 0.163588 0.210733 -0.023711 
522678510524426 0.075318 0.137735 -0.184674 
522678531093384 -0.025170 0.024419 -0.335252 
522678551662603 -0.084423 -0.058353 -0.443070 
522678572231457 -0.231642 -0.120356 -0.499880 
522678592800728 -0.183689 -0.120050 -0.426271 
522678613369895 -0.072512 -0.078511 -0.362436 
522678633939739 0.024616 -0.045525 -0.333114 
522678654508332 0.015148 -0.027199 -0.297379 
522678675078592 -0.011731 0.072678 -0.304098 
522678695646562 0.094865 0.218063 -0.229573 
522678716217446 0.121133 0.305417 -0.114730 
522678736784843 0.075318 0.281899 0.005610 
522678757354529 0.126325 0.226921 0.166573 
522678777923020 0.065238 0.164613 0.540422 
522678798492916 -0.027918 0.211344 1.133878 
522678819061613 -0.029446 0.269071 1.699233 
522678839630728 -0.119854 0.291062 2.008330 
522678860199634 -0.109163 0.086728 1.751767 
522678880768801 0.125103 0.017394 1.423733 
522678901337186 0.269267 0.062293 1.164421 
522678921906405 0.257355 0.134680 0.637855 
522678942478279 0.179776 0.301446 0.107930 
522678963044530 0.101585 0.389106 -0.421995 
522678983613593 0.110137 0.407737 -1.021559 
522679004182811 -0.050520 0.228754 -1.323020 
522679024755520 -0.413985 0.028695 -0.993153 
522679045324374 -0.498284 0.015867 -0.741783 
522679065891249 -0.447888 0.180495 -0.368239 
522679086459946 -0.293950 0.147509 -0.114730 
522679107029061 -0.141539 0.313053 0.101516 
522679127601301 0.097309 0.299003 0.349527 
522679148167239 0.260715 0.323438 0.444517 
522679168736301 0.346542 0.373529 0.344335 
522679189306092 0.309890 0.311220 0.221246 
522679209874687 0.165115 0.655748 0.085328 
522679230443800 0.217038 0.543043 0.061810 
522679251012864 0.359370 0.449276 0.107930 
522679271582083 0.529496 0.546709 0.267366 
522679292151249 0.684350 0.750737 0.319595 
522679312720103 0.522471 0.814878 0.481169 
522679333289113 0.918922 1.711628 1.230700 
522679353858489 0.985812 0.627954 1.622875 
522679374427447 0.455276 0.066569 1.296368 
522679394996509 0.140986 0.632841 1.365090 
522679415566301 0.342876 0.378415 1.864472 
522679436136249 0.241473 -0.401353 2.378209 
522679456704999 -0.318690 0.192713 2.590179 
522679477273333 -1.122283 0.798079 2.461592 
522679497843331 -1.086547 -0.174417 2.446931 
522679518411561 -0.808298 -0.162505 1.614934 
522679538980571 -0.523330 0.196378 -0.706047 
522679559550468 -0.196823 -0.713811 -0.601284 
522679580119008 -0.116188 -0.827126 -0.612890 
522679600688176 -0.080453 -0.932806 -0.635798 
522679621257187 -0.243859 -0.739467 -0.721929 
522679641825572 -0.570366 0.069012 -0.870675 
522679662395207 -0.719417 0.173165 -0.997429 
522679682964322 -0.634507 0.061682 -1.123268 
522679703534113 -0.629315 -0.152426 -1.167555 
522679724102395 -0.471406 0.056490 -1.284841 
522679744671664 0.011788 0.564424 -0.952836 
522679765240571 -0.428951 1.107788 0.156799 
522679785810468 0.482764 1.010660 0.691612 
522679806379790 1.784517 0.465769 0.446655 
522679826947811 1.575907 0.416594 0.183677 
522679847516664 0.748491 0.522274 0.054785 
522679868087134 0.149538 -0.193659 -0.065861 
522679888655572 -0.170555 -1.227548 -0.374042 
522679909226040 -0.586860 -1.994183 -0.679780 
522679929794009 -0.643670 -2.160949 -0.994375 
522679950363644 -0.027002 -1.948368 -1.493146 
522679970932655 0.591193 -2.174694 -1.855084 
522679991501614 1.029183 -2.753488 -2.084158 
522680012070206 1.635466 -3.330450 -2.110119 
522680032639269 2.425009 -3.294409 -2.202971 
522680053207447 1.883172 -2.004262 -2.848960 
522680073777655 1.086910 -1.565967 -2.484885 
522680094347238 0.619598 -1.587347 -1.776282 
522680114916092 0.995585 -1.613004 -1.672740 
522680135484894 1.542615 -1.515571 -1.923500 
522680156054634 2.111941 -2.117883 -2.034372 
522680176623279 2.826347 -2.843285 -1.824235 
522680197192395 3.270140 -1.610865 -1.905174 
522680217761404 3.506850 0.476154 -1.942437 
522680238330727 3.626274 1.200029 -1.637005 
522680258899842 3.306487 -0.091340 -1.333405 
522680279469164 2.366671 -1.000001 -1.566450 
522680300038175 1.082328 -0.532078 -2.061861 
522680320607550 -0.009287 0.294422 -2.136692 
522680341176509 -0.790278 0.064431 -1.724969 
522680361746040 -0.991558 0.021365 -1.307138 
522680382314895 -0.788140 0.374139 -1.224977 
522680402883800 -0.470185 0.455079 -1.293088 
522680423454373 -0.204764 -0.052550 -1.152895 
522680444023383 -0.322966 -1.102931 -0.921071 
522680464591509 -0.319606 -1.160964 -0.573489 
522680485160467 -0.023032 -0.625541 -0.184674 
522680505730362 0.269267 -0.083398 0.063643 
522680526299008 0.493760 -0.134406 0.130227 
522680546868124 0.659915 -0.335991 0.338226 
522680567437133 0.644033 -0.113942 0.391371 
522680588006978 0.450694 0.233946 0.347389 
522680608576091 0.316915 0.350621 0.229798 
522680629144946 0.523387 0.291978 0.172071 
522680649713696 0.689848 0.054963 0.276834 
522680670283279 0.528579 -0.226646 0.397786 
522680690851925 0.275987 -0.209847 0.494608 
522680711422186 0.085702 0.145065 0.581656 
522680731990311 0.009955 0.516471 0.705356 
522680752560102 0.132434 0.601992 0.763083 
522680773129009 0.394800 0.203403 0.644270 
522680793697915 0.755516 -0.234282 0.423747 
522680814267290 1.183121 -0.389747 0.361439 
522680834836405 1.316289 -0.295063 0.415195 
522680855405519 1.122034 0.111468 0.455512 
522680875975727 0.958323 0.265711 0.473533 
522680896543591 0.914340 -0.095005 0.437797 
522680917112810 0.894487 -0.494510 0.322955 
522680937681978 0.839509 -0.399521 0.222773 
522680958251612 0.734135 -0.057131 0.208723 
522680978823175 0.547822 0.308166 0.218497 
522680999390519 0.376779 0.484400 0.257592 
522681019959477 0.253690 0.146898 0.215748 
522681040528957 0.365784 -0.198852 0.221246 
522681061097811 0.608297 -0.607826 0.087466 
522681081666351 0.403963 -0.361953 0.053869 
522681102235415 -0.144288 0.376583 -0.009661 
522681122804061 -0.371835 0.773950 0.033710 
522681143374373 -0.319912 0.222339 0.011414 
522681163942862 -0.414901 -0.386693 -0.110759 
522681184511716 -0.464381 -0.628595 -0.045091 
522681205080987 -0.223090 -0.225730 0.101822 
522681225650415 0.139764 0.224783 0.223995 
