# Created at Thu Nov 07 18:30:31 EST 2019 in Burnaby Canada 
522675877687083 0.000611 -0.003665 0.005803 
522675898256354 0.000916 -0.003360 0.005498 
522675918825520 0.002443 -0.003360 0.003971 
522675939393906 0.002749 -0.002749 0.004581 
522675959962708 0.001527 0.000000 0.006414 
522675980531667 0.000000 -0.000916 0.005192 
522676001100834 -0.001527 0.001833 0.007636 
522676021669844 -0.002749 0.000305 0.008552 
522676042239427 -0.000916 0.001833 0.008552 
522676062808072 0.000000 -0.004887 0.006720 
522676083377031 0.000305 -0.009468 0.007636 
522676103947082 0.000305 -0.005803 0.006720 
522676124514896 0.000611 -0.007636 0.008858 
522676145084114 0.001222 -0.005803 0.008247 
522676165653021 0.000611 -0.003360 0.008247 
522676186222136 -0.001833 -0.005803 0.007025 
522676206790990 -0.000305 -0.003054 0.005498 
522676227360312 0.000000 -0.006720 0.007330 
522676247929062 0.000611 -0.003054 0.007025 
522676268498437 -0.000305 -0.001527 0.007330 
522676289067239 -0.002138 -0.004581 0.004887 
522676309636667 0.001833 -0.003054 0.003665 
522676330205104 0.000611 -0.003054 0.003360 
522676350774479 -0.003054 -0.004581 0.005192 
522676371343542 -0.000305 -0.000611 0.005192 
522676391912604 -0.001222 -0.006109 0.007025 
522676412481354 0.001833 -0.002443 0.006109 
522676433050729 0.002443 -0.004276 0.008552 
522676453619583 0.001527 -0.006414 0.008552 
522676474188436 -0.001527 -0.006109 0.007330 
522676494757344 -0.001833 -0.002443 0.009163 
522676515326406 0.000611 -0.003054 0.009468 
522676535895573 0.002443 -0.003360 0.008858 
522676556464687 0.003665 -0.003054 0.007025 
522676577033542 0.001833 -0.006109 0.006720 
522676597602968 0.000305 -0.005803 0.006109 
522676618171615 -0.001527 -0.000305 0.005498 
522676638741198 -0.004581 -0.000916 0.007330 
522676659309999 -0.000916 -0.002138 0.006720 
522676679879114 0.001527 -0.001222 0.004581 
522676700447916 0.002138 -0.003054 0.005192 
522676721016927 0.002138 -0.005192 0.007941 
522676741586458 0.002443 -0.006720 0.007025 
522676762158854 0.002749 -0.005192 0.006414 
522676782725000 -0.000916 -0.003971 0.008552 
522676803293489 -0.000305 -0.004581 0.010996 
522676823862604 0.004581 -0.005192 0.009774 
522676844430988 0.007636 -0.008858 0.004887 
522676865000000 0.009774 -0.013134 -0.001527 
522676885569739 0.011301 -0.018937 -0.005192 
522676906138854 0.008858 -0.023213 -0.012523 
522676926707760 0.003971 -0.023518 -0.012217 
522676947278334 0.004276 -0.025656 -0.012523 
522676967847187 0.002749 -0.032070 -0.013134 
522676988416406 0.007025 -0.032070 -0.011301 
522677008986041 0.009774 -0.029322 -0.007025 
522677029554062 0.012217 -0.020159 -0.003054 
522677050122708 0.008552 -0.007636 0.002138 
522677070692083 0.009774 0.009774 0.003665 
522677091261302 0.008247 0.009163 0.005803 
522677111831614 0.007330 0.017715 0.008858 
522677132399635 0.011301 0.021991 0.010996 
522677152969895 0.013439 0.022602 0.010385 
522677173537448 0.010079 0.014966 -0.000611 
522677194105833 -0.032681 0.018021 -0.021991 
522677214675000 0.035736 -0.019853 0.010079 
522677235244531 -0.014355 -0.002138 0.010690 
522677255813541 -0.014966 -0.015272 0.009163 
522677276381979 0.001833 -0.003971 0.004887 
522677296951250 -0.010385 -0.020464 0.003360 
522677317519791 -0.004276 -0.014355 -0.001527 
522677338088905 -0.006109 -0.011301 -0.005192 
522677358658541 -0.019242 -0.004581 -0.012828 
522677379227968 -0.039706 -0.016799 -0.037874 
522677399797760 -0.075747 -0.033903 -0.077885 
522677420365781 -0.031154 -0.070249 -0.118508 
522677440935364 0.013439 0.028711 -0.107818 
522677461504478 0.010385 0.003971 -0.076053 
522677482073385 -0.015577 -0.076969 -0.052534 
522677502641927 -0.057421 -0.087965 -0.033598 
522677523210781 -0.058643 -0.112094 -0.106596 
522677543780520 -0.044593 -0.085521 -0.128587 
522677564349219 -0.025962 -0.050091 -0.106290 
522677584917499 -0.015577 0.010385 -0.023518 
522677605485989 -0.003971 -0.007330 -0.009468 
522677626054426 -0.032070 -0.014355 -0.018326 
522677646623593 -0.054062 -0.059559 -0.032376 
522677667192760 -0.037263 -0.088881 -0.071471 
522677687761667 -0.047647 -0.073915 -0.067195 
522677708330780 -0.086132 -0.068111 -0.096822 
522677728899844 -0.124922 0.032987 -0.035430 
522677749468697 -0.190284 -0.037874 0.019242 
522677770037812 -0.103236 -0.116370 0.073609 
522677790606927 -0.018937 -0.112094 0.126144 
522677811176041 -0.000916 -0.056810 0.230296 
522677831745207 -0.047037 -0.070555 0.186008 
522677852314113 -0.065973 -0.103542 0.084605 
522677872883645 -0.051618 -0.059559 0.076053 
522677893452343 -0.003665 -0.068722 0.147524 
522677914021353 0.060170 -0.040623 0.251371 
522677934590624 0.076664 -0.036652 0.296575 
522677955162239 0.102625 -0.033903 0.288023 
522677975729166 0.138972 -0.065973 0.303294 
522677996300103 0.072082 -0.108734 0.278860 
522678016868905 0.029322 -0.090103 0.240986 
522678037437708 0.045204 0.030238 0.290466 
522678058006561 0.081550 0.026573 0.358272 
522678078575311 0.103236 0.044288 0.356134 
522678099145832 0.061086 0.063530 0.331700 
522678119713437 0.080329 0.059865 0.403782 
522678140281978 0.059559 0.027183 0.405309 
522678160851562 -0.100182 0.251371 0.257785 
522678181421145 -0.001833 0.288328 0.133169 
522678201989895 0.020159 0.237016 0.134085 
522678222558854 0.043677 0.197615 0.234572 
522678243127760 0.016188 0.224493 0.308792 
522678263697968 0.007330 0.155160 0.258396 
522678284266040 -0.041844 0.080023 0.279776 
522678304834999 -0.022297 0.198836 0.347277 
522678325404009 0.031460 0.299935 0.597426 
522678345972083 -0.018937 0.201585 0.914770 
522678366541040 -0.139583 0.063835 1.096502 
522678387111666 -0.110261 -0.098655 1.215010 
522678407679322 0.014661 0.026878 1.131321 
522678428248801 0.218995 0.173791 0.998153 
522678448817915 0.333532 0.253509 0.712879 
522678469386353 0.255952 0.229380 0.326202 
522678489955415 0.165850 0.189063 -0.012828 
522678510524426 0.077580 0.116064 -0.173791 
522678531093384 -0.022907 0.002749 -0.324369 
522678551662603 -0.082161 -0.080023 -0.432187 
522678572231457 -0.229380 -0.142026 -0.488997 
522678592800728 -0.181427 -0.141721 -0.415388 
522678613369895 -0.070249 -0.100182 -0.351553 
522678633939739 0.026878 -0.067195 -0.322231 
522678654508332 0.017410 -0.048869 -0.286496 
522678675078592 -0.009468 0.051007 -0.293215 
522678695646562 0.097127 0.196393 -0.218690 
522678716217446 0.123395 0.283747 -0.103847 
522678736784843 0.077580 0.260228 0.016493 
522678757354529 0.128587 0.205251 0.177456 
522678777923020 0.067501 0.142942 0.551305 
522678798492916 -0.025656 0.189673 1.144760 
522678819061613 -0.027183 0.247400 1.710116 
522678839630728 -0.117591 0.269391 2.019213 
522678860199634 -0.106901 0.065057 1.762650 
522678880768801 0.127365 -0.004276 1.434616 
522678901337186 0.271529 0.040623 1.175304 
522678921906405 0.259618 0.113010 0.648738 
522678942478279 0.182038 0.279776 0.118813 
522678963044530 0.103847 0.367435 -0.411112 
522678983613541 0.112399 0.386066 -1.010676 
522679004182811 -0.048258 0.207083 -1.312137 
522679024755520 -0.411723 0.007025 -0.982270 
522679045324374 -0.496022 -0.005803 -0.730900 
522679065891249 -0.445626 0.158825 -0.357356 
522679086459946 -0.291688 0.125838 -0.103847 
522679107029582 -0.139277 0.291382 0.112399 
522679127601301 0.099571 0.277333 0.360410 
522679148167239 0.262977 0.301767 0.455400 
522679168736301 0.348804 0.351858 0.355218 
522679189306092 0.312152 0.289550 0.232129 
522679209874687 0.167377 0.634078 0.096211 
522679230443800 0.219300 0.521373 0.072693 
522679251012864 0.361632 0.427605 0.118813 
522679271582083 0.531758 0.525038 0.278249 
522679292151249 0.686612 0.729067 0.330478 
522679312720103 0.524733 0.793208 0.492052 
522679333289113 0.921184 1.689957 1.241583 
522679353858489 0.988074 0.606283 1.633758 
522679374427447 0.457538 0.044899 1.307250 
522679394996509 0.143248 0.611170 1.375973 
522679415566301 0.345139 0.356745 1.875355 
522679436136249 0.243735 -0.423024 2.389092 
522679456704999 -0.316428 0.171042 2.601062 
522679477273333 -1.120021 0.776409 2.472475 
522679497843331 -1.084285 -0.196088 2.457814 
522679518411561 -0.806036 -0.184176 1.625817 
522679538980571 -0.521068 0.174707 -0.695164 
522679559550468 -0.194560 -0.735481 -0.590401 
522679580119008 -0.113926 -0.848796 -0.602007 
522679600688176 -0.078191 -0.954476 -0.624915 
522679621257187 -0.241597 -0.761137 -0.711047 
522679641825572 -0.568104 0.047342 -0.859792 
522679662394946 -0.717155 0.151494 -0.986547 
522679682964322 -0.632245 0.040012 -1.112385 
522679703534113 -0.627053 -0.174096 -1.156672 
522679724102395 -0.469144 0.034819 -1.273958 
522679744671612 0.014050 0.542753 -0.941953 
522679765240571 -0.426689 1.086118 0.167682 
522679785810416 0.485027 0.988990 0.702494 
522679806379790 1.786779 0.444099 0.457538 
522679826947811 1.578169 0.394924 0.194560 
522679847516664 0.750753 0.500604 0.065668 
522679868087134 0.151800 -0.215330 -0.054978 
522679888655572 -0.168293 -1.249218 -0.363159 
522679909226040 -0.584598 -2.015854 -0.668897 
522679929794009 -0.641408 -2.182620 -0.983492 
522679950362446 -0.024740 -1.970039 -1.482263 
522679970932655 0.593455 -2.196364 -1.844201 
522679991501614 1.031445 -2.775158 -2.073275 
522680012070206 1.637728 -3.352120 -2.099236 
522680032639269 2.427271 -3.316079 -2.192088 
522680053207447 1.885434 -2.025933 -2.838078 
522680073777655 1.089172 -1.587637 -2.474002 
522680094347238 0.621860 -1.609018 -1.765399 
522680114916092 0.997847 -1.634674 -1.661857 
522680135484894 1.544877 -1.537241 -1.912617 
522680156054634 2.114203 -2.139554 -2.023489 
522680176623279 2.828609 -2.864955 -1.813352 
522680197192395 3.272402 -1.632536 -1.894291 
522680217761404 3.509112 0.454483 -1.931554 
522680238330727 3.628536 1.178358 -1.626122 
522680258899842 3.308749 -0.113010 -1.322522 
522680279469164 2.368933 -1.021671 -1.555567 
522680300038175 1.084590 -0.553749 -2.050978 
522680320607550 -0.007025 0.272751 -2.125809 
522680341176509 -0.788015 0.042761 -1.714086 
522680361746040 -0.989295 -0.000305 -1.296255 
522680382314895 -0.785877 0.352469 -1.214094 
522680402883800 -0.467922 0.433408 -1.282205 
522680423453748 -0.202502 -0.074220 -1.142012 
522680444023383 -0.320704 -1.124602 -0.910188 
522680464591509 -0.317344 -1.182634 -0.562606 
522680485160467 -0.020769 -0.647211 -0.173791 
522680505730362 0.271529 -0.105069 0.074525 
522680526299008 0.496022 -0.156076 0.141110 
522680546868280 0.662177 -0.357661 0.349109 
522680567437133 0.646295 -0.135612 0.402254 
522680588006978 0.452956 0.212275 0.358272 
522680608576091 0.319177 0.328951 0.240681 
522680629145050 0.525649 0.270308 0.182954 
522680649713696 0.692110 0.033292 0.287717 
522680670283279 0.530841 -0.248317 0.408668 
522680690851925 0.278249 -0.231518 0.505491 
522680711422186 0.087965 0.123395 0.592539 
522680731990311 0.012217 0.494800 0.716239 
522680752560102 0.134696 0.580321 0.773966 
522680773129009 0.397062 0.181732 0.655152 
522680793697915 0.757778 -0.255952 0.434630 
522680814267290 1.185383 -0.411417 0.372322 
522680834836405 1.318552 -0.316733 0.426078 
522680855405519 1.124296 0.089797 0.466395 
522680875975727 0.960585 0.244040 0.484416 
522680896543591 0.916602 -0.116675 0.448680 
522680917112810 0.896749 -0.516181 0.333838 
522680937681978 0.841772 -0.421191 0.233656 
522680958251612 0.736397 -0.078802 0.219606 
522680978823175 0.550084 0.286496 0.229380 
522680999390519 0.379042 0.462730 0.268475 
522681019959477 0.255952 0.125227 0.226631 
522681040528957 0.368046 -0.220522 0.232129 
522681061097811 0.610559 -0.629496 0.098349 
522681081666351 0.406225 -0.383623 0.064752 
522681102235415 -0.142026 0.354912 0.001222 
522681122804061 -0.369573 0.752280 0.044593 
522681143374373 -0.317650 0.200669 0.022297 
522681163942862 -0.412639 -0.408363 -0.099876 
522681184511820 -0.462119 -0.650265 -0.034208 
522681205080987 -0.220828 -0.247400 0.112705 
522681225650415 0.142026 0.203113 0.234877 
