# Created at Thu Nov 07 18:30:31 EST 2019 in Burnaby Canada 
522675877687083 0.141880 0.017742 0.050007 
522675898256354 0.134102 0.011993 0.042849 
522675918825520 0.138055 0.017862 0.043925 
522675939393906 0.114247 0.028066 0.053091 
522675959962708 0.119589 0.041473 0.052979 
522675980531667 0.115262 0.042052 0.028604 
522676001100834 0.125588 0.040374 0.041216 
522676021669844 0.075201 0.008804 0.069573 
522676042239427 0.071880 0.046249 0.063422 
522676062808333 0.075515 0.030355 0.048818 
522676083377031 0.062116 0.064630 0.007724 
522676103947082 0.099479 0.030715 0.023816 
522676124514896 0.112285 0.008134 0.063516 
522676145084062 0.113361 0.016335 0.066114 
522676165653021 0.118287 0.019736 0.048021 
522676186221926 0.105198 0.025841 0.039765 
522676206790990 0.104481 0.020027 0.043460 
522676227360312 0.097504 0.022319 0.035168 
522676247929062 0.086729 0.023297 0.026226 
522676268498385 0.108991 0.025531 0.054785 
522676289067239 0.107850 0.029339 0.057984 
522676309636667 0.087253 0.038225 0.028530 
522676330205104 0.095093 0.043573 0.042952 
522676350774479 0.096750 0.034182 0.051234 
522676371343542 0.095550 0.022326 0.060512 
522676391912604 0.075067 0.018985 0.050619 
522676412481354 0.078969 0.025721 0.036497 
522676433050729 0.090692 0.016905 0.043500 
522676453619583 0.079678 0.009696 0.039756 
522676474188436 0.089830 0.034575 0.046775 
522676494757344 0.095755 0.024984 0.051536 
522676515326406 0.088670 0.011806 0.058248 
522676535895573 0.096774 -0.002354 0.048391 
522676556464687 0.108010 0.015130 0.039965 
522676577033542 0.081307 0.042778 0.039812 
522676597602968 0.091377 0.040879 0.037474 
522676618171615 0.089271 0.005840 0.064668 
522676638741198 0.090724 0.033678 0.080697 
522676659309999 0.083783 0.007943 0.075032 
522676679879114 0.068987 0.017526 0.030122 
522676700447916 0.099544 0.031270 0.016618 
522676721016927 0.108073 -0.003091 0.064734 
522676741586458 0.100956 0.028510 0.064828 
522676762158854 0.069996 0.028965 0.048810 
522676782725000 0.089014 0.018295 0.045229 
522676803293489 0.100512 0.027368 0.064825 
522676823861874 0.081358 0.005317 0.042904 
522676844430988 0.101247 0.000046 0.009668 
522676865000000 0.040644 0.019365 0.021056 
522676885569739 -0.034202 0.024165 0.032693 
522676906139219 -0.036012 0.042488 0.054199 
522676926707760 0.001550 0.103818 0.000072 
522676947278334 0.016650 0.027688 0.035517 
522676967847187 0.056737 0.044654 0.055519 
522676988416406 0.146522 0.099536 0.042177 
522677008986041 0.132230 0.031463 0.028146 
522677029554375 0.123696 -0.107948 0.070641 
522677050122708 0.232463 -0.043445 0.086261 
522677070692551 0.274694 -0.101755 0.106023 
522677091261302 0.325970 0.012081 0.043023 
522677111831614 0.286926 0.026011 0.024461 
522677132399635 0.240789 -0.000694 0.072526 
522677152969895 0.119881 0.019459 0.080708 
522677173537448 0.026450 0.070397 0.057037 
522677194105833 0.019724 -0.043976 0.025606 
522677214675000 -0.437752 0.138185 0.132626 
522677235244531 0.059193 0.210464 -0.197906 
522677255813541 -0.069096 0.049117 0.038242 
522677276381979 -0.026004 -0.149879 0.100783 
522677296951250 0.079876 0.079982 -0.004647 
522677317519843 0.076482 0.037677 0.045074 
522677338088905 -0.001735 -0.074382 0.093480 
522677358658854 0.114218 0.011008 0.064100 
522677379227968 0.118448 0.086121 0.029204 
522677399797760 0.103108 -0.008142 0.002393 
522677420365781 -0.014322 -0.091144 0.107443 
522677440935364 0.110589 -0.015408 0.103309 
522677461504478 0.057999 0.044434 0.002830 
522677482073385 0.282003 -0.245661 0.004549 
522677502642030 0.345182 0.134547 0.041821 
522677523210781 0.140345 0.169584 0.088993 
522677543780520 0.062182 -0.303100 0.059217 
522677564349219 0.091273 0.122726 0.127752 
522677584917499 0.051971 0.385591 0.059850 
522677605485989 0.175098 0.286124 -0.010141 
522677626054426 -0.022415 -0.105505 0.062474 
522677646623593 0.082357 -0.076684 0.033813 
522677667192760 0.138940 -0.077885 0.006410 
522677687761667 0.120070 -0.214159 0.041887 
522677708330780 0.061370 0.194932 0.016815 
522677728899844 0.014435 0.494347 0.099482 
522677749468957 -0.019441 0.430022 0.033329 
522677770037812 0.287825 -0.215320 -0.047878 
522677790606927 0.305786 -0.387162 0.020780 
522677811176041 0.173216 -0.551821 0.024863 
522677831745051 0.213216 -0.073008 0.106345 
522677852314113 0.055141 0.531894 0.115952 
522677872883645 -0.169528 0.081467 0.142249 
522677893452343 0.064584 -0.471071 -0.022641 
522677914021353 0.160637 -0.652805 0.032918 
522677934590624 0.274656 -0.439839 0.045238 
522677955162239 0.308256 -0.512101 0.071752 
522677975729166 0.073537 -0.487410 0.103116 
522677996300103 0.035396 -0.179771 -0.102049 
522678016868905 0.218849 -0.218500 -0.002221 
522678037437708 0.016172 -0.758507 0.104958 
522678058006561 -0.120246 -0.163392 0.119081 
522678078575311 0.139330 0.236802 -0.079150 
522678099145832 0.382327 -0.773561 -0.003799 
522678119713437 0.164229 -1.064557 0.014330 
522678140281978 -0.000042 -0.538458 -0.393739 
522678160851562 0.497833 1.243562 0.208488 
522678181421145 0.881702 1.289510 -0.184350 
522678201988541 0.432749 0.523628 0.304637 
522678222558854 0.003583 0.617770 -0.006437 
522678243127760 -0.406950 1.317513 0.012241 
522678263697968 -0.401020 1.458024 0.079706 
522678284266040 -0.093667 1.191079 -0.096551 
522678304834999 0.092718 1.005589 0.191692 
522678325404009 0.006095 0.837832 0.179003 
522678345972083 0.153889 0.767853 0.067575 
522678366541040 0.370123 -0.112150 -0.075159 
522678387111719 0.513815 -1.353845 -0.020272 
522678407679322 0.194936 -1.538601 0.143153 
522678428248906 0.265874 -1.182400 0.272526 
522678448817915 0.174356 -0.142420 -0.101398 
522678469386353 0.023764 -0.213859 0.117566 
522678489955415 -0.382239 -0.113342 0.197117 
522678510524426 -0.193174 0.960644 0.277240 
522678531093384 0.049149 0.570941 -0.077855 
522678551662603 0.320474 -0.382504 0.070036 
522678572231457 0.285665 -0.076644 0.015390 
522678592800728 0.080270 -0.196450 -0.066041 
522678613369895 0.044333 0.256999 0.097629 
522678633939217 0.340710 -0.311815 0.120122 
522678654508332 0.318955 -0.447295 0.089953 
522678675078592 0.297109 0.422311 0.048037 
522678695646562 0.272078 0.581282 0.147127 
522678716217446 -0.187700 1.040121 0.170347 
522678736784843 -0.376873 1.293176 0.075056 
522678757354529 -0.129624 0.634897 0.124964 
522678777923020 0.160550 0.962915 0.065138 
522678798492916 0.530259 1.381929 0.181024 
522678819061613 0.368008 0.525079 0.038180 
522678839630728 0.114434 -1.831706 -0.039741 
522678860199634 0.304348 -1.845722 0.049250 
522678880768801 0.646575 -2.160494 0.188922 
522678901337186 -0.363039 -0.921739 0.049240 
522678921906405 0.204187 -0.037247 0.327863 
522678942478279 -0.123141 -0.002571 0.303606 
522678963044530 0.072833 1.222040 0.234836 
522678983613593 0.050354 0.652074 0.297062 
522679004182811 0.823628 -1.003919 0.583866 
522679024755520 -0.662524 -0.460636 -0.581214 
522679045324374 0.433979 -0.050502 0.284305 
522679065891093 0.794746 -1.018092 0.200454 
522679086459946 -0.238845 -1.552933 0.103416 
522679107029582 -0.061950 -1.659915 0.055328 
522679127601301 -0.062410 -0.370346 0.402183 
522679148167239 0.535535 0.148766 -0.183543 
522679168736301 0.480301 -0.298492 -0.388172 
522679189306092 1.140691 -1.750238 0.464809 
522679209874687 -0.014349 -1.290573 -0.176417 
522679230443800 0.241323 0.320459 0.043107 
522679251012864 0.479945 1.506259 0.268166 
522679271582083 -0.144718 3.198729 0.442078 
522679292151249 0.207622 5.273990 0.216742 
522679312720103 0.964872 5.630075 0.449750 
522679333289113 1.098541 1.229634 0.133566 
522679353858332 1.162263 -3.177030 1.016114 
522679374427447 -0.145015 -0.776553 -0.457996 
522679394996509 -0.176986 -0.045788 1.100307 
522679415566301 0.605765 -1.879232 0.156526 
522679436136249 0.593247 -1.134335 -0.357696 
522679456704999 -0.341660 0.354324 -0.388503 
522679477273333 0.157846 0.499682 1.355319 
522679497843331 0.290510 -0.173779 0.161122 
522679518411561 -0.274226 -0.222054 -0.841235 
522679538980571 -0.273277 3.863400 1.283019 
522679559550468 -0.889453 2.077074 -0.723311 
522679580119008 -1.179818 -1.926729 -0.230691 
522679600688176 -0.811016 -2.546734 -0.271391 
522679621257187 0.561557 -0.789488 -0.536007 
522679641826508 0.279821 -0.098895 0.842541 
522679662395103 -0.166735 -0.434279 1.210334 
522679682964322 -0.409231 -1.814303 0.527678 
522679703534113 -0.160391 -2.298641 0.015082 
522679724102395 0.218658 0.122684 -0.799099 
522679744671664 1.307287 0.044704 1.270106 
522679765240571 0.218915 -2.749194 1.137543 
522679785810468 -0.408916 -0.884299 0.519403 
522679806379790 0.062947 -0.670013 3.712475 
522679826947603 0.529513 -0.268787 2.095571 
522679847516664 1.649463 0.415934 -0.032967 
522679868086509 1.043254 1.815985 -1.796035 
522679888655572 0.776904 2.406361 -2.317696 
522679909226040 1.144016 1.525357 -2.187715 
522679929794009 0.868885 1.844037 -1.075637 
522679950363539 1.192945 2.228001 1.197259 
522679970932655 1.471781 1.917038 2.552565 
522679991501614 1.037879 1.783736 1.009962 
522680012070206 0.602486 1.274372 0.199047 
522680032639269 0.078555 0.940291 0.700881 
522680053207447 -0.242493 1.342331 2.302284 
522680073777655 -0.283574 2.187536 0.091408 
522680094347238 -1.580811 1.098391 -1.154093 
522680114916092 -3.670318 1.377452 0.881335 
522680135484894 -2.183240 1.206460 2.579650 
522680156054634 -1.609393 0.180903 2.533207 
522680176623279 -2.187110 -1.442969 1.609496 
522680197192395 -2.377808 -1.651779 3.004892 
522680217761404 -0.370894 -1.858770 4.962582 
522680238330727 1.423376 -1.577538 3.975060 
522680258899842 0.996322 -0.758280 0.748790 
522680279469060 -0.630678 -0.578787 -1.943553 
522680300038175 -0.002247 -1.159540 -2.416581 
522680320607550 0.325767 -0.647433 -2.043819 
522680341176509 0.207405 -1.153818 -1.463018 
522680361746040 0.065814 -1.261250 -1.278053 
522680382314686 1.265972 -0.695133 0.112991 
522680402883800 1.426106 -0.537204 0.688716 
522680423454373 0.503161 -0.789075 -0.238110 
522680444023383 -0.127352 -0.814650 -1.907056 
522680464591509 -0.163388 -0.560976 -2.130229 
522680485160467 -0.345171 -0.222370 0.301490 
522680505730362 0.035921 -1.154974 1.451450 
522680526299008 0.532355 -1.634785 0.990402 
522680546868488 -0.178151 -1.158758 -0.196524 
522680567437133 -0.627166 -0.132812 0.388422 
522680588006978 0.601353 -0.306367 0.350602 
522680608576091 1.083610 0.311360 -0.232009 
522680629145050 0.927149 0.276462 0.130858 
522680649713696 0.555956 -0.067581 0.534954 
522680670283279 0.614258 -0.026507 -0.846701 
522680690851925 0.190664 0.159515 -1.273493 
522680711422186 0.492521 0.156795 -0.603900 
522680731990311 0.654984 0.320903 0.481027 
522680752560102 0.629040 0.328250 0.684191 
522680773129009 0.582119 0.366964 0.288289 
522680793697915 0.681898 1.006375 -0.452142 
522680814267290 0.677764 0.884070 0.715367 
522680834836405 -0.001798 0.068681 0.977127 
522680855405519 0.329790 -0.001266 0.521889 
522680875975727 0.583590 0.191717 0.047810 
522680896543591 0.614393 0.201546 -0.812855 
522680917112810 0.427152 0.354829 -1.637908 
522680937681978 0.681130 0.509413 -0.993920 
522680958251612 0.608344 0.116995 0.006025 
522680978823175 0.747560 0.085441 0.014384 
522680999390363 0.743581 0.138549 -0.308306 
522681019959477 0.811220 0.286232 -1.306504 
522681040528957 0.444660 0.432192 -2.016042 
522681061097811 0.263812 -0.049391 -1.438100 
522681081666351 -0.033471 0.048278 -0.867707 
522681102234894 0.674909 0.267381 -0.145538 
522681122804061 1.222600 0.140410 0.005602 
522681143374373 0.100780 -0.192345 -0.454442 
522681163942862 0.048810 0.524895 -1.800315 
522681184511508 0.083263 0.470072 -1.348345 
522681205080987 -0.242035 0.133684 0.627074 
522681225650415 0.200822 0.049209 2.469602 
