# Created at Thu Nov 07 18:30:31 EST 2019 in Burnaby Canada 
522675890937344 45.465298 8.561432 -38.680473 
522675911175885 44.083630 7.800781 -37.591293 
522675931175468 45.123890 7.116928 -38.678135 
522675951130520 43.619495 7.501373 -37.587002 
522675970922969 44.512203 6.956238 -38.518562 
522675990922813 45.284870 7.700668 -39.601864 
522676010923438 44.960552 6.241638 -36.985775 
522676030923073 45.740253 6.980087 -36.992825 
522676050924219 44.956547 6.685394 -39.291843 
522676070923542 44.643322 6.097610 -38.366642 
522676090923281 43.599377 7.078140 -38.970936 
522676110923541 44.985050 7.395050 -37.754044 
522676130922917 44.648693 6.386581 -38.674026 
522676150922969 46.459232 5.274948 -36.693394 
522676170923542 45.401539 5.680069 -37.144176 
522676190923177 44.512203 6.956238 -38.518562 
522676210922761 45.411953 6.405121 -38.373871 
522676230923073 45.853260 5.696503 -37.917336 
522676250923021 45.707394 5.980606 -38.069492 
522676271046198 45.241581 5.535812 -37.757763 
522676291046250 44.932049 5.531998 -38.523575 
522676310940364 45.690945 5.260696 -37.762295 
522676330922708 44.477978 5.223999 -36.981785 
522676350923229 46.477680 5.993149 -36.693092 
522676370923334 45.229176 5.252808 -38.526634 
522676390923646 46.741261 4.568268 -37.311634 
522676410923385 43.412228 5.195648 -36.971493 
522676430923229 44.469578 4.497253 -35.444584 
522676450922968 45.391491 5.688629 -38.681675 
522676470923333 45.850910 5.404953 -37.148705 
522676490922917 45.105099 6.105469 -37.602303 
522676510923333 44.611446 4.656921 -37.598492 
522676530923437 47.271809 7.453217 -37.314842 
522676550923281 44.138927 4.071075 -37.748074 
522676570924062 45.112476 6.392731 -37.602180 
522676590923281 45.407581 6.115295 -37.912746 
522676610916719 44.037334 6.078842 -37.899513 
522676631002917 44.966946 6.970108 -38.830471 
522676651003229 45.831470 5.127945 -38.993824 
522676670923541 45.209705 4.095123 -36.989613 
522676690917239 46.740604 4.862396 -38.541512 
522676710923385 44.648693 6.386581 -38.674026 
522676730923646 44.000088 4.349167 -36.823982 
522676750924271 45.117496 6.388458 -36.833431 
522676770927656 44.632915 5.372559 -37.136944 
522676790927604 45.990421 5.273071 -38.533985 
522676810923801 44.632252 5.666672 -38.366821 
522676830923697 44.509853 6.664688 -37.749931 
522676850923228 46.184269 6.856308 -38.381042 
522676870923280 44.509853 6.664688 -37.749931 
522676890923906 44.964588 6.678558 -38.061844 
522676910924271 45.216740 4.089142 -35.913364 
522676930924583 45.263042 6.251434 -37.296211 
522676951131562 45.241581 5.535812 -37.757763 
522676970944218 44.323383 5.368744 -37.902756 
522676990962447 45.250645 5.968445 -38.065083 
522677010963228 45.702366 5.984879 -38.838242 
522677030926718 43.285480 6.344131 -37.584541 
522677050925000 46.003849 5.995544 -39.302433 
522677070924948 44.646679 6.388290 -38.981525 
522677090925104 44.672161 7.100510 -37.904976 
522677110925104 44.925014 5.537979 -39.599823 
522677130924947 44.338818 6.089508 -38.363701 
522677150925676 45.701344 5.545395 -37.300922 
522677170925312 44.932049 5.531998 -38.523575 
522677190925625 43.753628 6.640152 -36.973835 
522677210925052 45.714771 6.267883 -38.069374 
522677230924479 46.013897 5.987000 -37.764935 
522677250926094 46.930088 6.155792 -37.927444 
522677270924739 45.378742 5.112381 -38.374413 
522677290925520 44.475300 5.519836 -38.519165 
522677310924322 44.661770 6.815811 -38.366341 
522677330924218 44.643322 6.097610 -38.366642 
522677350924687 46.649059 6.861603 -37.155457 
522677370925677 44.329777 6.097198 -39.747456 
522677390925260 44.329777 6.097198 -39.747456 
522677410926718 45.363651 4.684875 -38.989594 
522677430925625 45.726826 6.257614 -36.224373 
522677450925885 45.255665 5.964157 -37.296333 
522677470925832 43.288494 6.341568 -37.123295 
522677490925572 44.678211 7.535721 -38.673546 
522677510925573 43.483349 8.364288 -38.507671 
522677530924322 45.929737 8.273483 -36.378754 
522677550925677 43.317356 7.784821 -38.352692 
522677570925208 44.367664 7.092407 -37.902035 
522677590925156 44.200321 6.660873 -38.515743 
522677610924114 44.056133 7.090286 -38.975346 
522677630924009 44.263050 9.102753 -38.514725 
522677650923384 44.392162 8.245819 -38.670303 
522677670923020 42.841160 7.495667 -40.193405 
522677690916823 45.709743 6.272156 -38.838123 
522677710934219 45.192318 9.700760 -38.369553 
522677730934271 43.804295 9.092300 -38.817814 
522677750923489 45.249981 6.262558 -39.294964 
522677770923384 45.029675 9.411987 -38.829453 
522677790923541 45.485752 9.277924 -38.372673 
522677810923385 44.271091 9.095901 -37.284721 
522677830923854 43.635929 8.221298 -37.894203 
522677850924009 45.909634 8.290588 -39.453754 
522677870923749 44.972988 7.405304 -39.599041 
522677890923854 43.758991 6.929138 -37.281212 
522677910923281 44.044720 6.366104 -37.899395 
522677930923541 42.521229 6.766800 -39.729515 
522677951130989 44.509853 6.664688 -37.749931 
522677970923750 43.407543 5.493195 -38.816372 
522677990925052 44.069218 7.519516 -38.667664 
522678010925572 44.304935 4.650543 -37.903053 
522678030925520 45.074238 5.104279 -38.371471 
522678050925051 43.273418 6.354401 -39.429546 
522678070949166 45.968945 4.117096 -37.304462 
522678090948853 45.206051 4.832138 -40.371811 
522678110926249 46.395542 4.154892 -41.921371 
522678130924739 46.112499 4.422119 -39.765816 
522678150923958 45.156742 3.112732 -41.141281 
522678170924531 44.980328 1.808243 -39.756603 
522678190925937 44.120480 3.352875 -37.748375 
522678210924843 45.911945 2.697800 -40.380062 
522678230923801 46.641994 1.423584 -40.080452 
522678250924323 46.788883 1.138641 -39.774544 
522678270924791 45.725132 1.108582 -39.456757 
522678290924582 46.491413 1.124557 -38.695354 
522678310925415 47.425701 1.718292 -37.781433 
522678330924947 47.229183 0.430878 -39.471756 
522678350924895 48.281170 -0.556519 -37.637463 
522678370923957 46.777462 0.414459 -38.698593 
522678390923384 47.824741 -0.715729 -37.018112 
522678410924218 48.099728 -1.856750 -37.021534 
522678430947708 47.132221 -3.743225 -37.935993 
522678450948124 47.115788 -4.463150 -37.628792 
522678470924530 47.120808 -4.467422 -36.860043 
522678490923592 48.567501 -7.298004 -37.183445 
522678510923645 48.140270 -6.161057 -37.178555 
522678530923489 47.731503 -3.865555 -38.864433 
522678550923384 48.142971 -5.576218 -39.023315 
522678570923592 48.179523 -4.433075 -37.946587 
522678590923592 47.763348 -3.305527 -36.250443 
522678610923801 47.286503 -3.300568 -39.321033 
522678630923957 46.679844 -3.465530 -38.392712 
522678650923488 47.160069 -2.739471 -37.628071 
522678670924061 47.429691 -3.729141 -39.015182 
522678690923853 46.996082 -2.880310 -38.856663 
522678710924218 47.153034 -2.733475 -38.704327 
522678730924374 48.100742 -1.417267 -38.558853 
522678750924843 48.079624 -1.839645 -40.096535 
522678770924010 48.843540 -2.115219 -38.566502 
522678790948280 48.791210 -4.272385 -38.106152 
522678811324165 49.596745 -2.528458 -38.112782 
522678830924530 47.069492 -6.185120 -37.937016 
522678850925259 48.425983 -6.724075 -37.796734 
522678870924270 48.084263 -8.021515 -38.409332 
522678890923592 48.678150 -8.873154 -37.339321 
522678910923801 48.002056 -11.621078 -36.873333 
522678930923072 48.574146 -13.481583 -35.188744 
522678951131613 49.459476 -14.313995 -36.120422 
522678970923332 47.645893 -13.640137 -36.871231 
522678990923749 47.804844 -13.935333 -34.720322 
522679010923280 47.671726 -12.634659 -36.870811 
522679030923280 50.739857 -12.132996 -35.055031 
522679050926874 50.766033 -10.834244 -36.130741 
522679070926978 48.873661 -7.584885 -35.802753 
522679090923801 50.297871 -11.570572 -35.050381 
522679110923957 50.370678 -8.256592 -36.894001 
522679130927551 50.184216 -9.552567 -37.046822 
522679150953384 50.036312 -9.707077 -35.815411 
522679171281457 50.482327 -10.272919 -35.205063 
522679190923749 49.837444 -11.286041 -36.737103 
522679210924895 52.255322 -12.086517 -36.145981 
522679230924270 53.120525 -13.782471 -36.770523 
522679250924010 51.138927 -14.126663 -35.982784 
522679270924166 53.247280 -14.930954 -36.157471 
522679290924270 53.391819 -15.067139 -36.774006 
522679310924530 54.463909 -15.631287 -33.555782 
522679330923749 52.993382 -14.248215 -31.234234 
522679350923905 55.475964 -18.492844 -30.492271 
522679370923749 54.393421 -19.534378 -29.098656 
522679390923540 54.601002 -22.819733 -30.947975 
522679410924999 54.463146 -22.982803 -28.179062 
522679430925259 54.259251 -24.557495 -29.869503 
522679450925311 52.077404 -27.213394 -27.390003 
522679470925832 51.062283 -30.673920 -29.381374 
522679490924998 50.406322 -32.558319 -29.222523 
522679510940467 49.004208 -33.595093 -30.132214 
522679531242811 49.369732 -36.734482 -31.675442 
522679550924217 47.428043 -35.644867 -30.425854 
522679570924270 47.879765 -35.628433 -31.199013 
522679590924269 47.326130 -33.049713 -32.883305 
522679610924426 46.428394 -32.500320 -32.720493 
522679630923697 47.964314 -31.737320 -33.503643 
522679650923645 48.545147 -32.577850 -34.432384 
522679670924790 48.147091 -30.585007 -33.350883 
522679690924009 49.426487 -27.962830 -34.130314 
522679710924322 49.131069 -27.097946 -36.125763 
522679730924061 50.054287 -26.935150 -35.212025 
522679750924009 49.763210 -26.220779 -35.977535 
522679770923488 50.374546 -26.353348 -35.060974 
522679790923748 50.836346 -25.905151 -35.987705 
522679810924634 51.536510 -29.062088 -32.921375 
522679830924686 52.118366 -29.463120 -35.387432 
522679850923644 51.183689 -31.230774 -31.843086 
522679870932237 51.513042 -29.776001 -33.690426 
522679891201197 50.749432 -30.087814 -32.914444 
522679910970936 51.506008 -29.770020 -34.766674 
522679930924373 51.128719 -32.211456 -36.302254 
522679951136978 48.299389 -29.259979 -38.425560 
522679970925311 48.299389 -29.259979 -38.425560 
522679990924634 47.868153 -27.679276 -40.726742 
522680010923540 46.464046 -28.274048 -43.635002 
522680030924581 45.027782 -24.278091 -46.232372 
522680050922655 40.917385 -24.094162 -47.268814 
522680070922759 39.848301 -23.532562 -50.025784 
522680090924582 38.927433 -23.403824 -51.708153 
522680110924634 35.784855 -21.480484 -51.215195 
522680130924061 34.884441 -21.075577 -50.898693 
522680150923436 32.792889 -18.817780 -53.798405 
522680170924217 31.842823 -20.425537 -53.175243 
522680190923956 30.486317 -19.886566 -53.315521 
522680210923852 28.650257 -20.367798 -52.990562 
522680230923800 26.626728 -22.144135 -52.972172 
522680251162498 27.805477 -23.839676 -52.215904 
522680270971300 29.425213 -26.096802 -51.618034 
522680290924112 29.578434 -26.974258 -48.083614 
522680310924217 29.222942 -28.847107 -48.542706 
522680330924164 29.241398 -28.128906 -48.542404 
522680350923801 31.630466 -24.488281 -46.564205 
522680370924634 31.196529 -23.492371 -47.020626 
522680390923645 32.121113 -22.596848 -48.720333 
522680410924008 33.223103 -20.837982 -49.959904 
522680430923644 33.429356 -18.971725 -49.038094 
522680450925467 32.866627 -17.706268 -47.032925 
522680470925467 34.273800 -15.793106 -48.736622 
522680490923956 32.143635 -15.557404 -49.638424 
522680510924425 29.543339 -15.615982 -51.458431 
522680530924945 31.365307 -15.563110 -52.244823 
522680550924216 30.127506 -16.606125 -51.310986 
522680570924685 31.654041 -16.128708 -52.401756 
522680590918435 31.610752 -18.293579 -50.557655 
522680611119998 30.385723 -18.319992 -51.622143 
522680630971456 29.818310 -16.756989 -51.461853 
522680650971092 30.542660 -18.173141 -51.469803 
522680670923852 30.226749 -18.905441 -50.390915 
522680690923696 32.185520 -20.009628 -49.026756 
522680710923748 30.825680 -19.321030 -50.243221 
522680730924061 30.529232 -18.895630 -50.701351 
522680750923853 29.432636 -19.925171 -51.460232 
522680770924009 30.729404 -22.908600 -50.859726 
522680790923800 33.458164 -23.412827 -50.425175 
522680810924373 32.428326 -21.563599 -52.259102 
522680830924373 30.750866 -22.633286 -48.707104 
522680850924321 31.137516 -24.909973 -50.403725 
522680870924113 29.452702 -25.386307 -50.233982 
522680890923852 29.372860 -28.694305 -49.466614 
522680910923696 30.748463 -28.809174 -48.096153 
522680930924009 31.679745 -28.212860 -47.643482 
522680951131613 30.574726 -29.969177 -46.865162 
522680971084373 29.762508 -31.413864 -49.010914 
522680991084373 29.262821 -33.297607 -48.238537 
522681010972342 29.895634 -32.274231 -48.551495 
522681030924686 29.897633 -32.716263 -46.552925 
522681050925624 30.171268 -33.709366 -47.325035 
522681070924946 30.047199 -32.856720 -46.400703 
522681090925362 30.792011 -33.556366 -46.100853 
522681110923331 28.953938 -34.035889 -46.083393 
522681130923904 27.103786 -34.945480 -46.219864 
522681150923540 31.394306 -33.681259 -46.568043 
522681170924424 29.878841 -33.727737 -45.477093 
522681190924424 28.529720 -32.901489 -45.617252 
522681210923539 28.393581 -32.038559 -46.537922 
522681230923383 26.729916 -31.211853 -48.212646 
