# Created at Thu Nov 07 18:13:01 EST 2019 in Burnaby Canada 
521625460695142 0.000000 0.000000 0.000000 
521625481265663 0.000000 0.000000 0.000000 
521625501835922 0.000000 0.000000 0.000000 
521625522406443 0.000000 0.000000 0.000000 
521625542976756 0.000000 0.000000 0.000000 
521625563547277 0.000000 0.000000 0.000000 
521625584117746 0.000000 0.000000 0.000000 
521625604688267 0.000000 0.000000 0.000000 
521625625258839 0.000000 0.000000 0.000000 
521625645829360 0.000000 0.000000 0.000000 
521625666400454 0.000000 0.000000 0.000000 
521625686970975 0.000000 0.000000 0.000000 
521625707540818 0.000000 0.000000 0.000000 
521625728111339 0.000000 0.000000 0.000000 
521625748681808 0.000000 0.000000 0.000000 
521625769252329 0.000000 0.000000 0.000000 
521625789823058 0.000000 0.000000 0.000000 
521625810393579 0.000000 0.000000 0.000000 
521625830964048 0.000000 0.000000 0.000000 
521625851534517 0.000000 0.000000 0.000000 
521625872105558 0.000000 0.000000 0.000000 
521625892675870 0.000000 0.000000 0.000000 
521625913246079 0.000000 0.000000 0.000000 
521625933816600 0.000000 0.000000 0.000000 
521625954387068 0.000000 0.000000 0.000000 
521625974957849 0.000000 0.000000 0.000000 
521625995528527 0.000000 0.000000 0.000000 
521626016099047 0.000000 0.000000 0.000000 
521626036669413 0.000000 0.000000 0.000000 
521626057239725 0.000000 0.000000 0.000000 
521626077810089 0.000000 0.000000 0.000000 
521626098385297 0.000000 0.000000 0.000000 
521626118951235 0.000000 0.000000 0.000000 
521626139521860 0.000000 0.000000 0.000000 
521626160092485 0.000000 0.000000 0.000000 
521626180662849 0.000000 0.000000 0.000000 
521626201233475 0.000000 0.000000 0.000000 
521626221803891 0.000000 0.000000 0.000000 
521626242374412 0.000000 0.000000 0.000000 
521626262945037 0.000000 0.000000 0.000000 
521626283515558 0.000000 0.000000 0.000000 
521626304085923 0.000000 0.000000 0.000000 
521626324656444 0.000000 0.000000 0.000000 
521626345226964 0.000000 0.000000 0.000000 
521626365797485 0.000000 0.000000 0.000000 
521626386368318 0.000000 0.000000 0.000000 
521626406938839 0.000000 0.000000 0.000000 
521626427512850 0.000000 0.000000 0.000000 
521626448083371 0.000000 0.000000 0.000000 
521626468654099 0.000000 0.000000 0.000000 
521626489224620 0.000000 0.000000 0.000000 
521626509793787 0.000000 0.000000 0.000000 
521626530364308 0.000000 0.000000 0.000000 
521626550933787 0.000000 0.000000 0.000000 
521626571504464 0.000000 0.000000 0.000000 
521626592075141 0.000000 0.000000 0.000000 
521626612645714 0.000000 0.000000 0.000000 
521626633215974 0.000000 0.000000 0.000000 
521626653785037 0.000000 0.000000 0.000000 
521626674357745 0.000000 0.000000 0.000000 
521626694927069 0.000000 0.000000 0.000000 
521626715497538 0.000000 0.000000 0.000000 
521626736068058 0.000000 0.000000 0.000000 
521626756638682 0.000000 0.000000 0.000000 
521626777209463 0.000000 0.000000 0.000000 
521626797779725 0.000000 0.000000 0.000000 
521626818349985 0.000000 0.000000 0.000000 
521626838920297 0.000000 0.000000 0.000000 
521626859490089 0.000000 0.000000 0.000000 
521626880060610 0.000000 0.000000 0.000000 
521626900631287 0.000000 0.000000 0.000000 
521626921201808 0.000000 0.000000 0.000000 
521626941774100 0.000000 0.000000 0.000000 
521626962344621 0.000000 0.000000 0.000000 
521626982915141 0.000000 0.000000 0.000000 
521627003485661 0.000000 0.000000 0.000000 
521627024056547 0.000000 0.000000 0.000000 
521627044627068 0.000000 0.000000 0.000000 
521627065197328 0.000000 0.000000 0.000000 
521627085767849 0.000000 0.000000 0.000000 
521627106337016 0.000000 0.000000 0.000000 
521627126907589 0.000000 0.000000 0.000000 
521627147477484 0.000000 0.000000 0.000000 
521627168048005 0.000000 0.000000 0.000000 
521627188618735 0.000000 0.000000 0.000000 
521627209189256 0.000000 0.000000 0.000000 
521627229759828 0.000000 0.000000 0.000000 
521627250330349 0.000000 0.000000 0.000000 
521627270901079 0.000000 0.000000 0.000000 
521627291471391 0.000000 0.000000 0.000000 
521627312042067 0.000000 0.000000 0.000000 
521627332612537 0.000000 0.000000 0.000000 
521627353182953 0.000000 0.000000 0.000000 
521627373753682 0.000000 0.000000 0.000000 
521627394324204 0.000000 0.000000 0.000000 
521627414896391 0.000000 0.000000 0.000000 
521627435467120 0.000000 0.000000 0.000000 
521627456038109 0.000000 0.000000 0.000000 
521627476608370 0.000000 0.000000 0.000000 
521627497177380 0.000000 0.000000 0.000000 
521627517747537 0.000000 0.000000 0.000000 
521627538317902 0.000000 0.000000 0.000000 
521627558888839 0.000000 0.000000 0.000000 
521627579459256 0.000000 0.000000 0.000000 
521627600029777 0.000000 0.000000 0.000000 
521627620600557 0.000000 0.000000 0.000000 
521627641171078 0.000000 0.000000 0.000000 
521627661741912 0.000000 0.000000 0.000000 
521627682312485 0.000000 0.000000 0.000000 
521627702883734 0.000000 0.000000 0.000000 
521627723454307 0.000000 0.000000 0.000000 
521627744024724 0.000000 0.000000 0.000000 
521627764595297 0.000000 0.000000 0.000000 
521627785164672 0.000000 0.000000 0.000000 
521627805735192 0.000000 0.000000 0.000000 
521627826305921 0.000000 0.000000 0.000000 
521627846876494 0.000000 0.000000 0.000000 
521627867447015 0.000000 0.000000 0.000000 
521627888017588 0.000000 0.000000 0.000000 
521627908589776 0.000000 0.000000 0.000000 
521627929160297 0.000000 0.000000 0.000000 
521627949730766 0.000000 0.000000 0.000000 
521627970301339 0.000000 0.000000 0.000000 
521627990871443 0.000000 0.000000 0.000000 
521628011442744 0.000000 0.000000 0.000000 
521628032012848 0.000000 0.000000 0.000000 
521628052583369 0.000000 0.000000 0.000000 
521628073153786 0.000000 0.000000 0.000000 
521628093723370 0.000000 0.000000 0.000000 
521628114293579 0.000000 0.000000 0.000000 
521628134864672 0.000000 0.000000 0.000000 
521628155434880 0.000000 0.000000 0.000000 
521628176006338 0.000000 0.000000 0.000000 
521628196575765 0.000000 0.000000 0.000000 
521628217147015 0.000000 0.000000 0.000000 
521628237716911 0.000000 0.000000 0.000000 
521628258288058 0.000000 0.000000 0.000000 
521628278858630 0.000000 0.000000 0.000000 
521628299428890 0.000000 0.000000 0.000000 
521628319999984 0.000000 0.000000 0.000000 
521628340570297 0.000000 0.000000 0.000000 
521628361140870 0.000000 0.000000 0.000000 
521628381711806 0.000000 0.000000 0.000000 
521628402282379 0.000000 0.000000 0.000000 
521628422852484 0.000000 0.000000 0.000000 
521628443423057 0.000000 0.000000 0.000000 
521628463995140 0.000000 0.000000 0.000000 
521628484565713 0.000000 0.000000 0.000000 
521628505134828 0.000000 0.000000 0.000000 
521628525705401 0.000000 0.000000 0.000000 
521628546276183 0.000000 0.000000 0.000000 
521628566846756 0.000000 0.000000 0.000000 
521628587416911 0.000000 0.000000 0.000000 
521628607987484 0.000000 0.000000 0.000000 
521628628558526 0.000000 0.000000 0.000000 
521628649129099 0.000000 0.000000 0.000000 
521628669699307 0.000000 0.000000 0.000000 
521628690269880 0.000000 0.000000 0.000000 
521628710840870 0.000000 0.000000 0.000000 
521628731411651 0.000000 0.000000 0.000000 
521628751981911 0.000000 0.000000 0.000000 
521628772552744 0.000000 0.000000 0.000000 
521628793123006 0.000000 0.000000 0.000000 
521628813693579 0.000000 0.000000 0.000000 
521628834263890 0.000000 0.000000 0.000000 
521628854834671 0.000000 0.000000 0.000000 
521628875405036 0.000000 0.000000 0.000000 
521628895976807 0.000000 0.000000 0.000000 
521628916546598 0.000000 0.000000 0.000000 
521628937118369 0.000000 0.000000 0.000000 
521628957689411 0.000000 0.000000 0.000000 
521628978259567 0.000000 0.000000 0.000000 
521628998829308 0.000000 0.000000 0.000000 
521629019400713 0.000000 0.000000 0.000000 
521629039971756 0.000000 0.000000 0.000000 
521629060541650 0.000000 0.000000 0.000000 
521629081111703 0.000000 0.000000 0.000000 
521629101682223 0.000000 0.000000 0.000000 
521629122252796 0.000000 0.000000 0.000000 
521629142822796 0.000000 0.000000 0.000000 
521629163393369 0.000000 0.000000 0.000000 
521629183963370 0.000000 0.000000 0.000000 
521629204533943 0.000000 0.000000 0.000000 
521629225104828 0.000000 0.000000 0.000000 
521629245675401 0.000000 0.000000 0.000000 
521629266245869 0.000000 0.000000 0.000000 
521629286816442 0.000000 0.000000 0.000000 
521629307387432 0.000000 0.000000 0.000000 
521629327958005 0.000000 0.000000 0.000000 
521629348529202 0.000000 0.000000 0.000000 
521629369099775 0.000000 0.000000 0.000000 
521629389670296 0.000000 0.000000 0.000000 
521629410240869 0.000000 0.000000 0.000000 
521629430813109 0.000000 0.000000 0.000000 
521629451382431 0.000000 0.000000 0.000000 
521629471952796 0.000000 0.000000 0.000000 
521629492523526 0.000000 0.000000 0.000000 
521629513093474 0.000000 0.000000 0.000000 
521629533663161 0.000000 0.000000 0.000000 
521629554233838 0.000000 0.000000 0.000000 
521629574804566 0.000000 0.000000 0.000000 
521629595374775 0.000000 0.000000 0.000000 
521629615946234 0.000000 0.000000 0.000000 
521629636516181 0.000000 0.000000 0.000000 
521629657088317 0.000000 0.000000 0.000000 
521629677658942 0.000000 0.000000 0.000000 
521629698229463 0.000000 0.000000 0.000000 
521629718799671 0.000000 0.000000 0.000000 
521629739369307 0.000000 0.000000 0.000000 
521629759939984 0.000000 0.000000 0.000000 
521629780510296 0.000000 0.000000 0.000000 
521629801080869 0.000000 0.000000 0.000000 
521629821650712 0.000000 0.000000 0.000000 
521629842221285 0.000000 0.000000 0.000000 
521629862791910 0.000000 0.000000 0.000000 
521629883362535 0.000000 0.000000 0.000000 
521629903933057 0.000000 0.000000 0.000000 
521629924503630 0.000000 0.000000 0.000000 
521629945075087 0.000000 0.000000 0.000000 
521629965645660 0.000000 0.000000 0.000000 
521629986217171 0.000000 0.000000 0.000000 
521630006787744 0.000000 0.000000 0.000000 
521630027358629 0.000000 0.000000 0.000000 
521630047929202 0.000000 0.000000 0.000000 
521630068498369 0.000000 0.000000 0.000000 
521630089068941 0.000000 0.000000 0.000000 
521630109639618 0.000000 0.000000 0.000000 
521630130210191 0.000000 0.000000 0.000000 
521630150780817 0.000000 0.000000 0.000000 
521630171350713 0.000000 0.000000 0.000000 
521630191921025 0.000000 0.000000 0.000000 
521630212492223 0.000000 0.000000 0.000000 
521630233062901 0.000000 0.000000 0.000000 
521630253634202 0.000000 0.000000 0.000000 
521630274203786 0.000000 0.000000 0.000000 
521630294775869 0.000000 0.000000 0.000000 
521630315345349 0.000000 0.000000 0.000000 
521630335916181 0.000000 0.000000 0.000000 
521630356486025 0.000000 0.000000 0.000000 
521630377057744 0.000000 0.000000 0.000000 
521630397628785 0.000000 0.000000 0.000000 
521630418199359 0.000000 0.000000 0.000000 
521630438769463 0.000000 0.000000 0.000000 
521630459340712 0.000000 0.000000 0.000000 
521630479910557 0.000000 0.000000 0.000000 
521630500480973 0.000000 0.000000 0.000000 
521630521051025 0.000000 0.000000 0.000000 
521630541621807 0.000000 0.000000 0.000000 
521630562192380 0.000000 0.000000 0.000000 
521630582762848 0.000000 0.000000 0.000000 
521630603333421 0.000000 0.000000 0.000000 
521630623903785 0.000000 0.000000 0.000000 
521630644474358 0.000000 0.000000 0.000000 
521630665045087 0.000000 0.000000 0.000000 
