# Created at Thu Nov 07 18:13:01 EST 2019 in Burnaby Canada 
521625460695142 -3.283506 -3.016564 8.756416 
521625481265663 -3.293083 -3.020155 8.764795 
521625501835922 -3.294280 -3.026141 8.771978 
521625522406443 -3.307447 -3.020156 8.776766 
521625542976756 -3.306250 -3.010579 8.763598 
521625563547277 -3.302659 -3.017762 8.767189 
521625584117746 -3.291886 -3.028535 8.781555 
521625604688267 -3.297871 -3.021353 8.776766 
521625625258839 -3.291886 -3.014170 8.770781 
521625645829360 -3.290689 -2.997412 8.765992 
521625666400454 -3.291886 -3.011776 8.769584 
521625686970975 -3.318221 -3.022550 8.793524 
521625707540818 -3.308645 -3.022550 8.795919 
521625728111339 -3.312236 -3.011776 8.755219 
521625748681808 -3.332585 -3.008185 8.728884 
521625769252329 -3.284703 -3.045294 8.774372 
521625789823058 -3.249989 -3.028535 8.791131 
521625810393579 -3.289492 -3.027338 8.789933 
521625830964048 -3.289492 -3.010579 8.769583 
521625851534517 -3.293083 -3.040505 8.770781 
521625872105558 -3.308644 -3.041702 8.762402 
521625892675870 -3.314630 -3.011776 8.739657 
521625913246079 -3.296674 -3.015368 8.769584 
521625933816600 -3.312236 -3.008185 8.774372 
521625954387068 -3.311038 -3.017761 8.769585 
521625974957849 -3.320615 -3.027338 8.773175 
521625995528527 -3.309842 -3.028535 8.783949 
521626016099047 -3.299068 -3.032126 8.760008 
521626036669413 -3.305053 -3.027338 8.757614 
521626057239725 -3.309842 -3.040505 8.762402 
521626077810089 -3.288295 -3.030929 8.775569 
521626098385297 -3.287097 -3.048885 8.769585 
521626118951235 -3.290689 -3.041702 8.763598 
521626139521860 -3.297871 -3.024944 8.771978 
521626160092485 -3.313433 -3.062052 8.773174 
521626180662849 -3.336177 -3.045294 8.777964 
521626201233475 -3.367300 -3.011776 8.771978 
521626221803891 -3.410394 -3.001003 8.751628 
521626242374412 -3.392438 -2.979456 8.744446 
521626262945037 -3.373285 -3.057264 8.728885 
521626283515558 -3.303856 -3.011776 8.769585 
521626304085923 -3.247595 -3.024944 8.817465 
521626324656444 -3.191334 -3.066841 8.872530 
521626345226964 -3.131481 -2.923195 8.788736 
521626365797485 -3.148240 -2.948333 8.730082 
521626386368318 -3.103949 -3.029732 8.781554 
521626406938839 -3.132678 -3.131481 8.860559 
521626427512850 -3.147043 -3.227245 8.833027 
521626448083371 -3.161407 -3.164999 8.789933 
521626468654099 -3.176969 -3.011776 8.750431 
521626489224620 -3.239215 -2.984244 8.746840 
521626509793787 -3.330191 -2.978259 8.804298 
521626530364308 -3.374482 -2.962697 8.815071 
521626550933787 -3.433137 -2.990229 8.805496 
521626571504308 -3.443911 -3.009382 8.733672 
521626592075141 -3.429546 -3.036914 8.694170 
521626612645714 -3.382862 -3.052476 8.718111 
521626633215974 -3.330191 -3.070432 8.748037 
521626653785037 -3.392438 -2.914815 8.848589 
521626674357745 -3.373285 -3.021353 8.760007 
521626694927069 -3.453487 -3.093176 8.791130 
521626715497538 -3.425955 -2.921998 8.799509 
521626736068058 -3.218866 -2.795110 8.758810 
521626756638682 -3.476231 -2.920801 8.733673 
521626777209463 -3.460670 -2.905239 8.726490 
521626797779725 -3.380467 -3.003397 8.822254 
521626818349985 -3.446305 -3.058461 8.810283 
521626838920297 -3.325403 -3.001003 8.761204 
521626859490089 -3.334980 -3.016564 8.716913 
521626880060610 -3.327797 -2.991426 8.855772 
521626900631287 -3.005791 -2.992623 8.721703 
521626921201808 -3.388847 -2.526971 8.721703 
521626941774100 -3.763523 -2.289955 8.781554 
521626962344621 -2.786731 -4.456615 8.738461 
521626982915141 -2.875313 -3.688109 8.810284 
521627003485661 -3.215275 -3.452290 8.803101 
521627024056547 -3.127890 -3.662971 8.848589 
521627044627068 -2.851372 -3.552843 8.746840 
521627065197328 -3.169787 -2.756805 8.676214 
521627085767849 -3.211684 -2.993821 8.532568 
521627106337016 -3.362512 -3.436729 8.685791 
521627126907589 -3.331388 -3.287097 8.843801 
521627147477484 -2.881298 -3.430743 8.825845 
521627168048005 -3.024944 -3.112329 8.601997 
521627188618735 -3.186545 -3.524113 8.648682 
521627209189256 -2.453951 -3.631848 8.500248 
521627229759828 -2.933968 -3.848514 8.809086 
521627250330349 -2.997412 -3.720429 8.991037 
521627270901079 -2.853766 -3.697685 8.885697 
521627291471391 -2.871722 -3.455882 8.812677 
521627312042067 -2.720893 -3.507355 8.653470 
521627332612537 -2.477892 -4.186082 8.596012 
521627353182953 -2.610765 -3.522916 8.591223 
521627373753682 -2.853765 -3.342162 8.955126 
521627394324204 -3.139861 -3.793449 8.896471 
521627414896391 -3.144649 -3.057264 8.586435 
521627435467120 -2.943544 -3.193728 8.575662 
521627456038109 -3.160210 -4.006524 9.019768 
521627476608370 -3.053673 -4.146579 8.862953 
521627497177224 -3.050082 -3.617483 8.989841 
521627517747537 -3.236822 -3.081205 9.034132 
521627538317902 -3.224851 -1.991890 8.576859 
521627558888839 -3.181757 -2.898057 8.977870 
521627579459256 -3.291886 -3.889214 9.392050 
521627600029777 -3.738385 -2.825037 8.788736 
521627620600557 -4.364442 -0.711047 8.355404 
521627641171078 -3.798238 -1.292813 8.696564 
521627661741912 -3.958642 -3.222457 9.071240 
521627682312485 -4.419506 -2.544927 8.835422 
521627702883734 -4.210022 -2.698149 8.588829 
521627723454307 -4.199249 -2.264817 8.351814 
521627744024724 -4.356062 -1.246128 8.482292 
521627764595297 -3.685715 -3.199713 8.846195 
521627785164672 -4.260299 -3.466655 8.438001 
521627805735192 -4.903114 -4.188476 7.840673 
521627826305921 -4.441053 -1.349075 9.232841 
521627846876494 -4.059195 -2.571262 8.613967 
521627867447015 -5.009652 -4.949799 8.119586 
521627888017588 -5.487274 -3.530098 8.831830 
521627908589776 -5.015637 -2.172645 8.199788 
521627929160297 -5.421436 -2.997412 7.042241 
521627949730766 -5.830828 1.082133 7.014709 
521627970301339 -4.887553 3.957445 8.268020 
521627990871443 -5.385525 5.640496 8.124374 
521628011442744 -6.490402 6.665171 7.274469 
521628032012848 -5.990035 1.885353 8.879713 
521628052583474 -5.074292 -1.806348 7.157158 
521628073153786 -6.829166 -0.067035 7.110473 
521628093723370 -7.070971 0.243001 9.037724 
521628114293579 -5.800901 -0.166390 7.584505 
521628134864672 -5.888286 0.408194 8.831830 
521628155434880 -4.202840 -1.414912 8.952732 
521628176005140 -5.209559 -1.077344 7.719771 
521628196575765 -5.448969 0.076611 6.206701 
521628217147015 -10.294624 9.031737 7.501908 
521628237716911 -7.627599 -0.633239 8.159088 
521628258288058 -6.459279 2.419237 8.590027 
521628278858630 -4.758271 -0.154419 8.102827 
521628299428890 -5.847586 -1.780012 6.126498 
521628319999984 -6.637639 0.189134 6.805226 
521628340570297 -6.983586 -1.094103 6.442520 
521628361140870 -5.887089 -1.952388 9.059270 
521628381711806 -5.559097 -1.438853 9.071239 
521628402282379 -5.660847 0.231031 8.455957 
521628422852484 -7.323548 -2.701740 7.060197 
521628443423057 -6.947675 -0.920531 6.646018 
521628463995140 -4.564349 1.620805 7.747304 
521628484565713 -4.487738 -0.411785 12.221874 
521628505134828 -4.751089 -1.285631 12.393053 
521628525705401 -2.856160 0.335174 12.513954 
521628546276183 -2.673011 2.668223 11.106224 
521628566846756 -3.006988 4.634975 5.863148 
521628587416911 -2.439587 6.881837 2.420434 
521628607987484 -3.182954 8.409271 2.631114 
521628628558526 -4.508088 6.476037 4.583502 
521628649129099 -3.445108 4.672084 6.666368 
521628669699307 -3.437926 4.517664 8.032202 
521628690269880 -3.317024 3.907169 8.685790 
521628710840870 -4.205235 2.884889 9.046103 
521628731411651 -5.337643 1.728539 9.079619 
521628751981911 -6.385061 1.426883 9.712858 
521628772552588 -6.403017 1.525041 11.756222 
521628793123006 -5.727881 -0.357918 11.865153 
521628813693579 -5.571068 -1.683051 11.040386 
521628834263890 -6.514343 -1.693825 11.824453 
521628854834671 -6.363514 -1.523844 12.771320 
521628875405036 -4.954587 -1.131212 12.366716 
521628895976807 -3.662971 -0.822373 12.133293 
521628916546598 -2.635903 -1.158744 10.846464 
521628937118369 -3.196122 0.284898 9.451901 
521628957689411 -2.882495 1.595667 10.172525 
521628978259567 -1.614820 1.303587 11.218746 
521628998829308 -1.905703 0.992354 10.196466 
521629019400713 -1.853032 1.825500 9.087998 
521629039971756 -0.799629 2.615553 9.064057 
521629060541599 -0.415376 2.822642 8.299144 
521629081111703 -0.769703 3.153028 7.896935 
521629101682223 -0.823570 3.451093 9.071240 
521629122252796 -0.456076 3.323009 10.116264 
521629142822796 -0.277715 3.627060 9.364517 
521629163393369 -0.215469 4.151367 8.392513 
521629183963370 -0.494381 4.074756 8.701352 
521629204533943 -0.548249 4.174111 8.285976 
521629225104828 -1.128818 4.451827 7.282848 
521629245675401 -1.380198 4.737921 7.730545 
521629266245869 -1.371819 4.387186 8.196197 
521629286816442 -1.685446 4.267481 7.748501 
521629307387432 -1.502297 5.111401 8.799510 
521629327958005 -0.828358 4.968952 9.208900 
521629348529202 -1.049812 4.663704 6.306056 
521629369099775 -1.513070 5.140130 5.265821 
521629389670296 -1.947599 5.132948 6.946478 
521629410240869 -2.665829 4.737922 8.490671 
521629430813109 -2.712514 4.666099 8.356602 
521629451382431 -1.541800 5.383131 7.219405 
521629471952796 -1.607637 5.450166 6.736994 
521629492523317 -1.305981 5.828433 7.099700 
521629513093474 -1.556164 6.321618 7.949605 
521629533663318 -2.058925 5.504033 9.351349 
521629554233838 -2.117580 5.039578 8.520597 
521629574804566 -1.024674 6.254583 6.793255 
521629595374775 -0.902575 6.978798 7.184690 
521629615946234 -1.268872 6.444914 8.376951 
521629636516181 -1.954782 5.816463 9.111940 
521629657088317 -2.458739 5.512413 8.600800 
521629677658942 -2.420434 5.671619 6.857896 
521629698229463 -1.704598 6.565816 6.504766 
521629718799671 -1.206626 6.944083 7.020695 
521629739369307 -1.501100 6.387455 7.363050 
521629759939984 -2.185812 5.641693 8.451169 
521629780510296 -2.473104 5.381934 8.813874 
521629801080869 -1.897323 6.078617 8.028610 
521629821650712 -1.545391 6.582574 7.067379 
521629842221285 -1.519056 6.780087 7.152370 
521629862791910 -1.836274 6.575392 7.881373 
521629883362535 -2.325867 6.078617 8.057339 
521629903933057 -2.319881 6.164804 7.579717 
521629924503630 -1.848244 6.539481 6.620880 
521629945075087 -1.575317 6.921340 6.072631 
521629965645660 -1.601652 7.019498 7.041044 
521629986217171 -1.878170 6.436534 8.220139 
521630006787744 -2.147506 6.116922 7.515076 
521630027358629 -2.093639 6.454491 6.256977 
521630047929202 -1.533420 7.019498 6.030735 
521630068498369 -1.587287 7.099700 6.271342 
521630089068941 -1.789589 6.740585 6.786073 
521630109639618 -1.728539 6.499978 6.693900 
521630130210191 -1.514267 6.817196 6.121711 
521630150780817 -1.734524 6.908172 5.677605 
521630171350713 -1.528632 7.215814 6.081011 
521630191921025 -1.614820 7.222996 6.656792 
521630212492223 -2.055334 6.675944 7.109276 
521630233062901 -2.435996 6.216277 7.655130 
521630253633213 -2.562883 6.247401 6.936901 
521630274203786 -1.580105 6.976404 5.873921 
521630294775869 -1.434065 7.477967 5.511215 
521630315345349 -1.559755 7.325942 6.771708 
521630335916181 -1.947599 6.815999 7.801171 
521630356486025 -2.200177 6.612501 7.589293 
521630377057744 -1.884156 7.074562 6.477234 
521630397628785 -1.455612 7.403750 5.841601 
521630418199359 -1.547785 7.510288 6.837546 
521630438769463 -1.787195 6.863881 7.558169 
521630459340140 -2.239679 6.534693 7.019498 
521630479910557 -1.655519 7.030271 6.108543 
521630500480973 -0.824767 7.422903 6.598136 
521630521051025 -1.037842 6.965631 7.208632 
521630541621807 -2.246862 7.044636 5.798507 
521630562192380 -2.677800 7.279257 5.366373 
521630582762848 -1.333513 6.932113 6.750161 
521630603333421 -1.175503 7.412129 7.735333 
521630623903785 -1.596864 7.530638 7.177508 
521630644474358 -1.868594 7.055409 7.188282 
521630665045087 -1.774027 6.483219 7.297213 
