# Created at Thu Nov 07 18:13:01 EST 2019 in Burnaby Canada 
521625445267277 -0.014886 0.023489 0.003100 
521625465837694 -0.001310 0.018426 -0.009478 
521625486407850 0.017580 0.017237 -0.003050 
521625506978527 -0.003964 0.011492 -0.007413 
521625527548839 0.000826 0.008366 0.010453 
521625548119360 -0.012600 0.018984 0.000764 
521625568689829 -0.008757 0.022858 -0.008180 
521625589260350 0.006410 0.007715 0.014245 
521625609831131 -0.006172 0.007814 0.004772 
521625630401444 0.004670 0.019721 0.007216 
521625650972537 0.010911 0.029009 -0.001813 
521625671543058 0.008026 0.045431 -0.003733 
521625692113423 -0.004925 0.001406 0.015429 
521625712683422 -0.024783 0.020895 0.035243 
521625733254100 0.000100 0.016479 0.008836 
521625753824413 -0.031800 0.029447 -0.028461 
521625774395350 -0.007679 0.005014 -0.020306 
521625794965662 0.032426 0.005848 0.020251 
521625815536183 0.034721 0.004034 0.031352 
521625836106652 0.008009 0.026747 0.009740 
521625856677121 0.002356 0.016230 0.007524 
521625877248163 0.000397 -0.008175 -0.003983 
521625897818474 -0.017354 0.014958 -0.017576 
521625918388683 -0.007424 0.032080 -0.016463 
521625938959152 -0.006387 0.022789 0.014392 
521625959529672 -0.014986 0.030094 0.008249 
521625980100506 -0.015694 0.012562 0.004771 
521626000671131 -0.013885 0.025674 0.016511 
521626021241651 -0.002076 -0.000695 0.008157 
521626041812017 -0.005507 0.020002 -0.007256 
521626062382329 -0.011865 0.014271 -0.009362 
521626082952693 -0.001935 0.000758 0.009428 
521626103527902 0.010670 0.003736 0.001183 
521626124093839 0.009633 0.005623 0.006969 
521626144664464 0.007631 0.006244 -0.003593 
521626165235089 -0.018459 0.006371 0.008071 
521626185805453 -0.030668 -0.018191 0.010063 
521626206375975 -0.043199 0.020159 0.013457 
521626226946496 -0.105555 0.037891 -0.005313 
521626247517588 -0.107773 0.050877 -0.019026 
521626268087641 -0.081400 0.029293 -0.041892 
521626288658318 -0.063685 0.001265 -0.013038 
521626309228527 0.033783 0.031438 0.013360 
521626329799203 0.055394 -0.034559 0.077188 
521626350369569 0.127142 0.051276 0.079546 
521626370940401 0.132010 0.118559 -0.034109 
521626391510922 0.157720 0.064559 -0.033927 
521626412084933 0.148320 -0.056655 0.057286 
521626432655454 0.127075 -0.140175 0.070224 
521626453226131 0.116435 -0.180011 0.042313 
521626473796704 0.108707 -0.042075 -0.013742 
521626494366131 0.076318 0.060657 -0.029026 
521626514936391 -0.017859 0.052694 0.006370 
521626535506443 -0.054227 0.058802 0.041389 
521626556076391 -0.115605 0.066667 0.045909 
521626576647068 -0.142782 0.028037 0.006521 
521626597217746 -0.135665 0.010709 -0.065490 
521626617788318 -0.094045 -0.012930 -0.063329 
521626638358630 -0.038346 -0.022831 -0.030916 
521626658927641 -0.014144 -0.063980 0.001660 
521626679500349 -0.029249 0.114930 0.027325 
521626700069621 -0.174898 -0.008923 0.032324 
521626720640142 -0.111372 0.024696 0.084371 
521626741210663 0.018648 0.197462 -0.046807 
521626761781286 -0.009258 0.163985 0.008832 
521626782352015 -0.187807 0.079896 -0.015749 
521626802922329 -0.035323 0.097499 -0.034767 
521626823492589 -0.149864 0.028801 0.078012 
521626844062901 0.000934 0.007388 0.020121 
521626864632694 -0.040536 -0.008367 -0.003160 
521626885203162 -0.060935 0.014177 0.013101 
521626905773891 0.218105 0.120428 0.031758 
521626926344412 0.132697 0.183366 -0.042162 
521626946916704 -0.484961 1.135101 0.047630 
521626967487589 -0.009205 -0.214621 -0.019738 
521626988057745 0.474711 -1.191732 0.095630 
521627008628319 0.144252 -0.053093 0.038321 
521627029199151 -0.009892 -0.325789 0.091896 
521627049769724 0.336830 -0.534628 0.048616 
521627070339932 0.021107 0.445274 0.015932 
521627090909828 0.044331 0.464752 -0.168676 
521627111479620 -0.334414 0.016299 -0.111969 
521627132049985 -0.289780 0.101777 0.041437 
521627152620089 -0.130495 -0.023501 0.195824 
521627173190713 0.260963 0.444624 -0.090261 
521627193761339 -0.247450 -0.062251 -0.044127 
521627214332120 0.265825 -0.013544 -0.187987 
521627234902432 0.310508 -0.428751 -0.101661 
521627255473162 -0.048067 -0.322867 0.206794 
521627276043683 0.070809 -0.291939 0.191656 
521627296614048 0.051738 -0.075371 0.085615 
521627317184672 0.124323 -0.030135 0.008010 
521627337755141 0.507899 -0.375856 -0.135574 
521627358325557 0.421947 -0.678855 -0.230376 
521627378896286 0.306166 0.165527 -0.004083 
521627399466860 -0.048101 -0.389900 0.170622 
521627420038995 -0.198234 -0.198233 -0.041065 
521627440609776 -0.004020 0.283938 -0.308097 
521627461180767 0.021275 -0.497758 -0.026308 
521627481750974 -0.118957 -1.210500 0.110193 
521627502319984 0.189204 -0.792703 -0.006278 
521627522890141 0.129781 -0.750599 0.167233 
521627543460506 -0.057234 0.505516 -0.085558 
521627564031495 0.541421 0.075600 -0.149019 
521627584601860 0.258255 -0.919568 0.322338 
521627605172433 0.422303 -1.206599 0.220965 
521627625743162 -0.349975 0.570700 -0.156176 
521627646313735 -0.049292 1.594086 -0.274137 
521627666884516 0.100301 0.061872 0.071971 
521627687454828 -0.131848 -0.616727 0.185429 
521627708026338 -0.170150 -0.553006 0.036503 
521627728596964 0.200965 -0.779431 -0.105881 
521627749167380 0.003195 0.638238 -0.309783 
521627769736547 0.499545 -0.444795 -0.065962 
521627790307276 0.582824 -1.210593 0.244670 
521627810878110 0.161922 -2.287603 -0.224634 
521627831448525 0.066942 -1.346859 0.584303 
521627852019463 0.811666 0.625198 -0.041317 
521627872589619 0.777032 -2.883031 -0.313709 
521627893161703 0.099520 -3.377954 -0.109484 
521627913732380 0.100452 -0.787517 0.896849 
521627934302172 0.691502 -1.441962 0.006808 
521627954873370 -0.176126 -0.038139 -1.589056 
521627975443213 0.638295 3.959258 -0.398381 
521627996014100 0.822453 6.236314 1.008317 
521628016585401 0.224150 7.090899 -0.451327 
521628037155452 -1.135519 6.453180 0.340167 
521628057726025 1.204439 -0.680062 0.388968 
521628078296442 0.558527 -1.125917 -0.788982 
521628098865974 -1.741722 0.577560 0.195919 
521628119436183 -0.239969 -0.480395 0.504643 
521628140006963 -0.359235 0.223217 -0.255890 
521628160577536 0.811781 -0.938860 1.372819 
521628181148943 1.517566 -2.131352 0.326290 
521628201718370 0.529471 -1.771997 -0.530560 
521628222289671 -2.721581 7.216038 -3.478290 
521628242859515 -1.434203 -0.763145 3.612304 
521628263430662 -1.304815 0.353895 -1.331481 
521628284001234 1.409310 0.474481 2.770545 
521628304571546 1.026910 -2.490237 -0.977317 
521628325142380 0.104890 -1.664360 -1.222065 
521628345712953 -1.184095 -1.004394 -1.238818 
521628366284463 -0.748168 -2.350353 -0.473373 
521628386854411 0.322489 -2.594924 1.491541 
521628407424881 0.091267 -0.892963 0.605255 
521628427995140 -0.738487 -2.189512 0.549732 
521628448567431 -1.937330 -2.992396 -2.366282 
521628469137744 -0.652358 -0.308413 -1.636436 
521628489707380 1.055555 -0.748115 1.992788 
521628510277432 -0.424337 -2.918325 3.969875 
521628530848318 1.564407 -3.095754 4.240848 
521628551418787 2.735130 -1.090543 4.401353 
521628571989671 2.829032 0.899291 1.147620 
521628592559568 3.041249 3.033530 -3.869951 
521628613131495 3.754746 5.662314 -5.271109 
521628633701183 1.831197 6.153096 -4.040154 
521628654271338 2.093204 3.905686 -2.099885 
521628674841911 2.330152 3.861647 -0.312621 
521628695412744 2.315525 4.037658 0.278940 
521628715983474 1.616359 3.539507 0.469978 
521628736554255 0.157076 2.848449 0.713288 
521628757124515 -1.618385 1.983329 0.246783 
521628777695348 -2.658432 2.343797 1.747886 
521628798265610 -2.804717 1.132219 2.863021 
521628818836183 -2.507962 -0.913400 1.953119 
521628839406547 -3.464097 -1.781674 1.552527 
521628859977328 -4.583178 -2.121859 2.872614 
521628880547692 -3.900280 -2.486554 2.998936 
521628901119463 -2.773350 -2.480354 2.344288 
521628921689254 -1.365888 -3.325318 2.172271 
521628942261494 -1.241059 -2.849760 0.573370 
521628962832067 -1.590899 -1.453757 -0.025931 
521628983402223 -0.392084 -1.340876 1.512785 
521629003971964 0.015574 -2.267706 1.586164 
521629024543839 -0.647259 -2.208049 0.494249 
521629045114412 -0.016025 -1.713370 -0.225443 
521629065684307 0.806423 -1.300512 -0.067029 
521629086254360 0.700609 -1.153134 -1.028130 
521629106824880 0.354682 -0.823221 -0.673335 
521629127395816 0.693527 -1.007751 1.007901 
521629147965452 0.935555 -1.031884 1.051737 
521629168536442 1.000865 -0.789894 0.088774 
521629189106026 0.839547 -0.662201 -0.126127 
521629209678109 0.808091 -0.835089 0.120330 
521629230247484 0.702587 -0.577896 -0.775411 
521629250818630 0.205948 -0.280389 -1.202237 
521629271388525 0.401158 -0.268681 -0.304894 
521629291959516 0.178855 -0.804044 -0.467522 
521629312530089 0.028640 -0.480678 -0.298832 
521629333101286 0.669304 -0.042463 1.319952 
521629353671859 0.979513 -0.801446 -0.214141 
521629374242743 0.600193 -0.569543 -2.707787 
521629394812952 0.057794 -0.303602 -2.082292 
521629415383838 -0.472330 -0.656920 -0.063776 
521629435955713 -1.137288 -1.057302 0.692312 
521629456525035 -0.312346 -0.717346 -0.044831 
521629477095400 0.308367 -0.198175 -1.003757 
521629497665505 0.160300 -0.198097 -1.136468 
521629518236078 0.414567 0.564060 -0.321945 
521629538805765 -0.003899 0.327400 0.684999 
521629559376442 -0.558921 -0.753397 1.584270 
521629579947171 0.165146 -0.241249 -0.405325 
521629600517380 0.969504 0.953211 -1.008860 
521629621088838 0.633215 0.949085 -0.046395 
521629641658837 0.331733 0.275899 1.114602 
521629662230921 -0.301201 -0.300505 1.405582 
521629682801598 -0.558656 -0.457041 0.077391 
521629703371754 -0.139784 0.129554 -1.284192 
521629723942327 0.469245 0.829595 -0.790462 
521629744511963 0.683666 0.808926 -0.488822 
521629765082640 0.078593 0.037781 0.216477 
521629785652952 -0.392333 -0.570979 1.114293 
521629806222900 -0.177228 -0.278382 0.923857 
521629826793369 0.519034 0.431771 -0.152972 
521629847364568 0.588628 0.724776 -0.620564 
521629867934567 0.479751 0.689605 -0.021353 
521629888505140 -0.021176 0.133624 0.571266 
521629909075713 -0.316224 -0.153665 0.509335 
521629929647223 -0.107922 0.007257 -0.214219 
521629950217691 0.247273 0.311669 -1.123563 
521629970788629 0.273739 0.563760 -0.901240 
521629991359775 0.155160 0.232608 0.590739 
521630011931338 -0.219927 -0.457207 1.049380 
521630032501233 -0.356302 -0.465943 -0.349438 
521630053071442 -0.021400 -0.016216 -0.930528 
521630073640973 0.280250 0.367390 -0.874007 
521630094211650 0.053549 0.113460 -0.417127 
521630114782223 -0.039743 -0.286283 -0.078751 
521630135352848 0.185273 -0.297854 -0.470217 
521630155923421 0.078014 0.063896 -1.004547 
521630176493317 0.268529 0.220594 -1.161558 
521630197063629 0.256111 0.509129 -0.551895 
521630217634932 0.010118 0.139376 -0.079256 
521630238205505 -0.480608 -0.478639 0.541110 
521630258775817 -0.959641 -0.776315 0.669523 
521630279346390 -0.401694 -0.401989 -0.472813 
521630299918473 0.228984 0.349472 -1.273864 
521630320487953 0.104021 0.558628 -0.825400 
521630341058786 -0.094542 0.187640 0.507332 
521630361628630 -0.432917 -0.296110 1.009736 
521630382200816 -0.412247 -0.066002 0.187498 
521630402771389 0.071484 0.384307 -0.894105 
521630423341963 0.160317 0.638528 -0.654582 
521630443912067 0.036001 0.322036 0.420839 
521630464483316 -0.457074 -0.382725 0.606964 
521630485053161 -0.486333 -0.258043 -0.312541 
521630505623577 0.416972 0.337718 -0.660242 
521630526193682 0.920615 0.228132 0.339417 
521630546764411 0.035724 -0.275329 0.095303 
521630567334671 -1.157961 0.474223 -1.761877 
521630587905453 -0.319734 -0.143200 -0.691185 
521630608476337 0.603306 0.408995 0.502400 
521630629046389 0.421248 0.694637 0.573277 
521630649617119 -0.008134 0.574337 0.147049 
