# Created at Thu Nov 07 18:05:58 EST 2019 in Burnaby Canada 
521203009233220 0.000000 0.000000 0.000000 
521203029802646 0.000000 0.000000 0.000000 
521203050372491 0.000000 0.000000 0.000000 
521203070942385 0.000000 0.000000 0.000000 
521203091513011 0.000000 0.000000 0.000000 
521203112081814 0.000000 0.000000 0.000000 
521203132652125 0.000000 0.000000 0.000000 
521203153221865 0.000000 0.000000 0.000000 
521203173791761 0.000000 0.000000 0.000000 
521203194361500 0.000000 0.000000 0.000000 
521203214931240 0.000000 0.000000 0.000000 
521203235501031 0.000000 0.000000 0.000000 
521203256070250 0.000000 0.000000 0.000000 
521203276640042 0.000000 0.000000 0.000000 
521203297209521 0.000000 0.000000 0.000000 
521203317779313 0.000000 0.000000 0.000000 
521203338349365 0.000000 0.000000 0.000000 
521203358919156 0.000000 0.000000 0.000000 
521203379489417 0.000000 0.000000 0.000000 
521203400059156 0.000000 0.000000 0.000000 
521203420628428 0.000000 0.000000 0.000000 
521203441198168 0.000000 0.000000 0.000000 
521203461768218 0.000000 0.000000 0.000000 
521203482337698 0.000000 0.000000 0.000000 
521203502907542 0.000000 0.000000 0.000000 
521203523477542 0.000000 0.000000 0.000000 
521203544047334 0.000000 0.000000 0.000000 
521203564617333 0.000000 0.000000 0.000000 
521203585186761 0.000000 0.000000 0.000000 
521203605756657 0.000000 0.000000 0.000000 
521203626326448 0.000000 0.000000 0.000000 
521203646896657 0.000000 0.000000 0.000000 
521203667466187 0.000000 0.000000 0.000000 
521203688035771 0.000000 0.000000 0.000000 
521203708605876 0.000000 0.000000 0.000000 
521203729175823 0.000000 0.000000 0.000000 
521203749744470 0.000000 0.000000 0.000000 
521203770314261 0.000000 0.000000 0.000000 
521203790883791 0.000000 0.000000 0.000000 
521203811454000 0.000000 0.000000 0.000000 
521203832023895 0.000000 0.000000 0.000000 
521203852593688 0.000000 0.000000 0.000000 
521203873163480 0.000000 0.000000 0.000000 
521203893733427 0.000000 0.000000 0.000000 
521203914303219 0.000000 0.000000 0.000000 
521203934872647 0.000000 0.000000 0.000000 
521203955442438 0.000000 0.000000 0.000000 
521203976012229 0.000000 0.000000 0.000000 
521203996582020 0.000000 0.000000 0.000000 
521204017151812 0.000000 0.000000 0.000000 
521204037721604 0.000000 0.000000 0.000000 
521204058291552 0.000000 0.000000 0.000000 
521204078861292 0.000000 0.000000 0.000000 
521204099430876 0.000000 0.000000 0.000000 
521204120000615 0.000000 0.000000 0.000000 
521204140570771 0.000000 0.000000 0.000000 
521204161140563 0.000000 0.000000 0.000000 
521204181709782 0.000000 0.000000 0.000000 
521204202279782 0.000000 0.000000 0.000000 
521204222849573 0.000000 0.000000 0.000000 
521204243419417 0.000000 0.000000 0.000000 
521204263989000 0.000000 0.000000 0.000000 
521204284558636 0.000000 0.000000 0.000000 
521204305128375 0.000000 0.000000 0.000000 
521204325698271 0.000000 0.000000 0.000000 
521204346268427 0.000000 0.000000 0.000000 
521204366837958 0.000000 0.000000 0.000000 
521204387408166 0.000000 0.000000 0.000000 
521204407977802 0.000000 0.000000 0.000000 
521204428547489 0.000000 0.000000 0.000000 
521204449117177 0.000000 0.000000 0.000000 
521204469687021 0.000000 0.000000 0.000000 
521204490256657 0.000000 0.000000 0.000000 
521204510826292 0.000000 0.000000 0.000000 
521204531396865 0.000000 0.000000 0.000000 
521204551966031 0.000000 0.000000 0.000000 
521204572535979 0.000000 0.000000 0.000000 
521204593105771 0.000000 0.000000 0.000000 
521204613675354 0.000000 0.000000 0.000000 
521204634245145 0.000000 0.000000 0.000000 
521204654814573 0.000000 0.000000 0.000000 
521204675384365 0.000000 0.000000 0.000000 
521204695954260 0.000000 0.000000 0.000000 
521204716524000 0.000000 0.000000 0.000000 
521204737093896 0.000000 0.000000 0.000000 
521204757663688 0.000000 0.000000 0.000000 
521204778233844 0.000000 0.000000 0.000000 
521204798803635 0.000000 0.000000 0.000000 
521204819373218 0.000000 0.000000 0.000000 
521204839943010 0.000000 0.000000 0.000000 
521204860512905 0.000000 0.000000 0.000000 
521204881082697 0.000000 0.000000 0.000000 
521204901652021 0.000000 0.000000 0.000000 
521204922222697 0.000000 0.000000 0.000000 
521204942791813 0.000000 0.000000 0.000000 
521204963362177 0.000000 0.000000 0.000000 
521204983931551 0.000000 0.000000 0.000000 
521205004501968 0.000000 0.000000 0.000000 
521205025071084 0.000000 0.000000 0.000000 
521205045641395 0.000000 0.000000 0.000000 
521205066212281 0.000000 0.000000 0.000000 
521205086780459 0.000000 0.000000 0.000000 
521205107351396 0.000000 0.000000 0.000000 
521205127921500 0.000000 0.000000 0.000000 
521205148491083 0.000000 0.000000 0.000000 
521205169059624 0.000000 0.000000 0.000000 
521205189629520 0.000000 0.000000 0.000000 
521205210198844 0.000000 0.000000 0.000000 
521205230768635 0.000000 0.000000 0.000000 
521205251339572 0.000000 0.000000 0.000000 
521205271908583 0.000000 0.000000 0.000000 
521205292478270 0.000000 0.000000 0.000000 
521205313048218 0.000000 0.000000 0.000000 
521205333617854 0.000000 0.000000 0.000000 
521205354187698 0.000000 0.000000 0.000000 
521205374758218 0.000000 0.000000 0.000000 
521205395328010 0.000000 0.000000 0.000000 
521205415898375 0.000000 0.000000 0.000000 
521205436468166 0.000000 0.000000 0.000000 
521205457038636 0.000000 0.000000 0.000000 
521205477608428 0.000000 0.000000 0.000000 
521205498178114 0.000000 0.000000 0.000000 
521205518747906 0.000000 0.000000 0.000000 
521205539316917 0.000000 0.000000 0.000000 
521205559886708 0.000000 0.000000 0.000000 
521205580455771 0.000000 0.000000 0.000000 
521205601025615 0.000000 0.000000 0.000000 
521205621594936 0.000000 0.000000 0.000000 
521205642164989 0.000000 0.000000 0.000000 
521205662735302 0.000000 0.000000 0.000000 
521205683304312 0.000000 0.000000 0.000000 
521205703873948 0.000000 0.000000 0.000000 
521205724444312 0.000000 0.000000 0.000000 
521205745014416 0.000000 0.000000 0.000000 
521205765584207 0.000000 0.000000 0.000000 
521205786153427 0.000000 0.000000 0.000000 
521205806723531 0.000000 0.000000 0.000000 
521205827293010 0.000000 0.000000 0.000000 
521205847863792 0.000000 0.000000 0.000000 
521205868432490 0.000000 0.000000 0.000000 
521205889002801 0.000000 0.000000 0.000000 
521205909573062 0.000000 0.000000 0.000000 
521205930142646 0.000000 0.000000 0.000000 
521205950712228 0.000000 0.000000 0.000000 
521205971282332 0.000000 0.000000 0.000000 
521205991852437 0.000000 0.000000 0.000000 
521206012421760 0.000000 0.000000 0.000000 
521206032991551 0.000000 0.000000 0.000000 
521206053560562 0.000000 0.000000 0.000000 
521206074130406 0.000000 0.000000 0.000000 
521206094700510 0.000000 0.000000 0.000000 
521206115270302 0.000000 0.000000 0.000000 
521206135840719 0.000000 0.000000 0.000000 
521206156410510 0.000000 0.000000 0.000000 
521206176979625 0.000000 0.000000 0.000000 
521206197549469 0.000000 0.000000 0.000000 
521206218118947 0.000000 0.000000 0.000000 
521206238688739 0.000000 0.000000 0.000000 
521206259258583 0.000000 0.000000 0.000000 
521206279828375 0.000000 0.000000 0.000000 
521206300398270 0.000000 0.000000 0.000000 
521206320968114 0.000000 0.000000 0.000000 
521206341537906 0.000000 0.000000 0.000000 
521206362107645 0.000000 0.000000 0.000000 
521206382677697 0.000000 0.000000 0.000000 
521206403247281 0.000000 0.000000 0.000000 
521206423817071 0.000000 0.000000 0.000000 
521206444387540 0.000000 0.000000 0.000000 
521206464957125 0.000000 0.000000 0.000000 
521206485527177 0.000000 0.000000 0.000000 
521206506096916 0.000000 0.000000 0.000000 
521206526667489 0.000000 0.000000 0.000000 
521206547236551 0.000000 0.000000 0.000000 
521206567807176 0.000000 0.000000 0.000000 
521206588376552 0.000000 0.000000 0.000000 
521206608946291 0.000000 0.000000 0.000000 
521206629517072 0.000000 0.000000 0.000000 
521206650086083 0.000000 0.000000 0.000000 
521206670655718 0.000000 0.000000 0.000000 
521206691225510 0.000000 0.000000 0.000000 
521206711795145 0.000000 0.000000 0.000000 
521206732364937 0.000000 0.000000 0.000000 
521206752934781 0.000000 0.000000 0.000000 
521206773504728 0.000000 0.000000 0.000000 
521206794074572 0.000000 0.000000 0.000000 
521206814643791 0.000000 0.000000 0.000000 
521206835213583 0.000000 0.000000 0.000000 
521206855785301 0.000000 0.000000 0.000000 
521206876355145 0.000000 0.000000 0.000000 
521206896923583 0.000000 0.000000 0.000000 
521206917493427 0.000000 0.000000 0.000000 
521206938063738 0.000000 0.000000 0.000000 
521206958633582 0.000000 0.000000 0.000000 
521206979203114 0.000000 0.000000 0.000000 
521206999772957 0.000000 0.000000 0.000000 
521207020344103 0.000000 0.000000 0.000000 
521207040913895 0.000000 0.000000 0.000000 
521207061482385 0.000000 0.000000 0.000000 
521207082054051 0.000000 0.000000 0.000000 
521207102622436 0.000000 0.000000 0.000000 
521207123191604 0.000000 0.000000 0.000000 
521207143761031 0.000000 0.000000 0.000000 
521207164331655 0.000000 0.000000 0.000000 
521207184901082 0.000000 0.000000 0.000000 
521207205471552 0.000000 0.000000 0.000000 
521207226040874 0.000000 0.000000 0.000000 
521207246612697 0.000000 0.000000 0.000000 
521207267180405 0.000000 0.000000 0.000000 
521207287750405 0.000000 0.000000 0.000000 
521207308320509 0.000000 0.000000 0.000000 
521207328890405 0.000000 0.000000 0.000000 
521207349459885 0.000000 0.000000 0.000000 
521207370029728 0.000000 0.000000 0.000000 
521207390601343 0.000000 0.000000 0.000000 
521207411169988 0.000000 0.000000 0.000000 
521207431739728 0.000000 0.000000 0.000000 
521207452308895 0.000000 0.000000 0.000000 
521207472878739 0.000000 0.000000 0.000000 
521207493448635 0.000000 0.000000 0.000000 
521207514018426 0.000000 0.000000 0.000000 
521207534588478 0.000000 0.000000 0.000000 
521207555158270 0.000000 0.000000 0.000000 
521207575727905 0.000000 0.000000 0.000000 
521207596297748 0.000000 0.000000 0.000000 
521207616868322 0.000000 0.000000 0.000000 
521207637438166 0.000000 0.000000 0.000000 
521207658008217 0.000000 0.000000 0.000000 
521207678578061 0.000000 0.000000 0.000000 
521207699146551 0.000000 0.000000 0.000000 
521207719716343 0.000000 0.000000 0.000000 
521207740289415 0.000000 0.000000 0.000000 
521207760859207 0.000000 0.000000 0.000000 
521207781426343 0.000000 0.000000 0.000000 
521207801995926 0.000000 0.000000 0.000000 
521207822565977 0.000000 0.000000 0.000000 
521207843135822 0.000000 0.000000 0.000000 
521207863704728 0.000000 0.000000 0.000000 
521207884275977 0.000000 0.000000 0.000000 
521207904846603 0.000000 0.000000 0.000000 
521207925416135 0.000000 0.000000 0.000000 
521207945986031 0.000000 0.000000 0.000000 
521207966559467 0.000000 0.000000 0.000000 
521207987124884 0.000000 0.000000 0.000000 
521208007694312 0.000000 0.000000 0.000000 
521208028264831 0.000000 0.000000 0.000000 
521208048833530 0.000000 0.000000 0.000000 
521208069403217 0.000000 0.000000 0.000000 
521208089974259 0.000000 0.000000 0.000000 
521208110543425 0.000000 0.000000 0.000000 
521208131114207 0.000000 0.000000 0.000000 
521208151683322 0.000000 0.000000 0.000000 
521208172253269 0.000000 0.000000 0.000000 
521208192823061 0.000000 0.000000 0.000000 
521208213393218 0.000000 0.000000 0.000000 
521208233963062 0.000000 0.000000 0.000000 
521208254532801 0.000000 0.000000 0.000000 
521208275102645 0.000000 0.000000 0.000000 
521208295671656 0.000000 0.000000 0.000000 
521208316241499 0.000000 0.000000 0.000000 
521208336811811 0.000000 0.000000 0.000000 
521208357381655 0.000000 0.000000 0.000000 
521208377950769 0.000000 0.000000 0.000000 
521208398520613 0.000000 0.000000 0.000000 
521208419091498 0.000000 0.000000 0.000000 
521208439661290 0.000000 0.000000 0.000000 
521208460230769 0.000000 0.000000 0.000000 
521208480800561 0.000000 0.000000 0.000000 
521208501369415 0.000000 0.000000 0.000000 
521208521940769 0.000000 0.000000 0.000000 
521208542511654 0.000000 0.000000 0.000000 
521208563080509 0.000000 0.000000 0.000000 
521208583650613 0.000000 0.000000 0.000000 
521208604220613 0.000000 0.000000 0.000000 
521208624788373 0.000000 0.000000 0.000000 
521208645361551 0.000000 0.000000 0.000000 
521208665927904 0.000000 0.000000 0.000000 
521208686497644 0.000000 0.000000 0.000000 
521208707067384 0.000000 0.000000 0.000000 
521208727637540 0.000000 0.000000 0.000000 
521208748207227 0.000000 0.000000 0.000000 
521208768777280 0.000000 0.000000 0.000000 
521208789346759 0.000000 0.000000 0.000000 
521208809916810 0.000000 0.000000 0.000000 
521208830486446 0.000000 0.000000 0.000000 
521208851056290 0.000000 0.000000 0.000000 
521208871626082 0.000000 0.000000 0.000000 
521208892195664 0.000000 0.000000 0.000000 
521208912765508 0.000000 0.000000 0.000000 
521208933335352 0.000000 0.000000 0.000000 
521208953905195 0.000000 0.000000 0.000000 
521208974474987 0.000000 0.000000 0.000000 
521208995044831 0.000000 0.000000 0.000000 
521209015614936 0.000000 0.000000 0.000000 
521209036184779 0.000000 0.000000 0.000000 
521209056754415 0.000000 0.000000 0.000000 
521209077324259 0.000000 0.000000 0.000000 
521209097894102 0.000000 0.000000 0.000000 
521209118463894 0.000000 0.000000 0.000000 
521209139033895 0.000000 0.000000 0.000000 
521209159603687 0.000000 0.000000 0.000000 
521209180173530 0.000000 0.000000 0.000000 
521209200743322 0.000000 0.000000 0.000000 
