# Created at Thu Nov 07 18:05:58 EST 2019 in Burnaby Canada 
521203009233220 5.544733 0.337568 -8.246473 
521203029802646 5.537550 0.329189 -8.257247 
521203050372491 5.545930 0.335174 -8.258444 
521203070942385 5.520792 0.327992 -8.256050 
521203091512073 5.530368 0.326795 -8.270414 
521203112081814 5.529171 0.337568 -8.271611 
521203132652125 5.542338 0.312430 -8.263231 
521203153221865 5.536353 0.317218 -8.259641 
521203173791761 5.525580 0.292080 -8.262034 
521203194361500 5.535156 0.299262 -8.257246 
521203214931240 5.529171 0.290883 -8.259641 
521203235501031 5.529171 0.299262 -8.264429 
521203256070250 5.537550 0.292080 -8.266823 
521203276640042 5.531566 0.305248 -8.248867 
521203297209521 5.533959 0.302853 -8.258444 
521203317779313 5.518397 0.318415 -8.257247 
521203338349365 5.526777 0.308839 -8.262035 
521203358919156 5.529171 0.308839 -8.263231 
521203379489417 5.532763 0.304051 -8.275203 
521203400059156 5.531565 0.317218 -8.251262 
521203420628428 5.527974 0.313627 -8.259642 
521203441198168 5.518398 0.310036 -8.282385 
521203461768218 5.508821 0.304051 -8.260838 
521203482337698 5.524383 0.292080 -8.256050 
521203502907542 5.523186 0.286095 -8.264429 
521203523477542 5.489668 0.308839 -8.265626 
521203544047334 5.514806 0.336371 -8.264429 
521203564617333 5.533959 0.302854 -8.266823 
521203585186761 5.551915 0.304051 -8.260838 
521203605756657 5.555506 0.290883 -8.254852 
521203626326448 5.532763 0.318415 -8.272808 
521203646896657 5.532763 0.330386 -8.259642 
521203667466187 5.521989 0.322006 -8.254852 
521203688035771 5.519595 0.304051 -8.277596 
521203708605876 5.520792 0.289686 -8.256050 
521203729175823 5.527974 0.284898 -8.252459 
521203749744470 5.521989 0.298065 -8.260838 
521203770314261 5.531565 0.286095 -8.254852 
521203790883791 5.525580 0.293277 -8.269217 
521203811454000 5.514807 0.293277 -8.244080 
521203832023895 5.523186 0.313627 -8.245275 
521203852593688 5.531565 0.320809 -8.253656 
521203873163480 5.535156 0.317218 -8.252459 
521203893733427 5.544733 0.317218 -8.245276 
521203914303219 5.536353 0.313627 -8.245276 
521203934872647 5.543536 0.319612 -8.262035 
521203955442438 5.517200 0.323203 -8.262035 
521203976012229 5.521989 0.306445 -8.260838 
521203996582020 5.549520 0.280110 -8.240488 
521204017151812 5.532763 0.172375 -8.186621 
521204037721604 5.474107 0.027532 -8.008261 
521204058291552 5.451363 -0.150828 -7.922073 
521204078861292 4.937828 -0.071823 -8.604391 
521204099430876 5.105415 0.379465 -8.985052 
521204120000615 6.642427 1.131212 -8.142330 
521204140570771 7.633584 1.745298 -7.454027 
521204161140563 8.133951 1.600455 -7.798777 
521204181709782 7.644358 1.319148 -8.185424 
521204202279782 6.250992 1.246128 -8.557707 
521204222849573 4.759468 1.289222 -8.860559 
521204243419417 4.426688 1.362242 -8.118389 
521204263989000 4.685251 1.454415 -7.578520 
521204284558636 4.450629 1.036645 -8.606785 
521204305128375 4.424294 0.857087 -8.819860 
521204325698271 4.704404 0.839132 -8.828239 
521204346268427 4.921070 0.778082 -8.435607 
521204366837958 4.423098 0.729003 -8.347025 
521204387408166 4.031662 0.714638 -8.262035 
521204407977802 3.940686 0.672742 -8.540947 
521204428547489 4.456615 0.626057 -8.957520 
521204449117177 4.792986 0.701471 -9.043708 
521204469687021 4.563152 0.547052 -9.110743 
521204490256657 4.492526 0.471637 -8.739657 
521204510826292 4.514073 0.597328 -8.701352 
521204531396865 4.063982 0.645210 -8.701352 
521204551966031 1.537011 0.812796 -7.893343 
521204572535979 4.678069 1.351469 -9.074831 
521204593105771 7.785609 -0.043094 -9.875656 
521204613675354 4.046027 1.041433 -8.916821 
521204634245145 3.674942 0.968413 -8.695367 
521204654814573 3.470246 0.790053 -8.446380 
521204675384365 4.524847 0.541066 -8.824648 
521204695954260 4.364442 0.469243 -8.855771 
521204716524000 4.195658 0.477623 -8.819860 
521204737093896 4.655325 0.559022 -8.609179 
521204757663688 3.678533 1.072556 -8.570873 
521204778233844 4.077150 0.757732 -8.434410 
521204798803635 4.784606 0.524308 -8.618755 
521204819373218 4.946208 0.521914 -8.672623 
521204839943010 5.670423 0.646407 -9.139472 
521204860512905 5.872724 0.636830 -9.334591 
521204881082697 5.640497 0.247789 -9.260374 
521204901652021 4.626595 0.475229 -8.661849 
521204922222697 3.483414 0.636830 -8.361389 
521204942791813 3.436729 0.964822 -8.135147 
521204963362177 3.872455 0.982777 -8.299144 
521204983931551 4.712783 0.775688 -7.850249 
521205004501968 4.225584 0.835540 -7.485150 
521205025071084 3.500172 1.641155 -7.954393 
521205045641395 3.740779 1.466385 -7.256514 
521205066212281 4.292619 0.465652 -7.840673 
521205086780459 5.384328 -0.970807 -8.295552 
521205107351396 6.453293 -1.692628 -8.380543 
521205127920926 6.316830 -2.020619 -8.235700 
521205148491083 6.133681 -2.276788 -7.895738 
521205169059624 7.193069 -2.623932 -7.882570 
521205189629520 8.962309 -3.003397 -8.096842 
521205210198844 9.175383 -3.281112 -7.585702 
521205230768635 6.636442 -2.313897 -6.422170 
521205251339572 6.097770 -2.115186 -6.577786 
521205271908583 7.768850 -4.072362 -10.810553 
521205292478270 7.177508 -1.575317 -9.345365 
521205313048218 6.340771 -1.914082 -5.829631 
521205333617854 6.930916 -1.730933 -5.438195 
521205354187698 5.275396 -1.147970 -7.492332 
521205374758218 5.256244 -0.163996 -8.314705 
521205395328010 4.105879 -0.980383 -7.053015 
521205415898375 7.732939 -2.461133 -6.023552 
521205436468166 7.892147 -1.618411 -7.041045 
521205457038636 5.925394 -0.239410 -11.148121 
521205477608428 5.554309 -2.863342 -4.419507 
521205498178114 7.217011 -2.787928 -7.913693 
521205518747906 7.874190 -3.418773 -8.284779 
521205539316917 6.796846 -1.778815 -6.956054 
521205559886708 6.826773 -2.297138 -6.484416 
521205580455771 8.318296 -2.974668 -6.866275 
521205601025615 3.378073 -1.181488 -5.204771 
521205621594936 7.375021 -0.780476 -7.045833 
521205642164989 6.584969 1.848244 -5.928986 
521205662735302 7.426495 2.820248 -5.975671 
521205683304312 7.942423 1.383789 -6.386258 
521205703873948 8.673820 1.894929 -5.636906 
521205724444312 8.029807 6.079814 -5.316096 
521205745014416 6.534693 3.710853 -5.083869 
521205765584207 5.257441 -0.185543 -3.607907 
521205786153427 12.312850 -4.250722 -5.295746 
521205806723531 8.852180 1.687840 -6.145651 
521205827293010 7.327139 2.014634 -5.494456 
521205847863792 11.091860 1.094103 -5.132948 
521205868432490 10.958987 -0.044291 -5.256244 
521205889002801 8.774372 1.813530 -5.216742 
521205909573062 10.513685 1.782407 -4.661310 
521205930142646 11.571877 0.239410 -4.940223 
521205950712228 10.088732 1.601652 -5.032396 
521205971282332 11.758615 1.978723 -4.573925 
521205991852437 10.893149 -0.181951 -5.365175 
521206012421760 8.476307 1.000733 -5.575856 
521206032991551 11.611380 -9.647021 -10.988914 
521206053560562 10.024092 13.981536 -0.884620 
521206074130406 -6.438929 2.898057 0.429741 
521206094700510 1.711781 0.247789 -4.558364 
521206115270302 9.032934 0.374676 -7.949605 
521206135840719 8.836618 1.754874 -8.481094 
521206156410510 9.975012 0.329189 -6.218671 
521206176979625 8.446381 0.719427 -6.340771 
521206197549469 6.454490 1.394562 -5.745837 
521206218118947 6.938098 -0.153222 -5.452559 
521206238688739 7.884964 -0.459667 -5.298141 
521206259258583 9.376488 -0.142449 -7.778427 
521206279828375 12.686329 -4.922267 -8.774372 
521206300398270 4.717571 -0.968413 -15.149858 
521206320968114 1.993087 3.574389 7.142794 
521206341537906 9.232841 10.166540 -1.969146 
521206362107645 5.550718 -4.658916 -7.852644 
521206382677697 11.911839 -7.300804 -8.008261 
521206403247281 12.602535 -6.503570 -13.815147 
521206423817071 9.839746 -4.802562 -11.990843 
521206444387540 8.631924 -2.226512 -5.313703 
521206464957125 6.486811 -1.746495 -6.090588 
521206485527177 7.783215 -1.947599 -6.108543 
521206506096916 6.758541 -2.400084 -7.257710 
521206526667489 7.129626 -1.752480 -6.065449 
521206547236551 6.935704 -1.472371 -6.343164 
521206567807176 5.338840 -2.002664 -6.729812 
521206588376552 4.086727 -3.172181 -5.720699 
521206608946291 4.164535 -0.776885 -5.201180 
521206629517072 4.725951 1.333513 -2.664632 
521206650086083 9.043709 0.876240 -4.031662 
521206670655718 6.941689 1.589682 -12.561836 
521206691226030 6.608910 -0.484805 -7.567746 
521206711795145 7.489938 -2.821445 -5.832025 
521206732364937 13.166347 -1.200640 -5.713516 
521206752934781 12.973621 0.842723 -3.819785 
521206773504728 9.769119 0.768506 -3.843726 
521206794074572 7.693437 -1.027068 -5.263426 
521206814643791 9.201719 -3.391241 -4.788198 
521206835213583 12.403826 -2.931574 -5.347219 
521206855785301 10.970957 -2.148704 -4.339304 
521206876355145 10.435877 -1.216202 -6.234233 
521206896923583 5.931380 -0.404603 -4.769045 
521206917493427 6.812408 -2.700543 -4.710389 
521206938063738 9.778696 -3.296674 -4.875582 
521206958633582 6.467658 -1.729736 -5.567476 
521206979203114 5.756610 -0.769703 -5.905045 
521206999772957 5.288564 -0.342356 -5.536353 
521207020344103 6.631654 -0.928910 -5.707531 
521207040913895 8.574465 -1.413715 -4.712784 
521207061482385 8.039384 -1.191064 -4.670887 
521207082054051 7.226587 -2.815460 -5.245471 
521207102622436 8.075295 -3.430744 -5.732670 
521207123191604 1.657913 -21.606741 -4.852839 
521207143761031 24.690342 0.134069 -9.235236 
521207164331655 13.409348 -3.825770 -9.749968 
521207184901082 0.011971 -7.905313 -5.125765 
521207205471552 -3.224851 -9.225659 -4.178900 
521207226040874 4.353669 -6.037917 -8.896471 
521207246612697 19.236584 -6.405411 -9.005402 
521207267180405 4.591881 -8.708534 -4.075953 
521207287750874 15.680150 -3.454684 -22.691269 
521207308320509 14.513026 -2.119975 -19.668718 
521207328890405 10.694439 -3.072826 -12.558245 
521207349459885 12.530713 0.644013 -8.623545 
521207370029728 16.041658 5.286170 -5.763793 
521207390601343 15.230059 6.754950 0.544657 
521207411169988 12.172794 5.335249 2.710120 
521207431739728 9.111940 2.179827 1.905703 
521207452308895 4.020889 -3.064446 -1.206626 
521207472878739 1.589682 -3.338571 -0.666757 
521207493448635 5.019228 -1.523844 -1.450824 
521207514018426 6.912960 -0.288489 -1.471174 
521207534588478 4.591882 -0.866664 -0.638027 
521207555158270 4.200446 -1.471174 0.536278 
521207575727905 5.572265 0.331583 1.796771 
521207596297748 4.777424 2.163068 1.678263 
521207616868322 4.407536 3.040505 3.731203 
521207637438166 5.338840 3.595936 4.516467 
521207658008217 6.279721 4.072362 5.641694 
521207678578061 6.139666 3.914351 7.100897 
521207699146551 5.788931 2.979456 6.812408 
521207719716343 2.858554 2.512607 5.064715 
521207740289415 4.001736 4.927055 4.637369 
521207760859207 3.682124 7.481559 2.842992 
521207781426343 3.409197 8.795919 6.731009 
521207801995613 2.549715 9.933116 5.849980 
521207822565977 1.978723 7.876585 6.622077 
521207843135822 2.801095 5.566279 9.091590 
521207863704728 5.575856 6.509555 10.675287 
521207884275977 4.202840 7.129626 12.595353 
521207904846603 1.537011 6.134878 11.377954 
521207925416135 1.230567 5.626132 9.253192 
521207945986031 2.704135 5.796113 7.164340 
521207966559467 2.571262 5.699152 6.394638 
521207987124884 1.733328 6.069040 7.049424 
521208007694520 0.673939 6.610106 7.560564 
521208028264831 0.946866 6.885428 8.087265 
521208048833530 1.711781 7.523456 7.445647 
521208069403217 2.006255 7.931649 7.736530 
521208089974259 2.467119 7.456420 8.035792 
521208110543425 0.709850 6.881837 7.360657 
521208131114207 0.877437 6.801635 7.080547 
521208151683322 1.463991 6.703476 6.805226 
521208172253269 1.316754 6.842334 6.371894 
521208192823061 1.241340 6.909369 6.250992 
521208213393218 1.467582 6.714250 6.416184 
521208233963062 1.623199 6.768117 6.467658 
521208254532801 1.328725 6.824378 7.138005 
521208275102645 1.191064 6.851911 7.305593 
521208295671656 1.370622 6.693900 7.558170 
521208316241499 1.155153 6.698689 7.574928 
521208336811811 1.258099 6.810014 7.561761 
521208357381655 1.584893 6.726220 7.464800 
521208377950769 1.247325 6.741782 7.427691 
521208398520613 0.900181 6.606515 7.427691 
521208419091498 1.252114 6.601727 7.142794 
521208439661290 1.025871 6.631654 7.039847 
521208460230769 1.084527 6.746571 7.062591 
521208480800561 0.916940 6.590954 7.172720 
521208501369415 0.914546 6.498781 7.339109 
521208521940769 0.757732 6.449702 7.386992 
521208542511654 1.112059 6.446111 7.392977 
521208563080509 0.944472 6.431746 7.446844 
521208583650613 0.983975 6.310844 7.444450 
521208604220613 1.059389 6.440125 7.677875 
521208624788373 0.976792 6.321618 7.542608 
521208645361551 0.847511 6.381471 7.507894 
521208665927904 0.733791 6.173183 8.187818 
521208686497644 0.839132 6.254583 8.402090 
521208707067384 0.815191 6.163607 8.223730 
521208727637540 0.834343 6.272539 8.154301 
521208748207227 0.724215 6.219869 8.181833 
521208768777280 0.780476 6.267751 7.980728 
521208789346759 0.733791 6.278524 7.698225 
521208809916810 0.775688 6.272539 7.440859 
521208830486446 0.684712 6.312041 7.361854 
521208851056290 0.694289 6.132483 7.463603 
521208871626082 0.726609 6.418579 7.598869 
521208892195664 0.603313 6.191139 7.571337 
521208912765508 0.566204 6.206701 7.518667 
521208933335352 0.644013 6.491599 7.821521 
521208953905195 0.495578 6.254583 7.969955 
521208974474987 0.556628 6.125302 8.218941 
521208995044831 0.708653 6.590954 8.361390 
521209015614936 0.536278 6.122908 8.082478 
521209036184779 0.849905 6.221066 7.770047 
521209056754415 -0.158011 6.578983 7.176311 
521209077324259 0.501564 6.385061 7.592884 
521209097894102 0.630845 6.613698 7.600066 
521209118463894 0.415376 6.358727 7.433677 
521209139033895 0.385450 6.561028 7.152370 
521209159603687 0.025138 6.365909 6.659185 
521209180173530 0.245395 6.711856 7.257710 
521209200743322 0.605707 6.491599 7.284045 
