# Created at Thu Nov 07 18:05:58 EST 2019 in Burnaby Canada 
521203014375668 -0.108364 -0.950642 -0.047740 0.286809 
521203034945042 -0.108480 -0.950630 -0.047847 0.286784 
521203055515094 -0.108465 -0.950628 -0.047903 0.286788 
521203076084781 -0.108448 -0.950624 -0.047948 0.286799 
521203096655459 -0.108426 -0.950619 -0.047994 0.286818 
521203117224782 -0.108402 -0.950612 -0.048033 0.286842 
521203137794573 -0.108380 -0.950606 -0.048074 0.286864 
521203158364417 -0.108365 -0.950600 -0.048067 0.286890 
521203178934209 -0.108357 -0.950596 -0.048054 0.286909 
521203199503948 -0.108349 -0.950594 -0.048069 0.286916 
521203220073636 -0.108343 -0.950587 -0.048007 0.286951 
521203240642958 -0.108363 -0.950595 -0.048002 0.286920 
521203261212646 -0.108361 -0.950594 -0.048002 0.286923 
521203281782230 -0.108332 -0.950581 -0.047987 0.286978 
521203302351969 -0.108451 -0.950561 -0.048032 0.286993 
521203322922073 -0.108448 -0.950561 -0.048049 0.286990 
521203343491812 -0.108462 -0.950568 -0.048061 0.286963 
521203364062125 -0.108484 -0.950577 -0.048078 0.286919 
521203384631865 -0.108488 -0.950580 -0.048096 0.286905 
521203405201032 -0.108487 -0.950579 -0.048086 0.286911 
521203425770876 -0.108479 -0.950576 -0.048090 0.286922 
521203446341760 -0.108480 -0.950577 -0.048093 0.286920 
521203466910666 -0.108495 -0.950582 -0.048089 0.286896 
521203487480198 -0.108507 -0.950586 -0.048073 0.286882 
521203508049989 -0.108525 -0.950591 -0.048047 0.286862 
521203528620042 -0.108547 -0.950601 -0.048056 0.286821 
521203549189730 -0.108550 -0.950604 -0.048082 0.286806 
521203569759469 -0.108548 -0.950604 -0.048093 0.286805 
521203590329157 -0.108671 -0.950589 -0.048099 0.286808 
521203610899157 -0.108634 -0.950573 -0.048088 0.286875 
521203631468896 -0.108599 -0.950560 -0.048092 0.286932 
521203652038792 -0.108557 -0.950545 -0.048125 0.286991 
521203672608635 -0.108543 -0.950542 -0.048168 0.286998 
521203693178480 -0.108529 -0.950540 -0.048209 0.287005 
521203713748324 -0.108535 -0.950542 -0.048204 0.286996 
521203734317074 -0.108526 -0.950536 -0.048170 0.287026 
521203754886918 -0.108519 -0.950531 -0.048146 0.287047 
521203775456395 -0.108644 -0.950514 -0.048186 0.287049 
521203796026239 -0.108643 -0.950512 -0.048162 0.287060 
521203816596500 -0.108648 -0.950516 -0.048184 0.287043 
521203837166396 -0.108640 -0.950515 -0.048213 0.287045 
521203857736136 -0.108628 -0.950512 -0.048249 0.287051 
521203878306188 -0.108628 -0.950514 -0.048274 0.287040 
521203898875875 -0.108619 -0.950513 -0.048310 0.287042 
521203919445355 -0.108608 -0.950509 -0.048316 0.287059 
521203940015094 -0.108598 -0.950504 -0.048299 0.287081 
521203960584937 -0.108614 -0.950513 -0.048334 0.287040 
521203981154677 -0.108662 -0.950533 -0.048351 0.286951 
521204001724520 -0.108771 -0.950583 -0.048431 0.286733 
521204022294208 -0.109011 -0.950806 -0.048837 0.285831 
521204042864209 -0.108741 -0.951351 -0.049449 0.284008 
521204063434000 -0.106773 -0.952008 -0.049602 0.282524 
521204084003532 -0.104136 -0.952842 -0.049917 0.280637 
521204104573324 -0.103525 -0.954305 -0.051521 0.275553 
521204125143375 -0.101167 -0.955464 -0.053617 0.271989 
521204145713219 -0.094841 -0.956181 -0.055592 0.271352 
521204166282490 -0.086320 -0.957599 -0.055836 0.269138 
521204186852230 -0.074583 -0.959150 -0.055669 0.267152 
521204207422282 -0.061347 -0.960980 -0.055273 0.264005 
521204227991969 -0.048334 -0.963076 -0.054821 0.259120 
521204248561865 -0.035693 -0.964796 -0.053423 0.255033 
521204269131448 -0.023806 -0.965937 -0.051154 0.252550 
521204289701031 -0.012388 -0.966748 -0.048958 0.250695 
521204310270823 -0.002104 -0.967306 -0.047237 0.249164 
521204330840719 0.007289 -0.967564 -0.045978 0.248300 
521204351410875 0.016026 -0.967513 -0.044597 0.248341 
521204371980875 0.023781 -0.967452 -0.042843 0.248266 
521204392550562 0.030139 -0.967577 -0.040839 0.247423 
521204413120145 0.035749 -0.967749 -0.038940 0.246306 
521204433689937 0.041206 -0.967704 -0.037339 0.245879 
521204454259729 0.046566 -0.967454 -0.036179 0.246079 
521204474829469 0.051259 -0.967341 -0.035483 0.245692 
521204495399001 0.055889 -0.967215 -0.034578 0.245308 
521204515968688 0.060663 -0.966976 -0.033684 0.245239 
521204536538687 0.064594 -0.967261 -0.033462 0.243134 
521204557108636 0.067414 -0.968637 -0.032899 0.236885 
521204577678427 0.074507 -0.968861 -0.031395 0.234031 
521204598248062 0.081779 -0.967764 -0.030337 0.236271 
521204618817749 0.086375 -0.967179 -0.029490 0.237139 
521204639387229 0.090551 -0.966761 -0.028489 0.237409 
521204659957021 0.093950 -0.966350 -0.026934 0.237941 
521204680526916 0.097036 -0.965784 -0.025362 0.239170 
521204701096708 0.099539 -0.965253 -0.023750 0.240447 
521204721666553 0.101871 -0.964642 -0.022137 0.242070 
521204742236344 0.104546 -0.963535 -0.020427 0.245467 
521204762806500 0.105709 -0.962858 -0.018507 0.247766 
521204783376292 0.106181 -0.962531 -0.016278 0.248988 
521204803945874 0.107423 -0.961974 -0.014368 0.250719 
521204824515666 0.109010 -0.961325 -0.011777 0.252652 
521204845085562 0.110723 -0.960749 -0.009058 0.254203 
521204865655353 0.113387 -0.960144 -0.005966 0.255406 
521204886224677 0.116784 -0.959392 -0.002477 0.256753 
521204906794469 0.120695 -0.958225 0.001808 0.259297 
521204927364521 0.122955 -0.957273 0.007305 0.261643 
521204947934313 0.123687 -0.956564 0.013181 0.263655 
521204968504104 0.125112 -0.954920 0.019231 0.268523 
521204989073999 0.122771 -0.954111 0.025685 0.271919 
521205009643792 0.122282 -0.952087 0.034183 0.278225 
521205030213584 0.120754 -0.949650 0.043082 0.285880 
521205050784937 0.117702 -0.946561 0.053294 0.295512 
521205071354729 0.112538 -0.943693 0.063870 0.304465 
521205091922907 0.106010 -0.941357 0.074784 0.311475 
521205112493844 0.099838 -0.939060 0.085048 0.317750 
521205133063739 0.094532 -0.936544 0.093186 0.324446 
521205153633531 0.088189 -0.934973 0.100417 0.328578 
521205174202176 0.083664 -0.933025 0.107445 0.333046 
521205194771968 0.079631 -0.930830 0.113144 0.338251 
521205215341292 0.076951 -0.928106 0.117804 0.344702 
521205235911083 0.073283 -0.926055 0.120549 0.350029 
521205256481239 0.067341 -0.926632 0.121131 0.349493 
521205277050927 0.064561 -0.929597 0.118894 0.342849 
521205297620874 0.066384 -0.930940 0.116089 0.339804 
521205318190510 0.065151 -0.930516 0.114653 0.341687 
521205338760302 0.062502 -0.929625 0.114437 0.344668 
521205359330874 0.058770 -0.929801 0.116086 0.344297 
521205379900666 0.054615 -0.930254 0.117270 0.343356 
521205400471031 0.045076 -0.931857 0.117034 0.340461 
521205421040822 0.039292 -0.931891 0.118825 0.340465 
521205441611292 0.040927 -0.928729 0.121962 0.347724 
521205462181084 0.037987 -0.928583 0.119752 0.349214 
521205482750666 0.041175 -0.926046 0.122018 0.354761 
521205503320562 0.041329 -0.924281 0.121227 0.359583 
521205523889573 0.042610 -0.923526 0.119788 0.361849 
521205544459365 0.045597 -0.923342 0.117321 0.362761 
521205565028530 0.055134 -0.921149 0.111127 0.368911 
521205585598219 0.072474 -0.915807 0.099718 0.382231 
521205606167593 0.098965 -0.904356 0.085987 0.406143 
521205626737384 0.111004 -0.894241 0.069208 0.428044 
521205647307437 0.118631 -0.885924 0.055174 0.444995 
521205667877750 0.122233 -0.881042 0.043016 0.454944 
521205688446604 0.131389 -0.875909 0.032264 0.463119 
521205709016396 0.140913 -0.871489 0.022222 0.469208 
521205729587073 0.150864 -0.866404 0.011831 0.475861 
521205750156864 0.161244 -0.861029 0.003006 0.482308 
521205770726083 0.166561 -0.858135 0.002336 0.485651 
521205791295875 0.165793 -0.857962 0.008635 0.486148 
521205811865614 0.169768 -0.855149 0.013632 0.489605 
521205832435458 0.167778 -0.854890 0.016107 0.490668 
521205853006240 0.166033 -0.854913 0.017204 0.491184 
521205873574938 0.167475 -0.853470 0.017916 0.493173 
521205894145666 0.169588 -0.851648 0.018448 0.495575 
521205914715510 0.172262 -0.849241 0.018044 0.498788 
521205935284885 0.177045 -0.845329 0.017754 0.503745 
521205955854936 0.181483 -0.841478 0.017642 0.508594 
521205976425093 0.184534 -0.837810 0.017279 0.513539 
521205996994364 0.180201 -0.841191 0.017770 0.509519 
521206017564207 0.166077 -0.855377 0.025583 0.489995 
521206038133218 0.140626 -0.885063 0.029205 0.442758 
521206058703010 0.156814 -0.881425 0.031291 0.444431 
521206079273167 0.153206 -0.876917 0.028885 0.454655 
521206099842958 0.148944 -0.876156 0.029214 0.457508 
521206120413323 0.145754 -0.876695 0.031359 0.457360 
521206140983167 0.140855 -0.878505 0.033699 0.455251 
521206161552281 0.131797 -0.881508 0.034891 0.452057 
521206182122073 0.123081 -0.885144 0.036852 0.447228 
521206202691604 0.114764 -0.889137 0.039065 0.441292 
521206223261395 0.105542 -0.893764 0.041332 0.433980 
521206243831187 0.097736 -0.897858 0.045791 0.426851 
521206264401031 0.093505 -0.900711 0.049266 0.421367 
521206284970926 0.091321 -0.903458 0.043820 0.416539 
521206305540718 0.072275 -0.914313 0.039749 0.396520 
521206326110562 0.050233 -0.917376 0.057909 0.390571 
521206346680354 0.023122 -0.920242 0.064933 0.385233 
521206367250301 0.010084 -0.922730 0.070099 0.378884 
521206387820145 0.011932 -0.922798 0.079100 0.376888 
521206408389676 0.016545 -0.924069 0.077356 0.373951 
521206428959519 0.020243 -0.926820 0.068819 0.368590 
521206449529729 0.024505 -0.927733 0.062211 0.367207 
521206470099573 0.029785 -0.927946 0.056155 0.367254 
521206490669572 0.035426 -0.927668 0.049287 0.368439 
521206511239364 0.041428 -0.927239 0.042905 0.369689 
521206531809155 0.049216 -0.925063 0.038376 0.374652 
521206552378999 0.056633 -0.921947 0.035254 0.381528 
521206572949156 0.063308 -0.918770 0.035294 0.388082 
521206593519000 0.066679 -0.915792 0.040866 0.393966 
521206614089676 0.063170 -0.913048 0.049470 0.399883 
521206634659519 0.065247 -0.904109 0.063873 0.417433 
521206655228531 0.073509 -0.885308 0.078229 0.452444 
521206675798166 0.064900 -0.872579 0.081617 0.477213 
521206696367750 0.047303 -0.868592 0.080727 0.486615 
521206716937593 0.026698 -0.868385 0.087478 0.487383 
521206737507385 0.013964 -0.867620 0.092103 0.488423 
521206758077594 0.006411 -0.866625 0.093137 0.490148 
521206778647176 0.002512 -0.865966 0.094994 0.490991 
521206799216551 0.000390 -0.867092 0.097096 0.488593 
521206819786239 -0.000324 -0.868278 0.099171 0.486064 
521206840357906 -0.001213 -0.871227 0.098454 0.480905 
521206860927749 0.001163 -0.871724 0.101307 0.479409 
521206881496239 0.005520 -0.873216 0.100187 0.476891 
521206902066031 0.011793 -0.874512 0.100655 0.474297 
521206922636342 0.017920 -0.875418 0.103042 0.471915 
521206943206186 0.025426 -0.874391 0.106317 0.472749 
521206963775770 0.027760 -0.873042 0.110876 0.474061 
521206984345562 0.027312 -0.874285 0.113056 0.471273 
521207004916707 0.027318 -0.874512 0.117998 0.469637 
521207025486551 0.024900 -0.874710 0.120625 0.468734 
521207046054989 0.022160 -0.874744 0.122468 0.468331 
521207066624833 0.020588 -0.874588 0.125039 0.468014 
521207087195040 0.018680 -0.874333 0.129713 0.467297 
521207107764884 0.012359 -0.874866 0.138824 0.463879 
521207128333635 -0.013729 -0.877095 0.171982 0.448260 
521207148903478 -0.032832 -0.884612 0.191211 0.424054 
521207169473686 -0.028998 -0.894195 0.217519 0.390206 
521207190043530 -0.008284 -0.903859 0.250696 0.346585 
521207210613479 0.029121 -0.902800 0.288368 0.317725 
521207231183322 0.045579 -0.896100 0.315191 0.309165 
521207251753061 0.052168 -0.888351 0.333913 0.310827 
521207272322853 0.046918 -0.889591 0.339247 0.302221 
521207292893166 0.060654 -0.896318 0.330096 0.289779 
521207313462957 0.068069 -0.907641 0.302003 0.283457 
521207334032541 0.080108 -0.917280 0.268112 0.283365 
521207354602333 0.097753 -0.920661 0.228266 0.301200 
521207375173947 0.127172 -0.910171 0.182351 0.349519 
521207395743791 0.147445 -0.885839 0.133946 0.419055 
521207416312332 0.169465 -0.850670 0.087155 0.489945 
521207436881707 0.204902 -0.801731 0.049700 0.559261 
521207457451343 0.239415 -0.740016 0.025695 0.628010 
521207478021499 0.260645 -0.676930 0.006125 0.688325 
521207498591083 0.282630 -0.607287 -0.006451 0.742483 
521207519161082 0.302162 -0.528873 -0.016106 0.792926 
521207539730926 0.313515 -0.449335 -0.026573 0.836122 
521207560300509 0.318030 -0.377919 -0.035175 0.868790 
521207580870353 0.320382 -0.312709 -0.036512 0.893440 
521207601440978 0.323799 -0.258075 -0.034309 0.909601 
521207622010770 0.327341 -0.214164 -0.031843 0.919765 
521207642580874 0.330211 -0.175118 -0.027440 0.927115 
521207663150665 0.335794 -0.140487 -0.023234 0.931110 
521207683719155 0.347298 -0.111966 -0.022360 0.930778 
521207704288999 0.362514 -0.093225 -0.024925 0.926969 
521207724858999 0.375301 -0.083236 -0.027289 0.922755 
521207745431863 0.376978 -0.077888 -0.018517 0.922756 
521207765998947 0.368533 -0.083816 -0.001172 0.925828 
521207786568791 0.360303 -0.085653 0.012503 0.928811 
521207807138581 0.350211 -0.086954 0.021736 0.932373 
521207827708425 0.338055 -0.091532 0.021085 0.936427 
521207848277384 0.329891 -0.087703 0.015214 0.939813 
521207868847176 0.325468 -0.080943 0.006755 0.942058 
521207889419259 0.323117 -0.075729 -0.006890 0.943299 
521207909989051 0.324343 -0.077763 -0.020468 0.942516 
521207930558635 0.329981 -0.086273 -0.029557 0.939572 
521207951128478 0.338954 -0.095546 -0.037351 0.935193 
521207971701915 0.349588 -0.105578 -0.049945 0.929595 
521207992267332 0.357690 -0.115170 -0.065091 0.924423 
521208012837436 0.359562 -0.119479 -0.077286 0.922208 
521208033407279 0.358888 -0.119620 -0.084930 0.921779 
521208053975821 0.358613 -0.120622 -0.089540 0.921320 
521208074545665 0.359734 -0.123418 -0.093788 0.920089 
521208095116081 0.360927 -0.124209 -0.098246 0.919049 
521208115685873 0.360461 -0.124495 -0.103156 0.918656 
521208136255978 0.360328 -0.123435 -0.105195 0.918619 
521208156825874 0.360883 -0.122611 -0.106713 0.918337 
521208177395717 0.360745 -0.121929 -0.108826 0.918234 
521208197965822 0.360198 -0.121861 -0.111416 0.918147 
521208218535666 0.359902 -0.121159 -0.113883 0.918053 
521208239105457 0.359141 -0.120138 -0.116145 0.918202 
521208259675249 0.357694 -0.118608 -0.118457 0.918670 
521208280244312 0.355861 -0.117169 -0.120008 0.919365 
521208300814104 0.353582 -0.115216 -0.121227 0.920331 
521208321384467 0.351690 -0.113840 -0.122265 0.921089 
521208341954259 0.350454 -0.113091 -0.123648 0.921468 
521208362523426 0.349647 -0.111746 -0.125067 0.921747 
521208383093217 0.348648 -0.110402 -0.126533 0.922087 
521208403664102 0.347895 -0.109638 -0.127872 0.922278 
521208424233946 0.347457 -0.108475 -0.128638 0.922474 
521208444803374 0.346735 -0.107526 -0.129517 0.922734 
521208465373217 0.345726 -0.106260 -0.130427 0.923131 
521208485942019 0.343951 -0.104635 -0.131143 0.923878 
521208506511863 0.341652 -0.102425 -0.131593 0.924914 
521208527084258 0.339226 -0.101119 -0.131934 0.925902 
521208547654102 0.336588 -0.099768 -0.132206 0.926972 
521208568223217 0.333817 -0.098611 -0.132378 0.928072 
521208588793061 0.331315 -0.097638 -0.132421 0.929065 
521208609360977 0.329340 -0.096499 -0.132520 0.929872 
521208629930821 0.327100 -0.094201 -0.132196 0.930944 
521208650503999 0.324672 -0.092237 -0.131634 0.932069 
521208671070352 0.322582 -0.090684 -0.131625 0.932948 
521208691640040 0.320976 -0.088989 -0.131462 0.933688 
521208712209832 0.320410 -0.087524 -0.130862 0.934105 
521208732779884 0.320302 -0.086544 -0.130005 0.934353 
521208753349675 0.320441 -0.085394 -0.129514 0.934479 
521208773919415 0.321361 -0.084325 -0.129016 0.934329 
521208794489207 0.323032 -0.083442 -0.128615 0.933887 
521208815059050 0.324697 -0.082545 -0.128207 0.933446 
521208835628894 0.325889 -0.081665 -0.127530 0.933200 
521208856198686 0.326330 -0.080712 -0.126652 0.933249 
521208876768269 0.326719 -0.079472 -0.125938 0.933316 
521208897338112 0.326799 -0.078146 -0.125245 0.933493 
521208917908008 0.326325 -0.076329 -0.124065 0.933967 
521208938477800 0.326310 -0.073940 -0.122763 0.934336 
521208959047643 0.326252 -0.072125 -0.121266 0.934693 
521208979617435 0.325663 -0.070469 -0.119924 0.935198 
521209000187592 0.325606 -0.067615 -0.118657 0.935590 
521209020757383 0.326665 -0.064240 -0.116599 0.935718 
521209041327071 0.331548 -0.060169 -0.113401 0.934664 
521209061896863 0.336811 -0.060328 -0.111090 0.933048 
521209082466707 0.338714 -0.059180 -0.110057 0.932555 
521209103036550 0.339330 -0.058389 -0.109059 0.932498 
521209123606499 0.339549 -0.056962 -0.108280 0.932597 
521209144176343 0.341740 -0.056321 -0.107853 0.931885 
521209164746341 0.344143 -0.058776 -0.108450 0.930779 
521209185315978 0.344979 -0.061788 -0.109900 0.930104 
