# Created at Thu Nov 07 18:05:58 EST 2019 in Burnaby Canada 
521203014375668 5.449072 0.280545 -8.148576 
521203034945042 5.448894 0.281934 -8.148648 
521203055514939 5.449057 0.283046 -8.148500 
521203076084781 5.449323 0.283954 -8.148291 
521203096655459 5.449721 0.284888 -8.147992 
521203117224262 5.450193 0.285704 -8.147647 
521203137794573 5.450627 0.286527 -8.147328 
521203158364418 5.451055 0.286433 -8.147044 
521203178934209 5.451351 0.286192 -8.146855 
521203199503844 5.451500 0.286499 -8.146746 
521203220073636 5.451967 0.285296 -8.146474 
521203240643531 5.451442 0.285151 -8.146832 
521203261212646 5.451495 0.285157 -8.146795 
521203281782751 5.452390 0.284922 -8.146205 
521203302351969 5.452754 0.285034 -8.145957 
521203322921813 5.452735 0.285380 -8.145957 
521203343491812 5.452309 0.285585 -8.146236 
521203364062125 5.451596 0.285884 -8.146703 
521203384631865 5.451406 0.286225 -8.146817 
521203405201240 5.451476 0.286026 -8.146777 
521203425770876 5.451680 0.286114 -8.146638 
521203446341760 5.451648 0.286188 -8.146657 
521203466910666 5.451233 0.286077 -8.146939 
521203487480146 5.450983 0.285750 -8.147118 
521203508049989 5.450600 0.285201 -8.147392 
521203528619990 5.449925 0.285341 -8.147840 
521203549189730 5.449708 0.285838 -8.147966 
521203569759781 5.449721 0.286073 -8.147950 
521203590329157 5.449808 0.285457 -8.147914 
521203610899105 5.450924 0.285305 -8.147173 
521203631468896 5.451879 0.285452 -8.146529 
521203652039053 5.452935 0.286155 -8.145797 
521203672608635 5.453118 0.287023 -8.145644 
521203693178167 5.453321 0.287847 -8.145479 
521203713748324 5.453156 0.287749 -8.145593 
521203734318219 5.453597 0.287095 -8.145320 
521203754886918 5.453903 0.286626 -8.145132 
521203775456656 5.454051 0.286648 -8.145032 
521203796026239 5.454198 0.286181 -8.144950 
521203816596396 5.453947 0.286611 -8.145103 
521203837166343 5.454034 0.287192 -8.145024 
521203857736136 5.454205 0.287919 -8.144885 
521203878306188 5.454058 0.288409 -8.144965 
521203898875875 5.454159 0.289128 -8.144872 
521203919445510 5.454450 0.289266 -8.144672 
521203940015094 5.454792 0.288947 -8.144454 
521203960584990 5.454164 0.289597 -8.144853 
521203981154677 5.452705 0.289846 -8.145820 
521204001724677 5.449190 0.291240 -8.148122 
521204022294208 5.434715 0.299607 -8.157480 
521204042864157 5.404814 0.316942 -8.176669 
521204063434000 5.379160 0.334511 -8.192871 
521204084003688 5.346592 0.359673 -8.213099 
521204104573324 5.262162 0.404815 -8.265360 
521204125143688 5.203417 0.465085 -8.299309 
521204145713219 5.192310 0.537817 -8.301871 
521204166282906 5.149399 0.593045 -8.324804 
521204186852230 5.107118 0.656457 -8.346065 
521204207422230 5.042472 0.724127 -8.379707 
521204227991969 4.946508 0.789872 -8.430809 
521204248561865 4.863338 0.832386 -8.474992 
521204269131448 4.808509 0.851212 -8.504356 
521204289701084 4.765352 0.867392 -8.526983 
521204310270823 4.729100 0.885899 -8.545242 
521204330840719 4.705441 0.908035 -8.555974 
521204351410875 4.698531 0.924335 -8.558025 
521204371980406 4.690844 0.928740 -8.561765 
521204392550562 4.671303 0.921279 -8.573247 
521204413120250 4.647779 0.911814 -8.587032 
521204433689937 4.636579 0.907404 -8.593553 
521204454259625 4.636307 0.911252 -8.593292 
521204474829469 4.625776 0.920214 -8.598011 
521204495399105 4.615665 0.924862 -8.602944 
521204515968688 4.611033 0.930624 -8.604807 
521204536538687 4.570139 0.942829 -8.625271 
521204557108479 4.456892 0.938234 -8.684827 
521204577678427 4.401320 0.938578 -8.713084 
521204598248062 4.436015 0.954799 -8.693706 
521204618817749 4.448462 0.961157 -8.686642 
521204639388010 4.451008 0.961822 -8.685265 
521204659957021 4.460131 0.948941 -8.682000 
521204680527021 4.482133 0.935598 -8.672112 
521204701096708 4.505723 0.919044 -8.661652 
521204721666708 4.535696 0.902484 -8.647738 
521204742236344 4.596968 0.889364 -8.616687 
521204762806292 4.640647 0.863192 -8.595911 
521204783376292 4.666598 0.825828 -8.585526 
521204803946135 4.700167 0.799327 -8.569708 
521204824515666 4.738502 0.762242 -8.551958 
521204845085928 4.770391 0.722730 -8.537646 
521204865655353 4.796422 0.680343 -8.526538 
521204886225094 4.825608 0.634717 -8.513578 
521204906794469 4.877485 0.579841 -8.487892 
521204927365145 4.930032 0.493805 -8.462938 
521204947934313 4.978497 0.392306 -8.439850 
521204968504104 5.076400 0.298733 -8.385183 
521204989073999 5.150347 0.174110 -8.343500 
521205009644416 5.277442 0.028961 -8.265480 
521205030213584 5.426770 -0.125367 -8.167302 
521205050783843 5.609267 -0.307222 -8.038168 
521205071354729 5.776301 -0.510139 -7.908508 
521205091922907 5.906292 -0.733123 -7.794141 
521205112493844 6.018874 -0.944214 -7.684531 
521205133063948 6.132427 -1.110166 -7.571741 
521205153633531 6.199132 -1.273097 -7.491354 
521205174202072 6.270957 -1.419703 -7.404723 
521205194771968 6.352039 -1.537345 -7.311535 
521205215341292 6.452485 -1.624163 -7.204021 
521205235911083 6.530841 -1.686427 -7.118600 
521205256482020 6.511788 -1.739865 -7.123193 
521205277051188 6.401530 -1.733602 -7.223948 
521205297620718 6.355570 -1.677210 -7.277643 
521205318190666 6.382454 -1.655853 -7.258982 
521205338760302 6.424613 -1.664006 -7.219821 
521205359330666 6.412570 -1.720145 -7.217370 
521205379900666 6.390265 -1.771829 -7.224647 
521205400471344 6.326007 -1.837999 -7.264556 
521205421040822 6.314409 -1.909438 -7.256217 
521205441610614 6.431846 -1.942463 -7.143429 
521205462181084 6.449312 -1.920807 -7.133531 
521205482750093 6.541996 -1.929691 -7.046203 
521205503320562 6.616869 -1.906142 -6.982410 
521205523889104 6.654428 -1.867353 -6.957151 
521205544459365 6.674452 -1.800237 -6.955662 
521205565028322 6.785201 -1.608775 -6.895164 
521205585598219 7.007384 -1.247823 -6.746103 
521205606167906 7.370833 -0.736853 -6.426372 
521205626737384 7.658150 -0.281922 -6.119122 
521205647307437 7.860570 0.076688 -5.863101 
521205667877750 7.964622 0.347350 -5.710912 
521205688446760 8.039281 0.639171 -5.579588 
521205709016396 8.081482 0.916942 -5.478982 
521205729586760 8.121339 1.207002 -5.362591 
521205750156864 8.154537 1.474550 -5.244006 
521205770726655 8.181555 1.547213 -5.180607 
521205791295875 8.208713 1.435521 -5.169787 
521205811865978 8.257187 1.401605 -5.101447 
521205832435458 8.280130 1.344558 -5.079566 
521205853006240 8.292024 1.311048 -5.068915 
521205873574938 8.314257 1.320040 -5.030011 
521205894145249 8.339272 1.340219 -4.983045 
521205914715510 8.368988 1.384668 -4.920683 
521205935285094 8.413587 1.454862 -4.823413 
521205955854676 8.456713 1.519161 -4.727214 
521205976424780 8.501132 1.574731 -4.628321 
521205996994885 8.469120 1.507621 -4.708658 
521206017564207 8.303855 1.166868 -5.084762 
521206038133999 7.766388 0.714228 -5.945038 
521206058703010 7.779422 0.825960 -5.913441 
521206079273427 7.906503 0.869383 -5.736007 
521206099842958 7.947301 0.834483 -5.684579 
521206120413479 7.953899 0.768251 -5.684687 
521206140983167 7.937250 0.677043 -5.719446 
521206161552384 7.905931 0.565314 -5.774691 
521206182122073 7.853106 0.439850 -5.857103 
521206202691812 7.783581 0.312050 -5.957254 
521206223261395 7.693083 0.173818 -6.079197 
521206243831395 7.604601 0.011861 -6.191954 
521206264401031 7.534176 -0.097567 -6.276708 
521206284971134 7.459464 -0.030423 -6.365993 
521206305540718 7.167021 -0.150712 -6.691897 
521206326110718 7.084496 -0.657130 -6.748960 
521206346680354 6.982506 -0.997272 -6.813255 
521206367250093 6.870823 -1.193701 -6.894726 
521206387820145 6.839852 -1.343429 -6.897972 
521206408389729 6.802611 -1.280654 -6.946567 
521206428959519 6.727553 -1.104655 -7.049125 
521206449529729 6.711566 -0.955489 -7.086064 
521206470099573 6.716859 -0.807493 -7.099447 
521206490669624 6.737857 -0.640756 -7.096555 
521206511239364 6.758111 -0.479893 -7.089995 
521206531809937 6.834549 -0.334634 -7.024766 
521206552378999 6.938107 -0.213699 -6.927294 
521206572949624 7.037105 -0.154131 -6.828307 
521206593519000 7.129748 -0.218801 -6.729725 
521206614088739 7.222346 -0.390466 -6.622360 
521206634659519 7.483893 -0.598445 -6.309008 
521206655228531 7.968946 -0.706041 -5.671665 
521206675798166 8.270985 -0.789355 -5.209424 
521206696367958 8.364843 -0.923788 -5.034522 
521206716937593 8.346859 -1.234704 -4.997583 
521206737507385 8.336672 -1.433535 -4.961376 
521206758077750 8.342947 -1.521453 -4.924511 
521206778647176 8.343898 -1.589231 -4.901437 
521206799216812 8.310025 -1.647527 -4.939589 
521206819786239 8.276943 -1.691939 -4.979954 
521206840357749 8.215183 -1.693779 -5.080577 
521206860927749 8.198954 -1.721153 -5.097564 
521206881496447 8.178399 -1.664233 -5.149224 
521206902066031 8.158462 -1.616731 -5.195776 
521206922637280 8.138928 -1.603358 -5.230437 
521206943206186 8.160510 -1.587540 -5.201555 
521206963775509 8.177821 -1.640449 -5.157765 
521206984345562 8.141765 -1.686192 -5.199887 
521207004917228 8.118463 -1.772280 -5.207685 
521207025486551 8.100486 -1.840528 -5.212001 
521207046055041 8.088201 -1.897578 -5.210624 
521207066624833 8.078599 -1.955882 -5.203954 
521207087196499 8.060997 -2.053196 -5.193757 
521207107764884 7.993363 -2.269640 -5.208193 
521207128334052 7.664987 -3.079275 -5.285492 
521207148903478 7.234271 -3.590615 -5.562661 
521207169474103 6.719756 -4.036800 -5.892326 
521207190043530 6.103417 -4.500566 -6.218007 
521207210614000 5.790617 -4.924625 -6.195742 
521207231183322 5.715487 -5.263245 -5.983463 
521207251755145 5.757348 -5.499892 -5.724904 
521207272322853 5.585284 -5.641016 -5.757944 
521207292892853 5.486928 -5.458280 -6.022557 
521207313462957 5.449252 -4.997784 -6.441910 
521207334032853 5.519251 -4.378345 -6.821902 
521207354602333 5.876475 -3.544369 -7.005347 
521207375172176 6.694260 -2.383447 -6.758436 
521207395743791 7.668122 -1.115351 -6.010515 
521207416312436 8.464145 0.174322 -4.949572 
521207436882176 8.993883 1.466056 -3.623690 
521207457451343 9.235692 2.576018 -2.058277 
521207478021499 9.170101 3.437465 -0.513292 
521207498591083 8.807881 4.192656 1.006607 
521207519161186 8.129534 4.866255 2.529945 
521207539730926 7.205297 5.375564 3.918850 
521207560300405 6.220268 5.679915 5.021674 
521207580870353 5.250263 5.838089 5.875529 
521207601440925 4.386237 5.950336 6.443974 
521207622010770 3.659008 6.038859 6.805455 
521207642580510 3.006598 6.098724 7.066563 
521207663150665 2.412575 6.196343 7.207996 
521207683719259 1.891690 6.389252 7.195093 
521207704288999 1.517706 6.636406 7.058688 
521207724859103 1.305546 6.836849 6.908214 
521207745431863 1.272734 6.850939 6.900375 
521207765998843 1.513513 6.693947 7.005051 
521207786568791 1.648696 6.542642 7.116602 
521207807138581 1.739424 6.367211 7.252821 
521207827708425 1.820916 6.171009 7.400899 
521207848278270 1.715043 6.054664 7.521307 
521207868847176 1.538685 6.002901 7.600528 
521207889418425 1.357406 5.988289 7.646453 
521207909989051 1.307318 6.026967 7.624761 
521207930558635 1.398560 6.130936 7.525027 
521207951128478 1.504226 6.287167 7.374228 
521207971701915 1.582491 6.477260 7.191051 
521207992267332 1.631500 6.632293 7.037136 
521208012836760 1.616046 6.684698 6.990966 
521208033407279 1.564810 6.687649 6.999793 
521208053975978 1.549863 6.692010 6.998950 
521208074545665 1.565474 6.718772 6.969776 
521208095116706 1.543454 6.745270 6.949063 
521208115685873 1.513843 6.746613 6.954270 
521208136256655 1.480505 6.746759 6.961303 
521208156826447 1.453102 6.756716 6.957418 
521208177395717 1.425901 6.757120 6.962652 
521208197965822 1.407355 6.752699 6.970711 
521208218535666 1.377709 6.751032 6.978243 
521208239104362 1.345449 6.741426 6.993807 
521208259675249 1.306056 6.720559 7.021302 
521208280244520 1.275163 6.692592 7.053620 
521208300814104 1.239034 6.656349 7.094237 
521208321385092 1.213220 6.626484 7.126584 
521208341954259 1.193998 6.608031 7.146935 
521208362523582 1.162535 6.595212 7.163943 
521208383093217 1.131395 6.579351 7.183486 
521208403664259 1.110725 6.568020 7.197069 
521208424233946 1.085976 6.560141 7.208024 
521208444803791 1.065194 6.548314 7.221865 
521208465373217 1.039502 6.531410 7.240891 
521208485942071 1.011335 6.501628 7.271617 
521208506511863 0.976263 6.462136 7.311503 
521208527083217 0.958526 6.422003 7.349115 
521208547654102 0.941107 6.378191 7.389410 
521208568222957 0.928263 6.332359 7.430339 
521208588793061 0.918664 6.290823 7.466726 
521208609363061 0.903929 6.257266 7.496662 
521208629930821 0.871908 6.216717 7.534095 
521208650503999 0.847958 6.173448 7.572311 
521208671070352 0.826580 6.136785 7.604408 
521208691640092 0.802026 6.107389 7.630659 
521208712209832 0.781136 6.094842 7.642847 
521208732779988 0.769270 6.090445 7.647555 
521208753349675 0.751127 6.090040 7.649680 
521208773919728 0.732104 6.102413 7.641660 
521208794489207 0.713501 6.127348 7.623444 
521208815059258 0.694753 6.152107 7.605215 
521208835628894 0.679587 6.169066 7.592837 
521208856198738 0.666743 6.173670 7.590233 
521208876768478 0.647745 6.177028 7.589146 
521208897338112 0.627997 6.175282 7.592227 
521208917907956 0.604151 6.163412 7.603799 
521208938477800 0.569302 6.157794 7.611034 
521208959047644 0.546263 6.152540 7.616970 
521208979617435 0.526568 6.139163 7.629141 
521209000187488 0.482966 6.132238 7.637591 
521209020757383 0.431923 6.142035 7.632773 
521209041327592 0.365592 6.211703 7.579675 
521209061896863 0.370151 6.295134 7.510304 
521209082466759 0.351284 6.322982 7.487782 
521209103036550 0.342062 6.331022 7.481412 
521209123607019 0.320798 6.331762 7.481729 
521209144176343 0.306503 6.365229 7.453879 
521209164746341 0.340987 6.407574 7.416005 
521209185315978 0.383549 6.426427 7.397588 
