# Created at Thu Nov 07 18:05:58 EST 2019 in Burnaby Canada 
521203004090720 -0.005630 0.001201 0.012112 
521203024660250 -0.005019 -0.002159 0.010280 
521203045230043 -0.004713 -0.002464 0.008753 
521203065799990 -0.003797 -0.001854 0.010891 
521203086370563 -0.003491 0.002117 0.009058 
521203106939314 -0.002575 0.002422 0.007836 
521203127509677 -0.001048 0.002117 0.008142 
521203148079365 -0.001048 0.001506 0.006920 
521203168649313 -0.004102 -0.000021 0.009058 
521203189219000 -0.002270 0.001201 0.010280 
521203209788844 -0.003797 0.000590 0.008753 
521203230358584 -0.001964 -0.002464 0.010585 
521203250927854 -0.003186 -0.000937 0.008753 
521203271497594 -0.004713 0.001812 0.009669 
521203292067021 -0.003186 0.002728 0.009974 
521203312636865 -0.002881 0.002117 0.008142 
521203333206865 -0.003797 -0.001854 0.008753 
521203353776708 -0.001964 -0.003992 0.008142 
521203374346917 -0.001659 -0.002770 0.007531 
521203394916761 -0.003491 -0.000937 0.006920 
521203415485980 -0.001048 0.000284 0.009669 
521203436055772 -0.001964 0.000590 0.009669 
521203456625770 -0.002881 0.001812 0.008447 
521203477195198 0.000174 -0.001243 0.008447 
521203497765094 -0.000437 -0.001548 0.006615 
521203518335042 -0.004102 -0.001243 0.006309 
521203538904938 -0.003797 0.002117 0.009669 
521203559474885 -0.002881 0.000590 0.011501 
521203580044365 -0.001964 -0.000632 0.011196 
521203600614209 -0.002881 -0.001243 0.009669 
521203621183948 -0.002575 0.003950 0.007225 
521203641754261 -0.001964 0.005477 0.005393 
521203662323740 -0.001659 0.003339 0.007531 
521203682893375 -0.002270 0.003339 0.006004 
521203703463428 -0.004408 -0.000937 0.006004 
521203724033427 -0.003186 0.002117 0.008142 
521203744602022 -0.004408 0.003950 0.009058 
521203765171865 -0.002881 -0.000326 0.009669 
521203785741343 -0.004713 0.000895 0.008753 
521203806311604 -0.005630 0.001201 0.007531 
521203826881448 -0.005630 0.000284 0.006920 
521203847451188 -0.005019 -0.000937 0.007531 
521203868021032 -0.005935 -0.000937 0.010891 
521203888590927 -0.003797 -0.001548 0.007531 
521203909160771 -0.001353 -0.002464 0.007836 
521203929730147 -0.000437 -0.000632 0.006309 
521203950299990 -0.001048 -0.000326 0.008753 
521203970869729 -0.002575 -0.005213 0.008142 
521203991439573 -0.001964 -0.010711 0.003255 
521204012009416 -0.004408 -0.050417 -0.034313 
521204032579156 -0.017847 -0.145407 -0.132968 
521204053149104 -0.006240 -0.207410 -0.250560 
521204073718792 -0.023650 -0.150294 -0.287822 
521204094288428 -0.127802 -0.268496 -0.257584 
521204114858219 -0.108866 -0.380895 -0.355628 
521204135428323 0.099439 -0.383644 -0.573402 
521204155998115 0.302246 -0.305148 -0.889830 
521204176567282 0.394487 -0.214740 -1.170522 
521204197137334 0.427168 -0.249865 -1.296971 
521204217707178 0.365776 -0.388531 -1.248407 
521204238276969 0.334928 -0.443814 -1.112795 
521204258846552 0.447938 -0.287127 -1.023914 
521204279416136 0.456490 -0.177172 -0.944502 
521204299985927 0.395403 -0.136244 -0.864173 
521204320555823 0.309882 -0.082488 -0.782012 
521204341125927 0.295221 -0.003075 -0.754218 
521204361695510 0.301025 0.040907 -0.665642 
521204382265771 0.313853 -0.011627 -0.557214 
521204402835354 0.305606 -0.075157 -0.465584 
521204423405041 0.270787 -0.049806 -0.433513 
521204443974730 0.233829 0.039074 -0.441149 
521204464544521 0.184655 0.022276 -0.440233 
521204485114209 0.177324 -0.020180 -0.423129 
521204505683896 0.191985 0.023497 -0.419769 
521204526253739 0.200232 0.010975 -0.450923 
521204546823583 0.257959 -0.508566 -0.622882 
521204567393531 0.186487 -0.526586 -0.384644 
521204587963323 0.197483 0.173159 -0.421296 
521204608532958 0.150446 0.162774 -0.467111 
521204629102697 0.168162 0.081529 -0.348603 
521204649672125 0.176408 0.057095 -0.276216 
521204670241917 0.185266 0.136202 -0.220322 
521204690811812 0.175797 0.152084 -0.195582 
521204711381500 0.162969 0.164607 -0.156181 
521204731951449 0.151363 0.272425 -0.146713 
521204752521240 0.156861 0.339925 -0.122278 
521204773091396 0.201759 0.207673 -0.032481 
521204793661188 0.173965 0.258986 -0.086848 
521204814230770 0.295527 0.147808 -0.095705 
521204834800562 0.279033 0.214393 -0.168704 
521204855370458 0.378604 0.159720 -0.214213 
521204875940249 0.378299 0.159415 -0.255446 
521204896509573 0.392043 0.236995 -0.227347 
521204917080250 0.435109 0.358251 -0.103647 
521204937649313 0.528877 0.285253 0.102826 
521204958219781 0.479092 0.375661 0.159331 
521204978789051 0.484895 0.524406 0.281504 
521204999359520 0.616231 0.603513 0.315407 
521205019928584 0.610733 0.845721 0.439412 
521205040498948 0.671514 1.032035 0.565556 
521205061069833 0.754592 1.154819 0.663294 
521205081638011 0.801323 0.981028 0.759811 
521205102208949 0.746650 0.840223 0.839223 
521205122779052 0.627837 0.813040 0.738430 
521205143348635 0.504748 0.668876 0.582965 
521205163917177 0.472678 0.579079 0.626642 
521205184487072 0.376772 0.562280 0.550895 
521205205056396 0.278423 0.674985 0.409480 
521205225626188 0.184960 0.735155 0.319683 
521205246197124 0.227721 0.294721 0.190790 
521205266766135 0.032855 -0.559268 0.125428 
521205287335823 -0.474774 -0.542774 0.153527 
521205307905770 -0.454004 0.018000 0.162996 
521205328475406 -0.061218 0.386962 0.075337 
521205349045250 0.014834 0.002422 0.244241 
521205369615770 -0.128719 0.111767 0.568610 
521205390185562 -0.246921 -0.100203 0.746372 
521205410755927 -0.052666 -0.158235 0.664821 
521205431325718 0.156861 0.285253 0.226220 
521205451896188 -0.041365 0.603208 -0.235899 
521205472466032 0.238716 0.552506 0.075642 
521205493035666 0.112878 0.352448 -0.145185 
521205513605458 0.057290 0.361000 -0.413355 
521205534174469 -0.036478 0.046099 -0.288128 
521205554744260 -0.169647 0.211644 -0.733143 
521205575313323 -0.246616 0.819454 -1.438386 
521205595883167 -0.996758 1.629155 -2.666835 
521205616452488 -1.130842 2.459626 -2.191582 
521205637022541 -1.025163 1.929701 -1.818344 
521205657592854 -0.627490 1.231482 -1.368747 
521205678161865 -0.381006 0.787995 -1.320489 
521205698731500 -0.405135 0.684453 -1.298193 
521205719301864 -0.539220 0.581522 -1.448160 
521205739871969 -0.221570 0.669181 -1.392266 
521205760441343 -0.018152 0.676206 -1.092942 
521205781010979 0.578052 0.072672 -0.064246 
521205801581083 0.184960 0.498445 -0.003770 
521205822150510 0.072561 0.222334 0.263789 
521205842721344 0.130899 0.067174 0.282115 
521205863290042 0.127234 0.135896 -0.025150 
521205883860353 0.056068 0.245547 -0.170231 
521205904430562 0.077448 0.308160 -0.228874 
521205925000198 0.120514 0.474315 -0.410606 
521205945569780 0.039269 0.534486 -0.494295 
521205966139884 -0.009600 0.607179 -0.344633 
521205986709989 0.062787 0.182322 -0.158014 
521206007279260 0.411286 -1.191818 0.768668 
521206027849103 0.842251 -4.183834 2.667236 
521206048418114 -0.899325 -2.652701 1.089983 
521206068987906 -0.343743 0.951401 -0.187335 
521206089558062 0.034688 0.752870 0.144365 
521206110127854 0.139756 0.265094 0.166661 
521206130698219 -0.163538 -0.092567 0.584493 
521206151268062 -0.191027 -0.277048 0.804404 
521206171837177 -0.118029 -0.467943 0.818148 
521206192406969 -0.074657 -0.533611 0.860603 
521206212976500 -0.079544 -0.726034 0.881067 
521206233546291 0.191985 -0.765435 0.869156 
521206254116135 0.104326 -0.643872 0.752480 
521206274685927 -0.167509 -0.243451 0.744539 
521206295255822 -1.768585 -2.189666 0.618396 
521206315825666 -0.340078 -0.890051 2.326679 
521206336395458 0.535902 -0.175034 3.465941 
521206356965197 0.690451 -0.936477 1.097619 
521206377535249 0.864853 -0.390364 0.465068 
521206398104833 0.318740 -0.173507 -0.195276 
521206418674624 -0.653146 -0.550410 -0.510482 
521206439245092 -0.643067 -0.429764 -0.632045 
521206459814625 -0.437205 -0.082182 -0.621660 
521206480384260 -0.435678 -0.068132 -0.737724 
521206500954468 -0.413382 0.071756 -0.818358 
521206521524884 -0.338856 0.200648 -0.813777 
521206542094051 -0.100924 0.656353 -0.900214 
521206562664728 0.078059 0.661851 -0.830881 
521206583234052 0.239022 0.685980 -0.347992 
521206603803843 0.347450 0.672846 0.526155 
521206624374572 0.881041 1.163676 0.469650 
521206644943635 0.792771 3.281544 0.543259 
521206665513218 0.149836 3.272992 0.361527 
521206686082802 -0.251503 2.635249 0.859076 
521206706652697 -0.187362 0.121847 1.434816 
521206727222489 0.099134 0.395819 1.571039 
521206747792333 -0.141852 0.092220 0.797379 
521206768362281 0.296749 0.121847 0.425362 
521206788932124 0.181906 -0.156097 0.229580 
521206809501343 0.195040 -0.260860 0.288223 
521206830071135 0.050265 -0.445952 -0.018736 
521206850642853 0.142811 -0.527503 0.062203 
521206871212645 0.352643 -0.197941 -0.338524 
521206891781135 0.315685 -0.445341 -0.541026 
521206912350979 0.394792 -0.361347 -0.445425 
521206932921238 0.361806 0.022886 -0.303399 
521206953491082 0.389600 0.121847 -0.201996 
521206974060666 0.363333 -0.019874 0.117486 
521206994630510 0.213365 -0.174728 0.227748 
521207015201603 0.101577 0.015556 0.467817 
521207035771447 0.105242 -0.043087 0.345034 
521207056339937 0.176714 -0.018042 0.254015 
521207076911551 0.254599 -0.026899 0.256458 
521207097479936 0.448548 -0.097148 0.443688 
521207118049156 1.333997 -0.578815 2.295219 
521207138618583 2.116209 -2.034506 2.599430 
521207159189155 3.322056 -3.773027 0.596404 
521207179758582 3.794865 -5.414115 0.272341 
521207200329104 2.887731 -2.969129 0.142532 
521207220898427 2.396291 -0.876001 1.321195 
521207241470197 1.602166 0.785246 -0.113115 
521207262037957 2.156526 -0.630128 0.513021 
521207282608374 -0.700794 -1.256570 -0.068522 
521207303178061 -1.718189 -0.881193 -0.460697 
521207323747905 -3.171741 -0.751995 -0.935033 
521207344317437 -3.811928 0.389100 -1.279867 
521207364887281 -4.727309 2.737264 -2.527252 
521207385458843 -4.658892 5.293733 -4.011653 
521207406027540 -3.261233 6.154441 -5.346698 
521207426597228 -1.832726 6.615033 -6.247419 
521207447166447 -1.343423 7.640675 -6.103254 
521207467736291 -0.936587 8.051786 -5.015915 
521207488306187 -0.454615 7.953437 -4.261497 
521207508875979 -0.671472 8.168767 -4.170478 
521207529446030 -0.901463 8.456485 -3.939877 
521207550015822 -0.681246 7.926865 -3.209894 
521207570585457 -0.460724 7.308670 -2.133550 
521207591155248 -0.342216 6.177349 -1.629587 
521207611725874 -0.031286 5.003267 -1.241077 
521207632295718 0.032550 4.134006 -0.885553 
521207652865770 0.130899 3.702430 -0.886470 
521207673435613 0.626615 2.952594 -1.074311 
521207694004051 1.337967 2.256819 -1.199538 
521207714573895 1.589949 1.571429 -0.539499 
521207735146967 1.083237 1.899158 0.736903 
521207755716759 -0.461029 0.479508 1.497124 
521207776283895 -0.843125 0.033882 1.300426 
521207796853687 -1.030355 -0.186640 0.614730 
521207817423529 -1.359306 -0.559268 -0.122583 
521207837993322 -1.415200 -0.745581 -0.392586 
521207858562280 -0.578621 0.401012 -1.232830 
521207879133529 -0.453393 0.207062 -1.431361 
521207899704155 -0.096954 0.057095 -1.034299 
521207920273582 0.441523 -0.606610 -0.479939 
521207940843531 0.787578 -1.232746 -0.633877 
521207961417019 0.939684 -1.491447 -1.082557 
521207981982384 1.013598 -1.468234 -1.157694 
521208002552072 0.531626 -0.923954 -0.867227 
521208023122383 0.008115 -0.257806 -0.535528 
521208043691082 -0.079239 -0.101425 -0.366929 
521208064260769 0.046905 -0.338746 -0.301261 
521208084831759 0.115933 -0.394640 -0.405719 
521208105400977 0.016362 -0.132884 -0.363875 
521208125971707 -0.047474 0.062287 -0.161679 
521208146540874 0.000174 0.003033 -0.193749 
521208167110821 -0.001353 -0.048279 -0.242007 
521208187680613 -0.093289 -0.069660 -0.231012 
521208208250770 -0.068854 -0.054999 -0.220322 
521208228820562 -0.094205 -0.018042 -0.241091 
521208249390353 -0.151626 0.067480 -0.217878 
521208269960145 -0.206299 0.078781 -0.156486 
521208290529208 -0.243561 0.123985 -0.126554 
521208311098999 -0.256084 0.106880 -0.127776 
521208331669363 -0.176366 0.013418 -0.123194 
521208352239207 -0.125054 0.029301 -0.154654 
521208372808322 -0.112531 0.084278 -0.167787 
521208393378165 -0.121388 0.068396 -0.113726 
521208413948998 -0.071908 0.068396 -0.093567 
521208434518842 -0.078933 0.043656 -0.112199 
521208455088269 -0.114363 0.061676 -0.110672 
521208475658113 -0.174228 0.098939 -0.089902 
521208496226915 -0.254557 0.161858 -0.066995 
521208516796759 -0.268607 0.117570 -0.052334 
521208537369206 -0.284184 0.101383 -0.022402 
521208557938061 -0.300372 0.081529 -0.012628 
521208578508165 -0.291820 0.082446 0.009974 
521208599078165 -0.248143 0.076643 -0.007435 
521208619645925 -0.233787 0.196677 0.009058 
521208640219051 -0.304037 0.224777 -0.003465 
521208660785457 -0.286322 0.112378 -0.005603 
521208681355144 -0.177282 0.150557 0.010280 
521208701924936 -0.059691 0.164302 0.035020 
521208722495092 -0.005019 0.131620 0.027384 
521208743064779 0.023997 0.098939 0.010280 
521208763634832 0.067063 0.118181 0.008753 
521208784204311 0.142200 0.117876 -0.007741 
521208804774363 0.161442 0.124901 -0.007130 
521208825343946 0.099745 0.154528 0.026468 
521208845913842 0.041407 0.107797 0.034714 
521208866483582 0.001701 0.137424 0.022802 
521208887053216 -0.012349 0.166745 0.033187 
521208907623008 -0.048695 0.179268 0.061287 
521208928192904 -0.067632 0.251961 0.074726 
521208948762695 -0.050833 0.261735 0.070450 
521208969332539 -0.027315 0.153306 0.058233 
521208989902383 -0.016625 0.271203 0.068923 
521209010472488 0.046294 0.446521 0.131536 
521209031042331 0.293694 0.636806 0.170326 
521209051611967 0.550563 0.154833 0.009974 
521209072181811 0.311715 0.080919 0.045710 
521209092751602 0.116543 0.100772 0.030438 
521209113321446 -0.014487 0.163691 0.020970 
521209133891395 0.089055 0.193623 -0.030648 
521209154461239 0.230775 -0.181142 -0.065162 
521209175031030 0.133342 -0.328361 -0.033397 
521209195600874 0.001090 -0.334469 -0.001938 
