# Created at Thu Nov 07 18:05:58 EST 2019 in Burnaby Canada 
521203030918011 -35.894337 -41.027542 21.886229 
521203050923896 -34.999619 -41.574371 21.262169 
521203070918948 -33.903671 -40.250702 20.791168 
521203090924521 -35.894337 -41.027542 21.886229 
521203110934314 -34.373848 -40.985321 21.564028 
521203130918323 -32.303051 -42.931900 20.158857 
521203150943480 -34.200806 -40.411835 22.485298 
521203171187907 -34.375870 -41.423920 22.947598 
521203190966813 -34.273239 -42.551910 19.870647 
521203210925667 -34.684032 -40.695023 19.568338 
521203230918479 -33.891609 -40.260956 22.636168 
521203250925564 -33.603207 -40.679489 21.864298 
521203270918740 -35.571056 -40.448288 22.498528 
521203290924470 -34.508324 -40.417374 22.026989 
521203310919678 -33.617622 -40.960800 20.787928 
521203330924625 -35.175011 -42.439407 21.109528 
521203350918115 -34.994591 -41.578644 22.030918 
521203370926970 -34.403366 -42.134430 21.563549 
521203390918896 -36.666656 -41.478699 21.893398 
521203410924782 -33.792374 -42.560287 23.556238 
521203430919470 -34.372856 -41.426498 23.408848 
521203450924937 -35.156563 -41.721222 21.109827 
521203470918583 -33.009296 -41.090805 21.243238 
521203490924885 -34.657887 -40.276932 21.874767 
521203510918114 -34.529442 -40.839752 20.489307 
521203531160980 -35.155571 -42.162384 22.954647 
521203550967907 -34.241741 -42.285156 23.560768 
521203570918479 -33.015343 -41.526001 22.011808 
521203590918271 -33.195763 -42.386749 21.090418 
521203610925042 -32.701782 -41.085266 21.701548 
521203630918219 -35.261532 -40.444473 23.264338 
521203650925719 -34.388275 -41.706940 22.178728 
521203670918375 -34.659897 -40.275223 21.567268 
521203690924573 -33.788998 -41.829254 21.250288 
521203710918897 -35.615997 -41.877853 21.267929 
521203730924781 -35.138111 -41.003021 21.110128 
521203750917803 -34.669304 -41.001114 22.950718 
521203770918011 -35.461060 -41.729309 21.112768 
521203790917593 -33.775570 -41.106781 20.481838 
521203810925250 -33.777580 -41.105072 20.174337 
521203830918687 -33.179321 -41.666855 20.783218 
521203850925251 -34.713238 -42.431519 21.873867 
521203870942386 -33.597160 -40.244308 21.095728 
521203891135979 -33.504955 -42.537643 20.939548 
521203910965302 -34.670967 -40.706131 21.567089 
521203930924313 -33.753117 -40.832321 22.788208 
521203951124834 -33.479126 -41.532166 20.939968 
521203970918063 -34.229305 -41.121490 20.947498 
521203990917802 -35.156563 -41.721222 21.109827 
521204010924729 -32.985821 -40.376877 22.012289 
521204030931187 -35.182392 -42.726700 21.109407 
521204050924626 -32.718224 -41.805176 22.008749 
521204070923323 -33.004272 -41.095078 22.011988 
521204090924729 -33.645130 -42.111618 21.094948 
521204110918896 -33.207176 -43.110931 22.166368 
521204130924937 -31.636362 -40.909866 21.076317 
521204150918271 -31.364082 -42.635696 22.917658 
521204170918636 -31.364082 -42.635696 22.917658 
521204190917907 -31.548191 -43.640091 21.996208 
521204210921292 -30.021011 -43.897141 23.826387 
521204230932490 -28.337187 -42.979630 21.811829 
521204251102646 -30.198418 -44.760483 23.366247 
521204270965718 -29.438187 -45.179688 24.896217 
521204290971605 -26.871746 -46.119736 25.485809 
521204310917906 -25.771107 -44.653275 25.168617 
521204330923897 -26.532011 -44.380264 24.099838 
521204350918479 -26.838867 -44.679916 24.871408 
521204370929001 -24.667795 -43.482651 26.388807 
521204390919312 -24.226151 -44.338303 27.460287 
521204410925249 -24.430391 -46.206268 26.845978 
521204430920458 -24.582970 -46.063263 26.232508 
521204450925041 -24.428036 -45.914703 26.077347 
521204470918063 -23.486366 -45.033691 26.991388 
521204490924781 -23.973295 -45.900833 25.765438 
521204510918896 -23.643656 -45.473816 27.915178 
521204530924834 -23.924335 -44.474701 27.611036 
521204550918218 -24.515560 -43.918930 28.078407 
521204570918427 -23.055447 -46.027039 26.986559 
521204590939990 -21.842140 -46.137421 26.820988 
521204611098062 -22.242880 -44.289093 28.056177 
521204631098062 -21.043001 -45.121933 28.659058 
521204650971708 -22.276768 -45.728058 28.516829 
521204670919208 -22.900856 -46.171768 27.907528 
521204690924677 -21.361916 -45.411331 27.585627 
521204710918791 -21.941755 -45.012009 30.359188 
521204730924209 -21.055405 -45.404953 27.890188 
521204750917803 -22.108751 -45.150284 28.669348 
521204770918635 -22.700619 -43.860062 26.215769 
521204790918792 -21.344486 -45.132599 29.123247 
521204810924886 -21.202959 -45.266235 28.045467 
521204830917854 -23.911932 -44.191711 28.379908 
521204850924364 -23.911932 -44.191711 28.379908 
521204870918530 -23.014542 -45.034378 29.293228 
521204890924729 -21.808615 -45.432053 29.127537 
521204910918531 -22.841156 -44.167648 29.138367 
521204930925354 -22.701986 -44.592804 28.829218 
521204951126605 -22.215370 -43.138275 27.749159 
521204971063635 -23.143646 -44.177444 29.448809 
521204991063166 -23.723457 -42.897461 28.840227 
521205010948322 -23.870007 -42.759583 29.149258 
521205030918948 -24.127886 -41.192764 30.075357 
521205050925458 -26.406610 -41.257797 30.866158 
521205070920146 -25.921991 -39.361237 27.787529 
521205090918584 -27.542742 -37.543594 28.726978 
521205110926084 -27.999491 -37.555740 28.731388 
521205130919678 -29.816441 -37.612885 30.286528 
521205150919677 -29.762081 -35.017120 28.442606 
521205170918427 -31.910351 -35.646652 28.155447 
521205190918791 -31.457623 -35.631073 27.536037 
521205210924521 -33.381523 -33.529129 27.556047 
521205230918635 -32.400597 -30.920166 27.702057 
521205250925146 -33.515305 -32.374664 25.866747 
521205270917906 -33.214165 -32.657257 26.478687 
521205290924520 -33.688690 -33.241394 26.021606 
521205310918166 -31.827145 -32.047958 26.773197 
521205331033427 -32.880493 -31.793289 27.552357 
521205351033427 -32.892895 -32.076309 26.783487 
521205370920718 -34.085068 -31.103210 26.795668 
521205390918374 -31.116882 -33.892456 26.303818 
521205410919885 -34.749748 -33.126968 26.185707 
521205430919885 -34.710838 -31.692276 26.493809 
521205450922541 -34.267509 -32.402603 27.257849 
521205470920355 -34.092445 -31.390503 26.795547 
521205490918947 -32.439148 -31.621277 24.626757 
521205510920041 -35.273529 -29.546188 25.116838 
521205530919365 -34.394592 -31.107040 26.029858 
521205550920354 -35.753754 -30.272263 24.352198 
521205570919468 -34.701431 -30.966385 25.110357 
521205590919625 -34.759796 -33.118423 24.648207 
521205610918740 -33.227245 -33.086472 26.171007 
521205630917697 -34.893944 -37.260910 20.495218 
521205650931395 -33.601841 -39.946762 19.250847 
521205670919364 -32.749374 -41.778671 17.242498 
521205691011812 -33.557575 -43.226776 15.711748 
521205711011656 -32.786938 -42.920959 16.012018 
521205730918218 -30.869051 -44.577438 13.378438 
521205750918375 -29.060848 -45.540314 14.436628 
521205770920875 -29.380436 -45.975891 13.824389 
521205790918323 -29.364655 -44.961884 12.287308 
521205810919521 -31.642361 -44.587433 11.540788 
521205830918427 -31.332836 -44.583618 12.306598 
521205850918895 -30.874077 -44.573166 12.609688 
521205870918167 -30.545757 -43.557892 12.299667 
521205890924938 -29.805973 -44.253265 11.830769 
521205910919104 -27.656036 -43.918701 13.501558 
521205930925094 -30.219448 -42.540894 11.682148 
521205951126395 -29.466597 -43.247391 13.211998 
521205970918634 -28.260984 -43.057663 10.740298 
521205990918583 -28.602385 -44.502167 10.742638 
521206010918635 -30.579281 -44.263275 9.993118 
521206030933530 -31.007545 -44.006088 13.226398 
521206050976343 -30.788216 -41.710632 14.455888 
521206070976343 -28.017551 -41.223053 17.350859 
521206090924833 -29.295237 -42.819260 14.440708 
521206110922333 -32.316761 -42.186340 15.239159 
521206130918843 -30.914307 -40.856277 15.072718 
521206150918427 -30.622887 -41.277374 14.762098 
521206170918843 -29.685566 -40.245880 14.446198 
521206190923531 -32.231544 -38.589355 14.164408 
521206210917541 -31.482731 -39.732742 16.770329 
521206230917281 -30.833126 -37.696182 15.074038 
521206250918530 -31.116837 -37.134872 15.999718 
521206270917437 -31.403906 -36.864212 17.540277 
521206290917801 -30.324732 -36.113403 16.761538 
521206310918531 -29.270067 -36.956284 18.442137 
521206330917645 -31.101418 -36.854416 17.229837 
521206350918635 -31.275776 -32.276291 19.079699 
521206370940302 -32.442806 -30.884262 21.244558 
521206390918843 -34.721531 -30.949280 22.035358 
521206410947281 -31.820051 -30.292633 21.085167 
521206430947228 -31.027946 -29.271194 21.846987 
521206450960978 -31.407581 -32.004181 21.080038 
521206470923844 -30.171116 -30.813263 19.377508 
521206490925041 -29.116796 -31.949417 22.134237 
521206510918062 -29.635586 -33.816910 19.985369 
521206530918426 -30.714760 -34.567734 20.764109 
521206550919728 -30.711731 -34.129990 19.534288 
521206570919573 -29.574898 -36.817322 17.830137 
521206590918479 -31.044403 -34.994812 18.614368 
521206610919155 -31.256697 -37.296219 18.461128 
521206630919832 -32.767136 -37.346985 20.320827 
521206650923791 -34.132347 -36.947388 19.411737 
521206670918426 -35.056213 -36.375748 15.577047 
521206690925613 -35.056213 -36.375748 15.577047 
521206710919833 -35.987473 -36.531723 13.433308 
521206730918843 -39.030117 -36.321167 12.694078 
521206750933218 -40.547592 -36.365936 13.477528 
521206770932853 -40.325890 -33.338593 12.247318 
521206790931551 -41.279305 -34.796738 11.794288 
521206810918270 -42.036522 -34.380096 10.725568 
521206830917958 -41.549263 -33.660004 12.566458 
521206850932645 -41.380257 -33.523422 14.563798 
521206870919676 -43.098267 -34.852173 13.041928 
521206890926187 -41.830616 -32.807114 12.723508 
521206910918114 -42.642536 -35.279526 14.574839 
521206930919572 -41.566063 -35.113510 15.640858 
521206951125509 -42.924583 -35.013138 16.884148 
521206970918947 -42.046288 -35.839569 14.876218 
521206990918582 -43.398762 -35.304047 15.350939 
521207010925092 -44.443047 -34.616760 15.822779 
521207030919832 -44.160011 -35.324295 15.358288 
521207050924311 -43.517471 -34.162369 15.967888 
521207070918739 -43.068100 -34.437515 15.963358 
521207090926656 -46.104702 -33.791763 14.455558 
521207110918686 -45.621792 -32.921188 15.066507 
521207130955979 -46.578911 -34.963287 16.304487 
521207150955562 -50.002525 -32.774445 19.260508 
521207170919260 -47.944782 -29.706223 19.396408 
521207190918478 -49.307335 -25.479401 26.946657 
521207210926551 -43.311253 -24.050079 30.733618 
521207230918583 -40.762947 -21.732361 38.859810 
521207250924988 -41.248180 -17.450470 40.866238 
521207270918217 -41.517792 -16.020447 40.562279 
521207290925197 -41.630802 -14.736862 41.486790 
521207310918686 -39.010723 -14.548325 45.766861 
521207330925198 -40.734776 -16.312256 45.013561 
521207350919416 -38.480217 -17.547699 45.605968 
521207370920354 -39.529213 -22.006882 42.384178 
521207390920562 -37.644520 -24.515823 38.058990 
521207410926030 -40.692192 -28.864349 31.320118 
521207430927696 -41.238461 -35.565384 20.865238 
521207450931812 -40.798798 -40.102051 13.016188 
521207470919677 -37.750736 -43.266006 3.143938 
521207490960666 -34.259369 -47.580627 -4.273202 
521207510960666 -31.717346 -47.472443 -11.370693 
521207530920040 -26.953661 -50.479843 -15.570303 
521207550918895 -20.353901 -52.565674 -21.785944 
521207570918426 -14.752810 -52.388474 -26.760334 
521207590976915 -7.913273 -51.902679 -29.747616 
521207610919259 -4.564762 -51.372406 -31.624775 
521207630919468 0.141571 -51.529007 -32.592960 
521207650918999 3.179192 -51.735306 -32.622482 
521207670919728 7.204777 -49.338593 -31.429745 
521207690924572 9.310116 -50.140320 -32.065685 
521207710919363 10.430195 -48.396820 -30.537754 
521207730918061 14.608639 -52.174530 -28.274284 
521207750921395 13.631432 -49.195847 -26.571484 
521207770934259 14.787697 -52.046494 -24.739443 
521207790918582 12.825901 -50.939774 -26.564854 
521207810921187 12.355747 -51.234085 -27.483063 
521207830918477 12.821224 -50.642212 -28.409737 
521207850932124 11.892319 -50.506653 -31.322102 
521207870931238 12.728031 -47.907730 -30.098373 
521207890919415 12.388641 -49.353943 -29.788532 
521207910920718 16.372639 -48.096085 -30.441273 
521207930919884 15.478939 -47.109787 -31.354534 
521207951126551 14.192165 -50.019272 -30.575222 
521207970919467 14.688831 -48.573273 -30.117783 
521207990919051 16.525223 -48.239090 -29.827805 
521208010920406 15.740150 -49.266541 -29.513374 
521208030920040 16.340763 -49.536758 -29.673122 
521208050918321 17.268021 -48.937042 -29.835453 
521208070917540 18.192261 -48.334778 -30.459030 
521208090924832 18.484013 -48.902939 -30.154713 
521208110918373 15.608017 -48.847366 -28.127972 
521208130924363 18.016865 -49.199814 -30.611675 
521208150918895 17.076183 -50.521988 -29.680893 
521208170919780 19.099697 -49.186005 -28.008213 
521208190927592 16.495358 -49.681473 -28.752155 
521208210919989 19.874371 -48.443268 -28.784016 
521208230919989 18.485676 -49.197922 -28.771084 
521208250918218 20.166126 -49.011429 -28.479694 
521208270925822 18.662075 -48.333725 -28.464695 
521208290925196 18.940426 -48.743729 -30.774063 
521208310918426 18.982010 -47.604874 -28.928581 
521208330924780 18.938072 -49.035294 -30.005436 
521208350918842 20.192974 -47.566483 -30.016594 
521208370919207 20.200008 -47.572464 -28.940342 
521208390917749 19.436749 -47.591003 -29.240494 
521208410967801 20.377766 -46.415878 -29.556335 
521208430919363 18.225140 -46.894958 -31.073433 
521208450925561 22.165501 -48.095230 -28.805943 
521208470918738 20.662823 -46.684799 -31.404392 
521208490924728 20.366360 -46.699738 -30.171452 
521208510917748 19.630939 -45.714508 -30.163681 
521208530919363 20.370731 -46.409897 -30.632584 
521208550920040 21.258724 -47.538132 -30.026886 
521208570919207 20.986103 -46.105560 -30.792095 
521208590919467 21.445530 -45.948929 -30.950191 
521208610919676 19.930065 -45.995407 -29.859245 
521208630918008 20.226856 -46.127518 -30.477242 
521208650925093 20.974041 -46.095306 -32.637093 
521208670917436 22.187672 -46.352753 -32.187725 
521208690924623 22.498554 -46.056519 -32.344296 
521208710917228 21.322468 -44.656784 -31.563187 
521208730923894 19.624928 -45.269073 -32.777252 
521208750918217 21.922749 -45.220291 -30.646805 
521208770918321 21.749355 -46.087021 -30.491943 
521208790917957 19.175213 -45.287201 -31.696594 
521208810923998 21.728901 -46.803513 -30.799744 
521208830918217 21.319096 -45.387802 -29.257236 
521208850918008 21.154461 -45.234558 -31.715702 
521208870917852 23.565289 -46.469330 -30.509762 
521208890924050 21.870411 -47.377441 -30.186451 
521208910917748 22.513630 -46.069336 -30.038044 
521208930917904 21.292606 -46.099167 -30.487534 
521208950917904 22.925770 -47.633820 -30.658112 
521208970924155 22.799679 -46.779434 -30.041286 
521208990917227 22.077679 -45.071716 -30.801964 
521209010917801 21.852985 -47.656189 -31.724072 
521209030918113 20.951206 -47.543671 -30.485191 
521209050924467 23.745716 -45.608566 -29.588375 
521209070917540 22.476727 -47.505737 -30.038647 
521209090924155 23.261448 -46.771561 -29.276943 
521209110917957 20.544422 -46.130524 -28.481434 
521209130924780 22.538090 -45.796585 -27.424171 
521209150919468 23.250034 -47.495758 -28.200993 
521209170918478 22.050480 -46.809952 -28.188931 
521209190918166 22.050480 -46.809952 -28.188931 
