# Created at Thu Nov 07 17:59:08 EST 2019 in Burnaby Canada 
520792059050720 0.000000 0.000000 0.000000 
520792079616814 0.000000 0.000000 0.000000 
520792100185042 0.000000 0.000000 0.000000 
520792120753168 0.000000 0.000000 0.000000 
520792141321657 0.000000 0.000000 0.000000 
520792161890304 0.000000 0.000000 0.000000 
520792182458742 0.000000 0.000000 0.000000 
520792203027230 0.000000 0.000000 0.000000 
520792223595773 0.000000 0.000000 0.000000 
520792244164105 0.000000 0.000000 0.000000 
520792264732699 0.000000 0.000000 0.000000 
520792285300981 0.000000 0.000000 0.000000 
520792305869782 0.000000 0.000000 0.000000 
520792326438116 0.000000 0.000000 0.000000 
520792347006449 0.000000 0.000000 0.000000 
520792367575303 0.000000 0.000000 0.000000 
520792388143480 0.000000 0.000000 0.000000 
520792408711866 0.000000 0.000000 0.000000 
520792429280355 0.000000 0.000000 0.000000 
520792449849157 0.000000 0.000000 0.000000 
520792470417387 0.000000 0.000000 0.000000 
520792490986449 0.000000 0.000000 0.000000 
520792511554522 0.000000 0.000000 0.000000 
520792532122751 0.000000 0.000000 0.000000 
520792552691345 0.000000 0.000000 0.000000 
520792573260252 0.000000 0.000000 0.000000 
520792593828324 0.000000 0.000000 0.000000 
520792614397283 0.000000 0.000000 0.000000 
520792634965459 0.000000 0.000000 0.000000 
520792655534053 0.000000 0.000000 0.000000 
520792676102335 0.000000 0.000000 0.000000 
520792696670823 0.000000 0.000000 0.000000 
520792717239939 0.000000 0.000000 0.000000 
520792737808012 0.000000 0.000000 0.000000 
520792758376502 0.000000 0.000000 0.000000 
520792778944834 0.000000 0.000000 0.000000 
520792799514470 0.000000 0.000000 0.000000 
520792820082803 0.000000 0.000000 0.000000 
520792840650719 0.000000 0.000000 0.000000 
520792861218845 0.000000 0.000000 0.000000 
520792881787751 0.000000 0.000000 0.000000 
520792902355824 0.000000 0.000000 0.000000 
520792922924574 0.000000 0.000000 0.000000 
520792943492751 0.000000 0.000000 0.000000 
520792964062074 0.000000 0.000000 0.000000 
520792984630668 0.000000 0.000000 0.000000 
520793005199053 0.000000 0.000000 0.000000 
520793025768011 0.000000 0.000000 0.000000 
520793046335824 0.000000 0.000000 0.000000 
520793066904262 0.000000 0.000000 0.000000 
520793087474834 0.000000 0.000000 0.000000 
520793108042907 0.000000 0.000000 0.000000 
520793128610511 0.000000 0.000000 0.000000 
520793149178324 0.000000 0.000000 0.000000 
520793169748116 0.000000 0.000000 0.000000 
520793190316397 0.000000 0.000000 0.000000 
520793210886814 0.000000 0.000000 0.000000 
520793231453375 0.000000 0.000000 0.000000 
520793252022438 0.000000 0.000000 0.000000 
520793272590616 0.000000 0.000000 0.000000 
520793293161969 0.000000 0.000000 0.000000 
520793313728168 0.000000 0.000000 0.000000 
520793334296865 0.000000 0.000000 0.000000 
520793354863532 0.000000 0.000000 0.000000 
520793375434678 0.000000 0.000000 0.000000 
520793396001084 0.000000 0.000000 0.000000 
520793416568480 0.000000 0.000000 0.000000 
520793437136917 0.000000 0.000000 0.000000 
520793457705511 0.000000 0.000000 0.000000 
520793478275094 0.000000 0.000000 0.000000 
520793498841865 0.000000 0.000000 0.000000 
520793519412908 0.000000 0.000000 0.000000 
520793539980095 0.000000 0.000000 0.000000 
520793560548427 0.000000 0.000000 0.000000 
520793581117439 0.000000 0.000000 0.000000 
520793601685042 0.000000 0.000000 0.000000 
520793622253168 0.000000 0.000000 0.000000 
520793642821813 0.000000 0.000000 0.000000 
520793663390303 0.000000 0.000000 0.000000 
520793683961292 0.000000 0.000000 0.000000 
520793704527126 0.000000 0.000000 0.000000 
520793725095615 0.000000 0.000000 0.000000 
520793745664157 0.000000 0.000000 0.000000 
520793766236501 0.000000 0.000000 0.000000 
520793786804626 0.000000 0.000000 0.000000 
520793807372438 0.000000 0.000000 0.000000 
520793827940303 0.000000 0.000000 0.000000 
520793848507751 0.000000 0.000000 0.000000 
520793869075667 0.000000 0.000000 0.000000 
520793889644001 0.000000 0.000000 0.000000 
520793910212281 0.000000 0.000000 0.000000 
520793930782334 0.000000 0.000000 0.000000 
520793951349365 0.000000 0.000000 0.000000 
520793971918688 0.000000 0.000000 0.000000 
520793992486709 0.000000 0.000000 0.000000 
520794013055147 0.000000 0.000000 0.000000 
520794033623219 0.000000 0.000000 0.000000 
520794054192334 0.000000 0.000000 0.000000 
520794074760771 0.000000 0.000000 0.000000 
520794095329730 0.000000 0.000000 0.000000 
520794115897386 0.000000 0.000000 0.000000 
520794136465875 0.000000 0.000000 0.000000 
520794157034834 0.000000 0.000000 0.000000 
520794177603741 0.000000 0.000000 0.000000 
520794198171657 0.000000 0.000000 0.000000 
520794218740043 0.000000 0.000000 0.000000 
520794239309054 0.000000 0.000000 0.000000 
520794259877126 0.000000 0.000000 0.000000 
520794280446553 0.000000 0.000000 0.000000 
520794301014469 0.000000 0.000000 0.000000 
520794321584261 0.000000 0.000000 0.000000 
520794342151605 0.000000 0.000000 0.000000 
520794362720198 0.000000 0.000000 0.000000 
520794383288323 0.000000 0.000000 0.000000 
520794403856709 0.000000 0.000000 0.000000 
520794424425302 0.000000 0.000000 0.000000 
520794444993896 0.000000 0.000000 0.000000 
520794465562438 0.000000 0.000000 0.000000 
520794486130198 0.000000 0.000000 0.000000 
520794506699990 0.000000 0.000000 0.000000 
520794527268272 0.000000 0.000000 0.000000 
520794547836761 0.000000 0.000000 0.000000 
520794568405563 0.000000 0.000000 0.000000 
520794588973739 0.000000 0.000000 0.000000 
520794609543635 0.000000 0.000000 0.000000 
520794630110980 0.000000 0.000000 0.000000 
520794650679937 0.000000 0.000000 0.000000 
520794671248011 0.000000 0.000000 0.000000 
520794691816709 0.000000 0.000000 0.000000 
520794712385302 0.000000 0.000000 0.000000 
520794732954156 0.000000 0.000000 0.000000 
520794753522490 0.000000 0.000000 0.000000 
520794774090979 0.000000 0.000000 0.000000 
520794794660198 0.000000 0.000000 0.000000 
520794815228219 0.000000 0.000000 0.000000 
520794835796343 0.000000 0.000000 0.000000 
520794856365406 0.000000 0.000000 0.000000 
520794876933532 0.000000 0.000000 0.000000 
520794897501865 0.000000 0.000000 0.000000 
520794918070615 0.000000 0.000000 0.000000 
520794938639105 0.000000 0.000000 0.000000 
520794959208740 0.000000 0.000000 0.000000 
520794979776552 0.000000 0.000000 0.000000 
520795000345199 0.000000 0.000000 0.000000 
520795020913062 0.000000 0.000000 0.000000 
520795041483219 0.000000 0.000000 0.000000 
520795062050928 0.000000 0.000000 0.000000 
520795082619677 0.000000 0.000000 0.000000 
520795103187698 0.000000 0.000000 0.000000 
520795123757282 0.000000 0.000000 0.000000 
520795144325094 0.000000 0.000000 0.000000 
520795164893219 0.000000 0.000000 0.000000 
520795185461761 0.000000 0.000000 0.000000 
520795206030719 0.000000 0.000000 0.000000 
520795226598948 0.000000 0.000000 0.000000 
520795247167542 0.000000 0.000000 0.000000 
520795267735771 0.000000 0.000000 0.000000 
520795288306188 0.000000 0.000000 0.000000 
520795308874105 0.000000 0.000000 0.000000 
520795329442958 0.000000 0.000000 0.000000 
520795350011239 0.000000 0.000000 0.000000 
520795370579834 0.000000 0.000000 0.000000 
520795391147958 0.000000 0.000000 0.000000 
520795411716344 0.000000 0.000000 0.000000 
520795432284990 0.000000 0.000000 0.000000 
520795452854156 0.000000 0.000000 0.000000 
520795473421917 0.000000 0.000000 0.000000 
520795493991709 0.000000 0.000000 0.000000 
520795514559625 0.000000 0.000000 0.000000 
520795535128687 0.000000 0.000000 0.000000 
520795555695354 0.000000 0.000000 0.000000 
520795576265458 0.000000 0.000000 0.000000 
520795596832959 0.000000 0.000000 0.000000 
520795617401500 0.000000 0.000000 0.000000 
520795637972437 0.000000 0.000000 0.000000 
520795658540771 0.000000 0.000000 0.000000 
520795679108010 0.000000 0.000000 0.000000 
520795699676084 0.000000 0.000000 0.000000 
520795720244208 0.000000 0.000000 0.000000 
520795740812698 0.000000 0.000000 0.000000 
520795761382438 0.000000 0.000000 0.000000 
520795781950823 0.000000 0.000000 0.000000 
520795802519834 0.000000 0.000000 0.000000 
520795823087907 0.000000 0.000000 0.000000 
520795843655458 0.000000 0.000000 0.000000 
520795864225302 0.000000 0.000000 0.000000 
520795884792750 0.000000 0.000000 0.000000 
520795905361447 0.000000 0.000000 0.000000 
520795925930511 0.000000 0.000000 0.000000 
520795946498427 0.000000 0.000000 0.000000 
520795967067072 0.000000 0.000000 0.000000 
520795987635458 0.000000 0.000000 0.000000 
520796008204104 0.000000 0.000000 0.000000 
520796028772541 0.000000 0.000000 0.000000 
520796049340822 0.000000 0.000000 0.000000 
520796069909625 0.000000 0.000000 0.000000 
520796090478010 0.000000 0.000000 0.000000 
520796111046552 0.000000 0.000000 0.000000 
520796131614989 0.000000 0.000000 0.000000 
520796152183376 0.000000 0.000000 0.000000 
520796172752489 0.000000 0.000000 0.000000 
520796193320719 0.000000 0.000000 0.000000 
520796213889521 0.000000 0.000000 0.000000 
520796234458740 0.000000 0.000000 0.000000 
520796255027541 0.000000 0.000000 0.000000 
520796275595980 0.000000 0.000000 0.000000 
520796296165771 0.000000 0.000000 0.000000 
520796316733323 0.000000 0.000000 0.000000 
520796337301865 0.000000 0.000000 0.000000 
520796357870614 0.000000 0.000000 0.000000 
520796378438635 0.000000 0.000000 0.000000 
520796399007489 0.000000 0.000000 0.000000 
520796419576395 0.000000 0.000000 0.000000 
520796440145458 0.000000 0.000000 0.000000 
520796460712802 0.000000 0.000000 0.000000 
520796481281969 0.000000 0.000000 0.000000 
520796501850510 0.000000 0.000000 0.000000 
520796522419260 0.000000 0.000000 0.000000 
520796542987125 0.000000 0.000000 0.000000 
520796563555458 0.000000 0.000000 0.000000 
520796584123427 0.000000 0.000000 0.000000 
520796604691969 0.000000 0.000000 0.000000 
520796625260301 0.000000 0.000000 0.000000 
520796645829625 0.000000 0.000000 0.000000 
520796666397907 0.000000 0.000000 0.000000 
520796686966187 0.000000 0.000000 0.000000 
520796707534469 0.000000 0.000000 0.000000 
520796728102646 0.000000 0.000000 0.000000 
520796748671239 0.000000 0.000000 0.000000 
520796769241239 0.000000 0.000000 0.000000 
520796789809416 0.000000 0.000000 0.000000 
520796810376916 0.000000 0.000000 0.000000 
520796830945666 0.000000 0.000000 0.000000 
520796851513739 0.000000 0.000000 0.000000 
520796872082490 0.000000 0.000000 0.000000 
520796892651135 0.000000 0.000000 0.000000 
520796913219468 0.000000 0.000000 0.000000 
520796933789313 0.000000 0.000000 0.000000 
520796954356759 0.000000 0.000000 0.000000 
520796974925979 0.000000 0.000000 0.000000 
520796995493999 0.000000 0.000000 0.000000 
520797016062698 0.000000 0.000000 0.000000 
520797036631968 0.000000 0.000000 0.000000 
520797057199937 0.000000 0.000000 0.000000 
520797077768790 0.000000 0.000000 0.000000 
520797098337281 0.000000 0.000000 0.000000 
520797118906396 0.000000 0.000000 0.000000 
520797139473895 0.000000 0.000000 0.000000 
520797160043270 0.000000 0.000000 0.000000 
520797180611656 0.000000 0.000000 0.000000 
520797201180301 0.000000 0.000000 0.000000 
520797221748582 0.000000 0.000000 0.000000 
520797242317854 0.000000 0.000000 0.000000 
520797262886135 0.000000 0.000000 0.000000 
520797283458635 0.000000 0.000000 0.000000 
520797304024468 0.000000 0.000000 0.000000 
520797324592229 0.000000 0.000000 0.000000 
520797345160926 0.000000 0.000000 0.000000 
520797365729208 0.000000 0.000000 0.000000 
520797386297802 0.000000 0.000000 0.000000 
520797406865509 0.000000 0.000000 0.000000 
520797427433635 0.000000 0.000000 0.000000 
520797448002854 0.000000 0.000000 0.000000 
520797468571551 0.000000 0.000000 0.000000 
520797489140458 0.000000 0.000000 0.000000 
520797509708323 0.000000 0.000000 0.000000 
520797530277124 0.000000 0.000000 0.000000 
520797550845457 0.000000 0.000000 0.000000 
520797571413635 0.000000 0.000000 0.000000 
520797591981968 0.000000 0.000000 0.000000 
520797612551968 0.000000 0.000000 0.000000 
520797633119207 0.000000 0.000000 0.000000 
520797653689312 0.000000 0.000000 0.000000 
520797674256031 0.000000 0.000000 0.000000 
520797694824572 0.000000 0.000000 0.000000 
520797715393114 0.000000 0.000000 0.000000 
520797735961499 0.000000 0.000000 0.000000 
520797756530354 0.000000 0.000000 0.000000 
520797777098791 0.000000 0.000000 0.000000 
520797797668269 0.000000 0.000000 0.000000 
520797818235874 0.000000 0.000000 0.000000 
520797838807750 0.000000 0.000000 0.000000 
520797859374884 0.000000 0.000000 0.000000 
520797879941864 0.000000 0.000000 0.000000 
520797900509885 0.000000 0.000000 0.000000 
520797921078686 0.000000 0.000000 0.000000 
