# Created at Thu Nov 07 17:59:08 EST 2019 in Burnaby Canada 
520792059050720 9.120319 -1.077344 -2.412055 
520792079616814 9.643429 -1.511873 -4.169323 
520792100185042 9.653006 -1.449627 -3.914351 
520792120753168 9.378881 -1.386183 -2.848978 
520792141321657 9.247206 -1.279646 -2.785534 
520792161890304 9.263965 -1.367030 -3.100358 
520792182458742 9.326212 -1.477159 -3.212881 
520792203027230 9.399231 -1.485538 -3.135072 
520792223595773 9.439932 -1.481947 -3.102752 
520792244164105 9.460281 -1.501100 -3.118314 
520792264732699 9.408808 -1.474765 -3.093176 
520792285300981 9.362123 -1.424489 -3.046491 
520792305869782 9.335789 -1.368227 -3.105146 
520792326438116 9.359730 -1.309572 -3.143452 
520792347006449 9.336985 -1.286828 -3.143452 
520792367575303 9.289103 -1.319148 -3.178166 
520792388143480 9.413597 -1.374213 -3.288295 
520792408711866 9.279526 -1.369424 -3.103949 
520792429280355 9.077226 -1.417306 -2.910027 
520792449849157 9.150245 -1.452021 -3.352935 
520792470417387 9.320227 -1.504691 -3.483414 
520792490986449 9.484222 -1.450824 -3.382862 
520792511554522 9.272345 -1.465189 -3.188940 
520792532122751 9.137077 -1.526238 -3.283506 
520792552691345 9.155033 -1.514267 -3.349344 
520792573260252 9.347758 -1.502297 -3.501369 
520792593828324 9.505769 -1.560952 -3.710853 
520792614397283 9.478237 -1.673475 -3.581572 
520792634965459 8.793525 -1.507085 -3.199713 
520792655534053 8.599604 -1.116847 -2.591612 
520792676102335 9.352547 -1.316754 -2.288758 
520792696670823 9.508163 -1.534617 -3.246398 
520792717239939 9.357335 -1.478356 -4.028071 
520792737808012 9.461477 -1.441247 -3.376876 
520792758376502 9.509359 -1.423292 -2.955515 
520792778944834 9.523726 -1.440050 -3.160210 
520792799514470 9.334591 -1.371819 -3.255974 
520792820082803 9.218477 -1.254508 -3.005791 
520792840650719 9.365715 -1.282040 -2.889677 
520792861218845 9.443522 -1.382592 -3.052476 
520792881787751 9.346561 -1.404139 -3.279915 
520792902355824 9.265162 -1.346680 -3.197319 
520792922924574 9.327410 -1.349075 -3.168590 
520792943492751 9.348955 -1.362242 -3.242807 
520792964062074 9.269951 -1.383789 -3.251186 
520792984630668 9.236433 -1.389774 -3.199713 
520793005199053 9.242418 -1.430474 -3.235624 
520793025768011 9.263966 -1.440050 -3.306250 
520793046335824 9.283117 -1.458006 -3.336177 
520793066904262 9.271148 -1.446036 -3.290689 
520793087474834 9.259177 -1.419701 -3.283506 
520793108042907 9.257979 -1.407730 -3.255974 
520793128610511 9.202915 -1.365833 -3.147043 
520793149178324 9.171793 -1.307178 -3.109934 
520793169748116 9.240025 -1.338301 -3.137466 
520793190316397 9.358532 -1.387380 -3.226048 
520793210886814 9.606321 -1.441247 -3.319418 
520793231453375 9.486616 -1.437656 -3.227245 
520793252022438 9.330999 -1.371819 -3.127890 
520793272590616 9.329803 -1.393365 -3.008185 
520793293161969 9.311848 -1.440050 -3.087190 
520793313728168 9.255586 -1.491524 -3.276324 
520793334296865 9.241220 -1.528632 -3.306250 
520793354863532 9.285512 -1.547785 -3.276324 
520793375434678 9.296286 -1.545391 -3.328994 
520793396001084 9.257980 -1.479553 -3.324206 
520793416568480 9.222068 -1.447233 -3.276324 
520793437136917 9.238827 -1.379001 -3.278718 
520793457705511 9.290300 -1.350272 -3.267945 
520793478275094 9.327409 -1.369425 -3.198516 
520793498841865 9.271147 -1.389774 -3.172181 
520793519412908 9.247206 -1.398154 -3.175772 
520793539980095 9.287907 -1.418504 -3.132678 
520793560548427 9.334591 -1.440050 -3.160210 
520793581117439 9.344168 -1.479553 -3.137466 
520793601685042 9.328606 -1.469977 -3.161407 
520793622253168 9.336985 -1.436459 -3.145846 
520793642821813 9.350153 -1.389774 -3.208092 
520793663390303 9.259177 -1.340695 -2.983047 
520793683961292 9.577593 -1.515465 -3.453487 
520793704527126 9.186157 -0.966019 -2.119974 
520793725095615 8.689381 -1.158744 -1.248523 
520793745664157 9.680538 -1.351469 -5.118583 
520793766236501 9.916357 -1.717766 -3.803026 
520793786804626 9.613503 -1.113256 -3.252383 
520793807372438 9.030540 -1.389774 -2.292350 
520793827940303 8.764795 -1.376607 -2.747228 
520793848507751 8.907244 -1.669884 -2.192995 
520793869075667 9.394444 -1.563346 -3.215275 
520793889644001 9.607519 -1.648337 -4.239949 
520793910212281 9.165808 -1.357454 -2.889677 
520793930782334 8.967097 -1.282040 -1.679460 
520793951349365 9.250797 -1.238946 -2.170250 
520793971918688 9.095181 -1.072556 -2.998609 
520793992486709 9.334591 -1.219793 -3.628257 
520794013055147 10.204845 -1.742904 -1.912885 
520794033623219 11.097845 -1.493918 -2.658647 
520794054192334 9.521330 -1.228173 -1.967949 
520794074760771 9.219675 -1.411321 -2.932771 
520794095329730 9.540483 -1.660307 -2.085260 
520794115897386 9.980997 -1.684248 -1.881762 
520794136465875 10.177313 -2.030196 -2.230103 
520794157034834 9.922342 -1.996678 -2.353399 
520794177603741 9.465070 -1.769239 -2.576050 
520794198171657 9.065255 -1.699810 -2.427616 
520794218740043 9.291496 -2.025408 -2.069698 
520794239309054 9.281921 -2.437192 -2.631114 
520794259877126 9.478237 -2.057728 -2.155886 
520794280446553 9.226856 -2.124763 -2.580838 
520794301014469 9.220871 -2.623932 -2.523380 
520794321584261 9.749968 -3.224851 -2.483877 
520794342151605 10.366447 -2.991426 -2.779549 
520794362720198 9.483025 -3.241610 -2.969880 
520794383288323 8.415257 -3.063249 -2.469513 
520794403856709 8.576859 -2.722090 -3.141057 
520794424425302 9.161019 -3.611498 -3.521719 
520794444993896 10.246742 -4.510482 -3.385256 
520794465562438 10.042048 -4.893538 -1.466386 
520794486130198 8.440395 -4.443447 -1.827894 
520794506699990 7.615628 -4.194461 -3.648607 
520794527268272 7.674284 -4.634975 -4.317757 
520794547836761 8.320690 -4.192067 -3.625863 
520794568405563 8.545735 -3.289492 -2.961500 
520794588973739 8.968294 -3.510946 -4.274663 
520794609543635 8.569677 -4.368033 -4.511680 
520794630110980 7.692239 -4.585896 -3.811405 
520794650679937 7.252922 -5.814069 -2.512607 
520794671248011 7.108079 -5.760201 -1.601652 
520794691816709 7.606051 -3.591148 -2.409660 
520794712385302 10.747110 -2.698149 -4.092712 
520794732954156 11.802907 -4.989302 -3.865273 
520794753522490 9.295088 -6.550254 -2.166659 
520794774090979 8.077689 -7.598869 -2.081669 
520794794660198 7.390583 -7.081744 -1.619608 
520794815228219 6.726221 -6.642427 -1.750086 
520794835796343 6.233036 -6.479628 -1.349075 
520794856365406 5.205968 -7.299607 -1.098891 
520794876933532 7.712589 -7.446844 -3.340965 
520794897501865 9.390852 -8.528976 -2.118778 
520794918070615 9.273541 -7.054212 -0.734988 
520794938639105 9.212492 -7.129626 -2.105610 
520794959208740 12.162022 -5.076687 -3.691700 
520794979776552 13.388997 -2.109201 -2.981850 
520795000345199 11.604197 -4.117850 -2.021816 
520795020913062 8.785145 -5.569871 0.717033 
520795041483219 11.664049 -2.963894 0.204695 
520795062050928 13.305203 -1.843456 0.903772 
520795082619677 12.941300 -2.269606 4.634975 
520795103187698 13.235775 -2.011043 7.129626 
520795123757282 12.966438 -1.783603 7.379809 
520795144325094 13.465609 -0.644013 6.096573 
520795164893219 14.358608 -0.322006 3.636636 
520795185461761 13.203455 -1.357454 5.504033 
520795206030719 6.479628 -5.897862 7.631190 
520795226598948 3.271536 -3.531296 5.934971 
520795247167542 7.433677 1.042630 1.450824 
520795267735771 8.476307 3.091979 -2.202571 
520795288306188 8.001079 4.745104 0.465652 
520795308874105 5.249061 3.289492 1.620805 
520795329442958 2.134339 0.665559 5.093445 
520795350011239 2.550912 2.511410 7.493529 
520795370579834 4.839671 5.356796 6.031932 
520795391147958 6.592151 6.024750 3.990963 
520795411716344 6.049888 6.261765 4.256708 
520795432284990 3.755144 5.038381 5.952927 
520795452854156 1.824303 4.583502 7.026680 
520795473421917 1.623199 5.282579 6.266554 
520795493991709 2.578444 5.143722 4.286634 
520795514559625 3.838937 4.795380 3.647409 
520795535128687 2.655056 4.298604 4.725951 
520795555695354 1.428080 3.530098 5.900257 
520795576265458 -0.551840 3.418773 7.225390 
520795596832959 -1.027068 4.052012 6.819591 
520795617401500 1.807544 3.744370 7.274469 
520795637972437 2.526971 2.298335 7.961576 
520795658540771 -0.019153 1.981117 8.771978 
520795679108010 -0.210681 2.288759 10.453833 
520795699676084 0.064641 2.743637 11.442595 
520795720244208 -0.575781 3.068038 9.704479 
520795740812698 -2.128354 3.698883 8.799510 
520795761382438 -1.568135 4.433871 8.500248 
520795781950823 -0.538672 5.055140 9.079620 
520795802519834 0.043094 6.181563 10.748306 
520795823087907 1.122832 5.689576 13.258519 
520795843655458 0.530293 5.172450 13.642772 
520795864225302 -0.527899 5.186815 11.057145 
520795884792750 -1.712978 5.050351 7.009921 
520795905361447 -2.313896 5.409466 6.727417 
520795925930511 -0.355524 5.113795 6.347953 
520795946498427 0.866664 6.575392 7.483953 
520795967067072 1.292813 7.246937 8.421243 
520795987635458 1.120438 7.043438 8.205773 
520796008204104 0.507549 6.177972 7.182296 
520796028772541 0.202301 6.121711 6.420973 
520796049340822 1.106074 6.426958 7.724560 
520796069909625 1.584893 6.338376 8.825846 
520796090478010 0.869058 6.064252 8.197394 
520796111046552 0.077808 5.648876 7.556973 
520796131614989 -0.317218 6.061858 8.166271 
520796152183376 -1.051009 6.260569 7.578520 
520796172752489 -1.371819 5.662044 7.100897 
520796193320719 -1.698613 5.147312 6.758541 
520796213889521 -1.480750 5.098233 7.023089 
520796234458740 -0.627254 5.674014 7.006330 
520796255027541 0.281307 6.407805 7.205040 
520796275595980 0.825964 6.622077 8.447578 
520796296165771 1.351469 6.817196 9.688918 
520796316733323 1.900914 6.163607 9.582380 
520796337301865 1.260493 5.877512 8.208167 
520796357870614 0.223848 6.137272 7.127232 
520796378438635 0.055064 6.434140 7.093715 
520796399007489 0.520716 6.541875 7.550987 
520796419576395 1.193458 6.649610 8.713323 
520796440145458 1.478356 6.379076 8.765993 
520796460712802 0.543460 6.191139 8.047763 
520796481281969 -0.342356 6.115726 7.509090 
520796501850510 -0.469243 6.025947 7.527046 
520796522419260 0.381859 6.213883 8.074099 
520796542987125 1.243734 6.605319 8.339843 
520796563555458 1.408927 6.732205 8.065719 
520796584123427 0.973201 6.695097 7.412129 
520796604691969 0.581766 6.794452 6.663974 
520796625260301 0.521914 6.923734 6.313238 
520796645829625 0.726609 7.050621 6.431746 
520796666397907 1.074950 6.993162 6.690309 
520796686966187 1.458006 7.044636 6.975206 
520796707534469 1.577711 7.128429 6.979995 
520796728102646 1.316754 7.118853 6.752555 
520796748671239 1.027068 7.043438 6.588560 
520796769241239 0.895393 6.970418 6.528707 
520796789809416 1.027068 7.080547 6.722630 
520796810376916 1.265281 7.176311 6.833955 
520796830945666 1.301193 7.251725 7.005133 
520796851513739 1.022280 6.991965 7.227784 
520796872082490 0.882225 6.823181 7.220602 
520796892651135 1.012704 6.917748 7.194267 
520796913219468 1.031857 6.915354 7.281651 
520796933789313 0.834343 6.890216 7.670692 
520796954356759 0.806811 6.679535 7.886161 
520796974925979 0.778082 6.559831 7.732939 
520796995493999 0.910955 6.821984 7.339109 
520797016062698 1.067768 7.082941 7.009921 
520797036631968 0.904969 7.014709 6.529904 
520797057199937 0.609298 6.916551 6.511949 
520797077768790 0.915743 6.892610 7.252922 
520797098337281 1.220990 6.863881 7.783215 
520797118906396 0.976792 6.637639 7.583308 
520797139473895 0.439317 6.575392 7.114064 
520797160043270 0.225045 6.612501 6.817196 
520797180611656 0.338765 6.708265 6.824378 
520797201180301 0.592539 6.783679 7.185887 
520797221748582 0.849905 6.922536 7.499515 
520797242317854 0.897787 6.942886 7.659919 
520797262886135 0.578175 6.794452 7.460011 
520797283458635 0.278913 6.660383 7.153567 
520797304024468 0.519519 6.766920 7.126035 
520797324592229 0.745762 6.863881 7.209828 
520797345160926 0.536278 6.744176 7.294819 
520797365729208 0.453682 6.653200 7.469588 
520797386297802 0.776885 6.622077 7.707801 
520797406865509 0.939684 6.769314 7.486347 
520797427433635 0.847511 7.092517 7.203843 
520797448002854 0.688303 7.030271 7.200252 
520797468571551 0.530293 6.799241 7.170326 
520797489140458 0.671545 6.862684 7.073365 
520797509708323 0.924122 6.989572 7.021892 
520797530277124 0.863073 6.914157 6.908172 
520797550845457 0.649998 6.853108 6.863881 
520797571413635 0.732594 6.897398 7.138005 
520797591981968 0.834343 6.811211 7.337913 
520797612551968 0.622466 6.794452 7.091321 
520797633119207 0.556628 6.861487 7.018301 
520797653689312 0.788856 6.853107 7.237360 
520797674256031 0.800826 6.940492 7.364247 
520797694824572 0.626057 6.871063 7.329534 
520797715393114 0.581766 6.786073 7.444450 
520797735961499 0.700274 6.771708 7.519864 
520797756530354 0.818782 6.605318 7.847856 
520797777098791 1.077344 6.687915 7.845462 
520797797668269 0.222651 7.276863 6.216278 
520797818235874 0.062247 7.905314 6.237824 
520797838807750 0.883422 7.577323 7.245740 
520797859374884 1.098891 7.323548 7.075759 
520797879941864 0.287292 7.087729 6.155228 
520797900509885 0.626057 6.320421 7.273272 
520797921078686 1.201838 5.770975 7.936438 
