# Created at Thu Nov 07 17:59:08 EST 2019 in Burnaby Canada 
520792053908585 -0.154549 0.280081 0.051923 
520792074474678 -0.041539 0.358272 0.037568 
520792095042907 -0.042761 0.003054 0.028100 
520792115611084 -0.064446 -0.027183 0.033903 
520792136179522 -0.075442 0.086743 0.042150 
520792156748169 -0.066890 0.111177 0.037874 
520792177316606 -0.050702 0.060170 0.025045 
520792197885095 -0.045815 0.025351 0.022907 
520792218453637 -0.050396 0.020769 0.019548 
520792239022126 -0.062614 -0.006414 0.023213 
520792259590564 -0.077580 -0.046731 0.029932 
520792280159106 -0.070249 -0.074220 0.033598 
520792300727647 -0.063530 -0.070249 0.033903 
520792321295929 -0.057421 -0.055283 0.031765 
520792341864314 -0.047037 -0.044899 0.025045 
520792362433167 -0.032681 -0.028405 0.020769 
520792383001345 -0.013134 -0.060476 0.029627 
520792403569835 -0.018937 -0.058948 0.036346 
520792424138219 -0.008552 0.034819 0.036957 
520792444707022 -0.014966 0.055283 0.022602 
520792465275251 0.009163 0.047037 0.016493 
520792485844314 0.024129 0.009468 0.014966 
520792506412386 -0.006109 0.021075 0.014661 
520792526980824 -0.042150 0.026267 0.017104 
520792547549210 -0.056505 0.018326 0.013439 
520792568118533 -0.069028 -0.036957 0.010385 
520792588686189 -0.122173 -0.071471 0.000000 
520792609255147 -0.156992 0.045204 -0.038790 
520792629823324 -0.087354 0.028405 -0.032070 
520792650391918 0.014661 -0.205861 0.034208 
520792670960199 -0.007330 -0.015882 0.027183 
520792691528688 -0.010385 0.270918 0.032987 
520792712097803 -0.002443 0.150273 0.036041 
520792732665877 -0.014050 -0.008858 0.011912 
520792753234209 -0.050702 0.008858 -0.013134 
520792773802699 -0.072998 0.019853 -0.021075 
520792794372335 -0.065057 -0.040317 -0.019242 
520792814940667 -0.043677 -0.098044 -0.005803 
520792835508584 -0.027183 -0.064446 0.006414 
520792856076709 -0.018021 -0.009163 0.007330 
520792876645616 -0.007025 -0.024129 0.006720 
520792897213689 0.001527 -0.051313 0.007330 
520792917782126 0.003971 -0.032070 0.000000 
520792938350616 -0.003360 -0.017410 -0.002443 
520792958919626 -0.000611 -0.016188 -0.000305 
520792979488533 0.011912 0.001833 0.006414 
520793000057021 0.014355 0.019853 0.013134 
520793020625876 0.010385 0.021991 0.012828 
520793041194001 0.003054 0.008552 0.012217 
520793061762126 0.002138 0.003665 0.006720 
520793082332699 -0.003054 0.003665 0.004887 
520793102900771 -0.004887 -0.003054 0.005803 
520793123468376 0.009163 0.002443 0.006720 
520793144036189 0.029322 0.037568 0.013134 
520793164605720 0.044288 0.075136 0.029016 
520793185174262 0.035430 0.059865 0.037874 
520793205742907 0.008247 0.001833 0.030849 
520793226311240 0.003054 -0.011606 0.010079 
520793246880302 0.016188 -0.007636 0.004581 
520793267448480 0.013744 -0.015272 0.007941 
520793288019834 0.017104 0.005498 0.004581 
520793308586032 0.020159 0.006109 0.002443 
520793329154730 0.022602 -0.008858 0.005498 
520793349721396 0.023518 -0.005803 0.003971 
520793370292543 0.017410 -0.004887 -0.001527 
520793390858949 0.004276 -0.018021 -0.005498 
520793411426344 -0.008552 -0.022297 0.000305 
520793431994782 -0.018937 -0.017410 0.004887 
520793452563375 -0.022602 -0.011606 0.011606 
520793473132959 -0.022907 -0.001222 0.013744 
520793493699730 -0.020769 0.013134 0.008552 
520793514269365 -0.009163 0.018937 0.003665 
520793534837960 0.002443 0.033598 0.002138 
520793555406292 0.010079 0.036041 0.001222 
520793575975303 0.006720 0.025962 0.002138 
520793596542907 -0.000916 0.009468 -0.000611 
520793617111032 -0.007330 -0.006414 -0.004887 
520793637679678 -0.001222 -0.019548 -0.002138 
520793658248168 -0.007330 -0.013134 0.003054 
520793678818271 -0.003054 -0.009774 0.006414 
520793699384991 -0.370184 -0.203113 0.022602 
520793719953688 -0.052840 0.784961 -0.042455 
520793740522022 0.103847 0.369268 0.055589 
520793761094366 -0.046426 -0.290772 0.010690 
520793781662490 0.212581 -0.233961 0.023824 
520793802230303 0.330172 0.087659 -0.003665 
520793822798167 0.117897 0.130420 0.030238 
520793843365198 -0.145386 0.343001 -0.047953 
520793863933532 0.023213 0.612697 -0.045509 
520793884501865 0.168599 0.332616 -0.045815 
520793905070146 0.076664 0.019548 -0.073609 
520793925639886 -0.011912 0.271224 -0.069333 
520793946207229 0.011301 0.610865 -0.001833 
520793966776553 0.124311 0.627969 -0.036346 
520793987344574 0.184176 0.161268 -0.107207 
520794007913011 0.064446 0.098044 -0.060781 
520794028481084 -0.029322 0.119119 0.051007 
520794049050198 -0.038790 0.194866 0.006109 
520794069618636 0.040317 0.130420 0.007941 
520794090187595 0.024129 0.099876 -0.007941 
520794110755250 -0.029322 0.304516 0.057421 
520794131323740 -0.086437 0.305738 0.262977 
520794151892647 -0.063835 0.260839 0.631023 
520794172461605 0.016799 0.132558 0.763276 
520794193029417 0.068722 -0.058643 0.675616 
520794213597907 0.083994 -0.142026 0.716239 
520794234166918 0.056200 -0.252287 1.084285 
520794254734991 -0.019548 -0.391259 0.966693 
520794275304417 0.123700 -0.310319 0.615141 
520794295872334 0.302073 -0.207999 0.528703 
520794316442126 0.423329 -0.145080 0.782823 
520794337009469 0.490830 -0.247400 0.963639 
520794357578063 0.583070 -0.458149 0.898277 
520794378146188 0.526260 -0.548251 0.545808 
520794398714574 0.328034 -0.732427 0.056505 
520794419283167 0.308487 -0.956003 0.051923 
520794439851761 0.228463 -1.185994 0.086132 
520794460420302 -0.038790 -0.917519 -0.093768 
520794480991188 0.032070 -0.508239 -0.158519 
520794501557854 0.152411 -0.413555 -0.046120 
520794522126552 0.352774 -0.664010 0.036957 
520794542694626 0.592844 -1.036637 0.122478 
520794563263427 1.044884 -0.483805 0.219300 
520794583831604 1.391855 -0.169210 0.231212 
520794604401500 1.637423 -0.715323 0.009774 
520794624968844 1.822515 -0.994793 -0.121562 
520794645537855 1.989892 -0.617890 0.036957 
520794666105876 2.235459 -0.342084 0.362548 
520794686674573 2.543030 0.059865 0.968526 
520794707243167 2.437961 0.712879 1.427285 
520794727812021 2.373515 0.599869 1.123380 
520794748380354 2.446513 -0.009468 0.649349 
520794768948844 2.619388 -0.351858 0.415693 
520794789518063 2.647182 -0.873842 0.247095 
520794810086083 3.155116 -1.276707 0.085826 
520794830654208 2.964221 -1.693012 0.058643 
520794851223271 3.122129 -1.072068 0.363159 
520794871791812 3.377166 -0.220828 0.600175 
520794892359730 3.305695 -0.536034 0.459981 
520794912928480 3.422981 -0.469755 0.210748 
520794933496969 2.687194 1.029918 0.506712 
520794954066240 1.330769 1.902538 0.425467 
520794974634417 0.690888 1.379333 -0.587346 
520794995203063 0.218079 1.151480 -1.303585 
520795015770927 -0.470671 1.993557 -1.034194 
520795036341084 -1.157283 2.430936 -1.346346 
520795056908792 -1.025642 1.251967 -2.312123 
520795077477542 -0.357050 0.196698 -3.050048 
520795098045563 0.082467 0.273057 -3.876242 
520795118615146 0.412639 0.942870 -4.623024 
520795139182959 0.775187 1.281289 -5.440361 
520795159751084 1.307861 0.067806 -6.785790 
520795180319625 1.790750 -1.499367 -8.169094 
520795200888584 1.490815 0.190590 -7.704837 
520795221456813 1.114828 3.433671 -5.003899 
520795242025875 0.592844 5.063152 -4.259865 
520795262593636 -0.652709 3.654193 -4.838659 
520795283163427 -1.736688 2.663981 -5.634006 
520795303731969 -2.284634 2.069915 -5.721359 
520795324300823 -2.716210 1.020450 -4.283689 
520795344869104 -2.278525 1.929416 -2.945895 
520795365437698 -1.681100 2.361298 -2.528369 
520795386005823 -1.399796 1.391244 -2.963610 
520795406574625 -1.247386 0.245568 -3.287674 
520795427142854 -1.072984 0.188146 -3.054629 
520795447712021 -0.983187 1.113912 -2.047619 
520795468279782 -0.923017 2.417803 -1.196989 
520795488849052 -0.948062 2.886030 -1.059850 
520795509417490 -1.095586 1.905287 -1.738216 
520795529986552 -1.232114 0.345749 -2.447735 
520795550553218 -1.278234 -0.495106 -2.453233 
520795571123323 -0.983492 -0.466090 -1.895513 
520795591691083 -0.547640 -0.163406 -0.950505 
520795612259364 -0.427300 -0.157603 -0.562606 
520795632830771 -0.613003 -0.042455 -1.058323 
520795653398636 -0.680503 -0.212275 -1.020450 
520795673965875 -0.358883 -0.065973 -0.606589 
520795694533948 0.210748 0.651182 -0.222355 
520795715102073 0.415693 1.145982 0.159741 
520795735670562 -0.164628 0.860098 0.759305 
520795756240302 -0.429743 0.681725 1.226311 
520795776808688 -0.380569 -0.046426 1.372918 
520795797377698 0.106290 -0.637132 1.132543 
520795817945719 0.838412 -1.130711 0.587041 
520795838513635 1.681711 -0.512210 0.221133 
520795859083167 2.287994 0.543364 0.442266 
520795879649000 1.884823 0.545197 0.818253 
520795900219312 0.988685 0.323453 1.073595 
520795920788376 0.111788 -0.038484 0.895528 
520795941356291 -0.383318 -0.644768 0.686001 
520795961924937 -0.452345 -0.129809 0.580932 
520795982493323 -0.272446 0.302378 0.565050 
520796003061812 -0.078496 0.653931 0.612086 
520796023630406 -0.041233 0.228463 0.583987 
520796044199000 -0.092241 -0.257479 0.299629 
520796064767489 -0.016493 0.079412 -0.175013 
520796085335875 0.154549 0.570853 -0.506101 
520796105904365 0.288634 0.597120 -0.587041 
520796126472853 0.419664 1.166752 -0.678976 
520796147041240 0.429438 0.777020 -0.604451 
520796167610927 0.390343 0.188452 -0.424856 
520796188178583 0.398895 -0.338419 -0.129503 
520796208747489 0.426078 -0.891557 0.391870 
520796229316605 0.335670 -0.955698 0.793208 
520796249885355 0.046426 -1.040913 0.803593 
520796270453844 -0.070555 -1.123075 0.602618 
520796291023636 0.096211 -1.026558 0.370795 
520796311590927 0.295659 -0.297797 0.073304 
520796332159729 0.255952 0.478918 -0.026267 
520796352728479 -0.008552 0.577878 0.153632 
520796373296448 -0.175318 0.479223 0.369573 
520796393865510 -0.212275 0.160352 0.403782 
520796414434260 -0.053145 0.074525 0.283136 
520796435002229 0.160047 0.261756 0.080634 
520796455570666 0.277638 0.363465 0.000000 
520796476139833 0.315512 0.188146 0.148440 
520796496708375 0.363465 -0.100793 0.389121 
520796517277124 0.488692 -0.242819 0.548557 
520796537844989 0.656680 -0.172875 0.467617 
520796558413323 0.747088 -0.011606 0.259312 
520796578981292 0.722958 0.133779 0.164933 
520796599549833 0.610559 0.105985 0.210137 
520796620118166 0.435241 -0.003054 0.266642 
520796640688375 0.243735 -0.053451 0.291993 
520796661255771 0.077274 -0.009774 0.283747 
520796681824052 0.007025 0.074525 0.229074 
520796702392334 0.016799 0.157298 0.122478 
520796722960510 0.046731 0.155160 0.030238 
520796743529104 0.039095 0.084910 0.006720 
520796764099104 -0.013744 0.022297 0.023213 
520796784667280 -0.076358 -0.042150 0.053756 
520796805235041 -0.112399 -0.063530 0.033903 
520796825803531 -0.137139 -0.098960 -0.049175 
520796846371760 -0.122478 -0.087048 -0.105985 
520796866940354 -0.125533 -0.059559 -0.098349 
520796887509208 -0.210748 0.008552 -0.097738 
520796908077332 -0.310930 0.090103 -0.120951 
520796928645979 -0.293521 0.099266 -0.125227 
520796949214624 -0.137445 0.086743 -0.135001 
520796969783844 0.057421 0.055589 -0.116981 
520796990351863 0.183870 -0.041539 -0.101098 
520797010920563 0.214108 -0.157298 -0.157603 
520797031489833 0.135917 -0.247706 -0.248622 
520797052057801 0.000611 -0.353080 -0.247706 
520797072626969 -0.042150 -0.353996 -0.189979 
520797093195146 0.018937 -0.194560 -0.236710 
520797113763739 0.096517 0.002749 -0.287412 
520797134331760 0.104152 0.070249 -0.226631 
520797154901291 0.035430 0.012523 -0.089186 
520797175469520 -0.059254 -0.051007 0.012523 
520797196038166 -0.105069 -0.063530 0.041539 
520797216606447 -0.114232 -0.027794 0.003971 
520797237175718 -0.098960 0.065363 -0.073915 
520797257743999 -0.081856 0.131641 -0.113926 
520797278316500 -0.083383 0.088575 -0.071166 
520797298882332 -0.071166 -0.052534 0.014050 
520797319450041 -0.024129 -0.152411 -0.004276 
520797340018791 0.010079 -0.173180 -0.042455 
520797360586968 0.008247 -0.117286 0.005192 
520797381155666 0.006720 0.041233 0.047037 
520797401723322 0.055589 0.110567 0.036957 
520797422291500 0.119119 0.011606 -0.012828 
520797442860874 0.151494 -0.078496 -0.069333 
520797463429416 0.142026 -0.074831 -0.044899 
520797483998323 0.094684 -0.060170 0.010079 
520797504566187 0.038179 -0.032987 -0.005498 
520797525134989 -0.020159 0.001833 -0.051924 
520797545703322 -0.084299 0.009468 -0.042150 
520797566271499 -0.104458 -0.003054 -0.026573 
520797586839833 -0.059865 0.023518 -0.051007 
520797607409781 0.003054 -0.020769 -0.055589 
520797627977071 0.020769 -0.115148 -0.026267 
520797648547176 -0.015577 -0.097738 -0.023518 
520797669113896 -0.078496 -0.008552 -0.062003 
520797689682436 -0.130420 0.052534 -0.078802 
520797710250978 -0.135917 0.068417 -0.043677 
520797730819364 -0.119424 0.106596 -0.022602 
520797751388010 -0.138666 0.266337 0.014661 
520797771956655 0.079718 0.609948 0.007636 
520797792526134 0.368046 0.017715 -0.159436 
520797813093687 0.335670 -0.873231 -0.156076 
520797833665614 0.226020 -1.242499 -0.226631 
520797854232749 0.151189 -1.089783 -0.467922 
520797874799729 -0.340863 -0.872620 -0.472504 
520797895367749 -0.919046 -0.287717 -0.280081 
520797915936499 -1.219286 0.333227 -0.100182 
