# Created at Thu Nov 07 17:59:08 EST 2019 in Burnaby Canada 
520792070920303 45.002232 190.324265 -6.960118 
520792090917074 45.002232 190.324265 -6.960118 
520792110917855 45.002232 190.324265 -6.960118 
520792130917335 45.002232 190.324265 -6.960118 
520792150917074 45.002232 190.324265 -6.960118 
520792170917075 45.002232 190.324265 -6.960118 
520792190975252 45.002232 190.324265 -6.960118 
520792210922179 45.002232 190.324265 -6.960118 
520792231301606 45.002232 190.324265 -6.960118 
520792250922179 45.002232 190.324265 -6.960118 
520792270916970 45.002232 190.324265 -6.960118 
520792290917959 45.002232 190.324265 -6.960118 
520792310918011 45.002232 190.324265 -6.960118 
520792330917804 45.002232 190.324265 -6.960118 
520792350917387 45.002232 190.324265 -6.960118 
520792370921553 45.002232 190.324265 -6.960118 
520792390917699 45.002232 190.324265 -6.960118 
520792410918793 45.002232 190.324265 -6.960118 
520792430916761 45.002232 190.324265 -6.960118 
520792450917492 45.002232 190.324265 -6.960118 
520792470917439 45.002232 190.324265 -6.960118 
520792490917335 45.002232 190.324265 -6.960118 
520792510917491 45.002232 190.324265 -6.960118 
520792530917023 45.002232 190.324265 -6.960118 
520792550917178 45.002232 190.324265 -6.960118 
520792570926917 45.002232 190.324265 -6.960118 
520792591243324 45.002232 190.324265 -6.960118 
520792610917439 45.002232 190.324265 -6.960118 
520792630917282 45.002232 190.324265 -6.960118 
520792650918272 45.002232 190.324265 -6.960118 
520792670917022 45.002232 190.324265 -6.960118 
520792690925927 45.002232 190.324265 -6.960118 
520792710916917 45.002232 190.324265 -6.960118 
520792730921033 45.002232 190.324265 -6.960118 
520792750917387 45.002232 190.324265 -6.960118 
520792770917230 45.002232 190.324265 -6.960118 
520792790917074 45.002232 190.324265 -6.960118 
520792810918323 45.002232 190.324265 -6.960118 
520792830918480 45.002232 190.324265 -6.960118 
520792850917959 45.002232 190.324265 -6.960118 
520792870917074 45.002232 190.324265 -6.960118 
520792890917282 45.002232 190.324265 -6.960118 
520792910920355 45.002232 190.324265 -6.960118 
520792930921918 45.002232 190.324265 -6.960118 
520792951189053 45.002232 190.324265 -6.960118 
520792970965720 45.002232 190.324265 -6.960118 
520792990918168 45.002232 190.324265 -6.960118 
520793010928688 45.002232 190.324265 -6.960118 
520793030918636 45.002232 190.324265 -6.960118 
520793050918375 45.002232 190.324265 -6.960118 
520793070918689 45.002232 190.324265 -6.960118 
520793090922386 45.002232 190.324265 -6.960118 
520793110919209 45.002232 190.324265 -6.960118 
520793130918011 45.002232 190.324265 -6.960118 
520793150919626 45.002232 190.324265 -6.960118 
520793170919991 45.002232 190.324265 -6.960118 
520793190918793 45.002232 190.324265 -6.960118 
520793210919418 45.002232 190.324265 -6.960118 
520793230919157 45.002232 190.324265 -6.960118 
520793250920719 45.002232 190.324265 -6.960118 
520793270919574 45.002232 190.324265 -6.960118 
520793290921708 45.002232 190.324265 -6.960118 
520793311117647 45.002232 190.324265 -6.960118 
520793330965355 45.002232 190.324265 -6.960118 
520793350918688 45.002232 190.324265 -6.960118 
520793370919105 45.002232 190.324265 -6.960118 
520793390918324 45.002232 190.324265 -6.960118 
520793410917386 45.002232 190.324265 -6.960118 
520793430917334 45.002232 190.324265 -6.960118 
520793450917698 45.002232 190.324265 -6.960118 
520793470917386 45.002232 190.324265 -6.960118 
520793490916969 45.002232 190.324265 -6.960118 
520793510917178 45.002232 190.324265 -6.960118 
520793530917960 45.002232 190.324265 -6.960118 
520793550917856 45.002232 190.324265 -6.960118 
520793570919834 45.002232 190.324265 -6.960118 
520793590918584 45.002232 190.324265 -6.960118 
520793610917022 45.002232 190.324265 -6.960118 
520793630921553 45.002232 190.324265 -6.960118 
520793650917438 45.002232 190.324265 -6.960118 
520793671067334 45.002232 190.324265 -6.960118 
520793691069781 45.002232 190.324265 -6.960118 
520793710973845 45.002232 190.324265 -6.960118 
520793730917647 45.002232 190.324265 -6.960118 
520793750916657 45.002232 190.324265 -6.960118 
520793770920459 45.002232 190.324265 -6.960118 
520793790920355 45.002232 190.324265 -6.960118 
520793810919314 45.002232 190.324265 -6.960118 
520793830919261 45.002232 190.324265 -6.960118 
520793850917438 45.002232 190.324265 -6.960118 
520793870916969 45.002232 190.324265 -6.960118 
520793890916812 45.002232 190.324265 -6.960118 
520793910916656 45.002232 190.324265 -6.960118 
520793930926865 45.002232 190.324265 -6.960118 
520793951124104 45.002232 190.324265 -6.960118 
520793970917439 45.002232 190.324265 -6.960118 
520793990917751 45.002232 190.324265 -6.960118 
520794010919209 45.002232 190.324265 -6.960118 
520794031012334 45.002232 190.324265 -6.960118 
520794051013011 45.002232 190.324265 -6.960118 
520794070954626 45.002232 190.324265 -6.960118 
520794090917595 45.002232 190.324265 -6.960118 
520794110917282 45.002232 190.324265 -6.960118 
520794130917386 45.002232 190.324265 -6.960118 
520794150917438 45.002232 190.324265 -6.960118 
520794170917803 45.002232 190.324265 -6.960118 
520794190917230 45.002232 190.324265 -6.960118 
520794210916866 45.002232 190.324265 -6.960118 
520794230916710 45.002232 190.324265 -6.960118 
520794250917282 45.002232 190.324265 -6.960118 
520794270916762 45.002232 190.324265 -6.960118 
520794290925824 45.002232 190.324265 -6.960118 
520794310916969 45.002232 190.324265 -6.960118 
520794330917438 45.002232 190.324265 -6.960118 
520794350917282 45.002232 190.324265 -6.960118 
520794370918531 45.002232 190.324265 -6.960118 
520794390968271 45.002232 190.324265 -6.960118 
520794410968219 45.002232 190.324265 -6.960118 
520794430916917 45.002232 190.324265 -6.960118 
520794450924574 45.002232 190.324265 -6.960118 
520794470917177 45.002232 190.324265 -6.960118 
520794490926031 45.002232 190.324265 -6.960118 
520794510917542 45.002232 190.324265 -6.960118 
520794530918792 45.002232 190.324265 -6.960118 
520794550917438 45.002232 190.324265 -6.960118 
520794570917230 45.002232 190.324265 -6.960118 
520794590917125 45.002232 190.324265 -6.960118 
520794610917647 45.002232 190.324265 -6.960118 
520794630921761 45.002232 190.324265 -6.960118 
520794650917230 45.002232 190.324265 -6.960118 
520794670917178 45.002232 190.324265 -6.960118 
520794690921709 45.002232 190.324265 -6.960118 
520794710925771 45.002232 190.324265 -6.960118 
520794730920563 45.002232 190.324265 -6.960118 
520794750917542 45.002232 190.324265 -6.960118 
520794770917386 45.002232 190.324265 -6.960118 
520794790918740 45.002232 190.324265 -6.960118 
520794810928011 45.002232 190.324265 -6.960118 
520794830917541 45.002232 190.324265 -6.960118 
520794850977281 45.002232 190.324265 -6.960118 
520794870918062 45.002232 190.324265 -6.960118 
520794890917334 45.002232 190.324265 -6.960118 
520794910917490 45.002232 190.324265 -6.960118 
520794930917646 45.002232 190.324265 -6.960118 
520794951124834 45.002232 190.324265 -6.960118 
520794970918010 45.002232 190.324265 -6.960118 
520794990917646 45.002232 190.324265 -6.960118 
520795010920041 45.002232 190.324265 -6.960118 
520795030917646 45.002232 190.324265 -6.960118 
520795050917959 45.002232 190.324265 -6.960118 
520795070918428 45.002232 190.324265 -6.960118 
520795090918167 45.002232 190.324265 -6.960118 
520795110931396 45.002232 190.324265 -6.960118 
520795130931709 45.002232 190.324265 -6.960118 
520795150918480 45.002232 190.324265 -6.960118 
520795170925354 45.002232 190.324265 -6.960118 
520795190918323 45.002232 190.324265 -6.960118 
520795210918948 45.002232 190.324265 -6.960118 
520795230917906 45.002232 190.324265 -6.960118 
520795250918114 45.002232 190.324265 -6.960118 
520795270917438 45.002232 190.324265 -6.960118 
520795290919729 45.002232 190.324265 -6.960118 
520795310918636 45.002232 190.324265 -6.960118 
520795330920042 45.002232 190.324265 -6.960118 
520795350918843 45.002232 190.324265 -6.960118 
520795370918479 45.002232 190.324265 -6.960118 
520795390918844 45.002232 190.324265 -6.960118 
520795410918740 45.002232 190.324265 -6.960118 
520795430918427 45.002232 190.324265 -6.960118 
520795450918271 45.002232 190.324265 -6.960118 
520795470918427 45.002232 190.324265 -6.960118 
520795490919312 45.002232 190.324265 -6.960118 
520795510918844 45.002232 190.324265 -6.960118 
520795530926032 45.002232 190.324265 -6.960118 
520795550917593 45.002232 190.324265 -6.960118 
520795570919156 45.002232 190.324265 -6.960118 
520795590918895 45.002232 190.324265 -6.960118 
520795610918479 45.002232 190.324265 -6.960118 
520795630918114 45.002232 190.324265 -6.960118 
520795650919834 45.002232 190.324265 -6.960118 
520795670920511 45.002232 190.324265 -6.960118 
520795690918427 45.002232 190.324265 -6.960118 
520795710918792 45.002232 190.324265 -6.960118 
520795730917490 45.002232 190.324265 -6.960118 
520795750919260 45.002232 190.324265 -6.960118 
520795770918688 45.002232 190.324265 -6.960118 
520795790918896 45.002232 190.324265 -6.960118 
520795810919469 45.002232 190.324265 -6.960118 
520795830918167 45.002232 190.324265 -6.960118 
520795850917333 45.002232 190.324265 -6.960118 
520795870918635 45.002232 190.324265 -6.960118 
520795890919937 45.002232 190.324265 -6.960118 
520795910918322 45.002232 190.324265 -6.960118 
520795930918739 45.002232 190.324265 -6.960118 
520795951125093 45.002232 190.324265 -6.960118 
520795970918636 45.002232 190.324265 -6.960118 
520795990918791 45.002232 190.324265 -6.960118 
520796010918843 45.002232 190.324265 -6.960118 
520796030918166 45.002232 190.324265 -6.960118 
520796050918584 45.002232 190.324265 -6.960118 
520796070918479 45.002232 190.324265 -6.960118 
520796090919051 45.002232 190.324265 -6.960118 
520796110917854 45.002232 190.324265 -6.960118 
520796130917854 45.002232 190.324265 -6.960118 
520796150917490 45.002232 190.324265 -6.960118 
520796170928166 45.002232 190.324265 -6.960118 
520796190925458 45.002232 190.324265 -6.960118 
520796211299156 45.002232 190.324265 -6.960118 
520796230918532 45.002232 190.324265 -6.960118 
520796250919311 45.002232 190.324265 -6.960118 
520796270986761 45.002232 190.324265 -6.960118 
520796290920563 45.002232 190.324265 -6.960118 
520796310923167 45.002232 190.324265 -6.960118 
520796330918792 45.002232 190.324265 -6.960118 
520796350919156 45.002232 190.324265 -6.960118 
520796370922385 45.002232 190.324265 -6.960118 
520796390929312 45.002232 190.324265 -6.960118 
520796410919312 45.002232 190.324265 -6.960118 
520796430919104 45.002232 190.324265 -6.960118 
520796450918479 45.002232 190.324265 -6.960118 
520796470918323 45.002232 190.324265 -6.960118 
520796490919469 45.002232 190.324265 -6.960118 
520796510920823 45.002232 190.324265 -6.960118 
520796530919625 45.002232 190.324265 -6.960118 
520796550920770 45.002232 190.324265 -6.960118 
520796571262489 45.002232 190.324265 -6.960118 
520796590917906 45.002232 190.324265 -6.960118 
520796610918582 45.002232 190.324265 -6.960118 
520796630918062 45.002232 190.324265 -6.960118 
520796650918896 45.002232 190.324265 -6.960118 
520796670918688 45.002232 190.324265 -6.960118 
520796690918896 45.002232 190.324265 -6.960118 
520796710918011 45.002232 190.324265 -6.960118 
520796730918583 45.002232 190.324265 -6.960118 
520796750920458 45.002232 190.324265 -6.960118 
520796770918895 45.002232 190.324265 -6.960118 
520796790918582 45.002232 190.324265 -6.960118 
520796810919208 45.002232 190.324265 -6.960118 
520796830917437 45.002232 190.324265 -6.960118 
520796850917385 45.002232 190.324265 -6.960118 
520796870919104 45.002232 190.324265 -6.960118 
520796890919573 45.002232 190.324265 -6.960118 
520796910917645 45.002232 190.324265 -6.960118 
520796931201396 45.002232 190.324265 -6.960118 
520796951200718 45.002232 190.324265 -6.960118 
520796970918114 45.002232 190.324265 -6.960118 
520796990917644 45.002232 190.324265 -6.960118 
520797010920823 45.002232 190.324265 -6.960118 
520797030918063 45.002232 190.324265 -6.960118 
520797050918010 45.002232 190.324265 -6.960118 
520797070917958 45.002232 190.324265 -6.960118 
520797090919000 45.002232 190.324265 -6.960118 
520797110918531 45.002232 190.324265 -6.960118 
520797130928166 45.002232 190.324265 -6.960118 
520797150917854 45.002232 190.324265 -6.960118 
520797170918218 45.002232 190.324265 -6.960118 
520797190918739 45.002232 190.324265 -6.960118 
520797210918738 45.002232 190.324265 -6.960118 
520797230922957 45.002232 190.324265 -6.960118 
520797250931551 45.002232 190.324265 -6.960118 
520797270918478 45.002232 190.324265 -6.960118 
520797291134885 45.002232 190.324265 -6.960118 
520797310968114 45.002232 190.324265 -6.960118 
520797330918843 45.002232 190.324265 -6.960118 
520797350918478 45.002232 190.324265 -6.960118 
520797370919208 45.002232 190.324265 -6.960118 
520797390918739 45.002232 190.324265 -6.960118 
520797410917905 45.002232 190.324265 -6.960118 
520797430918531 45.002232 190.324265 -6.960118 
520797450918062 45.002232 190.324265 -6.960118 
520797470918114 45.002232 190.324265 -6.960118 
520797490918530 45.002232 190.324265 -6.960118 
520797510918271 45.002232 190.324265 -6.960118 
520797530917905 45.002232 190.324265 -6.960118 
520797550918113 45.002232 190.324265 -6.960118 
520797570918583 45.002232 190.324265 -6.960118 
520797590917281 45.002232 190.324265 -6.960118 
520797610919572 45.002232 190.324265 -6.960118 
520797630922644 45.002232 190.324265 -6.960118 
520797651087436 45.002232 190.324265 -6.960118 
520797670965406 45.002232 190.324265 -6.960118 
520797690964989 45.002232 190.324265 -6.960118 
520797710918426 45.002232 190.324265 -6.960118 
520797730916968 45.002232 190.324265 -6.960118 
520797750917541 45.002232 190.324265 -6.960118 
520797770917645 45.002232 190.324265 -6.960118 
520797790917749 45.002232 190.324265 -6.960118 
520797810922801 45.002232 190.324265 -6.960118 
520797830917332 45.002232 190.324265 -6.960118 
520797850920561 45.002232 190.324265 -6.960118 
520797870923114 45.002232 190.324265 -6.960118 
520797890917072 45.002232 190.324265 -6.960118 
520797910922124 45.002232 190.324265 -6.960118 
520797930917020 45.002232 190.324265 -6.960118 
