# Created at Thu Nov 07 17:59:08 EST 2019 in Burnaby Canada 
520792070920303 -2.393280 153.186127 9.350820 
520792090917074 -2.756475 151.173035 8.276670 
520792110917855 -4.415115 151.995453 7.370700 
520792130917335 -2.904031 151.311783 8.431951 
520792150917074 -1.845315 151.346115 7.345410 
520792170917075 -3.342330 152.017822 8.436660 
520792190975252 -3.254805 150.022049 6.435600 
520792210922179 -3.181350 152.601563 7.512930 
520792231301606 -1.981455 152.209061 6.424740 
520792250922179 -2.892616 152.035950 7.356000 
520792270916970 -2.181690 149.897339 8.116500 
520792290917959 -2.929516 150.599564 7.355400 
520792310918011 -4.424175 151.562836 7.678020 
520792330917804 -4.424175 151.562836 7.678020 
520792350917387 -1.839945 151.635117 7.038030 
520792370921553 -2.619991 150.603394 8.121210 
520792390917699 -1.887585 149.620728 7.652190 
520792410918793 -3.371850 150.868713 8.436180 
520792430916761 -3.362790 151.301346 8.128860 
520792450917492 -3.201810 151.885071 7.205130 
520792470917439 -3.616966 153.452103 7.363950 
520792490917335 -2.641455 149.887756 7.659660 
520792510917491 -4.278630 151.425812 7.215240 
520792530917023 -3.418140 149.146744 8.127960 
520792550917178 -4.265550 151.855011 7.522920 
520792570926917 -3.345360 151.580078 9.666480 
520792591243324 -2.121975 152.341782 7.656270 
520792610917439 -3.233685 150.444397 7.973280 
520792630917282 -2.144790 151.333740 8.117100 
520792650918272 -5.215275 150.540543 7.069950 
520792670917022 -1.983810 151.917480 7.193370 
520792690925927 -3.184725 151.870544 9.818881 
520792710916917 -2.493900 149.749008 7.504380 
520792730921033 -3.355410 151.588623 8.128980 
520792750917387 -3.953670 152.150406 7.520100 
520792770917230 -3.393300 150.593414 6.283560 
520792790917074 -3.549255 150.005386 7.976040 
520792810918323 -2.968770 148.871613 8.123430 
520792830918480 -3.231675 150.442688 8.280780 
520792850917959 -4.899376 150.832489 7.682130 
520792870917074 -3.406725 149.870941 7.052011 
520792890917282 -2.779950 150.459106 7.507620 
520792910920355 -4.294410 150.411774 8.752320 
520792930921918 -3.367815 151.305618 7.360110 
520792951189053 -2.191740 149.905899 6.579000 
520792970965720 -3.215235 151.162598 7.973580 
520792990918168 -4.158585 150.136246 7.366980 
520793010928688 -3.226650 150.438416 9.049531 
520793030918636 -1.701795 150.770477 8.266200 
520793050918375 -3.369825 151.307343 7.052610 
520793070918689 -4.149525 150.568893 7.059660 
520793090922386 -3.987555 150.711441 7.980750 
520793110919209 -2.641110 150.181030 6.583530 
520793130918011 -3.696810 150.144119 8.131320 
520793150919626 -4.019430 149.270767 8.748900 
520793170919991 -2.010660 150.472534 8.730270 
520793190918793 -2.478480 150.029465 8.734500 
520793210919418 -3.388275 150.589142 7.052310 
520793230919157 -2.026755 150.045898 7.961340 
520793250920719 -2.026755 150.045898 7.961340 
520793270919574 -3.247110 149.721924 8.741731 
520793290921708 -2.018700 150.479370 7.500270 
520793311117647 -2.465400 150.458664 9.042181 
520793330965355 -1.092466 150.639618 8.875260 
520793350918688 -1.702140 150.477203 9.342330 
520793370919105 -2.625015 150.607666 7.352460 
520793390918324 -3.974475 151.140640 8.288430 
520793410917386 -1.854375 150.913483 7.652730 
520793430917334 -2.168265 150.619812 7.348050 
520793450917698 -2.147805 151.336304 7.655850 
520793470917386 -3.538185 150.436295 7.976220 
520793490916969 -3.586155 148.568985 7.975440 
520793510917178 -2.796045 150.032486 6.738690 
520793530917960 -2.779950 150.459106 7.507620 
520793550917856 -2.804445 149.305725 8.275890 
520793570919834 -2.161230 150.613831 8.424300 
520793590918584 -0.818820 149.646515 8.103150 
520793610917022 -4.140481 150.561188 8.443410 
520793630921553 -3.992925 150.422440 8.288130 
520793650917438 -2.588115 152.044052 7.353060 
520793671067334 -1.889595 149.622437 7.344690 
520793691069781 -2.468070 150.754501 7.504800 
520793710973845 -3.512355 151.441788 7.976640 
520793730917647 -2.142435 151.625290 7.348470 
520793750916657 -4.018410 149.710220 7.211580 
520793770920459 -2.927160 150.891129 6.586770 
520793790920355 -2.821530 149.320267 5.662140 
520793810919314 -2.187060 149.608353 8.423881 
520793830919261 -2.142435 151.625290 7.348470 
520793850917438 -2.766525 151.181595 6.739170 
520793870916969 -4.433565 151.277267 7.370400 
520793890916812 -2.519040 149.330078 5.351700 
520793910916656 -4.162591 150.580002 5.060910 
520793930926865 -2.932185 150.895401 5.818020 
520793951124104 -3.253785 150.461502 4.898280 
520793970917439 -3.728311 149.877365 4.441200 
520793990917751 -4.471110 150.575317 4.448850 
520794010919209 -2.783610 151.196121 4.125420 
520794031012334 -3.569355 150.022491 4.901040 
520794051013011 -3.578745 149.736908 4.593421 
520794070954626 -5.083456 150.708740 3.378540 
520794090917595 -4.061985 149.013397 3.367530 
520794110917282 -4.169281 150.879242 2.908530 
520794130917386 -4.077075 148.585907 2.752350 
520794150917438 -3.007965 148.904968 2.127180 
520794170917803 -5.864145 150.411469 1.540770 
520794190917230 -7.405095 149.652771 1.555170 
520794210916866 -5.053590 152.151138 2.302890 
520794230916710 -6.735705 152.259628 0.627870 
520794250917282 -7.342365 152.094666 1.556190 
520794270916762 -6.222285 153.838135 3.084120 
520794290925824 -7.710240 154.942474 3.868050 
520794310916969 -10.298490 154.873611 3.893040 
520794330917438 -9.479880 157.046768 4.194090 
520794350917282 -8.883631 156.486694 4.495470 
520794370918531 -11.288430 157.716354 4.212030 
520794390968271 -11.535915 159.567902 5.599500 
520794410968219 -11.521846 159.555923 7.752000 
520794430916917 -12.562095 160.680115 7.147770 
520794450924574 -9.518460 160.028366 9.731820 
520794470917177 -9.457756 162.031647 11.116410 
520794490926031 -8.855805 161.613510 11.725349 
520794510917542 -9.628126 161.162338 11.732520 
520794530918792 -9.180450 160.301529 13.726501 
520794550917438 -10.661026 161.693161 14.510550 
520794570917230 -12.622517 161.772156 16.682220 
520794590917125 -13.843531 161.742340 16.232731 
520794610917647 -10.901145 163.391632 17.589211 
520794630921761 -13.138290 164.465469 20.225489 
520794650917230 -13.075560 166.907364 20.226509 
520794670917178 -14.836171 168.563629 23.627371 
520794690921709 -14.649707 169.859573 23.780190 
520794710925771 -16.989780 173.089081 25.496340 
520794730920563 -19.618561 177.764862 23.987280 
520794750917542 -19.984066 181.344559 23.839439 
520794770917386 -19.735861 185.523575 22.148460 
520794790918740 -21.793890 188.486740 21.555300 
520794810928011 -19.740839 191.412186 21.537390 
520794830917541 -18.346426 192.749084 20.140949 
520794850977281 -16.899044 195.068390 22.896181 
520794870918062 -16.956360 198.799835 22.745461 
520794890917334 -14.618252 201.456375 20.879490 
520794910917490 -13.753007 205.644745 20.412632 
520794930917646 -13.126876 206.967392 17.947290 
520794951124834 -11.840790 209.290329 19.320240 
520794970918010 -11.202254 210.895966 17.623770 
520794990917646 -11.202254 210.895966 17.623770 
520795010920041 -13.504455 210.117004 17.645521 
520795030917646 -13.529940 209.404785 16.568970 
520795050917959 -13.436715 207.550949 14.875470 
520795070918428 -12.918929 204.855957 11.639700 
520795090918167 -15.435077 202.510849 8.433510 
520795110931396 -14.942461 198.516251 6.427200 
520795130931709 -15.365025 194.351990 4.737150 
520795150918480 -13.394850 188.968338 1.485540 
520795170925354 -11.683561 185.152328 -0.993720 
520795190918323 -10.818045 178.305618 -4.543140 
520795210918948 -7.557811 169.357147 -5.964480 
520795230917906 -2.696940 162.731171 -4.478310 
520795250918114 -1.018185 157.768616 -7.419300 
520795270917438 0.951000 152.826126 -12.515730 
520795290919729 4.209285 150.204010 -15.777961 
520795310918636 8.062156 147.316818 -20.122440 
520795330920042 13.752766 145.056183 -25.099319 
520795350918843 16.851061 141.409180 -25.593000 
520795370918479 21.737190 143.288116 -30.251822 
520795390918844 24.143011 142.497910 -31.505699 
520795410918740 25.756411 141.273651 -35.827412 
520795430918427 30.025455 141.822235 -36.637142 
520795450918271 30.931591 141.999573 -38.337151 
520795470918427 34.732471 141.811829 -38.066521 
520795490919312 35.951149 141.990433 -38.539471 
520795510918844 39.309376 142.659210 -39.494068 
520795530926032 39.768150 143.110016 -40.882050 
520795550917593 43.686073 142.075577 -42.612000 
520795570919156 44.337017 143.964233 -43.539600 
520795590918895 45.993645 143.143524 -42.941132 
520795610918479 48.461193 144.796082 -44.347740 
520795630918114 49.559490 146.411301 -45.587372 
520795650919834 48.776775 145.675400 -46.041573 
520795670920511 50.012894 146.573059 -46.667969 
520795690918427 48.473625 145.959717 -46.961010 
520795710918792 49.822063 144.987259 -46.359661 
520795730917490 51.229202 146.019791 -44.681221 
520795750919260 51.067558 145.730179 -44.987370 
520795770918688 52.868732 144.773285 -45.005428 
520795790918896 51.058170 145.444595 -45.294991 
520795810919469 51.110851 147.895035 -46.831470 
520795830918167 50.615189 146.448181 -47.135162 
520795850917333 48.336464 146.383163 -46.344360 
520795870918635 49.678844 144.535187 -43.283371 
520795890919937 48.906525 144.084030 -43.276203 
520795910918322 46.921547 143.008789 -40.182510 
520795930918739 44.914127 142.099426 -41.086258 
520795951125093 45.687782 142.402695 -40.324738 
520795970918636 45.080463 142.531845 -40.626301 
520795990918791 43.708530 142.350052 -40.305630 
520796010918843 44.302788 142.231995 -42.002819 
520796030918166 44.496628 143.815231 -41.849880 
520796050918584 42.525093 143.902817 -41.215710 
520796070918479 43.550930 142.497330 -41.687851 
520796090919051 44.058662 144.374222 -41.230232 
520796110917854 44.805828 143.966125 -41.699013 
520796130917854 42.838638 143.903229 -39.834904 
520796150917490 45.684120 143.139694 -43.706944 
520796170928166 46.462456 143.145416 -41.100540 
520796190925458 46.013088 143.420547 -41.096008 
520796211299156 46.905453 142.582153 -40.951443 
520796230918532 46.881630 141.574951 -40.644363 
520796250919311 44.928543 142.380737 -40.009892 
520796270986761 45.689445 142.107697 -38.941113 
520796290920563 44.169960 142.064636 -38.465160 
520796310923167 44.314846 142.221741 -40.157822 
520796330918792 44.195442 142.776855 -37.388611 
520796350919156 42.470390 141.013763 -38.295662 
520796370922385 42.596478 140.159393 -38.912491 
520796390929312 43.560631 142.195496 -39.074223 
520796410919312 43.245724 141.462357 -37.841583 
520796430919104 43.284977 143.190323 -38.609612 
520796450918479 42.198090 142.299271 -38.445930 
520796470918323 44.820900 143.953293 -39.392761 
520796490919469 42.781277 141.750336 -40.143303 
520796510920823 44.348373 142.927109 -37.851273 
520796530919625 40.515629 142.114502 -39.044823 
520796550920770 42.047165 141.707001 -35.984703 
520796571262489 41.781570 143.133591 -35.673660 
520796590917906 39.760395 141.648819 -36.423901 
520796610918582 42.920731 139.857101 -34.764301 
520796630918062 42.646095 141.291412 -35.837009 
520796650918896 40.981068 141.385361 -34.898281 
520796670918688 41.001530 142.101852 -34.590481 
520796690918896 40.218796 140.925659 -33.353611 
520796710918011 42.164848 140.125870 -35.064331 
520796730918583 41.410633 140.099625 -33.980732 
520796750920458 41.246311 139.665512 -34.133190 
520796770918895 42.608177 139.415543 -34.300289 
520796790918582 40.305977 138.636581 -34.278542 
520796810919208 39.897198 140.491745 -34.273350 
520796830917437 41.705765 140.262497 -35.982361 
520796850917385 41.880810 140.834244 -34.753593 
520796870919104 42.170895 140.561050 -35.832901 
520796890919573 40.485062 139.645264 -34.125839 
520796910917645 42.492153 140.701675 -33.837029 
520796931201396 42.034756 141.423981 -36.753571 
520796951200718 40.648396 140.520554 -35.818199 
520796970918114 40.196342 140.651199 -35.659981 
520796990917644 42.054199 141.701004 -34.908451 
520797010920823 42.046818 141.413712 -34.908569 
520797030918063 41.398575 140.109894 -35.825729 
520797050918010 41.425079 141.261566 -36.286503 
520797070917958 40.957592 140.671448 -35.667328 
520797090919000 43.223236 140.307266 -36.765812 
520797110918531 40.939140 139.953247 -35.667629 
520797130928166 41.870762 140.842804 -36.291092 
520797150917854 41.453579 141.971207 -34.748703 
520797170918218 41.913345 141.980789 -34.291862 
520797190918739 42.159477 139.836853 -34.756950 
520797210918738 42.154453 139.841141 -35.525700 
520797230922957 42.002537 139.690033 -34.909290 
520797250931551 41.860348 140.117767 -35.061390 
520797270918478 42.902626 139.432190 -35.840733 
520797291134885 42.149429 139.845413 -36.294453 
520797310968114 43.235298 140.296997 -34.920811 
520797330918843 43.515980 139.297913 -34.616669 
520797350918478 42.646095 141.291412 -35.837009 
520797370919208 41.698383 139.975204 -35.982483 
520797390918739 41.102131 140.535263 -36.283863 
520797410917905 42.018318 140.704071 -36.446369 
520797430918531 41.910675 142.276642 -35.829239 
520797450918062 41.907661 142.279205 -36.290493 
520797470918114 43.506935 139.305618 -36.000423 
520797490918530 42.143383 139.410233 -35.525883 
520797510918271 41.728893 140.683136 -34.137180 
520797530917905 41.249012 140.250351 -35.977951 
520797550918113 42.643082 141.293976 -36.298260 
520797570918583 41.290939 141.682480 -35.208603 
520797590917281 41.838886 139.402130 -35.522942 
520797610919572 42.794643 140.711487 -34.147469 
520797630922644 42.796997 141.003052 -34.916100 
520797651087436 41.903942 141.254898 -32.908409 
520797670965406 41.903942 141.254898 -32.908409 
520797690964989 43.393921 140.589188 -35.075912 
520797710918426 42.776539 140.286575 -35.223904 
520797730916968 42.030720 140.987091 -35.677498 
520797750917541 42.635025 140.860504 -35.837193 
520797770917645 42.035404 140.689529 -33.832619 
520797790917749 41.685978 139.692200 -36.751354 
520797810922801 44.164558 140.895004 -34.775642 
520797830917332 44.160198 140.605148 -34.314510 
520797850920561 43.524017 139.291077 -33.386669 
520797870923114 43.715851 140.876022 -33.541229 
520797890917072 42.912678 139.423630 -34.303230 
520797910922124 43.994194 140.025681 -34.159531 
520797930917020 44.134052 140.187073 -36.620941 
