# Created at Thu Nov 07 17:59:08 EST 2019 in Burnaby Canada 
520792033340095 -0.811533 0.071331 -0.578379 0.042463 
520792053905928 -0.809877 0.072324 -0.580652 0.041366 
520792074474417 -0.807674 0.072361 -0.583716 0.041256 
520792095042543 -0.807776 0.072705 -0.583546 0.041065 
520792115611032 -0.808015 0.073339 -0.583165 0.040642 
520792136179627 -0.807476 0.073699 -0.583881 0.040419 
520792156748117 -0.806783 0.074056 -0.584812 0.040145 
520792177316658 -0.806445 0.074185 -0.585272 0.039994 
520792197885148 -0.806303 0.074521 -0.585442 0.039734 
520792218453584 -0.806194 0.074704 -0.585584 0.039529 
520792239022074 -0.806236 0.075051 -0.585502 0.039211 
520792259590668 -0.806530 0.075438 -0.585068 0.038910 
520792280159157 -0.806994 0.075642 -0.584407 0.038822 
520792300727335 -0.807413 0.075940 -0.583799 0.038679 
520792321295772 -0.807744 0.076232 -0.583313 0.038515 
520792341864418 -0.808018 0.076412 -0.582921 0.038367 
520792362432907 -0.808192 0.076454 -0.582677 0.038312 
520792383001240 -0.808558 0.076338 -0.582166 0.038580 
520792403569730 -0.808915 0.076361 -0.581652 0.038814 
520792424138272 -0.808692 0.076320 -0.581948 0.039100 
520792444706762 -0.808342 0.076231 -0.582437 0.039238 
520792465275407 -0.808074 0.076161 -0.582806 0.039396 
520792485843897 -0.808252 0.076423 -0.582529 0.039345 
520792506412230 -0.808268 0.076433 -0.582517 0.039186 
520792526980720 -0.808149 0.076674 -0.582673 0.038855 
520792547549210 -0.808203 0.077079 -0.582569 0.038482 
520792568117699 -0.808618 0.077706 -0.581949 0.037863 
520792588686345 -0.809349 0.078302 -0.580916 0.036875 
520792609254834 -0.809513 0.079319 -0.580663 0.035025 
520792629823220 -0.809632 0.079839 -0.580478 0.034165 
520792650391709 -0.810920 0.079799 -0.578639 0.034901 
520792670960198 -0.810711 0.078802 -0.579044 0.035303 
520792691528898 -0.808400 0.077123 -0.582430 0.036284 
520792712097387 -0.807513 0.077237 -0.583631 0.036499 
520792732665720 -0.808262 0.078359 -0.582496 0.035654 
520792753234209 -0.808373 0.078477 -0.582366 0.034996 
520792773803688 -0.808078 0.078099 -0.582855 0.034484 
520792794372178 -0.808314 0.077776 -0.582597 0.034070 
520792814939730 -0.808995 0.077554 -0.581696 0.033793 
520792835508220 -0.809292 0.076950 -0.581363 0.033791 
520792856076709 -0.809110 0.076240 -0.581703 0.033910 
520792876645147 -0.809113 0.075757 -0.581752 0.034100 
520792897213637 -0.809478 0.075566 -0.581262 0.034210 
520792917782126 -0.809667 0.075403 -0.581024 0.034125 
520792938351606 -0.809831 0.074109 -0.580923 0.034780 
520792958920095 -0.810005 0.073240 -0.580766 0.035193 
520792979488845 -0.810150 0.071721 -0.580688 0.036264 
520793000057386 -0.810099 0.070769 -0.580827 0.037031 
520793020625147 -0.810179 0.068560 -0.580867 0.038758 
520793041193637 -0.810348 0.066970 -0.580732 0.040016 
520793061763792 -0.810442 0.066858 -0.580603 0.040176 
520793082332282 -0.810493 0.066829 -0.580533 0.040212 
520793102899209 -0.810632 0.066172 -0.580383 0.040654 
520793123467699 -0.810649 0.066126 -0.580360 0.040700 
520793144037283 -0.810465 0.064847 -0.580690 0.041705 
520793164605772 -0.810042 0.063508 -0.581343 0.042872 
520793185174261 -0.809647 0.063268 -0.581883 0.043361 
520793205742750 -0.809653 0.063210 -0.581864 0.043600 
520793226311449 -0.809739 0.063260 -0.581744 0.043530 
520793246879938 -0.809766 0.062971 -0.581723 0.043724 
520793267449053 -0.809790 0.062789 -0.581705 0.043790 
520793288017543 -0.809686 0.061198 -0.581935 0.044889 
520793308584417 -0.809594 0.060463 -0.582095 0.045459 
520793329152907 -0.809811 0.059315 -0.581831 0.046484 
520793349721917 -0.810037 0.058133 -0.581546 0.047589 
520793370289313 -0.810225 0.056792 -0.581322 0.048738 
520793390857855 -0.810414 0.057266 -0.581034 0.048473 
520793411426396 -0.810681 0.057177 -0.580667 0.048506 
520793431994886 -0.810862 0.057475 -0.580408 0.048221 
520793452562698 -0.811027 0.057485 -0.580190 0.048062 
520793473131188 -0.811107 0.057432 -0.580097 0.047901 
520793493700981 -0.811043 0.057105 -0.580217 0.047921 
520793514269470 -0.810884 0.057428 -0.580440 0.047530 
520793534838272 -0.810691 0.057112 -0.580731 0.047651 
520793555406814 -0.810472 0.056190 -0.581075 0.048260 
520793575974001 -0.810336 0.055229 -0.581302 0.048928 
520793596542491 -0.810275 0.054343 -0.581416 0.049565 
520793617111188 -0.810294 0.054187 -0.581402 0.049590 
520793637679678 -0.810353 0.054229 -0.581326 0.049464 
520793658247960 -0.810435 0.054271 -0.581224 0.049274 
520793678816501 -0.810332 0.054024 -0.581390 0.049291 
520793699384991 -0.811801 0.056539 -0.579339 0.046356 
520793719953480 -0.806405 0.055320 -0.587012 0.045472 
520793740525459 -0.802783 0.053157 -0.591972 0.047779 
520793761093949 -0.804816 0.053705 -0.589198 0.047253 
520793781661188 -0.806165 0.052650 -0.587290 0.049153 
520793802229678 -0.805464 0.050794 -0.588211 0.051533 
520793822796500 -0.804510 0.050122 -0.589465 0.052748 
520793843365042 -0.802514 0.050756 -0.592277 0.051033 
520793863933115 -0.798693 0.050507 -0.597470 0.050685 
520793884501656 -0.796631 0.049290 -0.600243 0.051554 
520793905070198 -0.796679 0.048578 -0.600249 0.051417 
520793925638740 -0.795055 0.048416 -0.602487 0.050528 
520793946207490 -0.791130 0.048475 -0.607642 0.050346 
520793966776032 -0.787097 0.047689 -0.612887 0.050725 
520793987344105 -0.786118 0.045861 -0.614243 0.051198 
520794007912594 -0.785656 0.045284 -0.614897 0.050944 
520794028481553 -0.784783 0.045892 -0.615959 0.051023 
520794049050094 -0.783546 0.046207 -0.617543 0.050606 
520794069618219 -0.782633 0.045947 -0.618695 0.050899 
520794090186709 -0.782067 0.046046 -0.619417 0.050724 
520794110755250 -0.780067 0.046943 -0.621873 0.050645 
520794131324522 -0.777937 0.049919 -0.624249 0.051342 
520794151893064 -0.775920 0.055656 -0.625988 0.054671 
520794172460876 -0.774587 0.061951 -0.626614 0.059434 
520794193029366 -0.774511 0.067108 -0.625720 0.064059 
520794213597959 -0.774893 0.072261 -0.624123 0.069216 
520794234166501 -0.775567 0.080588 -0.621410 0.076496 
520794254735251 -0.777253 0.088386 -0.617455 0.082556 
520794275303792 -0.778510 0.092166 -0.614621 0.087570 
520794295872438 -0.779067 0.094296 -0.612747 0.093297 
520794316440980 -0.778785 0.097885 -0.611232 0.101526 
520794337009104 -0.778780 0.102351 -0.608744 0.111614 
520794357577646 -0.779978 0.105369 -0.604667 0.122104 
520794378146136 -0.782104 0.106091 -0.600151 0.129910 
520794398714625 -0.786064 0.103759 -0.594589 0.133423 
520794419283219 -0.791444 0.101113 -0.587070 0.136902 
520794439851761 -0.798154 0.099039 -0.577473 0.140233 
520794460420823 -0.803644 0.097347 -0.570093 0.140259 
520794480989313 -0.806410 0.094943 -0.566516 0.140529 
520794501557542 -0.808423 0.093080 -0.563521 0.142240 
520794522126084 -0.811709 0.090868 -0.558193 0.145919 
520794542694573 -0.816665 0.087440 -0.549690 0.152491 
520794563263114 -0.817475 0.082991 -0.546207 0.162804 
520794583831761 -0.815740 0.076892 -0.545689 0.175725 
520794604400303 -0.816719 0.066720 -0.540890 0.189624 
520794624968792 -0.818686 0.054005 -0.533833 0.204592 
520794645537334 -0.817730 0.042553 -0.529505 0.221656 
520794666106084 -0.813984 0.033518 -0.526804 0.242455 
520794686674625 -0.806470 0.028597 -0.525789 0.268951 
520794707243323 -0.795109 0.029291 -0.528409 0.296188 
520794727811813 -0.784224 0.026969 -0.530632 0.320460 
520794748380979 -0.775946 0.018635 -0.529175 0.342833 
520794768949521 -0.768249 0.006750 -0.525419 0.365625 
520794789517125 -0.762722 -0.008123 -0.517720 0.387500 
520794810086187 -0.756527 -0.028480 -0.507052 0.412011 
520794830654729 -0.752475 -0.049757 -0.492733 0.434189 
520794851222647 -0.743908 -0.066039 -0.481556 0.458632 
520794871791188 -0.729233 -0.077941 -0.474657 0.486668 
520794892359886 -0.715847 -0.092412 -0.465618 0.512078 
520794912928428 -0.700274 -0.109056 -0.457752 0.536830 
520794933497385 -0.681138 -0.112047 -0.459464 0.558917 
520794954065875 -0.665429 -0.104169 -0.468827 0.571450 
520794974633844 -0.654847 -0.104249 -0.481001 0.573538 
520794995202385 -0.646930 -0.109151 -0.496165 0.568672 
520795015771709 -0.638743 -0.102911 -0.515876 0.561505 
520795036340251 -0.631002 -0.091713 -0.540610 0.548786 
520795056908479 -0.627627 -0.095139 -0.562451 0.529794 
520795077477021 -0.625182 -0.113255 -0.580349 0.509427 
520795098045876 -0.617420 -0.138440 -0.601985 0.487073 
520795118614417 -0.601070 -0.166542 -0.630062 0.462602 
520795139182542 -0.577739 -0.199412 -0.661688 0.434305 
520795159751084 -0.555493 -0.247985 -0.688232 0.395308 
520795180319729 -0.536054 -0.312009 -0.705710 0.342447 
520795200888271 -0.503150 -0.362461 -0.727003 0.294838 
520795221456553 -0.454749 -0.383437 -0.754859 0.276347 
520795242025094 -0.395956 -0.391196 -0.787052 0.265957 
520795262594886 -0.348960 -0.394202 -0.816207 0.237985 
520795283163428 -0.309030 -0.392544 -0.844288 0.193877 
520795303731968 -0.273096 -0.386102 -0.869194 0.144384 
520795324300562 -0.251243 -0.371803 -0.887797 0.102259 
520795344868740 -0.224244 -0.355690 -0.904020 0.077109 
520795365437281 -0.193800 -0.343156 -0.917189 0.058740 
520795386005771 -0.171435 -0.334660 -0.926036 0.032703 
520795406574313 0.159394 0.328413 0.930988 0.000553 
520795427142698 0.148383 0.323200 0.934096 0.031430 
520795447711240 0.130993 0.317119 0.938015 0.049027 
520795468280407 0.103163 0.310825 0.943329 0.053632 
520795488848948 0.071301 0.304294 0.948281 0.055541 
520795509416083 0.047213 0.296136 0.951598 0.067347 
520795529984625 0.036594 0.285651 0.953284 0.091180 
520795550553999 0.033687 0.273586 0.954097 0.117114 
520795571122281 0.031897 0.263896 0.954273 0.136768 
520795591690823 0.029801 0.258429 0.954438 0.146197 
520795612261552 0.028813 0.254217 0.954714 0.151872 
520795632830094 0.026020 0.248252 0.954565 0.162790 
520795653396813 0.024966 0.240897 0.954565 0.173643 
520795673965354 0.023279 0.236815 0.954551 0.179467 
520795694533479 0.016351 0.239427 0.954143 0.178936 
520795715102021 0.006177 0.244788 0.953813 0.174013 
520795735671604 -0.000828 0.244171 0.955768 0.163972 
520795756240146 -0.005793 0.240904 0.958950 0.149487 
520795776808636 -0.002920 0.237163 0.961953 0.135615 
520795797377177 0.006157 0.237403 0.963222 0.125719 
520795817946031 0.019891 0.244239 0.961726 0.122616 
520795838514625 0.027867 0.259635 0.957629 0.121493 
520795859082229 0.026550 0.281842 0.952192 0.114851 
520795879650770 0.025534 0.300132 0.947808 0.104542 
520795900219156 0.026150 0.309807 0.945930 0.092480 
520795920787750 0.028617 0.310739 0.946407 0.083287 
520795941356239 0.036458 0.306341 0.947980 0.078485 
520795961924781 0.039314 0.301795 0.949722 0.073500 
520795982493271 0.038155 0.299328 0.951007 0.067332 
520796003061812 0.033761 0.298966 0.951813 0.059421 
520796023630406 0.033288 0.298693 0.952294 0.053009 
520796044198948 0.036585 0.297847 0.952554 0.050885 
520796064767281 0.035346 0.297961 0.952494 0.052196 
520796085335823 0.028593 0.299928 0.951922 0.055415 
520796105904105 0.021272 0.303252 0.950825 0.059312 
520796126472698 0.007987 0.308187 0.949260 0.062153 
520796147041500 -0.001413 0.312876 0.947555 0.065164 
520796167610042 -0.004801 0.316870 0.946015 0.068010 
520796188179469 -0.002233 0.320525 0.944675 0.069630 
520796208748063 0.007353 0.323988 0.943574 0.068161 
520796229316761 0.018877 0.326404 0.942929 0.063153 
520796249886240 0.031335 0.326014 0.943024 0.058647 
520796270455042 0.044068 0.324552 0.943149 0.056522 
520796291022646 0.055285 0.324659 0.942530 0.056366 
520796311591188 0.058704 0.327081 0.941465 0.056707 
520796332159364 0.054455 0.329483 0.940953 0.055533 
520796352727906 0.049487 0.329459 0.941429 0.052139 
520796373297125 0.045801 0.327895 0.942438 0.046876 
520796393865718 0.045274 0.325864 0.943378 0.042430 
520796414433583 0.045355 0.325335 0.943689 0.039377 
520796435002125 0.043266 0.326860 0.943326 0.037775 
520796455571239 0.040007 0.329526 0.942595 0.036423 
520796476139833 0.038819 0.332489 0.941678 0.034461 
520796496707906 0.040813 0.335802 0.940552 0.030547 
520796517276447 0.044802 0.340152 0.938948 0.025801 
520796537844156 0.047926 0.346086 0.936739 0.021139 
520796558412750 0.049178 0.352960 0.934164 0.018403 
520796578981083 0.048756 0.359680 0.931662 0.016112 
520796599549624 0.048474 0.365376 0.929504 0.013125 
520796620118636 0.049519 0.369438 0.927874 0.010604 
520796640687178 0.051101 0.371715 0.926904 0.008135 
520796661255250 0.052170 0.372416 0.926582 0.005436 
520796681823792 0.052356 0.372417 0.926582 0.003097 
520796702391969 0.051428 0.372527 0.926594 0.001416 
520796722960510 0.050386 0.372956 0.926479 0.001060 
520796743530197 0.049766 0.373374 0.926345 0.000967 
520796764098739 0.049689 0.373303 0.926378 0.000877 
520796784666395 0.050399 0.372608 0.926619 0.001009 
520796805234937 0.051100 0.371593 0.926988 0.001025 
520796825803271 0.051871 0.370386 0.927427 0.001961 
520796846371812 0.052478 0.369314 0.927814 0.003786 
520796866940249 0.052736 0.368144 0.928257 0.005341 
520796887508791 0.052322 0.366145 0.929062 0.006709 
520796908077488 0.050939 0.363255 0.930264 0.007697 
520796928646030 0.049611 0.360510 0.931391 0.009054 
520796949214780 0.048270 0.359213 0.931949 0.010325 
520796969783480 0.047174 0.359714 0.931803 0.011085 
520796990352021 0.047029 0.361409 0.931145 0.011859 
520797010920666 0.047987 0.363477 0.930261 0.014003 
520797031489260 0.049502 0.364913 0.929562 0.017387 
520797052058062 0.051927 0.365099 0.929279 0.021129 
520797072626604 0.054072 0.365683 0.928859 0.023923 
520797093194625 0.055358 0.365957 0.928577 0.027486 
520797113763166 0.055128 0.366370 0.928325 0.030759 
520797134332437 0.054038 0.366825 0.928135 0.032934 
520797154900979 0.052652 0.367105 0.928106 0.032862 
520797175469311 0.051767 0.366831 0.928301 0.031802 
520797196037853 0.051427 0.366195 0.928604 0.030850 
520797216606916 0.051219 0.365166 0.929027 0.030635 
520797237175457 0.050497 0.364145 0.929445 0.031317 
520797257745249 0.049156 0.363200 0.929856 0.032219 
520797278313791 0.047709 0.362339 0.930259 0.032437 
520797298881655 0.047117 0.361782 0.930537 0.031540 
520797319450249 0.048150 0.361738 0.930487 0.031946 
520797340018583 0.049831 0.361987 0.930253 0.033328 
520797360587125 0.050446 0.362044 0.930199 0.033312 
520797381154364 0.049359 0.361863 0.930379 0.031840 
520797401722906 0.048413 0.361808 0.930485 0.030806 
520797422292333 0.048845 0.362682 0.930106 0.031288 
520797442860874 0.049731 0.364508 0.929304 0.032477 
520797463429104 0.050205 0.366146 0.928615 0.033008 
520797483997646 0.050404 0.367064 0.928246 0.032901 
520797504566186 0.050564 0.367598 0.928025 0.032938 
520797525134780 0.050896 0.367745 0.927915 0.033882 
520797545702750 0.051007 0.367344 0.928042 0.034551 
520797566271291 0.050837 0.366774 0.928263 0.034938 
520797586839936 0.050380 0.366416 0.928418 0.035218 
520797607408478 0.050630 0.366296 0.928423 0.035975 
520797627976812 0.051401 0.366581 0.928248 0.036483 
520797648545354 0.051831 0.366696 0.928167 0.036795 
520797669113843 0.051762 0.365988 0.928423 0.037463 
520797689682384 0.051075 0.364816 0.928896 0.038124 
520797710250926 0.050081 0.363602 0.929415 0.038380 
520797730819572 0.048639 0.362387 0.929982 0.037992 
520797751388114 0.046101 0.360963 0.930716 0.036713 
520797771956603 0.040868 0.361158 0.930964 0.034649 
520797792525145 0.041521 0.363903 0.929779 0.036908 
520797813095614 0.048593 0.368468 0.927462 0.041035 
520797833664207 0.058061 0.372466 0.925053 0.046639 
520797854230666 0.066834 0.374112 0.923307 0.055479 
520797874799208 0.073776 0.371042 0.923435 0.064433 
520797895367801 0.074564 0.362544 0.926430 0.068768 
