# Created at Thu Nov 07 18:03:11 EST 2019 in Burnaby Canada 
521035624699378 0.000000 0.000000 0.000000 
521035645268648 0.000000 0.000000 0.000000 
521035665836982 0.000000 0.000000 0.000000 
521035686406670 0.000000 0.000000 0.000000 
521035706975679 0.000000 0.000000 0.000000 
521035727545107 0.000000 0.000000 0.000000 
521035748114065 0.000000 0.000000 0.000000 
521035768682918 0.000000 0.000000 0.000000 
521035789252085 0.000000 0.000000 0.000000 
521035809821460 0.000000 0.000000 0.000000 
521035830390627 0.000000 0.000000 0.000000 
521035850959377 0.000000 0.000000 0.000000 
521035871528543 0.000000 0.000000 0.000000 
521035892097763 0.000000 0.000000 0.000000 
521035912666929 0.000000 0.000000 0.000000 
521035933236460 0.000000 0.000000 0.000000 
521035953805627 0.000000 0.000000 0.000000 
521035974374377 0.000000 0.000000 0.000000 
521035994943544 0.000000 0.000000 0.000000 
521036015513596 0.000000 0.000000 0.000000 
521036036082710 0.000000 0.000000 0.000000 
521036056650784 0.000000 0.000000 0.000000 
521036077219898 0.000000 0.000000 0.000000 
521036097788908 0.000000 0.000000 0.000000 
521036118358023 0.000000 0.000000 0.000000 
521036138927293 0.000000 0.000000 0.000000 
521036159497971 0.000000 0.000000 0.000000 
521036180065575 0.000000 0.000000 0.000000 
521036200634950 0.000000 0.000000 0.000000 
521036221203960 0.000000 0.000000 0.000000 
521036241773492 0.000000 0.000000 0.000000 
521036262342502 0.000000 0.000000 0.000000 
521036282911669 0.000000 0.000000 0.000000 
521036303480992 0.000000 0.000000 0.000000 
521036324049898 0.000000 0.000000 0.000000 
521036344619221 0.000000 0.000000 0.000000 
521036365188075 0.000000 0.000000 0.000000 
521036385757502 0.000000 0.000000 0.000000 
521036406327032 0.000000 0.000000 0.000000 
521036426895731 0.000000 0.000000 0.000000 
521036447464794 0.000000 0.000000 0.000000 
521036468033908 0.000000 0.000000 0.000000 
521036488603179 0.000000 0.000000 0.000000 
521036509172294 0.000000 0.000000 0.000000 
521036529741304 0.000000 0.000000 0.000000 
521036550310419 0.000000 0.000000 0.000000 
521036570879689 0.000000 0.000000 0.000000 
521036591448804 0.000000 0.000000 0.000000 
521036612017866 0.000000 0.000000 0.000000 
521036632587032 0.000000 0.000000 0.000000 
521036653156408 0.000000 0.000000 0.000000 
521036673725575 0.000000 0.000000 0.000000 
521036694294584 0.000000 0.000000 0.000000 
521036714863699 0.000000 0.000000 0.000000 
521036735432815 0.000000 0.000000 0.000000 
521036756001981 0.000000 0.000000 0.000000 
521036776571147 0.000000 0.000000 0.000000 
521036797140313 0.000000 0.000000 0.000000 
521036817709949 0.000000 0.000000 0.000000 
521036838278700 0.000000 0.000000 0.000000 
521036858847710 0.000000 0.000000 0.000000 
521036879417137 0.000000 0.000000 0.000000 
521036899986356 0.000000 0.000000 0.000000 
521036920555262 0.000000 0.000000 0.000000 
521036941124481 0.000000 0.000000 0.000000 
521036961693752 0.000000 0.000000 0.000000 
521036982263231 0.000000 0.000000 0.000000 
521037002833022 0.000000 0.000000 0.000000 
521037023401252 0.000000 0.000000 0.000000 
521037043970366 0.000000 0.000000 0.000000 
521037064539585 0.000000 0.000000 0.000000 
521037085108440 0.000000 0.000000 0.000000 
521037105677345 0.000000 0.000000 0.000000 
521037126246356 0.000000 0.000000 0.000000 
521037146815627 0.000000 0.000000 0.000000 
521037167384637 0.000000 0.000000 0.000000 
521037187953804 0.000000 0.000000 0.000000 
521037208522918 0.000000 0.000000 0.000000 
521037229092085 0.000000 0.000000 0.000000 
521037249662398 0.000000 0.000000 0.000000 
521037270230938 0.000000 0.000000 0.000000 
521037290799794 0.000000 0.000000 0.000000 
521037311368961 0.000000 0.000000 0.000000 
521037331938751 0.000000 0.000000 0.000000 
521037352507918 0.000000 0.000000 0.000000 
521037373076512 0.000000 0.000000 0.000000 
521037393645678 0.000000 0.000000 0.000000 
521037414214585 0.000000 0.000000 0.000000 
521037434783752 0.000000 0.000000 0.000000 
521037455353126 0.000000 0.000000 0.000000 
521037475922293 0.000000 0.000000 0.000000 
521037496492450 0.000000 0.000000 0.000000 
521037517061616 0.000000 0.000000 0.000000 
521037537630366 0.000000 0.000000 0.000000 
521037558200470 0.000000 0.000000 0.000000 
521037578769793 0.000000 0.000000 0.000000 
521037599339064 0.000000 0.000000 0.000000 
521037619908075 0.000000 0.000000 0.000000 
521037640476617 0.000000 0.000000 0.000000 
521037661044949 0.000000 0.000000 0.000000 
521037681613856 0.000000 0.000000 0.000000 
521037702182866 0.000000 0.000000 0.000000 
521037722752397 0.000000 0.000000 0.000000 
521037743322553 0.000000 0.000000 0.000000 
521037763891044 0.000000 0.000000 0.000000 
521037784460001 0.000000 0.000000 0.000000 
521037805029324 0.000000 0.000000 0.000000 
521037825600105 0.000000 0.000000 0.000000 
521037846167293 0.000000 0.000000 0.000000 
521037866736251 0.000000 0.000000 0.000000 
521037887305575 0.000000 0.000000 0.000000 
521037907875210 0.000000 0.000000 0.000000 
521037928443907 0.000000 0.000000 0.000000 
521037949013126 0.000000 0.000000 0.000000 
521037969584533 0.000000 0.000000 0.000000 
521037990153699 0.000000 0.000000 0.000000 
521038010722085 0.000000 0.000000 0.000000 
521038031291252 0.000000 0.000000 0.000000 
521038051860834 0.000000 0.000000 0.000000 
521038072430053 0.000000 0.000000 0.000000 
521038092997397 0.000000 0.000000 0.000000 
521038113566615 0.000000 0.000000 0.000000 
521038134135939 0.000000 0.000000 0.000000 
521038154705158 0.000000 0.000000 0.000000 
521038175274064 0.000000 0.000000 0.000000 
521038195843230 0.000000 0.000000 0.000000 
521038216412658 0.000000 0.000000 0.000000 
521038236981825 0.000000 0.000000 0.000000 
521038257552032 0.000000 0.000000 0.000000 
521038278120210 0.000000 0.000000 0.000000 
521038298689376 0.000000 0.000000 0.000000 
521038319259168 0.000000 0.000000 0.000000 
521038339828647 0.000000 0.000000 0.000000 
521038360398439 0.000000 0.000000 0.000000 
521038380966876 0.000000 0.000000 0.000000 
521038401536095 0.000000 0.000000 0.000000 
521038422105209 0.000000 0.000000 0.000000 
521038442674793 0.000000 0.000000 0.000000 
521038463244688 0.000000 0.000000 0.000000 
521038483814064 0.000000 0.000000 0.000000 
521038504383022 0.000000 0.000000 0.000000 
521038524952867 0.000000 0.000000 0.000000 
521038545521668 0.000000 0.000000 0.000000 
521038566090626 0.000000 0.000000 0.000000 
521038586660783 0.000000 0.000000 0.000000 
521038607229741 0.000000 0.000000 0.000000 
521038627798960 0.000000 0.000000 0.000000 
521038648366980 0.000000 0.000000 0.000000 
521038668936199 0.000000 0.000000 0.000000 
521038689505522 0.000000 0.000000 0.000000 
521038710074689 0.000000 0.000000 0.000000 
521038730643230 0.000000 0.000000 0.000000 
521038751212448 0.000000 0.000000 0.000000 
521038771781876 0.000000 0.000000 0.000000 
521038792350366 0.000000 0.000000 0.000000 
521038812920105 0.000000 0.000000 0.000000 
521038833489323 0.000000 0.000000 0.000000 
521038854059324 0.000000 0.000000 0.000000 
521038874628543 0.000000 0.000000 0.000000 
521038895197136 0.000000 0.000000 0.000000 
521038915766354 0.000000 0.000000 0.000000 
521038936334428 0.000000 0.000000 0.000000 
521038956903595 0.000000 0.000000 0.000000 
521038977474063 0.000000 0.000000 0.000000 
521038998043334 0.000000 0.000000 0.000000 
521039018612449 0.000000 0.000000 0.000000 
521039039181356 0.000000 0.000000 0.000000 
521039059750469 0.000000 0.000000 0.000000 
521039080319741 0.000000 0.000000 0.000000 
521039100888699 0.000000 0.000000 0.000000 
521039121457918 0.000000 0.000000 0.000000 
521039142027032 0.000000 0.000000 0.000000 
521039162596616 0.000000 0.000000 0.000000 
521039183165522 0.000000 0.000000 0.000000 
521039203737709 0.000000 0.000000 0.000000 
521039224303907 0.000000 0.000000 0.000000 
521039244873125 0.000000 0.000000 0.000000 
521039265442397 0.000000 0.000000 0.000000 
521039286012917 0.000000 0.000000 0.000000 
521039306580730 0.000000 0.000000 0.000000 
521039327150782 0.000000 0.000000 0.000000 
521039347719168 0.000000 0.000000 0.000000 
521039368288334 0.000000 0.000000 0.000000 
521039388857553 0.000000 0.000000 0.000000 
521039409427710 0.000000 0.000000 0.000000 
521039429996929 0.000000 0.000000 0.000000 
521039450565313 0.000000 0.000000 0.000000 
521039471134584 0.000000 0.000000 0.000000 
521039491704063 0.000000 0.000000 0.000000 
521039512273282 0.000000 0.000000 0.000000 
521039532842500 0.000000 0.000000 0.000000 
521039553411719 0.000000 0.000000 0.000000 
521039573980730 0.000000 0.000000 0.000000 
521039594549949 0.000000 0.000000 0.000000 
521039615119375 0.000000 0.000000 0.000000 
521039635688594 0.000000 0.000000 0.000000 
521039656257501 0.000000 0.000000 0.000000 
521039676826720 0.000000 0.000000 0.000000 
521039697396042 0.000000 0.000000 0.000000 
521039717965209 0.000000 0.000000 0.000000 
521039738534167 0.000000 0.000000 0.000000 
521039759103959 0.000000 0.000000 0.000000 
521039779673542 0.000000 0.000000 0.000000 
521039800242031 0.000000 0.000000 0.000000 
521039820811355 0.000000 0.000000 0.000000 
521039841380365 0.000000 0.000000 0.000000 
521039861950833 0.000000 0.000000 0.000000 
521039882519375 0.000000 0.000000 0.000000 
521039903088126 0.000000 0.000000 0.000000 
521039923657293 0.000000 0.000000 0.000000 
521039944226354 0.000000 0.000000 0.000000 
521039964796615 0.000000 0.000000 0.000000 
521039985365105 0.000000 0.000000 0.000000 
521040005934949 0.000000 0.000000 0.000000 
521040026503594 0.000000 0.000000 0.000000 
521040047072917 0.000000 0.000000 0.000000 
521040067642344 0.000000 0.000000 0.000000 
521040088213334 0.000000 0.000000 0.000000 
521040108782552 0.000000 0.000000 0.000000 
521040129349636 0.000000 0.000000 0.000000 
521040149918855 0.000000 0.000000 0.000000 
521040170487866 0.000000 0.000000 0.000000 
521040191057084 0.000000 0.000000 0.000000 
521040211626771 0.000000 0.000000 0.000000 
521040232195990 0.000000 0.000000 0.000000 
521040252767709 0.000000 0.000000 0.000000 
521040273336928 0.000000 0.000000 0.000000 
521040293903074 0.000000 0.000000 0.000000 
521040314472293 0.000000 0.000000 0.000000 
521040335040208 0.000000 0.000000 0.000000 
521040355609427 0.000000 0.000000 0.000000 
521040376179688 0.000000 0.000000 0.000000 
521040396748907 0.000000 0.000000 0.000000 
521040417319375 0.000000 0.000000 0.000000 
521040437888594 0.000000 0.000000 0.000000 
521040458457032 0.000000 0.000000 0.000000 
521040479027813 0.000000 0.000000 0.000000 
521040499596718 0.000000 0.000000 0.000000 
521040520166198 0.000000 0.000000 0.000000 
521040540735417 0.000000 0.000000 0.000000 
521040561305313 0.000000 0.000000 0.000000 
521040581874583 0.000000 0.000000 0.000000 
521040602443854 0.000000 0.000000 0.000000 
521040623011928 0.000000 0.000000 0.000000 
521040643580886 0.000000 0.000000 0.000000 
521040664150729 0.000000 0.000000 0.000000 
521040684720938 0.000000 0.000000 0.000000 
521040705287396 0.000000 0.000000 0.000000 
521040725856459 0.000000 0.000000 0.000000 
521040746426563 0.000000 0.000000 0.000000 
521040766995573 0.000000 0.000000 0.000000 
521040787564688 0.000000 0.000000 0.000000 
521040808133543 0.000000 0.000000 0.000000 
521040828704375 0.000000 0.000000 0.000000 
521040849271771 0.000000 0.000000 0.000000 
521040869840990 0.000000 0.000000 0.000000 
521040890409844 0.000000 0.000000 0.000000 
521040910979062 0.000000 0.000000 0.000000 
521040931548333 0.000000 0.000000 0.000000 
521040952117552 0.000000 0.000000 0.000000 
521040972687969 0.000000 0.000000 0.000000 
521040993257187 0.000000 0.000000 0.000000 
521041013826875 0.000000 0.000000 0.000000 
521041034396094 0.000000 0.000000 0.000000 
521041054963906 0.000000 0.000000 0.000000 
521041075533124 0.000000 0.000000 0.000000 
521041096103230 0.000000 0.000000 0.000000 
521041116672449 0.000000 0.000000 0.000000 
521041137240573 0.000000 0.000000 0.000000 
521041157809739 0.000000 0.000000 0.000000 
521041178379740 0.000000 0.000000 0.000000 
521041198948594 0.000000 0.000000 0.000000 
521041219517708 0.000000 0.000000 0.000000 
521041240087447 0.000000 0.000000 0.000000 
521041260655729 0.000000 0.000000 0.000000 
521041281225364 0.000000 0.000000 0.000000 
521041301794219 0.000000 0.000000 0.000000 
521041322364843 0.000000 0.000000 0.000000 
521041342933281 0.000000 0.000000 0.000000 
521041363502917 0.000000 0.000000 0.000000 
521041384071146 0.000000 0.000000 0.000000 
521041404640469 0.000000 0.000000 0.000000 
521041425209687 0.000000 0.000000 0.000000 
521041445778646 0.000000 0.000000 0.000000 
521041466347449 0.000000 0.000000 0.000000 
521041486917343 0.000000 0.000000 0.000000 
521041507486510 0.000000 0.000000 0.000000 
521041528055990 0.000000 0.000000 0.000000 
521041548625209 0.000000 0.000000 0.000000 
521041569194062 0.000000 0.000000 0.000000 
521041589763281 0.000000 0.000000 0.000000 
521041610333646 0.000000 0.000000 0.000000 
521041630902865 0.000000 0.000000 0.000000 
521041651471197 0.000000 0.000000 0.000000 
521041672040416 0.000000 0.000000 0.000000 
521041692612344 0.000000 0.000000 0.000000 
521041713181563 0.000000 0.000000 0.000000 
521041733749791 0.000000 0.000000 0.000000 
521041754319010 0.000000 0.000000 0.000000 
521041774886510 0.000000 0.000000 0.000000 
521041795455729 0.000000 0.000000 0.000000 
521041816025365 0.000000 0.000000 0.000000 
521041836594584 0.000000 0.000000 0.000000 
521041857164427 0.000000 0.000000 0.000000 
521041877733646 0.000000 0.000000 0.000000 
521041898302343 0.000000 0.000000 0.000000 
521041918871667 0.000000 0.000000 0.000000 
521041939441354 0.000000 0.000000 0.000000 
521041960010365 0.000000 0.000000 0.000000 
521041980579687 0.000000 0.000000 0.000000 
521042001149479 0.000000 0.000000 0.000000 
521042021719480 0.000000 0.000000 0.000000 
521042042287917 0.000000 0.000000 0.000000 
521042062857655 0.000000 0.000000 0.000000 
521042083425781 0.000000 0.000000 0.000000 
521042103994323 0.000000 0.000000 0.000000 
521042124563803 0.000000 0.000000 0.000000 
521042145132552 0.000000 0.000000 0.000000 
521042165701927 0.000000 0.000000 0.000000 
521042186271093 0.000000 0.000000 0.000000 
521042206840573 0.000000 0.000000 0.000000 
521042227409634 0.000000 0.000000 0.000000 
521042247978802 0.000000 0.000000 0.000000 
