# Created at Thu Nov 07 18:03:11 EST 2019 in Burnaby Canada 
521035624699378 6.076222 0.366297 -7.870600 
521035645268648 6.067843 0.349538 -7.869403 
521035665836982 6.101360 0.343553 -7.855038 
521035686406670 6.073829 0.341159 -7.845461 
521035706975679 6.064252 0.333977 -7.858629 
521035727545107 6.057070 0.356721 -7.834688 
521035748114065 6.071434 0.342356 -7.847856 
521035768682918 6.088193 0.311233 -7.849053 
521035789252085 6.082208 0.301656 -7.831097 
521035809821460 6.061858 0.319612 -7.880176 
521035830390627 6.122908 0.317218 -7.868206 
521035850959377 6.167198 0.287292 -7.822718 
521035871528543 6.146849 0.248986 -7.880176 
521035892097763 6.140863 0.269336 -7.856235 
521035912666929 6.118119 0.306445 -7.851447 
521035933236460 6.089390 0.299262 -7.872993 
521035953805627 6.143258 0.300459 -7.816732 
521035974374377 6.158819 0.293277 -7.825112 
521035994943544 6.133681 0.316021 -7.803565 
521036015513596 6.130090 0.293277 -7.845461 
521036036082710 6.136075 0.276518 -7.882570 
521036056650784 6.132484 0.301656 -7.820323 
521036077219898 6.091784 0.323203 -7.797580 
521036097788908 6.037917 0.335174 -7.813141 
521036118358023 5.985247 0.365100 -7.829900 
521036138927293 5.987641 0.342356 -7.904117 
521036159497971 6.124104 0.274124 -7.835885 
521036180065575 6.201913 0.294474 -7.790397 
521036200634950 6.245007 0.245395 -7.773639 
521036221203960 6.179169 0.229833 -7.791595 
521036241773492 6.113331 0.269336 -7.832294 
521036262342502 6.125302 0.187937 -7.878979 
521036282911669 6.119316 0.179557 -7.951999 
521036303480992 6.207898 0.163996 -7.864614 
521036324049898 6.146849 0.149631 -7.849053 
521036344619221 6.061858 0.217863 -7.868206 
521036365188075 6.046296 0.214272 -7.878979 
521036385757502 6.016370 0.201104 -7.847856 
521036406327032 5.974473 0.245395 -7.851447 
521036426895731 5.925395 0.271730 -7.838279 
521036447464794 5.779354 0.395026 -7.796382 
521036468033908 5.742246 0.513534 -7.758077 
521036488603179 5.895468 0.412982 -7.847856 
521036509172294 6.048691 0.204695 -7.867008 
521036529741304 6.386258 0.203498 -7.675481 
521036550310419 6.017567 0.365100 -7.681466 
521036570879689 5.815266 0.694289 -7.270878 
521036591448804 6.351544 0.375874 -7.013513 
521036612017866 6.416184 -0.293277 -7.558169 
521036632587032 6.200716 -0.406997 -7.740121 
521036653156408 6.310844 -0.453682 -7.639569 
521036673725575 6.617289 -0.451288 -7.487544 
521036694294584 6.632851 -0.399814 -7.673086 
521036714863699 6.818393 -0.246592 -7.704210 
521036735432815 6.956054 -0.079005 -7.742516 
521036756001981 6.872261 -0.101749 -7.795186 
521036776571147 6.363514 -0.258563 -7.731742 
521036797140313 5.780551 -0.225045 -7.755683 
521036817709949 4.069968 -0.247789 -7.695830 
521036838278700 4.810942 0.248986 -7.987911 
521036858847710 5.429816 -0.357918 -7.033862 
521036879417137 6.425761 -1.393366 -7.626402 
521036899986356 5.380737 -0.809205 -8.077689 
521036920555262 5.263426 -0.126887 -8.107615 
521036941124481 5.335249 -0.867861 -7.565352 
521036961693752 5.250258 -1.791983 -7.442056 
521036982263231 5.274199 -1.900914 -7.695830 
521037002833022 5.323278 -1.601652 -8.119586 
521037023401252 6.219869 -1.547785 -7.755683 
521037043970366 5.790128 -2.072093 -7.930452 
521037064539585 5.348417 -2.261226 -7.426495 
521037085108440 5.691970 -2.392902 -7.766457 
521037105677345 5.798507 -3.247595 -8.259641 
521037126246356 4.781015 -3.873652 -7.938832 
521037146815627 5.433407 -2.931574 -7.759274 
521037167384637 4.073559 -2.870524 -6.865078 
521037187953804 4.412324 -4.540408 -7.433677 
521037208522918 4.747498 -3.435532 -8.524189 
521037229092085 3.574389 -2.942348 -7.816732 
521037249662398 4.249525 -3.993357 -6.705871 
521037270230938 5.196392 -5.019228 -7.713786 
521037290799794 5.490866 -6.626865 -8.075294 
521037311368961 5.586629 -7.683860 -8.282385 
521037331938751 5.360387 -4.125032 -7.992699 
521037352507918 5.417846 -4.296210 -9.194536 
521037373076512 5.990035 -5.019228 -7.499515 
521037393645678 5.930182 -5.340037 -6.558633 
521037414214585 5.071898 -4.670887 -6.868670 
521037434783752 4.291422 -3.023746 -6.837546 
521037455353126 5.383131 -3.676139 -6.976404 
521037475922293 5.764990 -4.249525 -7.191873 
521037496492450 5.864345 -4.511679 -6.374288 
521037517061616 5.656058 -4.625399 -6.717841 
521037537630366 5.330461 -4.318954 -7.104488 
521037558200470 5.466925 -4.180096 -6.663974 
521037578769793 5.389116 -4.791789 -7.410933 
521037599339064 5.217938 -4.854035 -7.573731 
521037619908075 4.741513 -3.619877 -6.659186 
521037640476617 4.800168 -2.743637 -6.742979 
521037661044949 4.883962 -4.733133 -6.857896 
521037681613856 6.300071 -6.237824 -7.451632 
521037702182866 5.538748 -4.791789 -6.624471 
521037722752397 5.773369 -5.267017 -7.115261 
521037743322553 5.004864 -3.720429 -5.366373 
521037763891044 4.770242 -5.051548 -7.049424 
521037784460001 5.336446 -4.189673 -6.376681 
521037805029324 5.589024 -5.070701 -5.956518 
521037825600105 6.897398 -5.756611 -6.373091 
521037846167293 4.419506 -5.229909 -7.029074 
521037866736251 5.219135 -5.512412 -6.868669 
521037887305575 5.773369 -6.461673 -6.078617 
521037907875210 5.915818 -7.032665 -6.205504 
521037928443907 6.666368 -8.157892 -7.093715 
521037949013126 4.286634 -3.908366 -5.538747 
521037969584533 5.436998 -5.683591 -6.279721 
521037990153699 5.346023 -5.553112 -5.731472 
521038010722085 3.762326 -4.510482 -5.980459 
521038031291252 5.076686 -5.875118 -6.572998 
521038051860834 5.049154 -5.245470 -6.294086 
521038072430053 4.593079 -5.407072 -5.753019 
521038092997397 4.983316 -5.932576 -6.569407 
521038113566615 5.423831 -6.356332 -7.171523 
521038134135939 5.812872 -2.261226 -5.193997 
521038154705158 4.131017 -5.055140 -4.752286 
521038175274064 5.123371 -12.682737 -11.320496 
521038195843230 4.728345 -3.800632 -1.839865 
521038216412658 5.435802 -1.758466 -6.333589 
521038236981825 4.569138 -3.894001 -5.476501 
521038257552032 0.532687 0.572190 -12.725832 
521038278120210 8.627134 -13.479973 -6.485614 
521038298689376 5.606979 -3.539675 -4.299801 
521038319259168 4.183688 -5.663241 -7.298410 
521038339828647 3.567207 -5.000075 -5.307717 
521038360398439 5.174844 -5.039577 -6.489204 
521038380966876 5.313702 -6.083405 -7.278060 
521038401536095 4.692433 -6.653200 -7.201449 
521038422105209 3.986175 -4.649340 -7.895738 
521038442674793 5.091051 -4.561955 -6.424564 
521038463244688 4.824109 -4.431477 -5.962503 
521038483814064 4.166929 -5.970882 -6.437732 
521038504383022 4.571531 -6.216277 -6.960842 
521038524952867 4.559561 -5.903848 -6.977601 
521038545521668 4.971346 -5.071898 -7.108079 
521038566090626 4.292619 -5.911030 -8.295552 
521038586660783 4.450629 -6.618486 -8.363784 
521038607229741 3.726415 -1.216202 -5.788931 
521038627798960 2.874115 -6.235430 -7.946013 
521038648366980 4.213614 -7.251725 -5.331657 
521038668936199 2.499439 -7.403750 -6.441323 
521038689505522 2.140324 -6.453293 -6.373091 
521038710074689 3.531296 -7.644358 -7.121247 
521038730643230 4.587093 -4.174111 -6.784876 
521038751212448 0.489593 -8.545735 -7.852644 
521038771781876 3.506157 -4.251919 -6.124104 
521038792350366 4.866005 -7.562958 -9.121516 
521038812920105 4.828897 -5.827236 -7.132020 
521038833489323 4.528438 -4.457812 -7.249331 
521038854059324 5.448969 -4.459009 -7.035059 
521038874628543 5.197589 -3.460670 -7.843067 
521038895197136 6.103755 -2.913618 -7.103291 
521038915766354 4.540408 -3.380467 -5.560294 
521038936334428 8.830633 -4.702010 -4.876779 
521038956903595 3.487005 -2.898057 -5.518397 
521038977474063 4.096303 -2.455148 -5.900257 
521038998043334 5.390314 -3.651000 -5.436998 
521039018612449 4.894734 -5.584235 -5.001272 
521039039181356 4.806153 -6.795650 -3.838938 
521039059750469 8.356602 -7.498318 -8.578055 
521039080319741 6.784876 -8.181832 -6.544269 
521039100888699 7.138005 -8.637909 -5.143721 
521039121457918 7.949605 -6.898595 -6.204307 
521039142027032 7.777230 -6.464067 -6.731009 
521039162596616 6.989572 -6.555042 -5.646482 
521039183165522 6.509554 -7.481559 -5.192801 
521039203737709 5.986444 -9.164610 -5.903848 
521039224303907 6.607713 -6.181563 -5.688378 
521039244873125 8.734869 -6.388652 -6.069040 
521039265442397 7.208632 -3.844923 -5.360387 
521039286012917 6.826773 -6.466461 -6.434140 
521039306580730 5.006061 -2.957909 -5.123371 
521039327150782 7.116459 -1.818318 -5.648876 
521039347719168 7.421706 3.125496 -4.994090 
521039368288334 4.941420 1.443641 -5.298141 
521039388857553 5.250258 -6.455688 -5.290958 
521039409427710 10.359265 -7.207435 -5.166465 
521039429996929 11.253461 -7.110473 -4.649340 
521039450565313 4.909100 -5.816463 -6.002006 
521039471134584 -0.598525 -10.729153 -5.665635 
521039491704063 11.832833 -5.235894 -6.771708 
521039512273282 17.012466 0.150828 -5.976867 
521039532842500 5.385525 -8.133951 -5.100627 
521039553411719 6.800437 -6.267751 -5.956517 
521039573980730 1.851836 -10.457423 -8.518203 
521039594549949 7.181099 -6.079813 -1.665096 
521039615119375 9.156231 -7.811944 0.932501 
521039635688594 7.890949 -8.242882 -15.070852 
521039656257501 5.507624 -6.102558 1.865003 
521039676826720 15.147463 -0.828358 -1.442445 
521039697396042 17.277014 0.610495 -9.709268 
521039717965209 9.410006 -4.029268 -12.516348 
521039738534167 7.351080 -3.161407 -8.582844 
521039759103959 12.920951 1.243734 -4.539211 
521039779673542 16.345711 3.094373 -0.779279 
521039800242031 14.103636 0.574584 0.411785 
521039820811355 13.100508 0.075414 0.146040 
521039841380365 14.563303 1.198246 0.068232 
521039861950833 16.125452 2.119975 2.116383 
521039882519375 13.344707 0.162799 2.155886 
521039903088126 8.133951 -0.137661 -0.099355 
521039923657293 6.452096 1.675869 -1.298799 
521039944226354 7.315169 1.033054 1.467582 
521039964796615 7.385795 0.481214 4.925858 
521039985365105 5.867936 1.000733 4.812139 
521040005934949 6.152834 2.342626 2.597597 
521040026503594 5.346023 1.639958 1.653125 
521040047072917 3.221260 1.481947 1.730933 
521040067642344 5.499245 1.736919 3.494187 
521040088213334 8.482291 1.613623 4.547590 
521040108782552 6.732205 0.952851 3.785070 
521040129349636 7.012315 2.670617 4.055603 
521040149918855 9.071239 3.950263 7.743712 
521040170487866 7.955590 3.198516 9.400429 
521040191057084 4.846853 -0.486002 5.769778 
521040211626771 2.321079 0.137661 6.355135 
521040232195990 2.274394 0.299262 7.867009 
521040252767709 2.372552 0.761323 6.505963 
521040273336928 2.517395 1.716569 7.228981 
521040293903074 3.305053 2.925589 9.244812 
521040314472293 2.924392 4.387186 7.680269 
521040335040208 3.221260 6.351544 7.438465 
521040355609427 3.014170 6.160016 7.997487 
521040376179688 1.228173 5.158086 8.643894 
521040396748907 1.938023 7.082941 8.224926 
521040417319375 5.823645 10.238363 6.122908 
521040437888594 4.830094 8.127965 10.032471 
521040458457032 1.880564 5.639299 12.887434 
521040479027813 1.077344 4.685251 10.328142 
521040499596718 0.447696 6.672353 6.872261 
521040520166198 -0.840329 8.230911 5.083869 
521040540735417 -1.256902 6.422170 4.290225 
521040561305313 -0.773294 6.296480 3.835346 
521040581874583 -0.385450 7.246937 5.511215 
521040602443854 -1.052206 7.461209 6.077420 
521040623011928 -0.829555 7.771245 6.477234 
521040643580886 -0.032320 8.398499 6.739388 
521040664150729 0.384253 8.251262 7.460011 
521040684720938 0.902575 7.334321 6.545466 
521040705287396 0.860679 8.914427 5.864345 
521040725856459 -0.374676 9.740391 7.220602 
521040746426563 -1.195852 6.921340 6.611304 
521040766995573 -2.426419 6.754950 4.733133 
521040787564688 -1.777618 8.580450 5.085066 
521040808133543 -0.806811 9.120319 7.920876 
521040828704375 -0.093370 8.635514 7.680269 
521040849271771 1.565741 8.118389 5.182027 
521040869840990 1.370621 7.711392 4.345289 
521040890409844 -0.108931 7.900526 4.328530 
521040910979062 -2.384522 8.913229 2.470710 
521040931548333 -7.297213 8.343434 3.677336 
521040952117552 -6.053478 5.086263 4.961770 
521040972687969 -4.492526 5.737458 6.932113 
521040993257187 -3.095570 8.093251 6.586165 
521041013826875 -1.459203 9.110743 5.032395 
521041034396094 -1.076147 9.921145 3.826967 
521041054963906 -1.666293 10.177313 3.397226 
521041075533124 -3.052476 8.947944 4.421901 
521041096103230 -3.908366 7.353475 4.885159 
521041116672449 -3.186546 7.386992 4.624202 
521041137240573 -2.085260 7.572535 4.753483 
521041157809739 -1.789589 7.638372 5.267017 
521041178379740 -1.390971 7.723362 5.433407 
521041198948594 -1.600455 7.483953 5.723093 
521041219517708 -2.246862 7.292425 5.767384 
521041240087447 -2.398887 7.506697 5.456151 
521041260655729 -1.837471 7.583308 5.782946 
521041281225364 -1.205429 7.996290 5.838010 
521041301794219 -1.493917 7.796382 5.841601 
521041322364843 -2.431207 7.391780 5.793719 
521041342933281 -1.118044 8.588829 5.505230 
521041363502917 -0.351932 8.708534 5.080277 
521041384071146 -1.314360 8.063324 5.572265 
521041404640469 -1.382592 8.013048 6.394638 
521041425209687 -1.380198 7.941225 7.402554 
521041445778646 -2.206162 7.232573 7.424100 
521041466347449 -2.005058 7.589293 6.782482 
521041486917343 0.196316 9.259177 6.612501 
521041507486510 -0.231031 8.258444 6.055873 
521041528055990 -1.644746 7.310380 5.682393 
521041548625209 -1.793180 7.109276 5.261032 
521041569194062 -0.993551 7.533031 6.368303 
521041589763281 -0.943275 7.498317 7.317563 
521041610333646 -1.046221 7.572534 6.726221 
521041630902865 -1.033054 7.743712 6.309648 
521041651471197 -1.319148 7.553381 6.239021 
521041672040416 -0.889408 7.707801 6.811211 
521041692612344 -0.799629 7.850249 7.136808 
521041713181563 -1.065374 7.829900 6.383864 
521041733749791 -1.100088 7.765259 6.318027 
521041754319010 -1.258099 7.588096 6.557436 
521041774886510 -1.307178 7.462406 6.752556 
521041795455729 -1.501100 7.339109 6.902186 
521041816025365 -1.546588 7.313972 6.678338 
521041836594584 -1.205429 7.403750 6.353938 
521041857164427 -1.153956 7.480361 6.249795 
521041877733646 -1.297601 7.518667 6.137272 
521041898302343 -1.471174 7.452829 6.484416 
521041918871667 -1.339498 7.552185 6.543072 
521041939441354 -1.277252 7.652737 6.240219 
521041960010365 -1.720160 7.347489 6.288100 
521041980579687 -1.642352 7.318760 5.984050 
521042001149479 -1.589682 7.340307 6.259371 
521042021719480 -1.526238 7.203843 6.930916 
521042042287917 -1.175503 7.245740 7.882570 
521042062857655 -2.263620 7.601264 6.229445 
521042083425781 -2.201374 7.650342 3.302659 
521042103994323 -1.740510 7.009921 5.240682 
521042124563803 -0.470440 7.893343 7.079350 
521042145132552 0.113720 7.823915 7.549790 
521042165701927 -1.317951 8.211759 6.917748 
521042186271093 -2.055334 7.705407 4.336910 
521042206840573 -1.948797 7.208632 5.988838 
521042227409634 -1.048615 7.348686 7.486347 
521042247978802 -0.550643 7.521061 7.882570 
