# Created at Thu Nov 07 18:03:11 EST 2019 in Burnaby Canada 
521035629841669 -0.807268 -0.492942 -0.287442 0.150676 
521035650410107 -0.807282 -0.492934 -0.287400 0.150713 
521035670979274 -0.807288 -0.492911 -0.287377 0.150792 
521035691548961 -0.807295 -0.492881 -0.287357 0.150894 
521035712117971 -0.807301 -0.492843 -0.287342 0.151020 
521035732687190 -0.807301 -0.492773 -0.287382 0.151166 
521035753256095 -0.807310 -0.492675 -0.287440 0.151326 
521035773825210 -0.807360 -0.492539 -0.287439 0.151503 
521035794394637 -0.807425 -0.492386 -0.287409 0.151716 
521035814963752 -0.807506 -0.492233 -0.287368 0.151858 
521035835532554 -0.807594 -0.492040 -0.287377 0.151993 
521035856101668 -0.807656 -0.491821 -0.287463 0.152212 
521035876670888 -0.807714 -0.491679 -0.287450 0.152387 
521035897240054 -0.807722 -0.491610 -0.287426 0.152615 
521035917809585 -0.807786 -0.491484 -0.287408 0.152716 
521035938378752 -0.807868 -0.491369 -0.287354 0.152758 
521035958947502 -0.807943 -0.491199 -0.287393 0.152825 
521035979516669 -0.807923 -0.491147 -0.287459 0.152977 
521036000086721 -0.807920 -0.491112 -0.287471 0.153086 
521036020655887 -0.807938 -0.491094 -0.287411 0.153156 
521036041223909 -0.807959 -0.491082 -0.287344 0.153210 
521036061793075 -0.807974 -0.491052 -0.287296 0.153318 
521036082362033 -0.808006 -0.491034 -0.287194 0.153399 
521036102931200 -0.808117 -0.490945 -0.286996 0.153466 
521036123500418 -0.808299 -0.490785 -0.286730 0.153520 
521036144069585 -0.808576 -0.490509 -0.286424 0.153517 
521036164638700 -0.808838 -0.490122 -0.286275 0.153653 
521036185207866 -0.809021 -0.489787 -0.286213 0.153869 
521036205777085 -0.809092 -0.489495 -0.286268 0.154325 
521036226346251 -0.809071 -0.489430 -0.286197 0.154774 
521036246915627 -0.809116 -0.489322 -0.286114 0.155026 
521036267484794 -0.809205 -0.489197 -0.285959 0.155247 
521036288054117 -0.809277 -0.489088 -0.285805 0.155501 
521036308623284 -0.809360 -0.488958 -0.285685 0.155691 
521036329192346 -0.809389 -0.488874 -0.285589 0.155985 
521036349761512 -0.809391 -0.488964 -0.285350 0.156128 
521036370330627 -0.809380 -0.489081 -0.285147 0.156188 
521036390899793 -0.809366 -0.489154 -0.284985 0.156331 
521036411468856 -0.809339 -0.489171 -0.284915 0.156542 
521036432037919 -0.809274 -0.489188 -0.284912 0.156829 
521036452607033 -0.809291 -0.489149 -0.284755 0.157145 
521036473176304 -0.809468 -0.488958 -0.284493 0.157307 
521036493745419 -0.809764 -0.488407 -0.284399 0.157663 
521036514314585 -0.810300 -0.487466 -0.284156 0.158259 
521036534883544 -0.810771 -0.486230 -0.284333 0.159327 
521036555453179 -0.811087 -0.485281 -0.284177 0.160888 
521036576021981 -0.811757 -0.484427 -0.283045 0.162069 
521036596590991 -0.812304 -0.483415 -0.282385 0.163494 
521036617160157 -0.812557 -0.482655 -0.281487 0.166014 
521036637729533 -0.813069 -0.482228 -0.279311 0.168401 
521036658298700 -0.813756 -0.481774 -0.276884 0.170386 
521036678867709 -0.814152 -0.481546 -0.274881 0.172364 
521036699436876 -0.814130 -0.482061 -0.272879 0.174206 
521036720005940 -0.813742 -0.483226 -0.270947 0.175792 
521036740575106 -0.812940 -0.484896 -0.269370 0.177325 
521036761144324 -0.811833 -0.487104 -0.267691 0.178882 
521036781713438 -0.810599 -0.489831 -0.265056 0.180941 
521036802283074 -0.809263 -0.493046 -0.261398 0.183496 
521036822852241 -0.808060 -0.496349 -0.256422 0.186881 
521036843420835 -0.807228 -0.499032 -0.250723 0.191021 
521036863990002 -0.806399 -0.500534 -0.245727 0.196992 
521036884559481 -0.805140 -0.503020 -0.239627 0.203223 
521036905128595 -0.803168 -0.506784 -0.232635 0.209692 
521036925697606 -0.801362 -0.510270 -0.225231 0.216138 
521036946266773 -0.799980 -0.512970 -0.217461 0.222722 
521036966836356 -0.798437 -0.515358 -0.209795 0.229977 
521036987405523 -0.796484 -0.517763 -0.202204 0.238008 
521037007974429 -0.794350 -0.520301 -0.193776 0.246467 
521037028543543 -0.792121 -0.522850 -0.185318 0.254615 
521037049112710 -0.788927 -0.525758 -0.177899 0.263673 
521037069681877 -0.786569 -0.528268 -0.168969 0.271461 
521037090250470 -0.784113 -0.530821 -0.159956 0.278943 
521037110819637 -0.781251 -0.532938 -0.152272 0.287119 
521037131388752 -0.779119 -0.534238 -0.144990 0.294177 
521037151957866 -0.776217 -0.534854 -0.140166 0.302937 
521037172526929 -0.774861 -0.534405 -0.133350 0.310192 
521037193096043 -0.773253 -0.533261 -0.128950 0.317937 
521037213665210 -0.772329 -0.529515 -0.126512 0.327287 
521037234235523 -0.771922 -0.524710 -0.124279 0.336706 
521037254804063 -0.771475 -0.519493 -0.123147 0.346106 
521037275372919 -0.773867 -0.513335 -0.121108 0.350642 
521037295942086 -0.776006 -0.509732 -0.117947 0.352245 
521037316511876 -0.776956 -0.507807 -0.118001 0.352912 
521037337081043 -0.779530 -0.503951 -0.117019 0.353090 
521037357649637 -0.782245 -0.503183 -0.113021 0.349466 
521037378218803 -0.782205 -0.503637 -0.113383 0.348782 
521037398787710 -0.780823 -0.503611 -0.117188 0.350654 
521037419356877 -0.779746 -0.502978 -0.120993 0.352662 
521037439926251 -0.779377 -0.502326 -0.123091 0.353680 
521037460495418 -0.779849 -0.501108 -0.124289 0.353948 
521037481065575 -0.780406 -0.499645 -0.124866 0.354584 
521037501634741 -0.780736 -0.498107 -0.125170 0.355912 
521037522203491 -0.781202 -0.496863 -0.124189 0.356971 
521037542772658 -0.781415 -0.497014 -0.121404 0.357251 
521037563342918 -0.780709 -0.497588 -0.120041 0.358454 
521037583912085 -0.781152 -0.496990 -0.118305 0.358897 
521037604481356 -0.782057 -0.496784 -0.115263 0.358200 
521037625050367 -0.782907 -0.496386 -0.111704 0.358022 
521037645618074 -0.784575 -0.494740 -0.107479 0.357941 
521037666187241 -0.786066 -0.491269 -0.104798 0.360239 
521037686755991 -0.783667 -0.490515 -0.104933 0.366403 
521037707325157 -0.779983 -0.488790 -0.107946 0.375577 
521037727895678 -0.778367 -0.484843 -0.111391 0.382967 
521037748464845 -0.775122 -0.480565 -0.113744 0.394087 
521037769033126 -0.776991 -0.476018 -0.112818 0.396186 
521037789602293 -0.780264 -0.472425 -0.108654 0.395218 
521037810171616 -0.777842 -0.471779 -0.107486 0.401040 
521037830742396 -0.774508 -0.470202 -0.110961 0.408333 
521037851309376 -0.775048 -0.465797 -0.111332 0.412236 
521037871878543 -0.775398 -0.462630 -0.107602 0.416116 
521037892448335 -0.773811 -0.461540 -0.103942 0.421181 
521037913017032 -0.773659 -0.460077 -0.102670 0.423368 
521037933586199 -0.778133 -0.457132 -0.102291 0.418421 
521037954157658 -0.778805 -0.456127 -0.098888 0.419085 
521037974726824 -0.778887 -0.456119 -0.096654 0.419461 
521037995295158 -0.779707 -0.454817 -0.096782 0.419322 
521038015864377 -0.780271 -0.453983 -0.094208 0.419763 
521038036433959 -0.780257 -0.454000 -0.091012 0.420476 
521038057003126 -0.779670 -0.454825 -0.092990 0.420240 
521038077570522 -0.782375 -0.452644 -0.094740 0.417165 
521038098139688 -0.784142 -0.450279 -0.092964 0.416806 
521038118709064 -0.784447 -0.450871 -0.090846 0.416059 
521038139278231 -0.781140 -0.452498 -0.095246 0.419516 
521038159847189 -0.780806 -0.446569 -0.099208 0.425530 
521038180416355 -0.782313 -0.448219 -0.095323 0.421899 
521038200985731 -0.773702 -0.460207 -0.101688 0.423383 
521038221554950 -0.775424 -0.453606 -0.108433 0.425677 
521038242125105 -0.775810 -0.447886 -0.111556 0.430200 
521038262694324 -0.787711 -0.444692 -0.092937 0.416081 
521038283262449 -0.794089 -0.450702 -0.081899 0.399480 
521038303831667 -0.793480 -0.454629 -0.080652 0.396481 
521038324401720 -0.793958 -0.456435 -0.080577 0.393452 
521038344970939 -0.793026 -0.459165 -0.078077 0.392659 
521038365539949 -0.792066 -0.460698 -0.074749 0.393448 
521038386109167 -0.791771 -0.459973 -0.074179 0.394996 
521038406678282 -0.791887 -0.459311 -0.074403 0.395490 
521038427247501 -0.794871 -0.458266 -0.070716 0.391372 
521038447817761 -0.797641 -0.457502 -0.066952 0.387270 
521038468386980 -0.799925 -0.457001 -0.064869 0.383487 
521038488956095 -0.803125 -0.455583 -0.061556 0.379005 
521038509525314 -0.806634 -0.454174 -0.056972 0.373926 
521038530094741 -0.808837 -0.453252 -0.054193 0.370685 
521038550663960 -0.809229 -0.451865 -0.056196 0.371227 
521038571233856 -0.812850 -0.447282 -0.056410 0.368823 
521038591802866 -0.819019 -0.440469 -0.053546 0.363769 
521038612372033 -0.827467 -0.430170 -0.046925 0.357842 
521038632940105 -0.835171 -0.424058 -0.033038 0.348673 
521038653509271 -0.837558 -0.423776 -0.023068 0.344061 
521038674078595 -0.838014 -0.425175 -0.016272 0.341604 
521038694647814 -0.836726 -0.427380 -0.012553 0.342168 
521038715216303 -0.832489 -0.432599 -0.014406 0.345851 
521038735785521 -0.822882 -0.445327 -0.029741 0.351660 
521038756354689 -0.806743 -0.467613 -0.047507 0.358115 
521038776923491 -0.787272 -0.488131 -0.070253 0.370129 
521038797493178 -0.771454 -0.503632 -0.084555 0.379557 
521038818062396 -0.759223 -0.510518 -0.102813 0.390362 
521038838632397 -0.748508 -0.513966 -0.121926 0.400885 
521038859201616 -0.741159 -0.515753 -0.138558 0.406798 
521038879770261 -0.737945 -0.518449 -0.143894 0.407361 
521038900339427 -0.739173 -0.518897 -0.144111 0.404475 
521038920907501 -0.742777 -0.516119 -0.142837 0.401871 
521038941476720 -0.746448 -0.513287 -0.142397 0.398842 
521038962047136 -0.747939 -0.512254 -0.138253 0.398835 
521038982616355 -0.751844 -0.506349 -0.131610 0.401273 
521039003185626 -0.758120 -0.494914 -0.125151 0.405772 
521039023754741 -0.762840 -0.481776 -0.119487 0.414355 
521039044323542 -0.767035 -0.466896 -0.115374 0.424681 
521039064892761 -0.771391 -0.456782 -0.114234 0.428084 
521039085461772 -0.772424 -0.452777 -0.114193 0.430482 
521039106030990 -0.771083 -0.451327 -0.117348 0.433549 
521039126600209 -0.768030 -0.453924 -0.124159 0.434359 
521039147169324 -0.762833 -0.460724 -0.132485 0.433897 
521039167738595 -0.754905 -0.469598 -0.144633 0.434370 
521039188307813 -0.746670 -0.477577 -0.159048 0.434865 
521039208876980 -0.739585 -0.485817 -0.172195 0.432834 
521039229446199 -0.730496 -0.496611 -0.185782 0.430394 
521039250015470 -0.721691 -0.507804 -0.200091 0.425747 
521039270584688 -0.711953 -0.518268 -0.211885 0.423823 
521039291153803 -0.702966 -0.530383 -0.217257 0.421108 
521039311723022 -0.697210 -0.540652 -0.216801 0.417842 
521039332292241 -0.691470 -0.551254 -0.215989 0.413929 
521039352861407 -0.682530 -0.559641 -0.221476 0.414611 
521039373430626 -0.674843 -0.564489 -0.227601 0.417297 
521039394000783 -0.672272 -0.565657 -0.228783 0.419215 
521039414570002 -0.668481 -0.566815 -0.232842 0.421471 
521039435138854 -0.663897 -0.569394 -0.234583 0.424268 
521039455707605 -0.660049 -0.573162 -0.222779 0.431497 
521039476277397 -0.659613 -0.572372 -0.206930 0.440999 
521039496846355 -0.678492 -0.561605 -0.190090 0.433720 
521039517415573 -0.685495 -0.558731 -0.178419 0.431373 
521039537984792 -0.670410 -0.565399 -0.171095 0.448999 
521039558553803 -0.674299 -0.555735 -0.162116 0.458474 
521039579123022 -0.658749 -0.553262 -0.151158 0.486932 
521039599693178 -0.643550 -0.531712 -0.151620 0.529279 
521039620261667 -0.639115 -0.505563 -0.152401 0.559207 
521039640830574 -0.634913 -0.509178 -0.142697 0.563259 
521039661399793 -0.623202 -0.494148 -0.134183 0.591128 
521039681969115 -0.597452 -0.482207 -0.133015 0.626765 
521039702538334 -0.566218 -0.496824 -0.134741 0.643745 
521039723107240 -0.536264 -0.525533 -0.128648 0.647831 
521039743676459 -0.523918 -0.533767 -0.139541 0.648946 
521039764246615 -0.526822 -0.535966 -0.172393 0.636772 
521039784815834 -0.522467 -0.547201 -0.207931 0.619970 
521039805384428 -0.509289 -0.558574 -0.240620 0.608869 
521039825953647 -0.491907 -0.565116 -0.277032 0.601602 
521039846523906 -0.474688 -0.570774 -0.318979 0.589187 
521039867093125 -0.451061 -0.575974 -0.365139 0.575735 
521039887661199 -0.420075 -0.578429 -0.410011 0.566434 
521039908230418 -0.389360 -0.578999 -0.447137 0.559667 
521039928799479 -0.361679 -0.578105 -0.480383 0.551558 
521039949368646 -0.333783 -0.574506 -0.514918 0.541656 
521039969938178 -0.306114 -0.565137 -0.552590 0.530620 
521039990507396 -0.276651 -0.554995 -0.585999 0.521584 
521040011077240 -0.245172 -0.548637 -0.610467 0.515963 
521040031645886 -0.214901 -0.538991 -0.631392 0.514442 
521040052215417 -0.185505 -0.521688 -0.651682 0.518402 
521040072786406 -0.155667 -0.495607 -0.672358 0.527330 
521040093355625 -0.122701 -0.463229 -0.692823 0.538850 
521040113922448 -0.092781 -0.430467 -0.707222 0.553106 
521040134491928 -0.068230 -0.409512 -0.717467 0.559362 
521040155061407 -0.040802 -0.397666 -0.730878 0.553186 
521040175630157 -0.004482 -0.384311 -0.747052 0.542400 
521040196199896 0.031955 -0.365580 -0.760779 0.535300 
521040216769063 0.065880 -0.339760 -0.773074 0.531583 
521040237340782 0.101718 -0.310258 -0.779991 0.533862 
521040257910001 0.128340 -0.287547 -0.774032 0.549291 
521040278476147 0.145113 -0.270476 -0.766158 0.564612 
521040299045366 0.163317 -0.254361 -0.759801 0.575613 
521040319613281 0.176659 -0.246054 -0.748639 0.589735 
521040340182500 0.184952 -0.248508 -0.738841 0.598456 
521040360752813 0.187174 -0.261347 -0.732331 0.600296 
521040381321980 0.190719 -0.271347 -0.730533 0.596924 
521040401892864 0.195200 -0.272412 -0.727349 0.598875 
521040422461667 0.193279 -0.272029 -0.718851 0.609833 
521040443030105 0.193961 -0.281904 -0.719003 0.604933 
521040463599324 0.204963 -0.297198 -0.724371 0.587324 
521040484169791 0.221360 -0.311691 -0.724263 0.573840 
521040504739010 0.235888 -0.324569 -0.719975 0.566258 
521040525308490 0.247338 -0.337067 -0.716461 0.558474 
521040545877709 0.254772 -0.346539 -0.715420 0.550614 
521040566447656 0.258688 -0.350239 -0.714415 0.547745 
521040587016875 0.263601 -0.349516 -0.712560 0.548280 
521040607586146 0.269425 -0.348307 -0.707540 0.552702 
521040628154220 0.274523 -0.349684 -0.700862 0.557809 
521040648723802 0.280044 -0.349179 -0.696145 0.561277 
521040669293021 0.288730 -0.340572 -0.694449 0.564257 
521040689860469 0.301107 -0.324994 -0.690489 0.571785 
521040710429688 0.313891 -0.309842 -0.684334 0.580652 
521040730999636 0.326890 -0.298583 -0.679815 0.584673 
521040751568855 0.337006 -0.293793 -0.675607 0.586232 
521040772137761 0.340336 -0.296158 -0.671914 0.587362 
521040792706616 0.339713 -0.303790 -0.670729 0.585175 
521040813277448 0.340244 -0.315284 -0.672127 0.577127 
521040833844844 0.344329 -0.323933 -0.675942 0.565338 
521040854414063 0.353771 -0.325604 -0.680466 0.552986 
521040874982917 0.366977 -0.322142 -0.687971 0.536888 
521040895552135 0.380545 -0.316188 -0.696618 0.519552 
521040916121406 0.385300 -0.312161 -0.706644 0.504730 
521040936690625 0.379534 -0.314253 -0.721454 0.486521 
521040957261042 0.368106 -0.318738 -0.733629 0.474017 
521040977830260 0.357985 -0.324506 -0.740276 0.467475 
521040998399948 0.353714 -0.326243 -0.739837 0.470206 
521041018969167 0.354969 -0.323980 -0.735046 0.478269 
521041039536979 0.357611 -0.320167 -0.729827 0.486786 
521041060106197 0.358234 -0.316334 -0.727957 0.491610 
521041080676303 0.357488 -0.315138 -0.728896 0.491530 
521041101245522 0.356524 -0.316429 -0.729806 0.490047 
521041121813646 0.354874 -0.317928 -0.729593 0.490592 
521041142382864 0.352574 -0.318844 -0.729393 0.491951 
521041162952813 0.350126 -0.319536 -0.729448 0.493167 
521041183522032 0.347569 -0.319290 -0.730229 0.493980 
521041204090885 0.345206 -0.318651 -0.731102 0.494757 
521041224659999 0.343083 -0.317993 -0.731076 0.496693 
521041245228802 0.340408 -0.317967 -0.729815 0.500389 
521041265798021 0.337051 -0.319261 -0.728444 0.503823 
521041286367291 0.333870 -0.320375 -0.727349 0.506808 
521041306936510 0.330831 -0.322426 -0.725506 0.510131 
521041327506354 0.327658 -0.325558 -0.723073 0.513631 
521041348075573 0.325668 -0.325401 -0.721041 0.517836 
521041368644218 0.323636 -0.322179 -0.720659 0.521643 
521041389213437 0.320584 -0.318891 -0.721178 0.524821 
521041409782760 0.317791 -0.315507 -0.721965 0.527475 
521041430351979 0.316536 -0.312272 -0.722515 0.529399 
521041450920937 0.315930 -0.311040 -0.720904 0.532672 
521041471489740 0.315728 -0.311240 -0.717423 0.537355 
521041492059583 0.317119 -0.309138 -0.715688 0.540055 
521041512629063 0.317915 -0.306670 -0.715862 0.540764 
521041533198281 0.316844 -0.304018 -0.716788 0.541663 
521041553767239 0.313860 -0.300276 -0.717280 0.544827 
521041574336354 0.311664 -0.296469 -0.717510 0.547861 
521041594906719 0.311266 -0.292810 -0.717353 0.550255 
521041615475937 0.311570 -0.290695 -0.715614 0.553459 
521041636044270 0.311159 -0.290709 -0.714467 0.555162 
521041656613489 0.309636 -0.291068 -0.714429 0.555874 
521041677185417 0.309061 -0.290315 -0.714554 0.556427 
521041697754635 0.310057 -0.288052 -0.714707 0.556853 
521041718322448 0.311229 -0.285599 -0.713768 0.558664 
521041738892083 0.311819 -0.284048 -0.713292 0.559733 
521041759459583 0.311912 -0.283715 -0.713196 0.559972 
521041780028801 0.312031 -0.283823 -0.713777 0.559110 
521041800598438 0.312770 -0.283520 -0.714166 0.558353 
521041821167657 0.313840 -0.283862 -0.713269 0.558725 
521041841737500 0.314431 -0.284797 -0.712719 0.558618 
521041862306718 0.314764 -0.285026 -0.713025 0.557924 
521041882875416 0.315134 -0.283802 -0.713319 0.557963 
521041903444635 0.315896 -0.282532 -0.712917 0.558689 
521041924014427 0.316944 -0.282486 -0.711821 0.559516 
521041944583645 0.317631 -0.283456 -0.711176 0.559457 
521041965152760 0.317756 -0.284110 -0.711799 0.558261 
521041985721979 0.317616 -0.283464 -0.711720 0.558769 
521042006292553 0.317483 -0.282314 -0.711385 0.559853 
521042026861771 0.318107 -0.279253 -0.711382 0.561036 
521042047430728 0.324407 -0.275870 -0.709312 0.561722 
521042067999947 0.331702 -0.277525 -0.701213 0.566793 
521042088567396 0.330854 -0.281452 -0.698027 0.569278 
521042109136614 0.325679 -0.284489 -0.699560 0.568871 
521042129705625 0.321819 -0.283038 -0.701643 0.569227 
521042150274844 0.321000 -0.281444 -0.702530 0.569386 
521042170844166 0.321659 -0.284096 -0.702509 0.567719 
521042191413384 0.317077 -0.287381 -0.704608 0.566041 
521042211982707 0.310284 -0.289238 -0.709358 0.562918 
521042232551875 0.306209 -0.289229 -0.712193 0.561573 
