# Created at Thu Nov 07 18:03:11 EST 2019 in Burnaby Canada 
521035619557086 0.001395 -0.002770 -0.000105 
521035640126357 0.000479 0.004255 0.000506 
521035660694690 0.001090 0.003339 -0.001938 
521035681264378 -0.001048 0.003033 -0.000410 
521035701833388 -0.000132 0.008837 0.002033 
521035722402815 0.001395 0.010975 0.006309 
521035742971774 0.000174 0.016778 0.008447 
521035763540626 0.000785 0.014029 0.014250 
521035784109793 0.001395 0.010975 0.014556 
521035804679169 -0.001964 0.009447 0.016999 
521035825248335 -0.005630 0.012502 0.019443 
521035845817085 0.000174 0.012502 0.014556 
521035866386252 -0.000132 0.007615 0.011501 
521035886955471 -0.004102 0.006088 0.009058 
521035907524638 -0.005935 0.003644 0.010891 
521035928094168 -0.007462 0.003033 0.012723 
521035948663335 -0.005324 0.002728 0.011196 
521035969232086 -0.004102 0.007920 0.005393 
521035989801252 -0.001048 0.003644 0.002949 
521036010371304 -0.001659 -0.004297 0.004782 
521036030940418 -0.005324 -0.002159 0.007531 
521036051508492 -0.005935 -0.000632 0.005393 
521036072077607 0.000174 -0.005213 0.007225 
521036092646616 0.002006 -0.010406 0.017610 
521036113215731 0.008115 -0.014682 0.031965 
521036133785002 -0.002270 -0.004908 0.048153 
521036154355679 0.005977 -0.001854 0.044488 
521036174923283 0.011475 -0.004908 0.035020 
521036195492658 0.024303 0.003950 0.021581 
521036216061668 0.030412 0.000284 0.016388 
521036236630055 0.016056 -0.002770 0.018526 
521036257200210 0.013002 -0.000937 0.016999 
521036277769377 0.009948 0.002117 0.015167 
521036298338701 0.008420 0.007309 0.010891 
521036318907606 0.011169 -0.000937 -0.002854 
521036339476929 0.017278 -0.009184 -0.006519 
521036360045783 0.013002 -0.005213 -0.006519 
521036380615210 0.010253 -0.001854 -0.004992 
521036401184741 0.014529 0.014945 -0.001021 
521036421753439 0.020638 0.027162 0.003560 
521036442322502 0.024303 0.036631 0.023413 
521036462891617 0.027357 0.032660 0.061898 
521036483460887 0.030412 0.031439 0.103131 
521036504030002 0.024914 0.040907 0.141310 
521036524599013 0.044156 0.039991 0.123595 
521036545168127 0.086917 0.048848 0.119930 
521036565737398 0.137924 0.003644 0.183154 
521036586306512 0.200232 -0.046447 0.184376 
521036606875574 0.236884 -0.051639 0.137950 
521036627444741 0.221307 -0.072103 0.133674 
521036648014116 0.209700 -0.120056 0.130925 
521036668583283 0.234440 -0.146323 0.071366 
521036689152293 0.251545 -0.169231 0.001422 
521036709721407 0.268038 -0.199163 -0.061497 
521036730290523 0.283615 -0.182364 -0.114031 
521036750859690 0.328819 -0.200385 -0.170536 
521036771428855 0.399068 -0.211075 -0.205050 
521036791998022 0.482757 -0.225736 -0.209937 
521036812567657 0.574387 -0.218405 -0.154959 
521036833136772 0.633335 -0.204355 -0.034619 
521036853705419 0.731073 -0.208631 0.028300 
521036874274845 0.932964 -0.124637 -0.065162 
521036894844064 0.953734 -0.277354 -0.121056 
521036915412971 0.955261 -0.250476 -0.034619 
521036935982189 0.972365 -0.282546 0.035631 
521036956551460 1.036811 -0.292014 0.038379 
521036977120940 1.067049 -0.234898 0.019137 
521036997690730 1.153792 -0.185724 0.033798 
521037018258960 1.215489 -0.306981 0.030438 
521037038828075 1.181586 -0.164344 0.006615 
521037059397293 1.191665 -0.220238 0.022802 
521037079966148 1.136688 -0.353101 0.067701 
521037100535054 1.093011 -0.168009 0.097939 
521037121104064 1.023983 -0.233066 0.136423 
521037141673335 0.928993 0.024719 0.127871 
521037162242188 0.952512 0.106880 0.243630 
521037182811512 0.738098 0.103826 0.414978 
521037203380627 0.727408 0.179573 0.427500 
521037223949793 0.763755 0.559531 0.545703 
521037244520106 0.706028 0.705222 0.672152 
521037265088647 0.485811 0.456295 0.593350 
521037285657502 0.340425 -0.004602 0.488587 
521037306226669 -0.014182 -0.039116 0.311131 
521037326796460 -0.069465 0.248296 0.293721 
521037347365626 -0.027315 -0.427932 0.226831 
521037367934220 -0.074963 -0.311867 0.101909 
521037388503387 -0.091456 0.246463 -0.101203 
521037409072293 -0.029148 0.449881 -0.143658 
521037429641460 -0.020596 0.366192 -0.045920 
521037450210835 -0.067327 0.185987 0.050597 
521037470780001 -0.046252 0.093441 0.106491 
521037491350158 0.071950 0.203092 0.118403 
521037511919325 0.131204 -0.003686 0.074115 
521037532488074 0.144032 -0.235509 0.039601 
521037553057241 0.161747 -0.081266 0.082362 
521037573627502 0.104021 -0.018347 0.096106 
521037594196772 0.106159 -0.227263 0.120541 
521037614765783 0.031939 -0.253530 0.195983 
521037635334325 0.088444 -0.186640 0.396652 
521037655902658 0.119292 -0.216878 0.369468 
521037676471564 0.581411 0.033577 0.141310 
521037697040574 0.461377 0.737598 0.077780 
521037717610054 0.477564 0.877181 0.094884 
521037738180261 0.558809 0.724770 0.275700 
521037758748752 0.568889 0.940100 0.331289 
521037779317710 -0.055110 -0.615467 0.432998 
521037799887032 0.472067 -0.061718 0.196593 
521037820457813 0.412202 0.799906 0.149862 
521037841025002 0.273230 0.530820 0.140699 
521037861593959 0.467485 0.024414 0.263483 
521037882163231 0.587520 -0.033924 0.306855 
521037902732919 0.268649 0.260513 0.382602 
521037923301615 -0.383449 0.003339 0.283642 
521037943870782 0.037742 -0.500319 0.071366 
521037964442241 0.129677 -0.072103 0.289139 
521037985011408 -0.027315 -0.011017 0.126344 
521038005579741 0.108908 -0.138382 0.044794 
521038026148960 0.199316 -0.211075 0.189263 
521038046718543 0.085389 -0.022928 0.126344 
521038067287761 -0.557546 0.376577 0.068923 
521038087855105 -0.073130 -0.183280 0.113516 
521038108424272 0.103104 -0.286822 0.086332 
521038128993647 -0.093594 0.234246 0.014556 
521038149562814 0.148919 1.089151 -0.002548 
521038170131772 0.879819 -1.290167 -0.330583 
521038190700939 -0.473552 0.716523 -0.598447 
521038211270366 -0.509593 0.939489 -0.014766 
521038231839533 0.270176 0.583966 0.237216 
521038252409741 -0.184002 -0.695796 0.789132 
521038272978907 -0.440871 -2.254112 0.329151 
521038293547032 -0.808000 -1.153028 0.059760 
521038314116929 -0.184918 -0.208020 -0.248421 
521038334686303 0.000479 -0.362264 -0.253614 
521038355255470 0.081419 -0.161900 0.056095 
521038375824532 0.138535 -0.044920 0.183460 
521038396393804 0.101272 0.154528 0.045099 
521038416962865 -0.183391 -0.177172 0.189263 
521038437532501 -0.221876 -0.461835 0.317850 
521038458102345 -0.288154 -0.417547 0.289139 
521038478671667 -0.318392 -0.328361 0.290972 
521038499240678 -0.339772 -0.552548 0.369468 
521038519810575 -0.317781 -0.513453 0.345950 
521038540379325 -0.222792 0.058927 0.294637 
521038560948334 -0.300677 0.440718 0.441550 
521038581518439 -0.604277 -0.047363 0.899088 
521038602087450 -0.400859 -0.207104 1.045084 
521038622656616 -0.280824 -1.424557 0.941848 
521038643224688 -0.120777 -1.480452 0.589685 
521038663793907 -0.027315 -0.836295 0.182849 
521038684363179 0.115933 -0.633793 -0.057221 
521038704932397 0.437858 -0.287738 -0.658006 
521038725500938 0.479092 0.145365 -1.705639 
521038746070105 0.384713 0.700641 -3.082834 
521038766639532 0.404872 1.621214 -3.161330 
521038787208074 0.397541 1.843263 -2.348574 
521038807777813 0.204508 1.686576 -1.611261 
521038828347032 0.170605 2.115098 -1.250851 
521038848916980 0.081113 1.847539 -1.318046 
521038869486199 -0.066411 0.981639 -0.858065 
521038890054844 -0.344659 0.153611 -0.049280 
521038910624063 -0.395972 -0.071492 0.411312 
521038931192084 -0.213934 -0.217489 0.218890 
521038951761303 -0.092678 -0.324390 0.233856 
521038972331772 -0.082904 0.046710 0.976362 
521038992900990 0.119903 0.077559 1.410076 
521039013470157 0.345312 0.299303 1.560960 
521039034039064 0.646469 0.840834 1.656866 
521039054608126 0.521241 0.181100 1.025842 
521039075177449 0.222223 0.085805 0.425973 
521039095746407 0.168772 0.261735 0.023108 
521039116315574 0.187709 0.247379 -0.527587 
521039136884741 0.038353 0.259902 -1.013835 
521039157454324 -0.066411 0.423003 -1.314075 
521039178023230 -0.230428 0.931242 -1.524518 
521039198595418 -0.177893 0.604735 -1.658297 
521039219161563 -0.258222 0.563502 -1.766115 
521039239730833 -0.431097 0.523185 -1.958843 
521039260300105 -0.143074 0.423003 -2.004963 
521039280870626 0.156250 0.221112 -1.746567 
521039301438438 0.113795 -0.258111 -1.296971 
521039322008490 0.188625 -0.726034 -1.057817 
521039342576876 0.171216 0.022276 -0.985430 
521039363146043 0.059428 0.546703 -0.906017 
521039383715261 0.115322 0.444078 -0.313784 
521039404285418 0.181906 0.327708 -0.345854 
521039424854637 0.406399 0.259902 -0.875169 
521039445423022 1.075296 -0.307897 -0.370289 
521039465992240 0.306522 0.365582 1.183445 
521039486561719 0.208784 -0.813387 2.017581 
521039507130938 0.736877 -2.331692 0.547230 
521039527700157 1.278714 -0.040338 0.270813 
521039548269375 1.320558 0.907724 0.687118 
521039568838386 2.136673 -0.224514 0.430249 
521039589407605 1.789702 3.917149 1.349601 
521039609977032 3.256694 3.142267 1.396026 
521039630546250 1.598196 0.346645 0.475148 
521039651115157 1.482131 0.578162 0.769890 
521039671684376 4.267064 2.090053 0.599764 
521039692253699 4.617089 0.532958 -1.263679 
521039712822917 2.498000 -0.290793 -2.333303 
521039733391875 -1.058149 1.400386 -1.615842 
521039753961354 -1.809208 1.472774 -1.628060 
521039774531251 -1.703223 0.119098 -2.815886 
521039795099739 -1.388933 0.137729 -3.288695 
521039815669063 -1.483006 1.182002 -3.301218 
521039836238021 -1.665043 1.515840 -3.656436 
521039856808490 -1.418560 1.448950 -4.288986 
521039877377031 -0.894743 2.028050 -4.705290 
521039897945782 -0.699877 2.422974 -4.462166 
521039918514949 -0.846179 2.112655 -3.772500 
521039939084063 -1.157415 2.111433 -3.787161 
521039959654271 -1.382213 2.215891 -3.785634 
521039980222813 -0.677581 2.791325 -3.617646 
521040000792657 -0.114974 2.656935 -3.231579 
521040021361303 -0.021512 2.559808 -2.798171 
521040041930625 -0.277770 3.029868 -2.242895 
521040062500000 -0.743554 3.699070 -1.659519 
521040083070990 -0.914596 4.589711 -1.350727 
521040103640209 -1.182155 4.839249 -1.185183 
521040124207292 -1.269509 3.608663 -1.165329 
521040144776511 -0.408800 2.437329 -1.910584 
521040165345522 0.453130 2.777581 -2.579481 
521040185914741 0.434804 3.433039 -2.836961 
521040206484479 -0.067938 3.743663 -2.146073 
521040227053698 -0.301899 4.703331 -1.133564 
521040247625418 -0.216072 4.605594 -0.205050 
521040268194637 -0.334886 2.676788 0.472399 
521040288760782 -0.235925 2.815760 0.574413 
521040309330001 0.048432 2.283391 0.647717 
521040329897917 0.402734 0.979806 0.329151 
521040350467136 1.032535 -0.329583 0.176129 
521040371037396 1.150432 -0.510093 0.260429 
521040391606615 0.832477 0.584882 0.619312 
521040412177032 -0.058164 0.300524 0.616563 
521040432746250 0.056373 -1.225110 -0.698018 
521040453314688 1.428681 -0.686022 -1.045600 
521040473885469 2.323903 0.173159 -0.897160 
521040494454375 2.281143 0.388794 -0.596309 
521040515023854 1.873390 -0.275521 -0.584092 
521040535593073 1.601555 -0.038200 -0.466195 
521040556162969 0.885011 0.087638 -0.048669 
521040576732240 0.350810 0.613898 0.188958 
521040597301562 0.239633 0.847554 0.324875 
521040617869584 0.377688 0.634057 0.459571 
521040638438594 0.472678 0.462404 0.467817 
521040659008438 0.124179 1.263553 0.264094 
521040679578646 -0.327250 2.152666 0.108323 
521040700145104 -0.432319 2.059509 -0.138771 
521040720714167 -0.194081 1.616327 -0.377619 
521040741284272 0.241465 1.109920 -0.544385 
521040761853281 0.484895 0.255626 -0.225514 
521040782422396 0.505664 -0.744054 -0.070354 
521040802991251 0.819649 -1.124012 -0.238953 
521040823562084 1.121416 -0.744054 -0.433513 
521040844129479 1.001686 -0.208631 -1.003450 
521040864698698 0.857828 0.084278 -1.784135 
521040885267500 0.759173 0.423308 -2.312228 
521040905836719 0.575303 -0.517729 -2.490906 
521040926405989 0.216114 -1.426696 -2.024511 
521040946975208 -0.235620 -1.478008 -1.019333 
521040967545625 -0.285711 -0.915402 0.052429 
521040988114844 -0.277159 0.079391 0.840445 
521041008684531 -0.301899 0.650244 0.880151 
521041029253750 -0.216989 0.661851 0.586631 
521041049821562 -0.251808 0.139867 0.099771 
521041070390781 -0.272577 -0.146629 -0.177561 
521041090960886 -0.042892 -0.157930 -0.075852 
521041111530105 0.036215 -0.100203 0.154138 
521041132098229 -0.051750 -0.168314 0.235689 
521041152667448 -0.098481 -0.201912 0.188347 
521041173237448 -0.141852 -0.192138 0.123595 
521041193806302 -0.226457 -0.108755 0.088165 
521041214375416 -0.230122 0.056179 0.197204 
521041234945156 -0.214545 -0.015598 0.333427 
521041255513437 -0.158651 -0.165260 0.424141 
521041276083072 -0.135438 -0.163122 0.442772 
521041296651927 -0.118639 -0.123110 0.398484 
521041317221720 0.009642 -0.100508 0.628475 
521041337790989 -0.047779 -0.018347 0.616868 
521041358360625 -0.329999 0.058317 0.270813 
521041378928854 -0.500125 0.036020 0.147724 
521041399498178 -0.511120 -0.018347 0.142837 
521041420067395 -0.447285 0.167661 0.116265 
521041440636302 -0.268301 0.323432 0.263178 
521041461205157 -0.053582 0.193929 0.513938 
521041481775052 -0.013265 0.129788 0.269897 
521041502344166 -0.124443 0.142005 -0.135717 
521041522913646 -0.211796 0.195456 -0.069438 
521041543482865 -0.446979 0.138034 0.158109 
521041564051719 -0.554186 0.043350 0.191096 
521041584620937 -0.416436 0.313353 0.160552 
521041605191302 -0.248448 0.248296 0.123595 
521041625760521 -0.049001 -0.006741 0.082056 
521041646328854 -0.043809 -0.076074 0.106491 
521041666898072 -0.109171 -0.050417 0.113821 
521041687470000 -0.119556 0.247990 0.045404 
521041708039219 -0.126275 0.301135 0.006920 
521041728607448 -0.113753 0.125512 -0.039811 
521041749176666 -0.045641 0.018916 -0.054167 
521041769744166 0.011475 -0.078212 -0.086542 
521041790313385 0.020943 0.102299 -0.024234 
521041810883022 0.066758 0.097717 0.002338 
521041831452240 0.137924 -0.033313 -0.004076 
521041852022083 0.098523 -0.017431 -0.011101 
521041872591302 -0.041060 0.120625 -0.006825 
521041893160000 -0.094816 0.178962 0.012112 
521041913729323 0.002312 0.123679 0.025857 
521041934299010 0.134869 -0.074546 -0.026678 
521041954868021 0.110435 -0.035757 -0.035841 
521041975437344 -0.021207 0.102910 0.053957 
521041996007135 -0.109171 0.085195 0.090914 
521042016577136 -0.153459 0.232718 0.137950 
521042037145573 -0.166592 0.730573 0.202091 
521042057715312 0.530710 0.977973 0.188958 
521042078283437 0.556061 -0.345160 0.141005 
521042098851979 -0.000437 -0.598668 0.241187 
521042119421459 -0.297012 -0.244672 0.198426 
521042139990209 -0.384366 -0.102035 -0.092346 
521042160559583 0.191374 -0.082182 -0.224598 
521042181128749 0.202981 -0.717482 -0.244145 
521042201698229 -0.236536 -0.737335 -0.059053 
521042222267291 -0.359015 -0.332331 0.068312 
521042242836458 -0.175450 -0.029648 0.072893 
