# Created at Thu Nov 07 18:03:11 EST 2019 in Burnaby Canada 
521035629841669 0.006694 -0.063958 -0.004436 
521035650410107 -0.030155 -0.030548 -0.025700 
521035670979274 -0.001653 -0.055227 0.005017 
521035691548961 -0.011707 -0.056784 -0.002751 
521035712117971 -0.037366 -0.049550 -0.008609 
521035732687398 -0.031281 -0.041162 0.020177 
521035753256565 -0.028316 -0.038558 0.002419 
521035773825210 -0.027261 -0.050322 -0.008534 
521035794394949 -0.010353 -0.077814 0.016253 
521035814963752 -0.039626 -0.065633 -0.022682 
521035835532971 -0.018640 -0.050244 -0.038698 
521035856101668 0.054370 -0.062896 0.015768 
521035876670888 0.034275 -0.094932 -0.021322 
521035897240054 0.043778 -0.109805 -0.017839 
521035917809585 0.015202 -0.061632 -0.012983 
521035938378752 -0.018180 -0.052330 -0.029106 
521035958947658 -0.003628 -0.049248 0.006888 
521035979516669 0.040413 -0.055607 0.006878 
521036000086044 0.027705 -0.040596 0.042704 
521036020655887 0.015879 -0.043526 0.005947 
521036041223856 0.007352 -0.057466 -0.033529 
521036061793075 0.029395 -0.063434 -0.005552 
521036082362814 -0.008608 -0.023783 0.039586 
521036102931200 -0.050543 -0.006683 0.043255 
521036123500314 -0.089945 0.025873 0.031831 
521036144069585 -0.149698 0.027690 -0.075637 
521036164640263 -0.026413 -0.011127 0.004869 
521036185207866 0.059574 -0.023761 0.028565 
521036205777242 0.115174 -0.024674 0.052256 
521036226346251 0.110784 -0.073926 0.066238 
521036246915784 0.027288 -0.032411 0.029509 
521036267484794 -0.002584 -0.057488 -0.015328 
521036288053960 0.005722 -0.094189 -0.071061 
521036308623284 0.033877 -0.099829 -0.082974 
521036329192190 0.097280 -0.124775 -0.001924 
521036349761512 -0.029470 -0.070362 -0.002975 
521036370330367 -0.060279 -0.035776 -0.028983 
521036390899793 -0.077675 -0.056257 -0.021720 
521036411469324 -0.117855 -0.029570 -0.012003 
521036432038023 -0.153979 0.013178 0.013315 
521036452607033 -0.248201 0.074054 0.004142 
521036473176304 -0.380259 0.236676 0.054969 
521036493745419 -0.266650 0.264284 0.049636 
521036514314429 -0.156627 0.097681 -0.081461 
521036534883544 0.122827 0.009069 0.054353 
521036555453179 0.182934 0.103082 0.119767 
521036576021981 -0.324500 0.435780 0.269478 
521036596591200 -0.026348 0.567194 0.730546 
521036617160157 0.375054 -0.015497 0.542861 
521036637729481 0.181022 -0.348550 0.065669 
521036658298700 0.125651 -0.328206 0.088920 
521036678867814 0.419188 -0.281872 0.273362 
521036699436876 0.579140 -0.249036 0.219254 
521036720005940 0.671026 -0.095109 0.164904 
521036740575106 0.819976 0.092553 0.108068 
521036761144481 0.927567 0.243092 0.155519 
521036781713438 0.633466 0.151704 0.060440 
521036802282918 0.064068 0.157705 0.175429 
521036822852241 -0.352599 0.246160 0.219483 
521036843420991 -1.980874 0.579240 0.234173 
521036863990002 -1.385160 0.725342 0.278471 
521036884559429 0.495986 -0.067667 0.892953 
521036905128595 0.236444 -0.236143 -0.138463 
521036925697554 -0.584144 0.790029 -0.107916 
521036946266773 -0.482819 0.946770 0.087807 
521036966836043 -0.386930 0.093876 0.705635 
521036987405523 -0.330083 -0.296441 0.148639 
521037007975314 -0.204504 0.215359 0.231547 
521037028543543 -0.028104 0.465058 -0.007699 
521037049112658 0.917355 0.633935 -0.478833 
521037069681877 0.164744 0.196122 0.662765 
521037090250731 -0.367881 0.368905 0.413565 
521037110819637 0.636122 0.042400 -0.295074 
521037131388648 -0.106212 -0.713655 -0.253044 
521037151957866 -0.156704 -0.327558 -0.870141 
521037172526929 -1.032348 0.802340 2.287464 
521037193095991 -0.768345 -0.257916 -1.486507 
521037213665210 -0.711296 -0.676790 -0.332676 
521037234236564 -1.297410 1.172944 -0.547593 
521037254804689 -1.767352 0.545468 -0.009051 
521037275372919 -0.414624 -0.657069 0.137994 
521037295942086 -0.136192 -1.332952 -0.550801 
521037316511251 0.189327 -3.662138 -1.411263 
521037337081043 0.617942 -1.451234 -0.889812 
521037357649898 -0.556674 0.471199 -1.612252 
521037378218803 0.564469 -0.277712 -1.193865 
521037398787814 0.861775 -1.331460 0.511645 
521037419356877 0.102906 -0.578506 0.563394 
521037439927293 -0.787029 0.268486 0.213226 
521037460495418 -0.586411 1.008382 0.245702 
521037481066147 0.032345 0.353101 -0.071629 
521037501634741 0.412723 0.190966 0.384109 
521037522203283 0.250138 -0.554509 0.431684 
521037542772658 0.050451 -0.489018 0.192667 
521037563342918 -0.112130 0.625815 0.404926 
521037583912085 0.190710 -0.186671 -0.048459 
521037604481356 0.094063 -0.518379 -0.432915 
521037625050367 -0.302561 0.231618 -0.194548 
521037645618908 -0.372787 1.368667 0.796723 
521037666187241 -0.608892 0.944073 -0.009085 
521037686756148 0.682848 -0.913226 -0.010574 
521037707325157 0.522368 -0.885289 -0.104056 
521037727894689 0.456904 -0.059407 0.191638 
521037748464845 -0.492819 0.170640 -0.385631 
521037769033335 -0.357031 1.647295 1.635142 
521037789602293 0.300241 0.587684 -2.015507 
521037810171616 -0.360230 0.443391 1.420813 
521037830742396 0.668067 -1.403570 0.347241 
521037851309585 -0.184358 0.557226 -0.656314 
521037871878543 -0.298878 -0.059981 -0.755413 
521037892447866 -0.283391 -0.437677 -0.267910 
521037913017502 0.623833 -1.380410 0.235209 
521037933586199 0.720149 -2.050114 -0.317991 
521037954158283 0.406826 -0.411028 -0.349244 
521037974726824 -0.681549 1.070125 0.481096 
521037995295419 0.368460 -0.462022 0.031827 
521038015864377 -0.655240 0.937553 0.701600 
521038036434012 -1.121395 0.492557 -0.142536 
521038057003126 0.042537 -0.227052 -0.507027 
521038077571408 -0.209247 0.970908 0.584045 
521038098139688 -0.775626 -0.428544 0.136137 
521038118708855 0.257930 -0.746208 -0.651084 
521038139278231 -0.022503 0.130867 -0.259913 
521038159847189 0.296538 4.832082 1.896182 
521038180416355 -1.217478 -7.983943 -2.277382 
521038200986668 -0.534002 1.931172 0.727988 
521038221554950 0.647841 1.136552 0.786988 
521038242125105 -0.713212 4.434172 0.134480 
521038262694324 -0.122596 0.183683 -0.032966 
521038283262502 -3.188778 0.167444 -5.359703 
521038303831667 2.808370 -0.854797 -0.043436 
521038324401460 -0.222382 0.578467 1.364284 
521038344970939 -1.241635 -0.326070 0.980968 
521038365540731 -0.401871 0.800858 0.995828 
521038386109167 0.559288 0.028217 -0.236658 
521038406678282 0.361609 -1.278478 -0.617687 
521038427247501 -0.523016 -0.140502 -0.905251 
521038447817084 -0.050929 0.989635 -0.149834 
521038468386980 0.842175 1.448554 0.312148 
521038488956095 -0.155970 0.104259 1.201039 
521038509525314 -0.020700 -0.838096 0.232710 
521038530094741 0.616230 -0.670178 0.088738 
521038550663960 0.463332 0.009709 0.239282 
521038571232918 0.378429 0.066423 -0.301712 
521038591803074 0.355933 -0.546768 -1.984452 
521038612372033 0.804415 2.736095 1.009126 
521038632941252 -1.330638 -0.360592 -0.342926 
521038653509271 1.128824 -0.240170 1.405133 
521038674078803 0.036219 -2.793558 1.975478 
521038694647814 -1.220453 -0.511089 0.689121 
521038715216303 0.421927 -1.353218 1.677968 
521038735785521 -0.826939 -2.165593 -0.060400 
521038756354949 -0.834239 0.755095 0.201451 
521038776924168 -2.507996 -1.804898 0.287278 
521038797493178 -1.522600 -0.922791 -0.800501 
521038818062396 0.406027 -1.653049 -1.940604 
521038838632397 -2.292807 -0.869807 -0.393751 
521038859201616 -0.489772 0.143513 -0.810693 
521038879769741 -1.049478 0.367546 -1.214953 
521038900339427 -0.317018 1.739683 -1.726084 
521038920908074 -0.999359 1.027917 0.134908 
521038941476720 0.868254 0.168185 1.252079 
521038962046823 0.321118 0.948121 1.036471 
521038982616355 -3.267637 2.042453 0.873610 
521039003185626 -0.722422 1.982521 0.411533 
521039023754741 -0.355762 0.831864 1.023763 
521039044323647 -1.018818 -1.059613 1.498792 
521039064892761 1.926794 -1.539698 -0.660057 
521039085462033 1.108055 -2.924080 -1.055580 
521039106030990 0.439376 -3.101104 0.950393 
521039126600209 2.254318 -1.996700 -0.480134 
521039147169324 2.377309 -1.127314 -0.924643 
521039167738908 0.818861 -1.367594 -0.491158 
521039188307813 0.624557 -2.022285 0.386459 
521039208880001 -0.370618 -3.333148 0.017925 
521039229446199 -1.166702 -3.951890 -0.068827 
521039250015470 0.723862 -1.544882 -0.604057 
521039270584688 0.971354 -1.981363 -0.012893 
521039291155209 -0.448556 -0.913437 -0.360919 
521039311723022 -1.653861 -2.569496 -0.314904 
521039332293074 -1.852597 1.647450 -0.242268 
521039352861615 -0.123109 3.717937 1.028258 
521039373430626 -1.349300 6.477411 -0.229196 
521039394000522 -3.969838 0.111092 0.598630 
521039414570002 0.564988 -3.952336 -0.304366 
521039435138854 3.940723 -5.333700 0.325800 
521039455707605 0.179973 -1.572100 0.250426 
521039476277397 -6.052101 -6.619729 -0.421687 
521039496846355 -3.716943 -3.986583 -0.863865 
521039517415573 11.307005 2.492987 -2.396963 
521039537984792 1.912166 0.567604 2.146200 
521039558554272 -2.511040 -4.675572 -0.474507 
521039579123022 0.106982 -0.998600 -6.801178 
521039599693178 -5.322566 -3.764985 2.261319 
521039620261667 0.661343 -2.650969 2.693250 
521039640830574 1.203769 -1.511601 -3.448986 
521039661399793 -1.839143 -3.217847 -4.986774 
521039681969063 2.597856 4.075795 4.593148 
521039702538334 9.810582 5.754610 -5.411928 
521039723107240 5.859398 5.146554 -9.645670 
521039743676459 -1.741826 -0.080817 -10.992703 
521039764246250 1.085119 4.261547 -4.378650 
521039784815834 6.480378 7.065442 -1.559323 
521039805384323 6.167175 5.315403 1.689476 
521039825953647 3.641959 2.970686 1.632258 
521039846523906 3.831247 2.411004 1.015002 
521039867093125 5.541433 2.776978 1.599433 
521039887661667 5.189710 1.513388 2.830034 
521039908230418 0.627837 -1.187197 0.943160 
521039928800104 -3.702629 -1.342627 -1.629110 
521039949368646 -2.616230 -0.102614 -1.424554 
521039969938907 -1.957274 -2.589529 1.204351 
521039990507396 -2.380209 -3.005657 3.282284 
521040011077240 -2.820138 -2.499080 0.874537 
521040031645886 -2.315989 -2.540063 -1.408350 
521040052215209 -3.780965 -3.212724 -2.278932 
521040072786042 -3.353082 -3.572660 -2.210608 
521040093355625 0.346365 -3.369156 -1.150406 
521040113922709 2.164617 -3.563454 -1.739774 
521040134491928 0.686229 -3.823689 -3.108709 
521040155061407 3.419441 -1.675442 -0.881680 
521040175630157 4.473561 -2.262783 1.722334 
521040196199271 3.306285 -4.065221 0.480302 
521040216769063 0.500582 -6.337621 -1.763164 
521040237340782 0.697830 -5.966810 -0.690318 
521040257910001 0.776329 -4.814247 -0.229167 
521040278476198 1.719893 -5.011320 -2.028064 
521040299045366 2.517796 -3.143102 0.821565 
521040319614635 3.133700 -2.177650 0.446951 
521040340182500 2.367580 -0.889938 -0.535121 
521040360752865 3.294297 1.134597 -0.195839 
521040381321980 1.744362 -0.807542 0.602453 
521040401892031 0.130061 -0.558740 1.025784 
521040422461667 3.801403 3.063789 -0.490202 
521040443032292 5.678822 3.090414 -0.314169 
521040463599324 2.225012 0.322167 4.790129 
521040484170104 1.104246 -2.321147 4.952275 
521040504739010 0.469831 -1.920339 2.016173 
521040525308490 -0.342375 0.459443 -1.139194 
521040545877709 -1.362925 -0.309046 -1.156039 
521040566447604 -1.288474 -1.819102 -2.567381 
521040587016875 -0.477457 -0.816723 -1.393076 
521040607586146 -0.802147 -0.558796 -0.167539 
521040628154220 -1.070020 -0.204816 0.292984 
521040648723177 -0.489737 0.169185 0.606057 
521040669293021 0.458452 0.492293 1.275940 
521040689863230 1.008585 -0.052017 1.102073 
521040710429688 1.761466 -0.281816 -0.098620 
521040730998750 1.148458 2.342775 0.435718 
521040751568855 0.507679 0.319059 1.342747 
521040772137865 -0.998899 -1.383583 -0.192747 
521040792706980 -1.288954 -0.407895 -1.530418 
521040813275834 -0.248737 1.012087 1.081868 
521040833845000 0.406908 0.690201 2.842802 
521040854414063 2.100218 -0.010230 0.977476 
521040874982865 3.237178 -0.277527 -0.675498 
521040895552135 2.645954 -0.546043 -0.567904 
521040916121667 1.441864 0.068339 -1.688535 
521040936690625 -2.718993 0.919915 -2.352614 
521040957261042 -4.969354 -1.460908 -0.873577 
521040977830260 -2.875884 -3.222044 0.783447 
521040998399948 -1.719131 -1.119159 1.791911 
521041018969167 -0.029723 0.718907 0.394422 
521041039537188 0.895264 1.365484 -0.854755 
521041060106197 0.900675 2.249700 -2.035311 
521041080676979 -0.221965 1.579862 -1.547457 
521041101245522 -1.544783 -0.004512 -0.690092 
521041121813646 -1.737166 -0.752573 -0.548148 
521041142382864 -0.575151 -0.573573 -0.856272 
521041162953282 0.089448 -0.440327 -0.425037 
521041183522032 0.325237 -0.355898 -0.157030 
521041204090885 0.473997 -0.365143 0.008244 
521041224659999 -0.138628 -0.516999 0.355791 
521041245229739 -0.642575 -0.650361 -0.057738 
521041265798021 -0.497986 -0.434561 -0.065213 
521041286367655 0.163400 -0.151350 0.167745 
521041306936510 0.308872 0.041509 0.197854 
521041327507135 -0.837409 -0.484171 0.200735 
521041348075573 -0.580095 -0.122442 -0.022034 
521041368645208 0.837449 0.936358 -0.605027 
521041389213437 0.454337 0.422951 -0.562218 
521041409782761 -0.136532 0.108490 -0.057239 
521041430351979 -0.079461 0.346156 1.094158 
521041450920937 -0.596922 -0.185979 1.493775 
521041471490416 -1.185102 -0.634869 1.021275 
521041492059635 0.287055 0.837322 0.696048 
521041512628854 1.620868 1.129141 0.244850 
521041533198281 0.182431 -0.008073 -0.112872 
521041553767239 -0.683641 -0.587194 -0.838661 
521041574336354 -0.165016 -0.238688 -0.675636 
521041594905677 0.336933 0.000442 0.917346 
521041615475937 0.218063 -0.058194 0.691955 
521041636043906 0.186911 0.154546 0.160897 
521041656613489 -0.027278 0.126040 -0.105188 
521041677185417 0.027950 0.026222 0.052490 
521041697754635 0.439481 0.356983 0.828797 
521041718322864 0.324951 0.305471 0.378197 
521041738892083 0.174017 0.363165 -0.191478 
521041759459427 0.053930 0.168823 0.128463 
521041780028801 0.037855 0.059588 0.225137 
521041800598541 -0.182072 -0.103250 0.507720 
521041821167657 -0.223760 -0.180048 0.408257 
521041841737760 -0.071803 -0.181579 0.145000 
521041862306718 0.098954 -0.070662 -0.025156 
521041882874791 0.136026 0.018998 -0.208685 
521041903444635 -0.043257 -0.016674 -0.068399 
521041924014427 -0.124342 -0.038014 0.240664 
521041944583645 0.044479 0.096410 0.010977 
521041965152656 -0.098756 0.029867 -0.016068 
521041985721979 -0.383227 -0.303475 -0.172619 
521042006292553 -0.283784 -0.129179 -0.368219 
521042026861771 -0.203145 -0.213417 0.239520 
521042047430728 0.214392 -0.298952 1.163259 
521042067999947 0.013383 -0.389941 1.958260 
521042088567396 -1.146042 0.377671 -2.580809 
521042109136614 -0.765751 -0.525923 -2.228130 
521042129706094 0.174386 -0.124252 0.177896 
521042150274844 1.355774 0.450029 0.983826 
521042170844219 0.766812 0.263708 1.579915 
521042191413384 -0.577982 0.574528 -1.272196 
521042211982864 -1.033802 -0.145979 -1.359087 
521042232552187 -0.404051 -0.268264 0.494957 
