# Created at Thu Nov 07 18:03:11 EST 2019 in Burnaby Canada 
521035630918701 5.295600 148.760300 15.731430 
521035650917866 5.109810 147.610535 15.117420 
521035670916826 5.593050 148.334045 16.343309 
521035690919950 5.526630 145.748520 16.342230 
521035710917815 4.463220 145.571411 17.274961 
521035730917867 5.002515 149.476379 14.658421 
521035751010211 3.896505 147.720932 15.282990 
521035770917345 3.844170 145.563766 15.743340 
521035790923647 5.904930 148.629410 16.340490 
521035810917658 5.862660 146.904022 16.647270 
521035830917919 5.099760 147.619080 13.579921 
521035850917449 5.874075 147.628220 15.571321 
521035870917397 6.781875 147.510590 15.254940 
521035890918127 4.927380 146.751480 13.888531 
521035910917398 6.042435 148.499237 14.647711 
521035930917710 4.485045 147.020645 14.969310 
521035951220783 5.857635 146.908310 15.878520 
521035970963596 5.883465 147.913788 15.878941 
521035990918492 5.883465 147.913788 15.878941 
521036010918752 4.496115 147.451553 14.969490 
521036030918283 6.309361 146.924744 15.105360 
521036050917502 5.267100 148.050644 14.193630 
521036070917138 5.592390 148.628174 15.113430 
521036090917242 4.479675 146.731644 15.276690 
521036110917346 5.230515 146.026840 16.499041 
521036130917398 3.285840 147.999695 13.905241 
521036150916981 5.719140 147.479675 15.726480 
521036170922242 5.733555 147.760971 16.802851 
521036190917241 4.490070 147.016373 15.738060 
521036210916929 5.548110 146.904495 15.112710 
521036230917293 4.503495 147.738846 14.969610 
521036250917763 5.281185 148.478989 14.655061 
521036270917867 3.910935 148.442535 14.668291 
521036290937867 5.870040 147.191299 16.647390 
521036311188336 5.691630 146.328857 16.033501 
521036330965627 5.290230 148.471298 16.038811 
521036350917762 7.084035 147.667465 14.329560 
521036370917710 5.282175 148.037811 16.499882 
521036390917762 2.854575 148.699768 14.986199 
521036410923283 6.335190 147.930222 15.105781 
521036430918075 4.817715 147.885452 15.889231 
521036450922085 4.510875 148.026123 14.969729 
521036470917815 5.663790 145.325073 15.725580 
521036490922866 6.330825 147.640381 15.566910 
521036510923439 4.503150 147.445572 16.045740 
521036530917710 4.797255 147.168961 15.581430 
521036550917346 4.972650 148.033997 15.734070 
521036570918387 4.539375 148.735764 16.507530 
521036590917710 3.954870 149.872955 15.745140 
521036610917449 4.231860 148.730240 16.049219 
521036630917501 4.810680 147.891434 14.812981 
521036650918023 4.274805 150.601822 15.281250 
521036671114012 3.930375 148.719559 16.513411 
521036690971200 5.768445 149.199066 16.495951 
521036710917501 4.400535 149.013855 17.431620 
521036730923908 4.578285 150.170456 16.815630 
521036750917398 5.355630 150.617340 17.577209 
521036770917710 5.061525 150.893967 18.041521 
521036790917918 6.127275 150.922318 18.031231 
521036810918023 5.043075 150.175766 18.041222 
521036830918178 6.602130 151.359390 19.103251 
521036850917866 5.401560 151.605743 20.652630 
521036870917710 5.861340 152.055634 19.418402 
521036890961043 7.436160 153.812988 20.634420 
521036910917866 6.229560 154.064438 21.261301 
521036930919794 6.088710 154.344223 21.877892 
521036951125523 7.743660 153.378189 22.783800 
521036970917554 8.093445 155.109100 22.935329 
521036990918075 7.360694 155.798508 24.480480 
521037010940366 9.347654 155.991379 25.076429 
521037031078908 7.756425 158.958130 26.016359 
521037050966304 9.872161 158.441147 25.841789 
521037070965158 9.485175 160.864868 26.923471 
521037090917814 7.992196 161.973495 26.938652 
521037110917554 7.263810 162.952744 28.022671 
521037130921564 9.437911 164.587784 28.310249 
521037150917710 10.020405 163.452301 28.765141 
521037170917502 8.717581 166.000519 28.933201 
521037190917033 11.324281 166.787567 28.908510 
521037210917293 8.586465 166.859146 28.781281 
521037230916773 7.891635 169.424408 28.789711 
521037251011304 7.421460 168.689789 29.562571 
521037270917553 8.514735 170.309311 27.554190 
521037290917450 8.535195 171.025787 27.861990 
521037310917867 8.115345 172.450043 27.867001 
521037330917918 8.290740 173.315079 28.019640 
521037350925835 7.446645 170.429718 26.642040 
521037370943699 7.482180 171.133392 29.256092 
521037391047033 7.056630 172.415710 28.953541 
521037411046773 7.817880 172.435959 28.946190 
521037430945471 7.835655 173.007950 29.407681 
521037450918543 8.088840 171.298370 28.327770 
521037470917345 7.474140 171.140228 28.026091 
521037490918960 9.765270 171.488251 28.004160 
521037510928179 7.802790 172.008469 28.331009 
521037530918908 5.818170 171.666809 28.657501 
521037550917762 5.862450 173.390503 28.658220 
521037570919532 9.484245 172.194077 28.776150 
521037590919168 7.980195 172.871780 28.791151 
521037610919220 7.874565 174.442642 29.715780 
521037630919481 7.405410 174.147507 28.951321 
521037650954846 9.335700 172.774002 27.086611 
521037670917241 6.051930 174.683884 29.272291 
521037690920054 7.256865 174.727386 27.261780 
521037710917136 8.612340 173.748962 28.939381 
521037730917606 6.077100 175.983490 28.042831 
521037751008386 6.805485 175.004242 26.958811 
521037771007710 7.457100 177.039093 25.570021 
521037790917710 4.729680 177.395401 25.904160 
521037810917762 6.567750 177.874924 25.886700 
521037830918907 6.417840 177.722107 26.810610 
521037850917606 5.074110 179.277679 24.671999 
521037870917084 3.871200 179.672760 25.298941 
521037890917136 5.225010 178.989288 25.592911 
521037910917867 5.423550 180.715317 25.899660 
521037930917657 6.481935 180.896729 24.198181 
521037951136043 5.861850 180.009277 25.894951 
521037970921616 5.084160 179.269119 26.209501 
521037990919585 6.020805 180.154388 26.354792 
521038010918491 6.051660 181.155594 27.123960 
521038030919012 6.499020 180.882187 26.811930 
521038050918751 5.893725 181.449951 25.126801 
521038070919220 5.005380 182.284912 25.597231 
521038090917449 4.667340 181.131134 24.984690 
521038110956668 4.994970 181.559875 26.826929 
521038130956616 5.465160 182.734848 24.363001 
521038150918022 5.012760 182.572189 25.597351 
521038170926616 5.163330 182.430908 25.903320 
521038190916824 5.309880 182.293015 25.594292 
521038210917293 6.220020 182.026627 26.200352 
521038230917606 5.106990 180.717484 24.057602 
521038250925782 5.127450 181.433975 24.365400 
521038270918491 4.685790 181.849335 24.984991 
521038290917658 6.819300 181.904312 25.271910 
521038310917240 8.953140 181.812241 26.173771 
521038330917502 7.447080 182.491653 25.881269 
521038350918126 9.073185 180.522675 26.325510 
521038370918960 10.928340 180.987671 28.921801 
521038390918021 8.496045 181.506821 27.254311 
521038410917866 6.062730 181.586517 27.124142 
521038430917865 8.455126 180.073853 26.638710 
521038450918074 9.090270 180.508148 28.939260 
521038470919741 10.755301 180.414185 28.000530 
521038490919950 9.874995 181.242325 29.700960 
521038510919011 11.258655 181.560913 30.610350 
521038530919533 10.797225 181.846313 28.769880 
521038550919168 12.758685 180.886642 29.980350 
521038570918647 10.928340 180.987671 28.921801 
521038590920001 10.928340 180.987671 28.921801 
521038610919533 12.460246 181.754059 27.523649 
521038630919637 12.907590 181.040314 28.902691 
521038650918490 12.942825 182.771683 27.519659 
521038670918230 13.739612 183.495590 30.126360 
521038690922137 15.597466 184.545395 30.877892 
521038710918439 16.320480 183.277176 30.101252 
521038730918282 16.621275 182.701309 31.789320 
521038750917761 15.421726 183.387115 31.801380 
521038770918335 15.885510 183.393280 32.873222 
521038790917553 15.063885 181.222702 32.110920 
521038810930365 13.930395 179.197067 29.660370 
521038830919167 12.054090 177.429062 28.908541 
521038850919949 8.984626 177.075317 26.324072 
521038870918855 8.348790 176.054489 26.175781 
521038890918804 7.378620 174.463837 23.723940 
521038910918333 6.017760 174.712952 24.044790 
521038930916981 6.315885 174.432922 24.195480 
521038951135678 6.010710 174.278625 24.659609 
521038970922501 6.719625 172.141708 25.112610 
521038990918126 7.196835 172.870346 25.416002 
521039010917605 7.939635 172.172394 25.408352 
521039030918907 6.347760 175.873596 23.427330 
521039050917970 7.161345 178.051010 22.959629 
521039070927449 6.728415 179.046036 22.656961 
521039090917970 6.453435 180.187073 22.660381 
521039110918178 6.455445 180.185364 22.967880 
521039130917918 5.985615 179.743988 22.664610 
521039150917397 7.636876 178.634308 23.570459 
521039170954585 6.723045 178.757050 22.964340 
521039190917709 5.754870 176.724365 22.511070 
521039210920678 4.522770 175.823288 23.752470 
521039230920418 2.768535 173.204330 21.768810 
521039250918489 4.396005 171.968109 19.599600 
521039270918074 3.314820 171.218994 20.070839 
521039290919741 2.779245 168.338303 19.305300 
521039310918230 3.790995 166.504456 18.371731 
521039330930834 3.339270 166.488037 19.144890 
521039350918022 2.181270 162.868683 19.153681 
521039370918751 1.479735 165.292877 18.700802 
521039390923959 3.858360 162.764481 20.059950 
521039410917918 2.977710 163.299332 22.836510 
521039430918543 0.960255 162.838852 18.704191 
521039450917397 1.110825 162.697556 19.010160 
521039470917918 1.724520 162.856537 19.158091 
521039490927761 1.007550 164.559967 19.166161 
521039510918021 -0.055875 163.942520 21.789961 
521039530918178 -2.401321 166.883041 23.813490 
521039550918750 -0.549855 167.204391 26.409721 
521039570919011 -1.879155 169.481567 23.656410 
521039590918542 -2.320141 170.043137 23.814810 
521039610977970 -5.597190 172.534424 24.770729 
521039630926459 -9.515731 175.183945 20.197590 
521039650919168 -11.903746 177.426773 18.530821 
521039670918647 -14.634526 177.492386 19.479839 
521039690918907 -18.097021 179.127182 18.745619 
521039710918230 -21.153061 179.495911 15.392700 
521039730918438 -20.806307 180.789063 16.774052 
521039750918750 -23.004555 178.293915 16.178610 
521039770918229 -23.494173 177.282272 15.106350 
521039790918542 -22.197031 175.032455 12.939660 
521039810918021 -18.121157 174.144012 11.515800 
521039830918230 -16.682507 171.320282 9.962400 
521039850917865 -13.750846 168.268539 5.011680 
521039870924375 -10.985550 163.903778 2.983140 
521039890919636 -6.218851 160.893799 -0.755220 
521039910933595 -4.019595 158.824753 -5.236920 
521039930934063 -0.209025 153.331528 -5.892480 
521039951170886 0.167265 151.650772 -11.432610 
521039970920157 3.882960 148.746689 -13.469371 
521039990917761 7.148610 145.971542 -15.040410 
521040010917916 10.857615 143.366714 -19.229549 
521040030918178 13.885530 143.462265 -21.872700 
521040050918542 16.415762 141.672348 -23.435970 
521040070918490 18.406425 142.449173 -24.531031 
521040090924271 20.342430 141.657944 -27.779251 
521040110919531 22.431030 141.164032 -32.105068 
521040130924011 26.834551 141.144669 -33.377762 
521040150917449 27.787994 143.483459 -36.306870 
521040170918438 30.811548 143.289139 -38.488892 
521040190918230 33.335388 140.770767 -38.207462 
521040210919011 37.404873 139.153870 -37.786621 
521040230918386 41.715179 141.428696 -39.056881 
521040250921355 45.196140 140.952438 -40.013432 
521040270945105 48.382648 140.459503 -39.429543 
521040291305260 49.198906 142.341080 -38.359863 
521040310917397 50.669430 140.958008 -40.681412 
521040330918751 50.684849 141.238449 -39.451290 
521040350917969 52.044018 140.403656 -37.773628 
521040370922396 51.330738 142.250717 -37.765499 
521040390917136 51.009792 141.522705 -37.455360 
521040410918958 50.668724 139.931152 -36.838081 
521040430920053 49.924908 140.189636 -35.293114 
521040450918594 49.753876 139.614441 -35.906879 
521040470920001 52.168396 138.523270 -34.700878 
521040490919844 51.239792 137.631165 -33.616169 
521040510919427 52.587887 136.365433 -31.938692 
521040530919584 52.774998 136.926956 -28.864922 
521040550919688 52.614017 136.343201 -27.941191 
521040570920209 53.532875 136.216187 -26.566322 
521040590920469 52.938961 136.627487 -25.945261 
521040610928802 54.627121 136.954178 -25.038809 
521040630918959 51.858780 135.877502 -25.320271 
521040651255938 54.287731 135.507965 -24.728970 
521040670920000 52.753174 135.477737 -26.559271 
521040690919583 52.779648 135.748764 -23.637901 
521040710931823 52.158916 135.595749 -24.862080 
521040730918802 54.641537 137.235474 -23.962440 
521040750917970 55.090908 136.960342 -23.966970 
521040770918907 55.651608 135.256287 -24.588572 
521040790918282 55.680107 135.965942 -23.050770 
521040810917761 56.415871 135.273972 -24.134670 
521040830919375 56.556694 134.113510 -21.369122 
521040850917188 56.766315 136.710785 -22.753260 
521040870918959 55.823284 135.097015 -21.053850 
521040890917448 59.309925 134.322342 -20.011770 
521040910917396 61.928360 135.246201 -18.806400 
521040930917239 65.307373 136.484421 -18.838261 
521040951125885 64.091385 136.450317 -18.519001 
521040970918594 66.230598 136.647232 -17.924520 
521040990918802 65.664558 138.942932 -20.377680 
521041011244427 65.180626 137.632919 -19.451311 
521041030918750 66.400970 137.516541 -18.540630 
521041050918333 65.328186 137.494171 -19.606590 
521041070917812 64.714485 137.335190 -19.754520 
521041090918542 63.788254 137.174942 -21.129511 
521041110918751 63.646069 137.602676 -21.281610 
521041130919375 63.150406 136.155838 -21.585300 
521041150918333 62.906281 138.298065 -20.812710 
521041170918437 62.121212 137.270599 -20.498280 
521041190926875 62.121212 137.270599 -20.498280 
521041210917708 64.720871 138.063660 -21.599220 
521041230917551 64.679939 136.190353 -20.523750 
521041250917708 62.688961 136.000900 -21.734701 
521041270916510 61.651379 136.829254 -20.801550 
521041290918124 62.727871 137.435593 -21.426601 
521041310917604 61.628925 136.554794 -23.107920 
521041330918750 62.066208 135.409286 -21.575310 
521041350928906 61.169495 136.398163 -22.949821 
521041371187083 60.452526 138.101578 -22.941751 
521041390964948 59.371006 137.499542 -23.085451 
521041410927552 58.864624 135.915039 -24.465450 
521041430917604 59.187572 136.641327 -24.468092 
521041450917916 60.725147 136.669022 -22.176540 
521041470917449 60.401207 136.383896 -24.018721 
521041490917760 60.828766 135.099854 -23.408670 
521041510917708 58.876038 136.639221 -25.541401 
521041530917344 60.085964 135.797806 -23.401020 
521041550923229 58.879700 135.902222 -22.159201 
521041570917396 59.022572 136.061020 -24.159359 
521041590917031 58.093983 135.609207 -24.765720 
521041610919167 60.126240 137.965225 -25.706369 
521041630917969 57.510479 136.745560 -25.374361 
521041650917656 59.023933 136.793762 -26.772812 
521041670918020 58.861626 136.357941 -26.617771 
521041690920260 57.792511 136.038895 -25.992601 
521041710943958 57.235500 137.886566 -25.370941 
521041731165000 58.257317 136.484512 -26.458080 
521041750966875 58.545719 136.065979 -27.229950 
521041770917916 58.453514 138.359299 -27.073771 
521041790917864 59.024956 137.233215 -28.310131 
521041810918073 58.290180 137.484009 -25.381411 
521041830917969 58.564831 136.490051 -25.999771 
521041850918802 58.131229 137.338867 -25.841251 
521041870918802 59.048431 137.947144 -27.541080 
521041890918854 59.941788 136.667572 -25.551691 
521041910918854 58.875046 137.080414 -27.386221 
521041930917969 59.175514 136.651596 -26.313089 
521041951132291 60.414631 137.106369 -24.787170 
521041970918177 60.409607 137.110641 -25.555920 
521041990918489 58.848198 135.635452 -25.849321 
521042010919010 58.262341 136.480225 -25.689329 
521042030920001 59.629910 136.372192 -25.548870 
521042050919167 58.535313 135.340942 -26.000252 
521042070919687 60.083298 136.093643 -24.938400 
521042091124948 59.206020 137.359528 -24.467791 
521042110964531 59.761364 135.806808 -26.473080 
521042130964948 57.192558 136.014984 -24.602970 
521042150919531 57.680523 137.761932 -26.605412 
521042170918385 57.630199 135.603043 -25.837561 
521042190917343 57.466198 135.021866 -25.375080 
521042210918750 59.196632 137.073959 -24.775410 
521042230918072 56.878338 135.868362 -25.522591 
521042250918021 58.391449 135.623291 -25.844912 
