# Created at Thu Nov 07 18:03:11 EST 2019 in Burnaby Canada 
521035630918701 -39.706631 -41.563965 22.691547 
521035650917866 -39.892422 -42.713730 22.077538 
521035670916826 -39.409180 -41.990219 23.303427 
521035690920054 -39.475601 -44.575745 23.302347 
521035710917815 -40.539013 -44.752853 24.235079 
521035730917763 -39.999718 -40.847885 21.618538 
521035751010211 -41.105728 -42.603333 22.243109 
521035770917345 -41.158062 -44.760498 22.703457 
521035790923647 -39.097301 -41.694855 23.300608 
521035810917658 -39.139572 -43.420242 23.607388 
521035830917919 -39.902473 -42.705185 20.540039 
521035850917449 -39.128159 -42.696045 22.531439 
521035870917397 -38.220356 -42.813675 22.215057 
521035890918127 -40.074852 -43.572784 20.848648 
521035910917398 -38.959797 -41.825027 21.607828 
521035930917710 -40.517185 -43.303619 21.929428 
521035951220783 -39.144596 -43.415955 22.838638 
521035970963596 -39.118767 -42.410477 22.839058 
521035990918492 -39.118767 -42.410477 22.839058 
521036010919273 -40.506115 -42.872711 21.929607 
521036030918283 -38.692871 -43.399521 22.065477 
521036050917502 -39.735130 -42.273621 21.153748 
521036070917138 -39.409843 -41.696091 22.073547 
521036090917346 -40.522556 -43.592621 22.236809 
521036110917346 -39.771717 -44.297424 23.459158 
521036130917398 -41.716393 -42.324570 20.865358 
521036150916981 -39.283092 -42.844589 22.686598 
521036170922242 -39.268677 -42.563293 23.762968 
521036190917241 -40.512161 -43.307892 22.698177 
521036210916929 -39.454121 -43.419769 22.072828 
521036230917293 -40.498737 -42.585419 21.929728 
521036250917763 -39.721046 -41.845276 21.615179 
521036270917867 -41.091297 -41.881729 21.628408 
521036290937867 -39.132191 -43.132965 23.607508 
521036311188336 -39.310600 -43.995407 22.993618 
521036330965627 -39.712002 -41.852966 22.998928 
521036350917762 -37.918198 -42.656799 21.289679 
521036370917971 -39.720055 -42.286453 23.459999 
521036390917762 -42.147655 -41.624496 21.946318 
521036410923283 -38.667042 -42.394043 22.065899 
521036430918075 -40.184517 -42.438812 22.849348 
521036450922085 -40.491356 -42.298141 21.929848 
521036470917815 -39.338440 -44.999191 22.685698 
521036490922866 -38.671406 -42.683884 22.527027 
521036510923439 -40.499081 -42.878693 23.005857 
521036530917710 -40.204979 -43.155304 22.541548 
521036550917346 -40.029583 -42.290268 22.694187 
521036570918387 -40.462856 -41.588501 23.467648 
521036590917710 -41.047363 -40.451309 22.705257 
521036610917449 -40.770370 -41.594025 23.009336 
521036630917501 -40.191551 -42.432831 21.773098 
521036650918023 -40.727425 -39.722443 22.241367 
521036671114012 -41.071857 -41.604706 23.473528 
521036690971200 -39.233788 -41.125198 23.456068 
521036710917501 -40.601696 -41.310410 24.391737 
521036730923908 -40.423946 -40.153809 23.775747 
521036750917398 -39.646603 -39.706924 24.537327 
521036770917710 -39.940704 -39.430298 25.001638 
521036790917918 -38.874954 -39.401947 24.991348 
521036810918023 -39.959156 -40.148499 25.001339 
521036830918178 -38.400101 -38.964874 26.063368 
521036850917866 -39.600670 -38.718521 27.612747 
521036870917710 -39.140892 -38.268631 26.378519 
521036890961043 -37.566071 -36.511276 27.594538 
521036910917866 -38.772671 -36.259827 28.221418 
521036930919794 -38.913521 -35.980042 28.838009 
521036951125523 -37.258572 -36.946075 29.743917 
521036970917554 -36.908787 -35.215164 29.895447 
521036990918075 -37.641537 -34.525757 31.440598 
521037010940366 -35.654579 -34.332886 32.036549 
521037031078908 -37.245808 -31.366135 32.976479 
521037050966304 -35.130070 -31.883118 32.801907 
521037070965158 -35.517056 -29.459396 33.883591 
521037090918335 -37.010036 -28.350769 33.898769 
521037110917554 -37.738422 -27.371521 34.982788 
521037130921564 -35.564320 -25.736481 35.270367 
521037150917710 -34.981827 -26.871964 35.725258 
521037170917502 -36.284653 -24.323746 35.893318 
521037190917033 -33.677952 -23.536697 35.868629 
521037210917293 -36.415768 -23.465118 35.741398 
521037230916773 -37.110596 -20.899857 35.749828 
521037251011304 -37.580772 -21.634476 36.522690 
521037270917553 -36.487495 -20.014954 34.514309 
521037290917450 -36.467037 -19.298477 34.822109 
521037310917867 -36.886887 -17.874222 34.827118 
521037330917918 -36.711491 -17.009186 34.979759 
521037350925835 -37.555588 -19.894547 33.602158 
521037370943699 -37.520050 -19.190872 36.216209 
521037391047033 -37.945602 -17.908554 35.913658 
521037411046773 -37.184353 -17.888306 35.906307 
521037430945471 -37.166576 -17.316315 36.367798 
521037450917866 -36.913391 -19.025894 35.287888 
521037470917345 -37.528091 -19.184036 34.986210 
521037490918804 -35.236961 -18.836014 34.964279 
521037510928179 -37.199440 -18.315796 35.291126 
521037530918908 -39.184063 -18.657455 35.617619 
521037550917762 -39.139782 -16.933762 35.618340 
521037570919532 -35.517986 -18.130188 35.736267 
521037590919168 -37.022038 -17.452484 35.751270 
521037610919220 -37.127666 -15.881622 36.675900 
521037630919481 -37.596821 -16.176758 35.911438 
521037650954846 -35.666531 -17.550262 34.046730 
521037670917241 -38.950302 -15.640381 36.232410 
521037690920054 -37.745365 -15.596878 34.221897 
521037710917136 -36.389893 -16.575302 35.899498 
521037730917606 -38.925133 -14.340775 35.002949 
521037751008386 -38.196747 -15.320023 33.918930 
521037771007710 -37.545132 -13.285172 32.530140 
521037790917710 -40.272552 -12.928864 32.864277 
521037810917762 -38.434483 -12.449341 32.846817 
521037830918907 -38.584393 -12.602158 33.770729 
521037850917606 -39.928123 -11.046585 31.632116 
521037870917084 -41.131031 -10.651505 32.259060 
521037890917240 -39.777222 -11.334976 32.553028 
521037910917867 -39.578682 -9.608948 32.859779 
521037930917657 -38.520298 -9.427536 31.158298 
521037951136043 -39.140381 -10.314987 32.855068 
521037970921616 -39.918072 -11.055145 33.169621 
521037990919585 -38.981426 -10.169876 33.314911 
521038010918491 -38.950573 -9.168671 34.084080 
521038030919012 -38.503212 -9.442078 33.772049 
521038050918751 -39.108505 -8.874313 32.086918 
521038070919220 -39.996853 -8.039352 32.557350 
521038090917449 -40.334892 -9.193130 31.944807 
521038110956668 -40.007263 -8.764389 33.787048 
521038130956929 -39.537071 -7.589417 31.323118 
521038150918022 -39.989471 -7.752075 32.557468 
521038170926616 -39.838902 -7.893356 32.863438 
521038190916824 -39.692352 -8.031250 32.554409 
521038210917293 -38.782211 -8.297638 33.160469 
521038230917606 -39.895241 -9.606781 31.017719 
521038250925782 -39.874783 -8.890289 31.325518 
521038270918491 -40.316441 -8.474930 31.945108 
521038290917658 -38.182930 -8.419952 32.232029 
521038310917240 -36.049091 -8.512024 33.133888 
521038330917502 -37.555153 -7.832611 32.841389 
521038350918126 -35.929047 -9.801590 33.285629 
521038370918960 -34.073891 -9.336594 35.881920 
521038390918021 -36.506187 -8.817444 34.214428 
521038410917866 -38.939503 -8.737747 34.084259 
521038430917865 -36.547104 -10.250412 33.598827 
521038450918074 -35.911961 -9.816116 35.899380 
521038470919741 -34.246933 -9.910080 34.960648 
521038490919950 -35.127235 -9.081940 36.661079 
521038510919011 -33.743576 -8.763351 37.570469 
521038530919533 -34.205006 -8.477951 35.730000 
521038550919168 -32.243546 -9.437622 36.940468 
521038570918491 -34.073891 -9.336594 35.881920 
521038590920001 -34.073891 -9.336594 35.881920 
521038610919533 -32.541985 -8.570206 34.483768 
521038630919637 -32.094643 -9.283951 35.862808 
521038650918490 -32.059406 -7.552582 34.479778 
521038670918230 -31.262619 -6.828674 37.086479 
521038690922137 -29.404766 -5.778870 37.838009 
521038710918439 -28.681751 -7.047089 37.061371 
521038730918282 -28.380957 -7.622955 38.749439 
521038750917761 -29.580505 -6.937149 38.761497 
521038770918335 -29.116722 -6.930984 39.833340 
521038790917553 -29.938347 -9.101563 39.071037 
521038810930365 -31.071836 -11.127197 36.620487 
521038830919167 -32.948143 -12.895203 35.868660 
521038850919949 -36.017605 -13.248947 33.284191 
521038870918855 -36.653442 -14.269775 33.135899 
521038890918804 -37.623611 -15.860428 30.684057 
521038910918333 -38.984470 -15.611313 31.004908 
521038930916981 -38.686348 -15.891342 31.155598 
521038951135678 -38.991520 -16.045639 31.619726 
521038970922501 -38.282608 -18.182556 32.072727 
521038990918126 -37.805397 -17.453918 32.376122 
521039010917605 -37.062595 -18.151871 32.368469 
521039030918907 -38.654472 -14.450668 30.387447 
521039050917970 -37.840889 -12.273254 29.919746 
521039070927449 -38.273815 -11.278229 29.617079 
521039090917970 -38.548798 -10.137192 29.620499 
521039110918178 -38.546787 -10.138901 29.927998 
521039130917918 -39.016617 -10.580276 29.624727 
521039150917397 -37.365356 -11.689957 30.530577 
521039170954585 -38.279186 -11.567215 29.924458 
521039190917709 -39.247360 -13.599899 29.471188 
521039210920678 -40.479462 -14.500977 30.712587 
521039230920418 -42.233696 -17.119934 28.728928 
521039250918385 -40.606228 -18.356155 26.559717 
521039270918074 -41.687412 -19.105270 27.030956 
521039290919741 -42.222988 -21.985962 26.265417 
521039310918230 -41.211235 -23.819809 25.331848 
521039330930834 -41.662964 -23.836227 26.105007 
521039350918022 -42.820961 -27.455582 26.113798 
521039370918751 -43.522495 -25.031387 25.660919 
521039390923959 -41.143871 -27.559784 27.020067 
521039410917918 -42.024521 -27.024933 29.796627 
521039430918543 -44.041977 -27.485413 25.664309 
521039450917397 -43.891407 -27.626709 25.970278 
521039470917918 -43.277710 -27.467728 26.118208 
521039490927761 -43.994682 -25.764297 26.126278 
521039510918021 -45.058105 -26.381744 28.750078 
521039530918178 -47.403553 -23.441223 30.773607 
521039550918750 -45.552086 -23.119873 33.369839 
521039570919011 -46.881386 -20.842697 30.616528 
521039590918542 -47.322372 -20.281128 30.774927 
521039610977761 -50.599422 -17.789841 31.730846 
521039630926459 -54.517963 -15.140320 27.157707 
521039650919168 -56.905975 -12.897491 25.490938 
521039670918647 -59.636757 -12.831879 26.439957 
521039690918907 -63.099251 -11.197083 25.705736 
521039710918230 -66.155289 -10.828354 22.352818 
521039730918438 -65.808540 -9.535202 23.734169 
521039750918750 -68.006790 -12.030350 23.138727 
521039770918229 -68.496407 -13.041992 22.066467 
521039790918542 -67.199265 -15.291809 19.899778 
521039810918021 -63.123390 -16.180252 18.475918 
521039830918230 -61.684738 -19.003983 16.922518 
521039850917865 -58.753078 -22.055725 11.971798 
521039870924375 -55.987782 -26.420486 9.943258 
521039890919636 -51.221081 -29.430466 6.204898 
521039910933595 -49.021828 -31.499512 1.723198 
521039930934063 -45.211258 -36.992737 1.067637 
521039951170886 -44.834965 -38.673492 -4.472492 
521039970920157 -41.119270 -41.577576 -6.509253 
521039990917761 -37.853622 -44.352722 -8.080292 
521040010918594 -34.144615 -46.957550 -12.269432 
521040030918178 -31.116701 -46.862000 -14.912582 
521040050918542 -28.586470 -48.651917 -16.475853 
521040070918490 -26.595806 -47.875092 -17.570913 
521040090924271 -24.659801 -48.666321 -20.819134 
521040110919531 -22.571201 -49.160233 -25.144951 
521040130924011 -18.167681 -49.179596 -26.417645 
521040150917449 -17.214237 -46.840805 -29.346752 
521040170918438 -14.190683 -47.035126 -31.528774 
521040190918230 -11.666843 -49.553497 -31.247345 
521040210919011 -7.597359 -51.170395 -30.826504 
521040230918386 -3.287052 -48.895569 -32.096764 
521040250921355 0.193909 -49.371826 -33.053314 
521040270945105 3.380417 -49.864761 -32.469425 
521040291305260 4.196674 -47.983185 -31.399746 
521040310917397 5.667198 -49.366257 -33.721294 
521040330918854 5.682617 -49.085815 -32.491173 
521040350917969 7.041786 -49.920609 -30.813511 
521040370922396 6.328506 -48.073547 -30.805382 
521040390917136 6.007561 -48.801559 -30.495243 
521040410918958 5.666492 -50.393112 -29.877964 
521040430920053 4.922676 -50.134628 -28.332996 
521040450919375 4.751644 -50.709824 -28.946762 
521040470920001 7.166164 -51.800995 -27.740761 
521040490919844 6.237560 -52.693100 -26.656052 
521040510919427 7.585655 -53.958832 -24.978575 
521040530919584 7.772766 -53.397308 -21.904804 
521040550919688 7.611786 -53.981064 -20.981073 
521040570920209 8.530643 -54.108078 -19.606205 
521040590920469 7.936729 -53.696777 -18.985144 
521040610928802 9.624889 -53.370087 -18.078691 
521040630918959 6.856548 -54.446762 -18.360153 
521040651255938 9.285500 -54.816299 -17.768852 
521040670920000 7.750942 -54.846527 -19.599154 
521040690921094 7.777416 -54.575500 -16.677784 
521040710931823 7.156685 -54.728516 -17.901962 
521040730918802 9.639305 -53.088791 -17.002323 
521040750917970 10.088676 -53.363922 -17.006853 
521040770918907 10.649376 -55.067978 -17.628454 
521040790918282 10.677876 -54.358322 -16.090652 
521040810917761 11.413639 -55.050293 -17.174553 
521040830919375 11.554462 -56.210754 -14.409004 
521040850917188 11.764084 -53.613480 -15.793142 
521040870918959 10.821053 -55.227249 -14.093733 
521040890917448 14.307693 -56.001923 -13.051653 
521040910917396 16.926128 -55.078064 -11.846283 
521040930917239 20.305141 -53.839844 -11.878143 
521040951125885 19.089153 -53.873947 -11.558884 
521040970918594 21.228367 -53.677032 -10.964403 
521040990918802 20.662327 -51.381332 -13.417562 
521041011244427 20.178394 -52.691345 -12.491194 
521041030918750 21.398739 -52.807724 -11.580513 
521041050918333 20.325954 -52.830093 -12.646473 
521041070917812 19.712254 -52.989075 -12.794403 
521041090918646 18.786022 -53.149323 -14.169394 
521041110918751 18.643837 -52.721588 -14.321493 
521041130919219 18.148174 -54.168427 -14.625183 
521041150918333 17.904049 -52.026199 -13.852592 
521041170918437 17.118980 -53.053665 -13.538162 
521041190926875 17.118980 -53.053665 -13.538162 
521041210917708 19.718639 -52.260605 -14.639103 
521041230917551 19.677708 -54.133911 -13.563633 
521041250917708 17.686729 -54.323364 -14.774584 
521041270916510 16.649147 -53.495010 -13.841433 
521041290918124 17.725639 -52.888672 -14.466484 
521041310917604 16.626694 -53.769470 -16.147802 
521041330918750 17.063976 -54.914978 -14.615192 
521041350928906 16.167263 -53.926102 -15.989704 
521041371187083 15.450294 -52.222687 -15.981634 
521041390964948 14.368774 -52.824722 -16.125334 
521041410927552 13.862392 -54.409225 -17.505333 
521041430917604 14.185341 -53.682938 -17.507975 
521041450917916 15.722916 -53.655243 -15.216423 
521041470917449 15.398975 -53.940369 -17.058603 
521041490917760 15.826534 -55.224411 -16.448553 
521041510917708 13.873806 -53.685043 -18.581284 
521041530917344 15.083733 -54.526459 -16.440903 
521041550923229 13.877468 -54.422043 -15.199083 
521041570917396 14.020340 -54.263245 -17.199242 
521041590917031 13.091751 -54.715057 -17.805603 
521041610919167 15.124008 -52.359039 -18.746252 
521041630917969 12.508247 -53.578705 -18.414244 
521041650917656 14.021702 -53.530502 -19.812695 
521041670918020 13.859394 -53.966324 -19.657654 
521041690920260 12.790279 -54.285370 -19.032484 
521041710943958 12.233269 -52.437698 -18.410824 
521041731165000 13.255085 -53.839752 -19.497963 
521041750966875 13.543488 -54.258286 -20.269833 
521041770917916 13.451283 -51.964966 -20.113653 
521041790917864 14.022724 -53.091049 -21.350014 
521041810917657 13.287949 -52.840256 -18.421293 
521041830917969 13.562599 -53.834213 -19.039654 
521041850918593 13.128998 -52.985397 -18.881134 
521041870918802 14.046200 -52.377121 -20.580963 
521041890918854 14.939556 -53.656693 -18.591574 
521041910918854 13.872814 -53.243851 -20.426104 
521041930917969 14.173283 -53.672668 -19.352972 
521041951132291 15.412399 -53.217896 -17.827053 
521041970918177 15.407375 -53.213623 -18.595802 
521041990918489 13.845966 -54.688812 -18.889204 
521042010919010 13.260109 -53.844040 -18.729212 
521042030920001 14.627678 -53.952072 -18.588753 
521042050919167 13.533081 -54.983322 -19.040134 
521042070919687 15.081066 -54.230621 -17.978283 
521042091124948 14.203789 -52.964737 -17.507673 
521042110964531 14.759132 -54.517456 -19.512962 
521042130964948 12.190327 -54.309280 -17.642853 
521042150919531 12.678291 -52.562332 -19.645294 
521042170918385 12.627968 -54.721222 -18.877443 
521042190917343 12.463966 -55.302399 -18.414963 
521042210918437 14.194401 -53.250305 -17.815292 
521042230918072 11.876106 -54.455902 -18.562473 
521042250918021 13.389217 -54.700974 -18.884794 
