# Created at Thu Nov 07 19:54:04 EST 2019 in Burnaby Canada 
527688720292590 9.127501 -2.094836 -2.829825 
527688740860403 8.989841 -2.011043 -2.747228 
527688761429308 9.723633 -2.441981 -2.898057 
527688781997226 9.589562 -2.276788 -2.722090 
527688802566340 9.320227 -2.005058 -2.702938 
527688823133943 9.226856 -2.062516 -2.737652 
527688843702330 9.275936 -2.137930 -2.683785 
527688864270715 9.538089 -2.246862 -2.626327 
527688884839413 9.418385 -2.251650 -2.599991 
527688905407486 9.321423 -2.201374 -2.467119 
527688925975975 8.793525 -1.890141 -2.596400 
527688946544361 9.350153 -2.286364 -2.416843 
527688967112955 10.233575 -0.693092 -2.303123 
527688987681235 8.655865 -2.316291 -2.688573 
527689008250090 9.952269 -1.305981 -3.437926 
527689028818058 9.639839 -1.768042 -2.379734 
527689049386965 9.301073 -1.884156 -2.558095 
527689069954673 9.417188 -1.886550 -2.857357 
527689090523631 9.200521 -1.710584 -2.428813 
527689111091757 9.390852 -1.842259 -2.641888 
527689131659985 9.601533 -1.708189 -2.550912 
527689152228372 9.302271 -1.868594 -2.577247 
527689172797173 9.451902 -1.574120 -2.609568 
527689193365351 9.426764 -1.637563 -2.317488 
527689213933943 9.796652 -1.292813 -2.595203 
527689234502069 9.460281 -1.633972 -2.567671 
527689255071079 9.448311 -1.592076 -2.559292 
527689275638893 9.410006 -1.545391 -2.584430 
527689296207590 9.457887 -1.612426 -2.605977 
527689316775767 9.473450 -1.653125 -2.597597 
527689337344465 9.451902 -1.663899 -2.605977 
527689357912746 9.444719 -1.648337 -2.623932 
527689378481548 9.457888 -1.607637 -2.608371 
527689399049569 9.461478 -1.600455 -2.582036 
527689419617746 9.479434 -1.592076 -2.552109 
527689440186340 9.494995 -1.598061 -2.520986 
527689460754777 9.492601 -1.595667 -2.517395 
527689481323266 9.490208 -1.606440 -2.516198 
527689501891392 9.504572 -1.610031 -2.512607 
527689522461287 9.497390 -1.570529 -2.503030 
527689543029049 9.460281 -1.577711 -2.510212 
527689563597329 9.465070 -1.608834 -2.530562 
527689584165246 9.489010 -1.595667 -2.538942 
527689604734204 9.450705 -1.606440 -2.572459 
527689625302016 9.457887 -1.622002 -2.601188 
527689645871235 9.455493 -1.622002 -2.610765 
527689666439725 9.479434 -1.650731 -2.595203 
527689687009256 9.431552 -1.635170 -2.603582 
527689707576652 9.435143 -1.625593 -2.594006 
527689728144986 9.469857 -1.622002 -2.597597 
527689748713683 9.477040 -1.618411 -2.582036 
527689769282850 9.447114 -1.635170 -2.570065 
527689789850037 9.444719 -1.626790 -2.564080 
527689810418892 9.497391 -1.601652 -2.554503 
527689830987381 9.486616 -1.622002 -2.547321 
527689851556705 9.466267 -1.647140 -2.543730 
527689872125193 9.477040 -1.619608 -2.523380 
527689892693475 9.441128 -1.611228 -2.568868 
527689913260922 9.467463 -1.574120 -2.580838 
527689933829517 9.457887 -1.618411 -2.607173 
527689954397329 9.356138 -1.617214 -2.568868 
527689974965663 9.490208 -1.620805 -2.670617 
527689995533995 9.287907 -1.586090 -2.661041 
527690016102173 9.480631 -1.710584 -2.653859 
527690036670506 10.036062 -1.926052 -3.411591 
527690057239205 9.649415 -1.820712 -4.087924 
527690077810818 8.821057 -1.313163 -2.191797 
527690098376912 8.938368 -1.042630 -1.802756 
527690118945090 9.569212 -1.266478 -2.486271 
527690139513371 9.528513 -1.899717 -2.859751 
527690160081703 9.054482 -1.770436 -1.873382 
527690180649621 10.324551 -1.847047 -5.645285 
527690201218058 9.705677 -1.757269 -3.615089 
527690221786496 8.195000 -1.511873 -2.681391 
527690242354829 8.634317 -1.110862 -0.251380 
527690262923318 9.963042 -1.947599 -4.546393 
527690283492641 10.344900 -2.432405 -5.379540 
527690304060923 10.105491 -1.941614 -3.397226 
527690324629776 8.700155 -1.022280 -2.538942 
527690345202381 7.595278 -1.134803 -1.851835 
527690365768057 9.475843 -2.110398 -2.888480 
527690386335818 11.259447 -3.047688 -4.678069 
527690406905453 10.317369 -1.352666 -3.174575 
527690427472746 8.299143 -1.006719 -0.808008 
527690448040870 7.109276 -1.870988 -2.596400 
527690468609568 8.619953 -1.835077 -5.259835 
527690489177016 8.740854 -1.989496 -3.871258 
527690509745141 8.689381 -2.034984 -1.675869 
527690530313527 9.849322 -4.466191 -2.801095 
527690550881548 10.835691 -2.859751 -5.189209 
527690571450089 9.794258 -0.828358 -3.009382 
527690592018579 9.244812 -2.550912 -1.261690 
527690612587121 6.101361 -1.890141 -1.874579 
527690633155350 7.386992 -0.451288 -2.744834 
527690653723891 8.193803 -1.187473 -4.311772 
527690674292276 9.651810 -2.729273 -3.545660 
527690694861182 10.732744 -2.627523 -2.028999 
527690715429152 8.915625 -2.781943 -1.642352 
527690735997797 6.218671 0.545855 -3.822179 
527690756566079 10.071974 -1.860215 -3.054870 
527690777134724 13.578131 -3.861681 -2.315094 
527690797705558 10.797385 -3.129087 -2.532957 
527690818272642 9.626672 -2.742440 -2.649070 
527690838841183 8.464336 -1.586090 -2.155886 
527690859409204 8.645090 -1.113256 -3.222457 
527690879978266 9.465069 -1.875776 -2.546124 
527690900546287 9.905583 -2.339034 -2.431207 
527690921114204 8.959915 -4.312969 -1.147970 
527690941682746 8.045369 -3.531296 -1.630381 
527690962250714 11.304934 0.041897 -4.796576 
527690982819048 9.134684 -0.889408 -2.164265 
527691003389620 9.144260 -2.852569 -1.568135 
527691023956495 10.032471 -2.493454 -2.978259 
527691044526235 9.698495 -3.022550 -2.060122 
527691065093787 7.543805 -3.105146 -0.761323 
527691085662380 11.867548 0.099355 -3.490596 
527691106230871 8.719308 -2.710120 -1.144379 
527691126798838 10.590296 -1.705795 -1.990693 
527691147366704 9.238827 -1.164729 -2.122369 
527691167935454 8.299143 -2.896860 -2.608371 
527691188503631 9.732012 -1.388577 -2.264817 
527691209072902 9.953465 -3.052476 -2.145113 
527691229640454 9.720040 -2.728076 -1.966752 
527691250210037 9.831367 -2.051743 -1.631578 
527691270777849 10.297019 -1.219793 -1.384986 
527691291346495 10.783020 -1.971540 -1.382592 
527691311914672 10.936243 -1.819515 -1.897323 
527691332483735 11.793331 -1.612426 -1.393366 
527691353051912 11.613773 -1.056995 -1.145576 
527691373620766 12.151248 -0.738579 -1.566938 
527691394188682 12.110548 -1.982314 -1.674672 
527691414757641 11.388727 -3.879637 -0.665559 
527691435325923 7.881373 -3.412788 -0.739777 
527691455896234 5.557900 -1.771633 -2.196586 
527691476463735 7.895738 -0.209484 -1.923658 
527691497032589 11.006868 0.283701 -1.711781 
527691517600506 9.556045 -0.854693 -1.274858 
527691538168006 5.290958 -1.302390 -2.707726 
527691558736912 4.645749 -1.199443 -2.432405 
527691579304516 8.992234 0.658377 -2.615553 
527691599874203 9.856504 -0.304051 -1.434065 
527691620441911 8.563691 -0.758929 -2.443178 
527691641010922 2.877707 -0.588948 -3.618680 
527691661578578 6.972813 -1.686643 -2.289955 
527691682147588 13.094522 -0.092173 -2.019422 
527691702716808 14.651884 -0.414179 -2.645479 
527691723284463 10.763868 -1.399351 -1.775224 
527691743852745 8.593616 -2.455148 -0.649998 
527691764422745 6.377879 -4.123835 -3.306250 
527691784989776 3.831755 -5.061125 -3.218866 
527691805558422 5.326870 -5.826039 -2.152295 
527691826126912 32.795563 4.159747 -0.466849 
527691846697172 5.733867 -5.126963 -2.985441 
527691867265141 10.123446 -5.273003 -1.168320 
527691887833266 8.036989 -3.099161 -2.337837 
527691908401495 9.199324 -4.469782 -1.692628 
527691928970557 9.633854 -3.339768 -0.892999 
527691949537485 10.390388 -2.722090 -2.251650 
527691970109725 9.181368 -4.248328 -2.167856 
527691990677536 10.088732 -3.616286 -1.843456 
527692011244620 10.324551 -3.175772 -2.428813 
527692031812067 9.891218 -4.964164 -0.779279 
527692052378995 9.675750 -6.197124 -1.220990 
527692072947849 11.358801 -3.725218 -1.228173 
527692093516963 10.737534 -2.831022 -1.370622 
527692114085037 10.067184 -3.179363 -0.058655 
527692134655297 10.689651 -4.369230 -0.462061 
527692155222381 9.251995 -6.289297 -0.293277 
527692175792380 5.501639 -5.459743 -0.171178 
527692196360245 6.313238 -5.381934 -0.982777 
527692216927849 6.757343 -4.642158 -0.980383 
527692237496755 8.089660 -3.716838 -0.881028 
527692258065505 7.470785 -3.393635 -0.843920 
527692278633005 8.561296 -4.162141 -1.145576 
527692299202798 8.907244 -5.340037 -1.286828 
527692319771390 8.358996 -5.317293 -1.874579 
527692340339620 7.375021 -3.916745 -1.407730 
527692360908318 6.419776 -4.547590 -2.048151 
527692381476547 4.389580 -6.393441 -2.874115 
527692402045453 3.318221 -8.993433 -1.175503 
527692422614672 8.141132 -7.977138 -1.266478 
527692443181964 10.076762 -3.495384 -1.468780 
527692463750817 11.379150 -2.133142 -1.377804 
527692484321547 12.567822 -3.351738 -2.723287 
527692504890296 11.376757 -3.400817 -2.847780 
527692525455922 9.178974 -4.137003 -2.119975 
527692546024359 9.526119 -4.778621 -0.459667 
527692566591807 7.577322 -5.770975 -0.788855 
527692587160193 6.339573 -5.245470 -2.082866 
527692607730453 6.285707 -6.857896 -2.289956 
527692628298422 8.666637 -8.461942 -1.468780 
527692648866859 10.379616 -6.879443 -1.581302 
527692669434828 8.663046 -5.426225 -2.556898 
527692690002328 7.008724 -5.300535 -2.925589 
527692710571026 6.594545 -6.531101 -1.862609 
527692731139828 8.443987 -8.831830 -1.395760 
527692751707848 9.425568 -6.398229 -0.764915 
527692772277172 7.981925 -4.510482 -1.930840 
527692792844619 6.559831 -4.004130 -2.301926 
527692813414464 6.027143 -4.512876 -1.752480 
527692833982327 7.187084 -6.200716 -1.514267 
527692854553318 8.566086 -6.745373 -0.962428 
527692875118161 9.617094 -5.403481 -0.932501 
527692895688318 9.450705 -4.117850 -1.999073 
527692916257120 8.277596 -4.710389 -2.346217 
527692936827953 7.505500 -4.664901 -2.140324 
527692957393162 7.870599 -3.895199 -2.164265 
527692977961442 8.682199 -3.707262 -2.723287 
527692998529829 8.514612 -4.840868 -1.900914 
527693019099150 10.057609 -6.067843 -1.259296 
527693039667380 10.604660 -6.060661 -0.384253 
527693060235713 10.330536 -4.943814 -0.430938 
527693080804151 7.821521 -4.994090 -2.092443 
527693101372276 5.774566 -4.516467 0.611692 
527693121940297 7.382204 -3.761129 -0.724215 
527693142508995 8.485884 -2.656253 0.123296 
527693163078005 10.249136 -3.746765 -0.003591 
527693183646338 10.142599 -4.419506 -0.379465 
527693204214932 9.372896 -4.295013 -1.686643 
527693224782484 9.152639 -3.848514 -2.565277 
527693245350661 8.782751 -4.733133 -2.140324 
527693265919620 8.598406 -4.888750 -1.795574 
527693286487953 8.138739 -5.332855 -1.187473 
527693307056286 7.935240 -6.291692 0.180754 
527693327624672 7.754486 -5.256244 0.357918 
527693348193317 8.279991 -4.269875 -0.049079 
527693368764307 8.703746 -5.109007 -1.128818 
527693389332640 9.273541 -2.669420 0.113720 
527693409900661 7.597672 -4.216008 1.186276 
527693430468681 7.410933 -5.510018 1.236552 
527693451037380 6.304859 -7.122444 1.730933 
527693471605662 7.693437 -9.850519 -0.125690 
527693492172588 10.665710 -4.249525 -2.882495 
527693512741547 9.224463 -4.037647 -1.304784 
527693533309515 6.642427 -6.839940 0.884619 
527693553877849 7.904117 -5.627329 2.530562 
527693574446285 9.839746 -3.283506 2.040969 
527693595014724 8.588829 -3.668957 1.012704 
527693615583108 6.905778 -5.939759 1.349075 
527693636151754 5.255047 -6.042706 2.301926 
527693656720192 7.163143 -5.307717 0.649998 
527693677289255 5.675211 -6.358727 -1.535814 
527693697857120 6.634048 -7.560564 -2.246862 
527693718425609 11.715522 -6.088193 0.447696 
527693738994150 11.510826 -6.519131 0.648801 
527693759563265 6.060661 -7.701816 0.612889 
527693780131443 3.475034 -7.035059 -0.920531 
527693800699567 6.978798 -5.361584 -0.642816 
527693821268057 7.568943 -7.559367 2.049348 
527693841837535 5.882301 -8.447577 2.650267 
527693862407328 7.653934 -9.638641 -0.617677 
527693882975401 -0.096961 -9.066452 -1.625593 
527693903543786 2.773563 -6.861487 -4.328531 
527693924110244 4.377609 -5.908636 -3.574389 
527693944678733 10.548399 -6.204307 3.953854 
527693965247797 14.831442 -6.727417 -0.025138 
527693985815609 10.784218 -6.939295 -1.375410 
527694006384307 11.470127 -8.761205 -1.401745 
527694026953212 10.289836 -9.734406 -1.686643 
527694047523317 11.004475 -7.714983 -2.497045 
527694068092015 11.732281 -5.927789 -2.367764 
527694088658890 12.436146 -5.104218 -2.749622 
527694109227432 9.958254 -6.728615 -1.965555 
527694129795504 7.632387 -6.750161 0.606904 
527694150364151 7.987910 -5.234696 1.608834 
527694170933108 7.943620 -4.013706 1.709386 
527694191500505 9.041314 -2.480286 2.190600 
527694212069046 10.025289 -1.920067 3.522916 
527694232637171 8.850983 -3.945475 3.312236 
527694253205921 5.638103 -4.886355 3.795844 
527694273774255 5.221529 -3.702474 4.690040 
527694294342796 8.083674 -0.617677 4.579911 
527694314911233 10.860829 0.107734 6.049888 
527694335481807 8.233306 -1.741707 6.605319 
527694356049723 4.324939 -2.548518 5.450166 
527694376618474 2.552109 -1.940417 2.923195 
527694397186963 4.855232 0.754141 2.875313 
527694417755140 7.181099 1.715372 6.708265 
527694438323733 6.885428 1.480750 7.760471 
527694458891911 5.695561 1.829091 7.637175 
527694479460087 4.971346 2.439587 7.009921 
527694500027796 5.454954 3.478626 6.885428 
527694520595816 6.101361 3.440320 7.293622 
527694541164723 5.538747 3.703671 7.536623 
527694561732692 4.442250 3.805420 7.149976 
527694582301181 3.390044 3.593542 7.961576 
527694602869932 3.653395 3.425955 8.217745 
527694623438109 3.537281 3.560025 8.590026 
527694644006651 2.821445 3.337374 8.063325 
527694664575139 2.128354 3.415182 8.227320 
527694685143421 1.830288 3.327797 8.333858 
527694705711963 2.250453 3.135072 8.935973 
527694726280400 2.236088 2.212147 9.309453 
527694746849046 -0.243001 0.280110 7.388188 
527694767417901 -0.855890 1.528632 8.770781 
527694787985973 2.212147 4.492526 11.671231 
527694808555296 4.235161 5.246667 12.033937 
527694829122693 1.996678 4.295013 11.022430 
527694849691598 0.513534 3.713247 10.389192 
527694870259723 0.104143 3.835346 9.890022 
527694890828212 0.450091 4.324939 11.334861 
527694911397223 0.684712 4.210022 13.283657 
527694931965348 -0.579372 3.115920 12.303274 
527694952533525 -1.887747 1.487932 9.546469 
527694973102275 -1.809939 0.739776 7.765259 
527694993670608 -1.586090 1.611228 7.167932 
527695014239098 -1.702204 2.489863 6.289298 
527695034807275 -1.458006 2.426419 5.414254 
527695055376182 -1.493918 2.516198 4.950996 
527695075944254 -1.662702 2.536548 7.191873 
527695096512744 -1.583696 2.406069 8.446381 
527695117081598 -1.304784 2.684982 6.814802 
527695137649776 -0.982778 4.054406 6.934507 
527695158218472 -0.946866 4.846853 8.968294 
527695178786754 -1.362242 4.453024 9.836155 
527695199355191 -1.899717 3.824573 9.821791 
527695219923525 -2.652662 3.576784 8.998220 
527695240492587 -2.554503 3.441517 8.260838 
527695261060608 -1.911688 3.589951 8.519401 
527695281629203 -2.444375 4.063982 8.567282 
527695302197483 -1.887747 4.836080 8.707336 
527695322767328 -0.310036 6.392244 9.830170 
527695343335139 0.332780 6.988374 9.697297 
527695363904462 -0.082596 6.698689 8.961111 
527695384473055 -1.672278 5.310111 9.459084 
527695405042015 -1.339498 4.918676 10.779429 
527695425609983 -1.493918 3.443911 11.479704 
527695446178838 -1.672278 3.264354 9.134684 
527695466748420 -0.077808 4.670887 8.293158 
527695487315348 2.025408 5.847586 7.936438 
527695507884202 2.574853 5.731472 7.395371 
527695528452744 2.499439 5.504033 7.329533 
527695549021129 1.527435 4.819321 7.603658 
527695569589775 -0.452485 5.666832 8.976673 
527695590157848 -0.026335 6.654397 6.824378 
527695610727431 -0.816388 6.048691 7.631190 
527695631294515 1.819515 6.040311 11.787345 
527695651863368 2.212147 6.258174 11.576664 
527695672431598 1.085724 5.263426 9.620686 
527695692998369 0.750550 5.447772 9.025753 
527695713566858 0.762520 5.973276 9.065254 
527695734135868 0.217863 6.130090 7.918482 
527695754704515 0.209484 6.441322 6.683126 
527695775273680 0.107734 6.409002 5.889483 
527695795840451 -0.010773 6.490401 5.776960 
527695816409202 0.301656 6.656792 6.245007 
527695836977744 0.541066 6.617289 6.508358 
527695857547587 0.572190 6.568210 6.351544 
527695878116233 0.727806 6.529904 6.501175 
527695898684566 0.519519 6.720235 6.514343 
527695919252534 0.361509 6.860290 6.611304 
527695939819671 0.456076 6.845925 7.242148 
527695960388160 0.561416 7.014709 7.726954 
527695980956702 0.565007 7.070971 7.662313 
527696001524983 0.553037 7.019497 7.211025 
527696022093473 0.433332 6.811211 7.042242 
527696042661753 0.302853 6.839940 7.149976 
527696063230556 0.253774 6.940492 7.317563 
527696083799983 0.531490 6.950068 7.606051 
527696104368056 0.742171 6.861487 8.036989 
527696124937588 0.195119 7.014709 6.460475 
527696145505244 -0.053867 6.968024 6.361120 
527696166073368 0.002394 6.990768 7.372627 
527696186641910 0.106537 7.136808 7.953196 
527696207210660 0.743368 7.092518 7.054212 
527696227778576 0.507549 6.982389 5.675211 
527696248347744 0.533884 6.872261 6.104952 
527696268915659 0.767309 6.924931 7.227784 
527696289484619 0.992354 6.838743 7.492332 
