# Created at Thu Nov 07 19:54:04 EST 2019 in Burnaby Canada 
527688720292590 0.000000 0.000000 0.000000 
527688740860403 0.000000 0.000000 0.000000 
527688761429308 0.000000 0.000000 0.000000 
527688781997226 0.000000 0.000000 0.000000 
527688802566340 0.000000 0.000000 0.000000 
527688823133943 0.000000 0.000000 0.000000 
527688843702330 0.000000 0.000000 0.000000 
527688864270715 0.000000 0.000000 0.000000 
527688884839413 0.000000 0.000000 0.000000 
527688905407486 0.000000 0.000000 0.000000 
527688925975975 0.000000 0.000000 0.000000 
527688946544361 0.000000 0.000000 0.000000 
527688967112955 0.000000 0.000000 0.000000 
527688987681235 0.000000 0.000000 0.000000 
527689008250090 0.000000 0.000000 0.000000 
527689028818058 0.000000 0.000000 0.000000 
527689049386965 0.000000 0.000000 0.000000 
527689069954673 0.000000 0.000000 0.000000 
527689090523631 0.000000 0.000000 0.000000 
527689111091757 0.000000 0.000000 0.000000 
527689131659985 0.000000 0.000000 0.000000 
527689152228372 0.000000 0.000000 0.000000 
527689172797173 0.000000 0.000000 0.000000 
527689193365351 0.000000 0.000000 0.000000 
527689213933943 0.000000 0.000000 0.000000 
527689234502069 0.000000 0.000000 0.000000 
527689255071079 0.000000 0.000000 0.000000 
527689275638893 0.000000 0.000000 0.000000 
527689296207590 0.000000 0.000000 0.000000 
527689316775767 0.000000 0.000000 0.000000 
527689337344465 0.000000 0.000000 0.000000 
527689357912746 0.000000 0.000000 0.000000 
527689378481548 0.000000 0.000000 0.000000 
527689399049569 0.000000 0.000000 0.000000 
527689419617746 0.000000 0.000000 0.000000 
527689440186340 0.000000 0.000000 0.000000 
527689460754777 0.000000 0.000000 0.000000 
527689481323266 0.000000 0.000000 0.000000 
527689501891392 0.000000 0.000000 0.000000 
527689522461287 0.000000 0.000000 0.000000 
527689543029049 0.000000 0.000000 0.000000 
527689563597329 0.000000 0.000000 0.000000 
527689584165246 0.000000 0.000000 0.000000 
527689604734204 0.000000 0.000000 0.000000 
527689625302016 0.000000 0.000000 0.000000 
527689645871235 0.000000 0.000000 0.000000 
527689666439725 0.000000 0.000000 0.000000 
527689687009256 0.000000 0.000000 0.000000 
527689707576652 0.000000 0.000000 0.000000 
527689728144986 0.000000 0.000000 0.000000 
527689748713683 0.000000 0.000000 0.000000 
527689769282850 0.000000 0.000000 0.000000 
527689789850037 0.000000 0.000000 0.000000 
527689810418892 0.000000 0.000000 0.000000 
527689830987381 0.000000 0.000000 0.000000 
527689851556705 0.000000 0.000000 0.000000 
527689872125193 0.000000 0.000000 0.000000 
527689892693475 0.000000 0.000000 0.000000 
527689913260922 0.000000 0.000000 0.000000 
527689933829517 0.000000 0.000000 0.000000 
527689954397329 0.000000 0.000000 0.000000 
527689974965663 0.000000 0.000000 0.000000 
527689995533995 0.000000 0.000000 0.000000 
527690016102173 0.000000 0.000000 0.000000 
527690036670506 0.000000 0.000000 0.000000 
527690057239205 0.000000 0.000000 0.000000 
527690077810818 0.000000 0.000000 0.000000 
527690098376912 0.000000 0.000000 0.000000 
527690118945090 0.000000 0.000000 0.000000 
527690139513371 0.000000 0.000000 0.000000 
527690160081703 0.000000 0.000000 0.000000 
527690180649621 0.000000 0.000000 0.000000 
527690201218058 0.000000 0.000000 0.000000 
527690221786496 0.000000 0.000000 0.000000 
527690242354829 0.000000 0.000000 0.000000 
527690262923318 0.000000 0.000000 0.000000 
527690283492641 0.000000 0.000000 0.000000 
527690304060923 0.000000 0.000000 0.000000 
527690324629776 0.000000 0.000000 0.000000 
527690345202381 0.000000 0.000000 0.000000 
527690365768057 0.000000 0.000000 0.000000 
527690386335818 0.000000 0.000000 0.000000 
527690406905453 0.000000 0.000000 0.000000 
527690427472746 0.000000 0.000000 0.000000 
527690448040870 0.000000 0.000000 0.000000 
527690468609568 0.000000 0.000000 0.000000 
527690489177016 0.000000 0.000000 0.000000 
527690509745141 0.000000 0.000000 0.000000 
527690530313527 0.000000 0.000000 0.000000 
527690550881548 0.000000 0.000000 0.000000 
527690571450089 0.000000 0.000000 0.000000 
527690592018579 0.000000 0.000000 0.000000 
527690612587121 0.000000 0.000000 0.000000 
527690633155350 0.000000 0.000000 0.000000 
527690653723891 0.000000 0.000000 0.000000 
527690674292276 0.000000 0.000000 0.000000 
527690694861182 0.000000 0.000000 0.000000 
527690715429152 0.000000 0.000000 0.000000 
527690735997797 0.000000 0.000000 0.000000 
527690756566079 0.000000 0.000000 0.000000 
527690777134724 0.000000 0.000000 0.000000 
527690797705558 0.000000 0.000000 0.000000 
527690818272642 0.000000 0.000000 0.000000 
527690838841183 0.000000 0.000000 0.000000 
527690859409204 0.000000 0.000000 0.000000 
527690879978266 0.000000 0.000000 0.000000 
527690900546287 0.000000 0.000000 0.000000 
527690921114204 0.000000 0.000000 0.000000 
527690941682746 0.000000 0.000000 0.000000 
527690962250714 0.000000 0.000000 0.000000 
527690982819048 0.000000 0.000000 0.000000 
527691003389620 0.000000 0.000000 0.000000 
527691023956495 0.000000 0.000000 0.000000 
527691044526235 0.000000 0.000000 0.000000 
527691065093787 0.000000 0.000000 0.000000 
527691085662380 0.000000 0.000000 0.000000 
527691106230871 0.000000 0.000000 0.000000 
527691126798838 0.000000 0.000000 0.000000 
527691147366704 0.000000 0.000000 0.000000 
527691167935454 0.000000 0.000000 0.000000 
527691188503631 0.000000 0.000000 0.000000 
527691209072902 0.000000 0.000000 0.000000 
527691229640454 0.000000 0.000000 0.000000 
527691250210037 0.000000 0.000000 0.000000 
527691270777849 0.000000 0.000000 0.000000 
527691291346495 0.000000 0.000000 0.000000 
527691311914672 0.000000 0.000000 0.000000 
527691332483735 0.000000 0.000000 0.000000 
527691353051912 0.000000 0.000000 0.000000 
527691373620766 0.000000 0.000000 0.000000 
527691394188682 0.000000 0.000000 0.000000 
527691414757641 0.000000 0.000000 0.000000 
527691435325923 0.000000 0.000000 0.000000 
527691455896234 0.000000 0.000000 0.000000 
527691476463735 0.000000 0.000000 0.000000 
527691497032589 0.000000 0.000000 0.000000 
527691517600506 0.000000 0.000000 0.000000 
527691538168006 0.000000 0.000000 0.000000 
527691558736912 0.000000 0.000000 0.000000 
527691579304516 0.000000 0.000000 0.000000 
527691599874203 0.000000 0.000000 0.000000 
527691620441911 0.000000 0.000000 0.000000 
527691641010922 0.000000 0.000000 0.000000 
527691661578578 0.000000 0.000000 0.000000 
527691682147588 0.000000 0.000000 0.000000 
527691702716808 0.000000 0.000000 0.000000 
527691723284463 0.000000 0.000000 0.000000 
527691743852745 0.000000 0.000000 0.000000 
527691764422745 0.000000 0.000000 0.000000 
527691784989776 0.000000 0.000000 0.000000 
527691805558422 0.000000 0.000000 0.000000 
527691826126912 0.000000 0.000000 0.000000 
527691846697172 0.000000 0.000000 0.000000 
527691867265141 0.000000 0.000000 0.000000 
527691887833266 0.000000 0.000000 0.000000 
527691908401495 0.000000 0.000000 0.000000 
527691928970557 0.000000 0.000000 0.000000 
527691949537485 0.000000 0.000000 0.000000 
527691970109725 0.000000 0.000000 0.000000 
527691990677536 0.000000 0.000000 0.000000 
527692011244620 0.000000 0.000000 0.000000 
527692031812067 0.000000 0.000000 0.000000 
527692052378995 0.000000 0.000000 0.000000 
527692072947849 0.000000 0.000000 0.000000 
527692093516963 0.000000 0.000000 0.000000 
527692114085037 0.000000 0.000000 0.000000 
527692134655297 0.000000 0.000000 0.000000 
527692155222381 0.000000 0.000000 0.000000 
527692175792380 0.000000 0.000000 0.000000 
527692196360245 0.000000 0.000000 0.000000 
527692216927849 0.000000 0.000000 0.000000 
527692237496755 0.000000 0.000000 0.000000 
527692258065505 0.000000 0.000000 0.000000 
527692278633005 0.000000 0.000000 0.000000 
527692299202798 0.000000 0.000000 0.000000 
527692319771390 0.000000 0.000000 0.000000 
527692340339620 0.000000 0.000000 0.000000 
527692360908318 0.000000 0.000000 0.000000 
527692381476547 0.000000 0.000000 0.000000 
527692402045453 0.000000 0.000000 0.000000 
527692422614672 0.000000 0.000000 0.000000 
527692443181964 0.000000 0.000000 0.000000 
527692463750817 0.000000 0.000000 0.000000 
527692484321547 0.000000 0.000000 0.000000 
527692504890296 0.000000 0.000000 0.000000 
527692525455922 0.000000 0.000000 0.000000 
527692546024359 0.000000 0.000000 0.000000 
527692566591807 0.000000 0.000000 0.000000 
527692587160193 0.000000 0.000000 0.000000 
527692607730453 0.000000 0.000000 0.000000 
527692628298422 0.000000 0.000000 0.000000 
527692648866859 0.000000 0.000000 0.000000 
527692669434828 0.000000 0.000000 0.000000 
527692690002328 0.000000 0.000000 0.000000 
527692710571026 0.000000 0.000000 0.000000 
527692731139828 0.000000 0.000000 0.000000 
527692751707848 0.000000 0.000000 0.000000 
527692772277172 0.000000 0.000000 0.000000 
527692792844619 0.000000 0.000000 0.000000 
527692813414464 0.000000 0.000000 0.000000 
527692833982327 0.000000 0.000000 0.000000 
527692854553318 0.000000 0.000000 0.000000 
527692875118161 0.000000 0.000000 0.000000 
527692895688318 0.000000 0.000000 0.000000 
527692916257120 0.000000 0.000000 0.000000 
527692936827953 0.000000 0.000000 0.000000 
527692957393162 0.000000 0.000000 0.000000 
527692977961442 0.000000 0.000000 0.000000 
527692998529829 0.000000 0.000000 0.000000 
527693019099150 0.000000 0.000000 0.000000 
527693039667380 0.000000 0.000000 0.000000 
527693060235713 0.000000 0.000000 0.000000 
527693080804151 0.000000 0.000000 0.000000 
527693101372276 0.000000 0.000000 0.000000 
527693121940297 0.000000 0.000000 0.000000 
527693142508995 0.000000 0.000000 0.000000 
527693163078005 0.000000 0.000000 0.000000 
527693183646338 0.000000 0.000000 0.000000 
527693204214932 0.000000 0.000000 0.000000 
527693224782484 0.000000 0.000000 0.000000 
527693245350661 0.000000 0.000000 0.000000 
527693265919620 0.000000 0.000000 0.000000 
527693286487953 0.000000 0.000000 0.000000 
527693307056286 0.000000 0.000000 0.000000 
527693327624672 0.000000 0.000000 0.000000 
527693348193317 0.000000 0.000000 0.000000 
527693368764307 0.000000 0.000000 0.000000 
527693389332640 0.000000 0.000000 0.000000 
527693409900661 0.000000 0.000000 0.000000 
527693430468681 0.000000 0.000000 0.000000 
527693451037380 0.000000 0.000000 0.000000 
527693471605662 0.000000 0.000000 0.000000 
527693492172588 0.000000 0.000000 0.000000 
527693512741547 0.000000 0.000000 0.000000 
527693533309515 0.000000 0.000000 0.000000 
527693553877849 0.000000 0.000000 0.000000 
527693574446285 0.000000 0.000000 0.000000 
527693595014724 0.000000 0.000000 0.000000 
527693615583108 0.000000 0.000000 0.000000 
527693636151754 0.000000 0.000000 0.000000 
527693656720192 0.000000 0.000000 0.000000 
527693677289255 0.000000 0.000000 0.000000 
527693697857120 0.000000 0.000000 0.000000 
527693718425609 0.000000 0.000000 0.000000 
527693738994150 0.000000 0.000000 0.000000 
527693759563265 0.000000 0.000000 0.000000 
527693780131443 0.000000 0.000000 0.000000 
527693800699567 0.000000 0.000000 0.000000 
527693821268057 0.000000 0.000000 0.000000 
527693841837535 0.000000 0.000000 0.000000 
527693862407328 0.000000 0.000000 0.000000 
527693882975401 0.000000 0.000000 0.000000 
527693903543786 0.000000 0.000000 0.000000 
527693924110244 0.000000 0.000000 0.000000 
527693944678733 0.000000 0.000000 0.000000 
527693965247797 0.000000 0.000000 0.000000 
527693985815609 0.000000 0.000000 0.000000 
527694006384307 0.000000 0.000000 0.000000 
527694026953212 0.000000 0.000000 0.000000 
527694047523317 0.000000 0.000000 0.000000 
527694068092015 0.000000 0.000000 0.000000 
527694088658890 0.000000 0.000000 0.000000 
527694109227432 0.000000 0.000000 0.000000 
527694129795504 0.000000 0.000000 0.000000 
527694150364151 0.000000 0.000000 0.000000 
527694170933108 0.000000 0.000000 0.000000 
527694191500505 0.000000 0.000000 0.000000 
527694212069046 0.000000 0.000000 0.000000 
527694232637171 0.000000 0.000000 0.000000 
527694253205921 0.000000 0.000000 0.000000 
527694273774255 0.000000 0.000000 0.000000 
527694294342796 0.000000 0.000000 0.000000 
527694314911233 0.000000 0.000000 0.000000 
527694335481807 0.000000 0.000000 0.000000 
527694356049723 0.000000 0.000000 0.000000 
527694376618474 0.000000 0.000000 0.000000 
527694397186963 0.000000 0.000000 0.000000 
527694417755140 0.000000 0.000000 0.000000 
527694438323733 0.000000 0.000000 0.000000 
527694458891911 0.000000 0.000000 0.000000 
527694479460087 0.000000 0.000000 0.000000 
527694500027796 0.000000 0.000000 0.000000 
527694520595816 0.000000 0.000000 0.000000 
527694541164723 0.000000 0.000000 0.000000 
527694561732692 0.000000 0.000000 0.000000 
527694582301181 0.000000 0.000000 0.000000 
527694602869932 0.000000 0.000000 0.000000 
527694623438109 0.000000 0.000000 0.000000 
527694644006651 0.000000 0.000000 0.000000 
527694664575139 0.000000 0.000000 0.000000 
527694685143421 0.000000 0.000000 0.000000 
527694705711963 0.000000 0.000000 0.000000 
527694726280400 0.000000 0.000000 0.000000 
527694746849046 0.000000 0.000000 0.000000 
527694767417901 0.000000 0.000000 0.000000 
527694787985973 0.000000 0.000000 0.000000 
527694808555296 0.000000 0.000000 0.000000 
527694829122693 0.000000 0.000000 0.000000 
527694849691598 0.000000 0.000000 0.000000 
527694870259723 0.000000 0.000000 0.000000 
527694890828212 0.000000 0.000000 0.000000 
527694911397223 0.000000 0.000000 0.000000 
527694931965348 0.000000 0.000000 0.000000 
527694952533525 0.000000 0.000000 0.000000 
527694973102275 0.000000 0.000000 0.000000 
527694993670608 0.000000 0.000000 0.000000 
527695014239098 0.000000 0.000000 0.000000 
527695034807275 0.000000 0.000000 0.000000 
527695055376182 0.000000 0.000000 0.000000 
527695075944254 0.000000 0.000000 0.000000 
527695096512744 0.000000 0.000000 0.000000 
527695117081598 0.000000 0.000000 0.000000 
527695137649776 0.000000 0.000000 0.000000 
527695158218472 0.000000 0.000000 0.000000 
527695178786754 0.000000 0.000000 0.000000 
527695199355191 0.000000 0.000000 0.000000 
527695219923525 0.000000 0.000000 0.000000 
527695240492587 0.000000 0.000000 0.000000 
527695261060608 0.000000 0.000000 0.000000 
527695281629203 0.000000 0.000000 0.000000 
527695302197483 0.000000 0.000000 0.000000 
527695322767328 0.000000 0.000000 0.000000 
527695343335139 0.000000 0.000000 0.000000 
527695363904462 0.000000 0.000000 0.000000 
527695384473055 0.000000 0.000000 0.000000 
527695405042015 0.000000 0.000000 0.000000 
527695425609983 0.000000 0.000000 0.000000 
527695446178838 0.000000 0.000000 0.000000 
527695466748420 0.000000 0.000000 0.000000 
527695487315348 0.000000 0.000000 0.000000 
527695507884202 0.000000 0.000000 0.000000 
527695528452744 0.000000 0.000000 0.000000 
527695549021129 0.000000 0.000000 0.000000 
527695569589775 0.000000 0.000000 0.000000 
527695590157848 0.000000 0.000000 0.000000 
527695610727431 0.000000 0.000000 0.000000 
527695631294515 0.000000 0.000000 0.000000 
527695651863368 0.000000 0.000000 0.000000 
527695672431598 0.000000 0.000000 0.000000 
527695692998369 0.000000 0.000000 0.000000 
527695713566858 0.000000 0.000000 0.000000 
527695734135868 0.000000 0.000000 0.000000 
527695754704515 0.000000 0.000000 0.000000 
527695775273680 0.000000 0.000000 0.000000 
527695795840451 0.000000 0.000000 0.000000 
527695816409202 0.000000 0.000000 0.000000 
527695836977744 0.000000 0.000000 0.000000 
527695857547587 0.000000 0.000000 0.000000 
527695878116233 0.000000 0.000000 0.000000 
527695898684566 0.000000 0.000000 0.000000 
527695919252534 0.000000 0.000000 0.000000 
527695939819671 0.000000 0.000000 0.000000 
527695960388160 0.000000 0.000000 0.000000 
527695980956702 0.000000 0.000000 0.000000 
527696001524983 0.000000 0.000000 0.000000 
527696022093473 0.000000 0.000000 0.000000 
527696042661753 0.000000 0.000000 0.000000 
527696063230556 0.000000 0.000000 0.000000 
527696083799983 0.000000 0.000000 0.000000 
527696104368056 0.000000 0.000000 0.000000 
527696124937588 0.000000 0.000000 0.000000 
527696145505244 0.000000 0.000000 0.000000 
527696166073368 0.000000 0.000000 0.000000 
527696186641910 0.000000 0.000000 0.000000 
527696207210660 0.000000 0.000000 0.000000 
527696227778576 0.000000 0.000000 0.000000 
527696248347744 0.000000 0.000000 0.000000 
527696268915659 0.000000 0.000000 0.000000 
527696289484619 0.000000 0.000000 0.000000 
