# Created at Thu Nov 07 19:54:04 EST 2019 in Burnaby Canada 
527688715150507 0.573412 -0.557749 0.513352 0.310780 
527688735718267 0.574174 -0.556742 0.512663 0.312313 
527688756287225 0.574894 -0.555668 0.512492 0.313181 
527688776855090 0.575057 -0.554870 0.512710 0.313939 
527688797423371 0.574884 -0.554650 0.512944 0.314261 
527688817991808 0.574885 -0.554183 0.513474 0.314216 
527688838560142 0.575260 -0.553541 0.513907 0.313956 
527688859128580 0.575821 -0.552865 0.514169 0.313690 
527688879696965 0.576363 -0.552154 0.514260 0.313799 
527688900265403 0.576810 -0.550678 0.515409 0.313683 
527688920833840 0.579074 -0.546536 0.516494 0.314969 
527688941402278 0.580728 -0.542258 0.519629 0.314161 
527688961970714 0.582124 -0.537506 0.523118 0.313952 
527688982539152 0.583972 -0.536504 0.519627 0.318007 
527689003107537 0.582432 -0.538651 0.517032 0.321411 
527689023675975 0.582727 -0.538463 0.517030 0.321196 
527689044244152 0.583538 -0.537762 0.517165 0.320678 
527689064812590 0.583978 -0.537292 0.517007 0.320922 
527689085381236 0.585052 -0.536852 0.516473 0.320561 
527689105949673 0.585748 -0.536079 0.516378 0.320738 
527689126517851 0.586376 -0.535389 0.516367 0.320760 
527689147086288 0.586571 -0.534465 0.516695 0.321415 
527689167654830 0.587878 -0.533237 0.516431 0.321493 
527689188223267 0.589693 -0.531494 0.515889 0.321924 
527689208791496 0.590108 -0.530649 0.516265 0.321954 
527689229359933 0.590398 -0.530347 0.515955 0.322419 
527689249928320 0.590586 -0.530324 0.515865 0.322254 
527689270496757 0.590817 -0.530184 0.515782 0.322194 
527689291065195 0.591001 -0.530017 0.515699 0.322265 
527689311633632 0.591133 -0.529878 0.515662 0.322310 
527689332202226 0.591205 -0.529734 0.515690 0.322370 
527689352770611 0.591244 -0.529642 0.515709 0.322418 
527689373339048 0.591259 -0.529473 0.515810 0.322509 
527689393907434 0.591226 -0.529247 0.515965 0.322690 
527689414475819 0.591175 -0.529025 0.516129 0.322887 
527689435044204 0.591102 -0.528820 0.516286 0.323103 
527689455612641 0.591035 -0.528671 0.516425 0.323249 
527689476180871 0.591014 -0.528552 0.516503 0.323358 
527689496749256 0.590992 -0.528496 0.516544 0.323423 
527689517318476 0.590991 -0.528477 0.516550 0.323447 
527689537886913 0.591065 -0.528484 0.516454 0.323453 
527689558454673 0.591174 -0.528534 0.516328 0.323374 
527689579023110 0.591333 -0.528649 0.516164 0.323156 
527689599591496 0.591514 -0.528707 0.516020 0.322959 
527689620159881 0.591653 -0.528723 0.515951 0.322790 
527689640729153 0.591740 -0.528727 0.515933 0.322653 
527689661297590 0.591769 -0.528800 0.515879 0.322566 
527689681866132 0.591781 -0.528848 0.515853 0.322507 
527689702434517 0.591794 -0.528865 0.515832 0.322488 
527689723003110 0.591761 -0.528833 0.515882 0.322522 
527689743571548 0.591717 -0.528789 0.515948 0.322569 
527689764139516 0.591694 -0.528722 0.516001 0.322638 
527689784707902 0.591654 -0.528694 0.516057 0.322665 
527689805276808 0.591594 -0.528646 0.516144 0.322715 
527689825845246 0.591587 -0.528547 0.516215 0.322778 
527689846414672 0.591552 -0.528500 0.516270 0.322830 
527689866983058 0.591508 -0.528493 0.516327 0.322830 
527689887550349 0.591548 -0.528534 0.516268 0.322787 
527689908118787 0.591749 -0.528652 0.516066 0.322547 
527689928687381 0.591848 -0.528685 0.515933 0.322522 
527689949255194 0.591929 -0.528718 0.515821 0.322501 
527689969823422 0.591821 -0.528739 0.515881 0.322566 
527689990391860 0.592427 -0.529258 0.514933 0.322119 
527690010959985 0.593825 -0.530642 0.512248 0.321550 
527690031528423 0.594447 -0.533209 0.509024 0.321273 
527690052100245 0.598382 -0.538337 0.500989 0.318028 
527690072668683 0.601246 -0.544079 0.492918 0.315458 
527690093234517 0.601166 -0.545581 0.491402 0.315381 
527690113802955 0.600914 -0.544203 0.492616 0.316347 
527690134371130 0.599486 -0.542979 0.494708 0.317891 
527690154939048 0.596174 -0.540245 0.500479 0.319739 
527690175507485 0.599759 -0.540504 0.498218 0.316109 
527690196075923 0.603045 -0.546873 0.489052 0.313202 
527690216644360 0.604325 -0.551918 0.483051 0.311191 
527690237212954 0.599667 -0.549638 0.489228 0.314568 
527690257781182 0.595830 -0.546576 0.497234 0.314642 
527690278350350 0.597167 -0.547311 0.497599 0.310223 
527690298918787 0.597855 -0.552018 0.494352 0.305716 
527690319491808 0.599708 -0.555151 0.489443 0.304306 
527690340060245 0.599761 -0.555987 0.488207 0.304663 
527690360625245 0.596257 -0.555227 0.493156 0.304955 
527690381193682 0.593473 -0.556296 0.498607 0.299526 
527690401762173 0.592791 -0.558857 0.500393 0.293060 
527690422330610 0.589322 -0.557317 0.505128 0.294860 
527690442898891 0.581509 -0.552432 0.516532 0.299769 
527690463467432 0.577051 -0.550369 0.523750 0.299653 
527690484034568 0.580055 -0.552446 0.519298 0.297775 
527690504603005 0.577876 -0.554150 0.519557 0.298390 
527690525170975 0.571784 -0.549750 0.528899 0.301836 
527690545739412 0.573619 -0.547026 0.528964 0.303183 
527690566308006 0.581845 -0.553521 0.514349 0.300858 
527690586876443 0.584637 -0.556323 0.505605 0.305070 
527690607444777 0.583918 -0.555769 0.505508 0.307606 
527690628013266 0.581554 -0.552191 0.511823 0.308086 
527690648581756 0.579671 -0.548642 0.517068 0.309217 
527690669150140 0.581800 -0.550165 0.514271 0.307171 
527690689718579 0.580397 -0.551525 0.514767 0.306553 
527690710287016 0.578808 -0.547208 0.518427 0.311093 
527690730855506 0.580310 -0.542065 0.519254 0.315881 
527690751423944 0.584914 -0.539623 0.516886 0.315455 
527690771992589 0.585087 -0.536531 0.518220 0.318206 
527690792563423 0.585236 -0.536390 0.518380 0.317911 
527690813130610 0.584918 -0.537677 0.518576 0.315994 
527690833699048 0.583383 -0.539079 0.519677 0.314634 
527690854267693 0.581342 -0.537534 0.523120 0.315347 
527690874835662 0.583428 -0.537413 0.521879 0.313755 
527690895404151 0.584018 -0.535754 0.523375 0.312999 
527690915972173 0.581095 -0.533157 0.528411 0.314409 
527690936540610 0.571597 -0.529917 0.540666 0.316458 
527690957108579 0.565758 -0.529444 0.548013 0.315102 
527690977676912 0.566902 -0.529612 0.547201 0.314171 
527690998245870 0.567041 -0.530054 0.546425 0.314527 
527691018814359 0.565688 -0.532990 0.545632 0.313376 
527691039383162 0.565462 -0.535044 0.544435 0.312364 
527691059951651 0.560960 -0.536880 0.547113 0.312651 
527691080520298 0.558071 -0.540276 0.547014 0.312146 
527691101088735 0.555263 -0.543182 0.548498 0.309494 
527691121656131 0.550871 -0.545435 0.552059 0.307039 
527691142224569 0.548561 -0.545979 0.553197 0.308159 
527691162793058 0.548214 -0.544080 0.553298 0.311930 
527691183361496 0.547381 -0.540072 0.554866 0.317523 
527691203929829 0.546560 -0.534874 0.557151 0.323674 
527691224498319 0.545579 -0.531507 0.559410 0.326961 
527691245067224 0.544552 -0.528842 0.562323 0.327996 
527691265635714 0.542729 -0.526263 0.565896 0.329020 
527691286204047 0.541254 -0.521538 0.569748 0.332309 
527691306772537 0.542429 -0.515459 0.571384 0.337036 
527691327341287 0.546963 -0.508858 0.569266 0.343266 
527691347909777 0.551524 -0.503214 0.566048 0.349552 
527691368478630 0.558193 -0.497421 0.561492 0.354570 
527691389046547 0.569262 -0.492922 0.551619 0.358726 
527691409615506 0.582206 -0.489760 0.538338 0.362440 
527691430183787 0.592133 -0.484313 0.528444 0.368192 
527691450753110 0.599054 -0.478418 0.523276 0.372066 
527691471321599 0.603740 -0.473980 0.520720 0.373755 
527691491889881 0.612657 -0.472800 0.511470 0.373511 
527691512458370 0.621113 -0.467823 0.503039 0.377243 
527691533025871 0.625690 -0.461853 0.499553 0.381643 
527691553594776 0.627390 -0.460476 0.499265 0.380891 
527691574162381 0.627391 -0.460646 0.499644 0.380186 
527691594731338 0.624611 -0.459443 0.502418 0.382557 
527691615299776 0.619868 -0.454352 0.509517 0.386937 
527691635868006 0.624089 -0.454407 0.508183 0.381808 
527691656436443 0.628920 -0.463177 0.504641 0.367783 
527691677006183 0.626387 -0.472604 0.505560 0.358740 
527691697574672 0.621463 -0.480862 0.507133 0.354078 
527691718142328 0.618704 -0.487350 0.507091 0.350076 
527691738710609 0.607854 -0.490677 0.517714 0.348886 
527691759280610 0.597208 -0.496412 0.528482 0.342965 
527691779847640 0.586057 -0.508914 0.537584 0.329464 
527691800416287 0.569276 -0.528878 0.548904 0.308087 
527691820984776 0.556315 -0.542620 0.554593 0.297495 
527691841554568 0.549387 -0.549730 0.556043 0.294596 
527691862123006 0.538584 -0.562194 0.560135 0.283044 
527691882690922 0.527953 -0.574379 0.564313 0.270008 
527691903259360 0.514125 -0.584369 0.571257 0.260487 
527691923826860 0.496850 -0.591744 0.582826 0.251581 
527691944395350 0.479892 -0.596400 0.594575 0.245948 
527691964966911 0.465692 -0.599186 0.604163 0.243093 
527691985535401 0.455042 -0.596384 0.613995 0.245505 
527692006101442 0.451631 -0.593191 0.617527 0.250627 
527692026669932 0.452286 -0.591403 0.617479 0.253771 
527692047237277 0.450379 -0.588459 0.620902 0.255646 
527692067805714 0.448133 -0.585318 0.623373 0.260740 
527692088374412 0.450722 -0.580097 0.622611 0.269615 
527692108942901 0.456640 -0.574255 0.619367 0.279455 
527692129511756 0.463435 -0.565676 0.617595 0.289508 
527692150080245 0.470262 -0.556498 0.614694 0.302184 
527692170649620 0.475372 -0.551523 0.610626 0.311416 
527692191218109 0.479078 -0.549516 0.607802 0.314792 
527692211786130 0.482408 -0.548937 0.604767 0.316555 
527692232354620 0.486087 -0.547659 0.603182 0.316166 
527692252922432 0.488744 -0.550948 0.599668 0.313024 
527692273490870 0.490421 -0.557050 0.596086 0.306372 
527692294060765 0.492486 -0.562402 0.592975 0.299235 
527692314628995 0.494132 -0.564525 0.592095 0.294225 
527692335197484 0.496195 -0.566459 0.592048 0.287046 
527692355765922 0.497425 -0.570029 0.592406 0.276932 
527692376334411 0.494592 -0.577886 0.594538 0.260675 
527692396904047 0.485629 -0.593863 0.597282 0.233977 
527692417472537 0.470647 -0.609404 0.604560 0.204019 
527692438040192 0.451810 -0.623560 0.610299 0.185945 
527692458608682 0.431680 -0.634941 0.615555 0.177748 
527692479179671 0.414619 -0.645896 0.617311 0.172731 
527692499748161 0.406254 -0.652558 0.616936 0.168865 
527692520313786 0.404859 -0.655728 0.615328 0.165776 
527692540882224 0.408333 -0.653766 0.615905 0.162837 
527692561449568 0.411905 -0.647333 0.619744 0.164956 
527692582018057 0.409484 -0.646905 0.619778 0.172370 
527692602587849 0.407984 -0.650125 0.615521 0.178943 
527692623156286 0.410828 -0.652091 0.610453 0.182604 
527692643724203 0.419349 -0.646116 0.607904 0.192700 
527692664292692 0.430666 -0.636077 0.606074 0.206415 
527692684860453 0.439313 -0.624609 0.607890 0.217571 
527692705428890 0.443597 -0.616053 0.610169 0.226706 
527692725997223 0.447330 -0.609680 0.611429 0.233113 
527692746565713 0.453236 -0.604348 0.609802 0.239757 
527692767134046 0.462490 -0.597623 0.608656 0.241843 
527692787702484 0.471564 -0.590948 0.608980 0.239898 
527692808271702 0.477346 -0.586704 0.610514 0.234929 
527692828840192 0.481601 -0.586758 0.609881 0.227640 
527692849411182 0.487548 -0.587221 0.608057 0.218484 
527692869976026 0.497213 -0.582375 0.608692 0.207635 
527692890546495 0.507293 -0.574786 0.610851 0.197827 
527692911114984 0.514656 -0.566448 0.614386 0.191824 
527692931685818 0.520335 -0.559195 0.617426 0.187986 
527692952251026 0.526155 -0.551171 0.620810 0.184302 
527692972819204 0.532483 -0.542396 0.624247 0.180511 
527692993387693 0.539008 -0.533712 0.627265 0.176523 
527693013956755 0.543137 -0.525710 0.632405 0.169397 
527693034525088 0.544367 -0.516603 0.640753 0.161931 
527693055093578 0.545018 -0.503714 0.651161 0.158795 
527693075661703 0.550645 -0.491993 0.656569 0.153786 
527693096230140 0.558001 -0.478677 0.661630 0.147471 
527693116798370 0.562152 -0.468386 0.665359 0.147982 
527693137366859 0.566339 -0.464020 0.664531 0.149477 
527693157935870 0.567226 -0.460228 0.666044 0.151097 
527693178504202 0.564041 -0.458935 0.668888 0.154353 
527693199071911 0.557713 -0.460944 0.672199 0.156958 
527693219640348 0.553623 -0.462974 0.674514 0.155522 
527693240209047 0.551190 -0.461467 0.679012 0.148935 
527693260777485 0.547655 -0.457489 0.686228 0.140962 
527693281345817 0.544326 -0.453266 0.692797 0.135248 
527693301914151 0.542526 -0.449046 0.697702 0.131282 
527693322482536 0.542775 -0.445552 0.700641 0.126414 
527693343051182 0.546003 -0.442676 0.701563 0.117170 
527693363622171 0.551184 -0.439569 0.701752 0.102559 
527693384190505 0.560015 -0.438569 0.697159 0.089503 
527693404758525 0.567928 -0.435098 0.694184 0.079102 
527693425326546 0.571603 -0.431400 0.694509 0.069440 
527693445895037 0.570020 -0.429845 0.697671 0.059713 
527693466463526 0.554692 -0.423658 0.714340 0.050451 
527693487030922 0.532729 -0.430270 0.726792 0.053359 
527693507599411 0.518604 -0.440837 0.729643 0.065875 
527693528167380 0.515706 -0.448090 0.726905 0.069797 
527693548735713 0.515939 -0.450101 0.726258 0.061319 
527693569304150 0.515108 -0.448410 0.728692 0.051002 
527693589872588 0.513656 -0.447456 0.730613 0.046318 
527693610441129 0.515583 -0.447519 0.729368 0.043855 
527693631009619 0.516155 -0.447752 0.729148 0.038031 
527693651578630 0.512879 -0.449535 0.730719 0.030382 
527693672147120 0.511031 -0.456824 0.727723 0.024050 
527693692715036 0.512426 -0.468547 0.719565 0.010428 
527693713283474 -0.513573 0.475701 -0.714070 0.007412 
527693733852014 -0.511725 0.475268 -0.715502 0.017763 
527693754421130 -0.505567 0.476841 -0.718721 0.021567 
527693774988942 -0.500235 0.481977 -0.718831 0.027297 
527693795557431 -0.501597 0.489038 -0.712767 0.034728 
527693816125921 -0.506335 0.493275 -0.706098 0.041598 
527693836696755 -0.507013 0.498108 -0.701843 0.047368 
527693857265193 -0.508859 0.501213 -0.698116 0.049823 
527693877833161 -0.509298 0.511554 -0.689712 0.056772 
527693898401651 -0.508861 0.524175 -0.678766 0.074681 
527693918968161 -0.515448 0.537169 -0.661148 0.092997 
527693939536598 -0.520344 0.538862 -0.653214 0.110373 
527693960104984 -0.512955 0.538273 -0.660446 0.104643 
527693980673474 -0.496614 0.549530 -0.668184 0.070163 
527694001242587 -0.493954 0.545272 -0.675640 0.046878 
527694021811077 -0.495104 0.533641 -0.685000 0.029566 
527694042381182 -0.497067 0.520739 -0.694014 0.009984 
527694062949880 0.502452 -0.504233 0.702174 0.015549 
527694083516859 0.510046 -0.483762 0.709471 0.049789 
527694104085296 0.514377 -0.465020 0.714760 0.091049 
527694124653578 0.508456 -0.449935 0.722290 0.131639 
527694145222015 0.495188 -0.434091 0.732392 0.173078 
527694165789932 0.485700 -0.416768 0.737461 0.215757 
527694186358369 0.485257 -0.395550 0.736489 0.256224 
527694206926911 0.489461 -0.364713 0.734429 0.296694 
527694227495035 0.491670 -0.331305 0.733141 0.333169 
527694248063630 0.483012 -0.302508 0.736439 0.364479 
527694268632120 0.457478 -0.277309 0.746150 0.396326 
527694289200608 0.426105 -0.253389 0.755668 0.428012 
527694309769098 0.404407 -0.224761 0.757433 0.460686 
527694330339671 0.393538 -0.190598 0.750678 0.495261 
527694350907588 0.386877 -0.156592 0.741965 0.524683 
527694371476338 0.382881 -0.130527 0.737859 0.540304 
527694392044828 0.380989 -0.118527 0.739831 0.541709 
527694412613108 0.378778 -0.110000 0.738992 0.546185 
527694433181598 0.373218 -0.097892 0.737237 0.554623 
527694453749514 0.360592 -0.082336 0.737673 0.564830 
527694474317952 0.342645 -0.065646 0.741804 0.572723 
527694494885191 0.324547 -0.049418 0.747483 0.577491 
527694515453681 0.310445 -0.033094 0.751674 0.580961 
527694536022588 0.301704 -0.019653 0.752440 0.585168 
527694556590556 0.293102 -0.006748 0.752377 0.589894 
527694577159046 0.282006 0.005121 0.751296 0.596657 
527694597727484 0.269443 0.017854 0.750238 0.603510 
527694618295974 0.257166 0.031164 0.749387 0.609356 
527694638864514 0.242478 0.044443 0.749355 0.614570 
527694659433004 0.223384 0.055660 0.750820 0.619089 
527694680001338 0.200230 0.066810 0.754126 0.621883 
527694700569828 0.180431 0.076256 0.757955 0.622201 
527694721138264 0.167469 0.086904 0.759954 0.621991 
527694741706911 0.159331 0.095762 0.759005 0.623982 
527694762275348 0.158002 0.093393 0.757791 0.626152 
527694782843837 0.154482 0.089995 0.760336 0.624440 
527694803412120 0.143707 0.094662 0.767708 0.617262 
527694823980557 0.130036 0.102357 0.772305 0.613318 
527694844549150 0.114912 0.110890 0.774672 0.611868 
527694865117587 0.100448 0.117787 0.776684 0.610573 
527694885686650 0.088362 0.123891 0.778457 0.608973 
527694906255087 0.076771 0.135826 0.778217 0.608306 
527694926822900 0.060432 0.157176 0.774505 0.609742 
527694947391389 0.037600 0.183055 0.769238 0.611024 
527694967960035 0.014219 0.207343 0.765756 0.608625 
527694988528473 0.001338 0.225777 0.764468 0.603831 
527695009096702 0.000498 0.238804 0.763301 0.600286 
527695029665140 0.003563 0.246108 0.761749 0.599297 
527695050234046 0.008263 0.247935 0.759820 0.600944 
527695070802119 0.022980 0.243381 0.760167 0.601983 
527695091370608 0.045414 0.240068 0.757340 0.605591 
527695111939463 0.065524 0.236172 0.751800 0.612148 
527695132507899 0.077510 0.228788 0.747724 0.618512 
527695153076337 0.082702 0.222391 0.745542 0.622792 
527695173644618 0.087415 0.219153 0.743489 0.625744 
527695194213056 0.090384 0.220133 0.739825 0.629311 
527695214782015 0.088445 0.224876 0.735887 0.632517 
527695235349879 0.083504 0.228703 0.733911 0.634111 
527695255918473 0.080221 0.230118 0.734963 0.632803 
527695276487067 0.082456 0.229152 0.736039 0.631614 
527695297055348 0.086637 0.226076 0.736941 0.631111 
527695317624566 0.087911 0.224157 0.737697 0.630737 
527695338193004 0.089306 0.223976 0.737454 0.630890 
527695358762379 0.099737 0.220269 0.735517 0.632889 
527695379330920 0.120859 0.210965 0.730128 0.638592 
527695399899410 0.148899 0.200431 0.721763 0.645535 
527695420467848 0.177818 0.194363 0.709686 0.653414 
527695441037847 0.201985 0.189132 0.699003 0.659413 
527695461606285 0.220178 0.183385 0.693113 0.661427 
527695482173630 0.233252 0.181749 0.688226 0.662499 
527695502742067 0.240280 0.183767 0.681741 0.666126 
527695523310609 0.241548 0.185092 0.675788 0.671346 
527695543878993 0.241558 0.182706 0.673904 0.673886 
527695564447640 0.244344 0.177805 0.672947 0.675147 
527695585015712 0.240597 0.179193 0.671626 0.677438 
527695605583942 0.232821 0.175757 0.677524 0.675178 
527695626152379 0.228064 0.174015 0.683064 0.671661 
527695646721025 0.228299 0.181009 0.683999 0.668776 
527695667289462 0.233714 0.190232 0.681909 0.666475 
527695687856233 0.241940 0.198238 0.677933 0.665262 
527695708424722 0.251727 0.207120 0.672509 0.664429 
527695728993942 0.261001 0.216415 0.666484 0.663960 
527695749562379 0.268074 0.225229 0.660989 0.663703 
527695770129878 0.273722 0.232525 0.657079 0.662763 
527695790698316 0.278271 0.236872 0.655033 0.661353 
527695811267171 0.282223 0.238934 0.653943 0.660014 
527695831835609 0.284890 0.240545 0.653283 0.658937 
527695852405660 0.285700 0.241952 0.653450 0.657904 
527695872974098 0.285459 0.243165 0.654333 0.656683 
527695893542430 0.284615 0.243885 0.655595 0.655522 
527695914110399 0.283257 0.243724 0.656769 0.654995 
527695934677535 0.282564 0.242882 0.657563 0.654810 
527695955246129 0.283057 0.242322 0.657594 0.654774 
527695975814566 0.283742 0.242720 0.656897 0.655029 
527695996382848 0.283640 0.243875 0.656042 0.655501 
527696016951337 0.283326 0.244762 0.655728 0.655621 
527696037519931 0.283066 0.245166 0.655849 0.655461 
527696058088421 0.282831 0.245252 0.656190 0.655189 
527696078657848 0.282853 0.245457 0.656677 0.654615 
527696099225921 0.283209 0.247393 0.656621 0.653788 
527696119794671 0.283759 0.250599 0.656777 0.652169 
527696140363109 0.284556 0.250591 0.657787 0.650806 
527696160931285 0.286599 0.248773 0.657888 0.650505 
527696181499775 0.289482 0.247126 0.657494 0.650254 
527696202068003 0.292023 0.247466 0.656997 0.649491 
527696222636441 0.292959 0.246464 0.658015 0.648419 
527696243205608 0.293059 0.242658 0.660015 0.647776 
527696263773524 0.292615 0.237882 0.661601 0.648131 
527696284341858 0.291236 0.234907 0.662881 0.648528 
