# Created at Thu Nov 07 19:54:04 EST 2019 in Burnaby Canada 
527688715150507 -0.044593 0.095600 -0.212886 
527688735718267 -0.003054 0.026267 -0.203723 
527688756287225 -0.009468 0.039401 -0.133779 
527688776855090 -0.015272 0.073304 -0.077580 
527688797424205 0.044593 0.030543 -0.023518 
527688817991808 0.087965 0.030543 -0.010690 
527688838560194 0.085826 0.008247 -0.026267 
527688859128580 0.055283 -0.005192 -0.036346 
527688879697277 0.124311 -0.017410 -0.091630 
527688900265403 0.313374 0.040317 -0.111177 
527688920834100 0.395840 0.106290 -0.423635 
527688941402278 0.470060 0.184176 -0.185397 
527688961970819 -0.117591 0.379347 -0.065057 
527688982539152 -0.575435 -0.006720 -0.355218 
527689003107954 -0.021075 -0.043982 -0.186619 
527689023675975 0.107207 -0.019548 -0.014661 
527689044244361 0.018326 -0.032070 -0.023213 
527689064812590 0.059865 -0.014661 -0.076358 
527689085381496 0.036652 -0.046731 -0.086743 
527689105949673 0.045509 -0.012217 -0.086437 
527689126517954 0.019548 0.003054 -0.074525 
527689147086288 0.111177 0.043066 -0.091324 
527689167655038 0.102931 -0.040317 -0.179900 
527689188223267 0.025656 -0.032070 -0.190895 
527689208791808 -0.012217 -0.000916 -0.028100 
527689229359933 0.012217 -0.016799 0.003971 
527689249928944 0.014050 -0.028405 0.003054 
527689270496757 0.006109 -0.020464 -0.002138 
527689291065455 0.006720 -0.005803 -0.003665 
527689311633632 0.005192 -0.001527 -0.006720 
527689332202382 0.001222 0.004887 -0.008247 
527689352770611 0.005192 0.004887 -0.007941 
527689373339464 0.005803 0.020159 -0.007330 
527689393907434 0.006414 0.029932 -0.004581 
527689414475610 0.003360 0.029016 -0.002749 
527689435044205 0.003054 0.025045 -0.001222 
527689455612641 0.003054 0.013439 0.003665 
527689476181131 0.001527 0.004887 0.003054 
527689496749256 0.000000 -0.001527 0.005498 
527689517319152 -0.001222 -0.008858 0.007330 
527689537886913 -0.001833 -0.021991 0.008247 
527689558455194 0.002138 -0.029322 0.009468 
527689579023110 0.004887 -0.041233 0.011912 
527689599592069 0.006414 -0.038484 0.010690 
527689620159881 0.006720 -0.022297 0.009468 
527689640728996 0.001833 -0.010079 0.010690 
527689661297590 0.000000 -0.008858 0.011912 
527689681867173 -0.000916 -0.007941 0.007025 
527689702434517 0.001527 -0.001833 0.003971 
527689723002850 0.002443 0.007636 0.004887 
527689743571548 0.001222 0.009774 0.006720 
527689764140766 -0.000305 0.007636 0.003665 
527689784707902 0.002443 0.004276 0.004581 
527689805276756 0.004276 0.008247 0.005192 
527689825845246 0.001527 0.004581 0.005498 
527689846414569 0.002443 0.001527 0.004887 
527689866983058 0.008552 -0.002443 0.003971 
527689887550558 0.004581 -0.020769 0.006109 
527689908118787 -0.006109 -0.039095 0.012828 
527689928687381 -0.003971 -0.017410 0.008858 
527689949255194 -0.011912 -0.009774 0.004581 
527689969823527 -0.005498 0.011606 0.009774 
527689990391860 -0.086132 -0.108123 0.014355 
527690010960037 -0.264504 -0.271224 -0.005498 
527690031528423 -0.253509 -0.332616 0.014661 
527690052097069 -0.484110 -0.928820 0.006109 
527690072668683 -0.285579 -0.819780 -0.021380 
527690093234776 0.016799 -0.294742 0.020159 
527690113802955 -0.010690 -0.003665 0.022907 
527690134371235 0.114537 0.189673 0.024740 
527690154939568 0.399200 0.624304 0.003665 
527690175507485 -0.437074 -0.574518 0.088575 
527690196075923 -0.488692 -1.002124 0.052229 
527690216644360 -0.193033 -0.710130 0.068111 
527690237212694 0.376904 0.777936 0.047647 
527690257781182 0.481361 0.678365 0.270918 
527690278351079 -0.062614 -0.211665 0.314901 
527690298918787 -0.160352 -0.557109 0.368351 
527690319487590 -0.222049 -0.562912 -0.010079 
527690340060245 -0.044593 -0.112399 -0.016188 
527690360625922 0.388205 0.431270 0.217468 
527690381193682 0.445015 0.118202 0.647822 
527690401763318 0.103847 -0.226020 0.623387 
527690422330610 0.124311 0.575435 0.180511 
527690442898735 0.492968 1.366810 0.210748 
527690463467432 0.290466 0.714712 0.365603 
527690484034881 -0.364686 -0.449291 0.001527 
527690504603005 0.067806 0.076969 0.129503 
527690525171392 0.508850 1.087339 0.141721 
527690545739412 -0.299324 0.162795 -0.246789 
527690566308006 -0.946229 -1.463021 -0.326507 
527690586876443 -0.438601 -0.569021 -0.524122 
527690607444986 0.191201 0.065668 -0.239764 
527690628013266 0.375987 0.613919 0.094989 
527690648581756 0.202502 0.600785 0.077885 
527690669150140 -0.176234 -0.347887 0.053756 
527690689719047 0.085826 0.006109 0.149967 
527690710287016 0.205861 0.608116 -0.307876 
527690730855662 0.231212 0.324675 -0.647211 
527690751423944 -0.042455 -0.221744 -0.320704 
527690771992589 0.025045 0.320399 -0.260534 
527690792563423 0.000305 -0.040928 -0.013134 
527690813130506 -0.032070 -0.112705 0.193950 
527690833699048 0.110872 0.002749 0.222355 
527690854267068 0.256563 0.357050 0.070555 
527690874836131 0.149967 -0.248011 -0.064141 
527690895404151 0.096211 0.089186 0.000916 
527690915971965 0.104152 0.606589 0.116675 
527690936540610 0.442571 1.348789 0.514348 
527690957109100 0.337197 0.645073 0.529009 
527690977676912 -0.068417 -0.074831 0.071471 
527690998247485 -0.200364 -0.013134 0.036957 
527691018814359 -0.100182 -0.153022 0.240986 
527691039384100 -0.272751 -0.117286 0.179900 
527691059951651 -0.156076 0.351247 0.402254 
527691080520245 -0.074831 -0.051007 0.298407 
527691101088735 0.005192 0.020159 0.572686 
527691121656703 -0.000611 0.226631 0.604756 
527691142224569 -0.038484 0.204640 0.149356 
527691162793110 -0.065668 0.275500 -0.251371 
527691183361496 0.029932 0.552833 -0.443793 
527691203930766 0.099266 0.647822 -0.471893 
527691224498319 0.192422 0.434325 -0.259618 
527691245067901 0.184481 0.361937 -0.049785 
527691265635714 0.227242 0.421802 0.028100 
527691286204359 0.291077 0.588568 -0.202502 
527691306772537 0.197309 0.458454 -0.568715 
527691327341443 -0.004276 0.195782 -0.963028 
527691347909777 0.100793 0.047953 -0.975856 
527691368478266 0.049785 -0.176845 -1.040608 
527691389046547 -0.159741 -0.776104 -1.307250 
527691409615506 -0.216857 -1.151175 -1.469741 
527691430183787 -0.025351 -0.661261 -1.523191 
527691450754099 0.087354 -0.278860 -1.118493 
527691471321599 0.021075 -0.114537 -0.658818 
527691491890454 0.010079 -0.958752 -0.805425 
527691512458370 -0.017410 -0.588874 -1.171944 
527691533025871 -0.008247 -0.036346 -0.922406 
527691553594776 0.009774 -0.050091 -0.131030 
527691574162381 -0.056505 0.015272 0.055283 
527691594732067 0.141110 0.474336 0.013439 
527691615299776 0.354607 1.040303 -0.098655 
527691635868787 0.271529 -0.503963 0.030543 
527691656436443 -0.005498 -1.331685 0.966083 
527691677004933 -0.196698 -0.547029 1.191186 
527691697574672 -0.108734 -0.198836 1.005789 
527691718142328 -0.149356 -0.304516 0.728762 
527691738710609 0.152105 0.977078 1.102305 
527691759279256 0.140804 0.671035 1.495091 
527691779847640 0.019242 0.102625 2.232405 
527691800416287 -0.043066 -0.075136 3.406793 
527691820984776 -0.149356 0.041539 2.044870 
527691841555037 -0.267253 -0.083078 1.272126 
527691862123006 -0.048869 -0.171653 1.897346 
527691882691130 -0.243735 -0.212886 2.065639 
527691903259360 -0.019242 0.324064 2.005163 
527691923826859 0.217162 0.851240 2.155436 
527691944395350 0.293521 1.051604 1.848782 
527691964967589 0.334143 0.969137 1.399491 
527691985535401 0.499687 1.227227 0.598647 
527692006102484 0.272446 0.638659 -0.133474 
527692026669932 0.059559 0.171042 -0.247706 
527692047237328 0.042455 0.550695 -0.001527 
527692067805714 0.097738 0.589790 -0.267559 
527692088374828 0.035125 0.405920 -0.879951 
527692108942901 0.079718 0.121257 -1.221730 
527692129512068 0.006720 0.358883 -1.360396 
527692150080245 -0.098960 0.455705 -1.611461 
527692170649776 -0.043066 0.077580 -1.236696 
527692191218109 -0.081550 -0.116981 -0.646295 
527692211785714 0.098655 -0.297797 -0.478002 
527692232354620 -0.033598 -0.205251 -0.312152 
527692252923369 -0.130420 -0.597426 0.080023 
527692273490870 -0.091019 -0.847575 0.465173 
527692294060662 -0.013744 -0.841772 0.446542 
527692314629255 0.279165 -0.542448 0.220522 
527692335197484 0.344833 -0.581543 0.349720 
527692355766183 0.323758 -0.702494 0.689972 
527692376334411 0.317039 -0.799622 1.515861 
527692396903318 0.277943 -1.207374 2.811810 
527692417472537 -0.205556 -0.386983 3.543015 
527692438039828 -0.517097 0.333227 3.019810 
527692458608682 -0.391870 0.735787 2.408945 
527692479179411 -0.174096 0.183870 1.887572 
527692499748161 -0.015272 -0.210137 1.082452 
527692520313577 0.218079 -0.590706 0.408668 
527692540882224 0.290161 -0.302683 -0.015882 
527692561449672 -0.132558 0.808174 -0.288939 
527692582018057 -0.402254 0.674395 -0.266337 
527692602588318 -0.386372 -0.029016 -0.316733 
527692623156286 -0.278860 -0.385761 -0.490830 
527692643724724 0.031765 0.031460 -1.470046 
527692664292692 0.215941 0.214414 -1.963319 
527692684860505 0.295353 0.652709 -1.571144 
527692705428890 0.369879 0.605367 -1.124907 
527692725997484 0.259923 0.369268 -0.891252 
527692746565713 0.503047 -0.193950 -1.159421 
527692767135036 0.663399 -0.472809 -1.039081 
527692787702484 0.644157 -0.423329 -0.684168 
527692808272328 0.546418 -0.338724 -0.167682 
527692828840192 0.537561 -0.766635 0.139277 
527692849411182 0.944702 -1.277013 0.052229 
527692869976026 1.129794 -1.139263 -0.177456 
527692890546183 0.969137 -0.761443 -0.247706 
527692911114984 0.892779 -0.295964 -0.313374 
527692931685818 0.943175 -0.272140 -0.389121 
527692952251026 1.026253 -0.254731 -0.452956 
527692972819307 1.038775 -0.243735 -0.481667 
527692993387693 1.084896 -0.308792 -0.479529 
527693013957015 1.190270 -0.198836 -0.105069 
527693034525244 1.335350 0.160963 0.058338 
527693055093578 1.683543 0.426078 -0.379652 
527693075661651 1.566563 -0.268780 -0.497244 
527693096230140 0.875369 0.090103 -0.532063 
527693116798630 0.449291 0.290772 -0.724486 
527693137366859 0.088575 -0.116675 -0.522289 
527693157935870 -0.132252 0.314901 -0.263588 
527693178504202 -0.263894 0.629802 -0.046731 
527693199072797 0.088881 0.518930 0.274584 
527693219640348 0.567799 0.036346 0.411112 
527693240208578 0.833525 0.075747 0.547029 
527693260777485 0.860403 0.425467 0.585514 
527693281345817 0.785877 0.446848 0.397673 
527693301914151 0.775493 0.244651 0.176540 
527693322482536 0.946535 -0.212581 0.143248 
527693343051182 1.156367 -0.767246 0.343611 
527693363622171 0.947757 -0.875064 0.628274 
527693384190505 0.609948 -1.342681 0.423329 
527693404758525 0.580321 -1.028391 0.222660 
527693425326546 0.542753 -0.483499 0.316428 
527693445895349 0.519540 -0.005192 0.651793 
527693466463526 -0.011606 2.564715 0.960279 
527693487031599 -0.708298 2.641379 1.004567 
527693507599411 -0.312457 0.997847 0.421497 
527693528167380 0.228769 -0.521068 0.342084 
527693548735713 0.488997 -0.612392 0.671340 
527693569304046 0.332921 -0.019242 0.676227 
527693589872588 0.285885 0.025045 0.439823 
527693610441130 0.203418 -0.423329 0.164323 
527693631009619 0.175929 -0.261145 0.387288 
527693651578057 0.034819 0.134390 0.729678 
527693672147120 -0.015882 -0.589484 0.931874 
527693692714984 -0.087659 -1.446528 1.472795 
527693713283474 -0.030849 -0.939205 1.522275 
527693733852014 0.062919 0.243735 0.864984 
527693754421130 0.235183 0.408058 0.715323 
527693774989307 0.172264 -0.129198 0.894001 
527693795557432 -0.227242 -0.890030 0.773049 
527693816125921 -0.487165 -0.734565 0.521678 
527693836695192 -0.355829 -0.484721 0.640797 
527693857265193 -0.400422 -0.388815 0.227242 
527693877833682 -0.373849 -1.194546 0.980132 
527693898401651 -0.241597 -1.612072 1.754403 
527693918968161 -0.622777 -2.373515 1.577864 
527693939536598 -0.872620 0.185703 1.283121 
527693960105661 -1.521970 3.435809 0.390343 
527693980673474 -0.604451 1.524413 -0.897971 
527694001243108 0.148440 1.000291 -1.601993 
527694021811077 0.408669 1.275180 -1.715308 
527694042381182 0.374766 1.326187 -2.023184 
527694062949880 0.140499 1.535103 -2.740034 
527694083516755 -0.408363 2.072053 -3.625482 
527694104085296 -0.924238 2.423606 -3.896400 
527694124654099 -0.936456 2.990488 -3.270570 
527694145222015 -0.593150 3.422675 -3.027140 
527694165789880 -0.224493 2.751945 -3.323104 
527694186358369 0.150578 1.840230 -3.799579 
527694206926911 0.655763 1.831678 -4.479776 
527694227495035 0.575435 2.047008 -4.338056 
527694248063786 -0.098044 2.776380 -3.461770 
527694268632120 -0.490830 4.101040 -2.555552 
527694289200869 -0.519846 4.437016 -2.183536 
527694309769098 -0.112094 3.685958 -3.004844 
527694330339671 0.824667 2.897026 -3.761705 
527694350907588 1.642310 2.482249 -3.205513 
527694371476494 1.688125 1.843590 -1.770897 
527694392044828 0.431576 0.732121 -0.802065 
527694412613004 0.163406 0.602618 -0.829554 
527694433181598 0.291382 1.094364 -1.065043 
527694453749775 0.324980 1.959349 -0.913854 
527694474317952 0.163712 2.492023 -0.572075 
527694494885660 0.062614 2.439794 -0.423940 
527694515453681 0.122784 2.014021 -0.707992 
527694536022588 0.302378 1.437976 -0.725096 
527694556590556 0.191201 1.319468 -0.906523 
527694577159046 0.026267 1.488677 -0.864984 
527694597727796 0.045204 1.653000 -0.821918 
527694618295974 0.133474 1.685681 -0.756556 
527694638864515 0.000611 1.889099 -0.661872 
527694659433004 -0.368351 2.175595 -0.361021 
527694680001233 -0.627358 2.477057 -0.220522 
527694700569828 -0.563523 2.063501 -0.191812 
527694721138264 -0.074831 1.513417 -0.528398 
527694741706911 0.130114 1.036332 -0.666759 
527694762275766 -0.160352 0.064752 0.288939 
527694782843837 -0.318871 0.352774 1.140179 
527694803413161 -0.316122 1.161559 0.493579 
527694823980557 -0.288939 1.562592 0.040623 
527694844549151 -0.287106 1.704007 -0.066890 
527694865117587 -0.359799 1.534798 -0.037874 
527694885686390 -0.279776 1.268461 -0.111788 
527694906255087 0.215024 1.540906 -0.428522 
527694926823213 0.688445 2.512181 -0.671035 
527694947391389 0.641713 3.362810 -0.552527 
527694967960140 0.523206 3.261712 -0.437685 
527694988528473 0.781907 2.031431 -0.313374 
527695009096962 1.057407 0.810007 -0.086437 
527695029665140 0.833525 0.132558 -0.165850 
527695050234046 0.477696 -0.311541 -0.196698 
527695070802119 0.665232 -1.609934 -0.204640 
527695091370608 1.219591 -2.070220 -0.159741 
527695111939463 0.972802 -1.756847 -0.045815 
527695132507640 0.161574 -1.298698 0.012828 
527695153076337 -0.174707 -0.813366 -0.159130 
527695173645608 0.070249 -0.640797 -0.276722 
527695194213056 0.284663 -0.193339 -0.286801 
527695214781390 0.255952 0.452345 -0.277638 
527695235350452 -0.036652 0.663705 -0.058338 
527695255918473 -0.074831 0.268170 -0.043982 
527695276487067 0.087048 -0.245568 0.115148 
527695297055348 0.014050 -0.465479 0.279165 
527695317623785 -0.071471 -0.244957 0.046120 
527695338193004 0.115453 -0.300851 -0.432492 
527695358762379 0.464563 -1.348484 -0.716239 
527695379330920 0.702494 -2.448651 -0.608421 
527695399899879 1.097724 -3.038441 -0.526565 
527695420467848 1.532049 -2.600757 -0.343611 
527695441036598 1.361618 -1.975842 0.082772 
527695461606285 0.913854 -1.637423 0.235183 
527695482173213 0.806036 -1.171333 -0.162795 
527695502742067 0.613614 -0.514043 -0.570242 
527695523310609 0.172875 0.025351 -0.444710 
527695543878993 -0.188146 -0.192117 -0.222660 
527695564447640 -0.128892 -0.439517 0.153632 
527695585015712 -0.113926 0.660345 0.301156 
527695605584203 -0.828943 0.463646 0.530231 
527695626152379 -0.486248 0.209832 0.368351 
527695646721233 0.542142 0.366213 -0.147524 
527695667289462 1.069624 0.100487 -0.336892 
527695687856234 1.190575 -0.167377 -0.315206 
527695708424722 1.368948 -0.208305 -0.345139 
527695728993733 1.370170 -0.107207 -0.348804 
527695749562379 1.169806 0.059559 -0.293521 
527695770131545 0.939510 0.087354 -0.171042 
527695790698316 0.636216 -0.031765 -0.032376 
527695811267066 0.427911 -0.106290 0.088270 
527695831835609 0.309403 -0.001527 0.120340 
527695852405451 0.162185 0.120646 0.119119 
527695872974098 0.066279 0.161268 0.116064 
527695893542430 -0.015272 0.125533 0.076664 
527695914110399 -0.124616 0.063835 0.028405 
527695934677535 -0.127671 -0.043982 0.019242 
527695955246025 -0.007330 -0.100793 0.006109 
527695975814566 0.084299 -0.035430 -0.038179 
527695996383004 0.080634 0.081550 -0.073304 
527696016951337 0.039095 0.085521 -0.031460 
527696037519827 0.008858 0.054672 0.016493 
527696058088421 -0.010079 0.047953 0.058338 
527696078657430 0.019548 0.043982 0.085521 
527696099225921 0.180511 0.180511 0.075747 
527696119795452 0.294131 0.177762 0.002443 
527696140363109 0.039706 -0.140499 0.035430 
527696160931232 0.001833 -0.284052 0.104458 
527696181499775 0.101709 -0.245262 0.185092 
527696202068524 0.235183 -0.063530 0.170431 
527696222636441 -0.003054 -0.081856 0.175624 
527696243205608 -0.300240 -0.249538 0.215024 
527696263773524 -0.397062 -0.206778 0.247400 
527696284342483 -0.311541 0.007636 0.200364 
