# Created at Thu Nov 07 19:54:04 EST 2019 in Burnaby Canada 
527688715150507 -0.365291 0.337072 -0.032565 
527688735718267 -0.190819 0.016633 -0.050902 
527688756287225 -0.335209 0.072825 0.023896 
527688776855090 0.388761 -0.373036 -0.140172 
527688797424205 0.250314 -0.209827 0.027366 
527688817991808 -0.021481 0.063449 0.036198 
527688838560194 -0.116237 0.004701 -0.004261 
527688859128580 -0.068452 -0.075261 0.047487 
527688879697277 0.189465 -0.194895 0.101990 
527688900265403 0.062126 -0.203575 0.106300 
527688920833891 -0.058385 -0.213024 0.200697 
527688941402278 -0.601183 0.086455 0.016106 
527688961970714 -0.067321 -0.327932 0.125843 
527688982539152 0.798156 1.159419 0.261620 
527689003107485 -0.780684 -0.499669 -0.114413 
527689023675975 0.513282 0.509845 -0.860175 
527689044244830 0.200333 0.042968 0.202018 
527689064812590 -0.140132 -0.085429 0.023638 
527689085381496 -0.024238 -0.100327 -0.259477 
527689105949673 -0.242538 0.059918 0.168405 
527689126518007 -0.053570 -0.083381 -0.044946 
527689147086288 0.146145 0.036541 0.032028 
527689167655038 -0.152456 -0.149310 0.009037 
527689188223267 -0.007860 0.104718 -0.017854 
527689208791600 -0.033109 0.032952 0.265160 
527689229359933 0.326228 0.365455 -0.009886 
527689249928944 -0.008560 0.023750 0.021440 
527689270496757 -0.019180 0.062338 0.031973 
527689291065455 -0.055710 0.104013 0.006976 
527689311633632 -0.008027 0.033716 -0.014471 
527689332202226 0.006447 -0.009273 -0.007351 
527689352770611 -0.015425 -0.021639 -0.016798 
527689373339464 -0.023447 -0.007988 -0.038082 
527689393907434 -0.011938 0.030054 -0.028117 
527689414475610 -0.009961 0.034616 -0.007798 
527689435044205 0.006093 0.040455 0.016072 
527689455612641 0.020051 0.033133 0.042489 
527689476181131 0.016604 0.033961 0.043072 
527689496749256 0.013679 0.022416 0.042578 
527689517319152 0.027482 0.018481 0.045836 
527689537886913 0.020697 0.056477 0.057266 
527689558455194 -0.014378 0.048509 0.053367 
527689579023110 -0.007094 0.018265 0.039023 
527689599592069 0.018285 0.031693 0.036160 
527689620159881 -0.018219 0.021316 0.006032 
527689640729100 -0.010120 0.006636 -0.020604 
527689661297590 -0.011571 0.007624 -0.028009 
527689681866132 0.012279 -0.020160 -0.011010 
527689702434517 -0.034509 -0.004652 -0.018950 
527689723002850 -0.030437 0.004773 -0.011080 
527689743571548 0.003537 0.008380 -0.016563 
527689764140766 0.009775 0.011213 -0.002898 
527689784707902 -0.019865 -0.005406 0.007384 
527689805276756 -0.022086 0.003038 0.010731 
527689825845246 0.029194 0.027316 0.018216 
527689846414569 0.017571 0.006746 0.023683 
527689866983058 -0.002747 -0.017628 0.026046 
527689887550402 0.008704 0.009925 0.048109 
527689908118787 -0.024199 0.018763 0.009589 
527689928687381 0.002932 0.054439 0.000601 
527689949255194 -0.006088 0.009028 -0.023154 
527689969823527 -0.104836 0.010409 0.012138 
527689990391860 0.033982 0.003819 -0.064008 
527690010960037 -0.148979 0.021317 0.006341 
527690031528423 0.060316 -0.111634 0.082990 
527690052097069 0.647441 -0.343331 -0.464013 
527690072668683 0.300516 -0.252207 -0.941278 
527690093234776 -0.491345 0.250667 0.976732 
527690113802955 -0.360958 0.506401 1.320766 
527690134371235 0.249620 0.283784 0.576885 
527690154939568 0.164548 -0.314346 0.067802 
527690175507485 -0.262556 -0.189404 1.139026 
527690196075871 1.067725 -0.286887 -2.414093 
527690216644360 0.496419 -0.197257 -0.242155 
527690237212954 -1.060421 0.081324 0.528379 
527690257781182 -0.652836 0.561204 2.798267 
527690278350506 0.696423 -0.219327 -1.447378 
527690298918787 1.121742 -0.642294 -2.158487 
527690319487277 0.914951 -0.168533 -0.061654 
527690340060245 -0.481196 0.739951 0.814888 
527690360625922 -1.599706 0.690471 1.398576 
527690381193682 0.296460 -0.133504 0.320107 
527690401763318 2.110211 -0.942740 -1.424567 
527690422330610 1.132089 0.789491 -0.035313 
527690442898995 -0.956620 1.198728 2.039088 
527690463467432 -2.159882 0.417599 0.099994 
527690484034777 -0.621014 0.430052 -2.449008 
527690504603005 -0.496403 0.301601 -1.073388 
527690525171392 -0.598512 0.308599 0.885543 
527690545739412 0.538062 -2.175532 -0.255843 
527690566308006 1.582558 -0.681550 -2.310203 
527690586876443 0.549631 1.216490 -0.003503 
527690607444986 -0.014155 -0.538188 1.714635 
527690628013266 -3.174796 0.161412 0.963556 
527690648581756 -1.910942 1.617579 -0.030491 
527690669150140 -1.077128 0.876263 -1.516381 
527690689719047 0.384618 -0.629884 -0.751860 
527690710287016 1.410770 -0.573558 0.636063 
527690730855505 -0.448626 -0.836769 0.945529 
527690751423944 -3.130932 2.413756 -1.184506 
527690771992589 0.691493 -0.041978 -0.477977 
527690792563423 4.177988 -2.036788 0.267817 
527690813130506 1.403202 -1.263143 0.072060 
527690833699048 0.239420 -0.824529 -0.049181 
527690854267693 -0.934581 0.356120 0.362454 
527690874836131 -0.740086 0.819176 -0.659402 
527690895404151 0.074514 0.060533 -0.004621 
527690915972069 0.485962 -0.374011 -0.011678 
527690936540610 -0.499376 -2.217277 0.985699 
527690957108579 -1.411143 -1.312862 0.360451 
527690977676912 1.845131 2.258985 -2.774651 
527690998247485 -0.321641 1.318794 -0.130534 
527691018814359 -0.293462 -0.599825 0.496872 
527691039384100 0.604732 -0.217496 -0.873935 
527691059951651 0.273123 -0.673007 -0.016955 
527691080520245 -1.855895 -0.698510 1.288345 
527691101088735 2.483110 2.602608 -1.438413 
527691121656703 -0.639935 -0.090925 0.859284 
527691142224569 1.224216 0.934802 -0.024755 
527691162793318 -0.151423 1.416551 -0.205549 
527691183361496 -1.130179 -0.399451 -0.796684 
527691203929985 0.253954 1.014435 -0.581720 
527691224498319 0.445470 -0.691336 -0.553979 
527691245067901 0.196730 -0.370049 -0.453667 
527691265635714 0.294859 0.315937 -0.211699 
527691286204099 0.730290 1.109518 -0.094880 
527691306772537 1.171750 0.248280 -0.191725 
527691327341599 1.271475 0.207164 -0.741929 
527691347909777 2.077955 0.219965 -0.250762 
527691368478630 1.856023 0.564269 0.029965 
527691389046547 2.361426 0.611617 -0.229992 
527691409615506 2.307144 -0.931112 -0.100541 
527691430183787 1.571483 -3.121926 1.036790 
527691450754099 -1.931253 -2.864599 1.012203 
527691471321599 -4.235957 -1.350025 -0.420088 
527691491890454 -1.857624 0.049089 0.044900 
527691512458370 1.268194 0.304068 0.372483 
527691533025871 -0.178881 -1.015407 0.812130 
527691553594776 -4.419213 -1.482589 -0.608078 
527691574162381 -5.040036 -1.365297 -0.334794 
527691594732067 -0.710109 0.497526 -0.609470 
527691615299776 0.113145 -0.469533 0.362877 
527691635868787 -1.154878 -0.904722 -0.542179 
527691656436443 -6.752297 -0.540936 -1.445326 
527691677006183 -2.615162 -1.406243 -0.008115 
527691697574672 3.505966 0.378236 0.300434 
527691718142328 5.060511 0.190536 -0.263122 
527691738710609 1.136892 -0.568029 0.409204 
527691759280610 -1.027431 -1.316086 1.391213 
527691779847640 -3.169351 -2.531736 -1.279880 
527691800416287 -5.549967 -2.793398 -1.170766 
527691820984776 -3.933713 -3.157317 -0.104465 
527691841555037 23.492867 7.022136 1.603524 
527691862123006 -3.426048 -1.897541 -0.875697 
527691882691130 1.111985 -1.661034 0.992882 
527691903259360 -0.828580 0.875227 -0.234131 
527691923826859 0.480411 -0.097184 0.236711 
527691944395350 1.042375 1.365005 0.817071 
527691964967589 1.895754 2.227317 -0.741893 
527691985535401 0.709365 0.814509 -0.919615 
527692006102484 1.578753 1.421679 -0.731924 
527692026669932 1.775572 1.809990 -1.347247 
527692047237433 1.323100 0.021120 0.199400 
527692067805714 1.063142 -1.251997 -0.355265 
527692088374412 2.637307 1.057399 -0.436637 
527692108942901 1.886586 1.722456 -0.606136 
527692129513162 1.080913 1.118046 0.635530 
527692150080245 1.551460 -0.372633 0.154226 
527692170650245 0.013583 -2.515451 0.309712 
527692191218109 -3.766186 -1.802128 0.457437 
527692211785714 -2.971638 -1.806307 -0.303636 
527692232354620 -2.535077 -1.122183 -0.258851 
527692252923369 -1.181870 -0.183881 -0.036331 
527692273490870 -1.742073 0.223839 0.167261 
527692294060662 -0.596565 -0.459357 0.024982 
527692314629255 -0.219597 -1.581883 -0.036107 
527692335197484 -0.721997 -1.478119 -0.539714 
527692355766442 -1.622872 0.058630 0.031109 
527692376334411 -2.413477 -0.283900 -0.487404 
527692396903318 -4.121030 -1.610966 -1.118288 
527692417472537 -4.784232 -3.595286 0.665149 
527692438039828 0.373481 -2.096232 0.577024 
527692458608682 2.568354 2.734377 0.306219 
527692479179411 4.089937 4.354514 0.389207 
527692499748161 5.404483 3.278700 -0.919197 
527692520313577 4.269327 3.280484 -0.982869 
527692540882224 2.069684 2.539588 -0.250146 
527692561449568 2.334451 1.840545 1.302339 
527692582018057 0.322951 0.789505 0.922254 
527692602587849 -0.952338 1.246751 -0.314488 
527692623156286 -1.052470 -0.448516 -0.424936 
527692643724256 1.130319 -2.265577 0.384762 
527692664292692 2.577332 -0.980400 0.209943 
527692684860714 0.646969 0.225737 -0.903110 
527692705428890 -1.150773 0.174433 -1.408379 
527692725997901 -1.667543 -1.193838 -0.435089 
527692746565713 0.061406 -3.661057 0.010190 
527692767135036 0.942492 -1.382466 0.649839 
527692787702484 -0.556536 0.401277 -0.505725 
527692808272328 -1.976330 0.888735 -0.868547 
527692828840192 -2.460061 0.417508 -0.238425 
527692849411182 -1.247799 -1.225404 0.124662 
527692869976026 0.150982 -1.753820 0.753715 
527692890546183 1.197031 -0.419059 0.811288 
527692911114984 1.003406 0.838813 -0.294446 
527692931685818 -0.199512 0.209116 -0.687196 
527692952251026 -1.004323 0.207822 -0.538060 
527692972819307 -0.676637 0.920974 -0.620287 
527692993387693 0.096194 1.051975 -1.226221 
527693013957015 -0.075969 -0.065178 -0.483461 
527693034525244 1.460451 -1.239758 -0.002620 
527693055093578 1.949541 -1.255219 0.626238 
527693075662016 1.622872 -0.196681 0.470641 
527693096230140 -0.935101 -0.326512 -1.286092 
527693116798370 -3.040518 0.025961 1.315542 
527693137366859 -1.472670 0.683114 -0.007919 
527693157935870 -0.396026 1.728275 0.789538 
527693178504202 1.347640 0.621659 0.567778 
527693199072797 1.253473 -0.001040 0.087869 
527693219640348 0.517918 0.201397 -1.272279 
527693240208629 0.345953 0.748730 -2.232051 
527693260777485 0.029187 -0.026515 -1.956999 
527693281345817 -0.117318 -0.109500 -1.760975 
527693301914151 -0.557262 -0.520905 -1.267450 
527693322482536 -0.743942 -1.450157 0.044015 
527693343051182 -0.888485 -0.355920 0.240294 
527693363622067 -0.299698 0.735173 -0.108186 
527693384190505 0.167113 -0.030223 -1.010434 
527693404758525 0.759594 2.437277 0.349117 
527693425326546 -0.876568 0.943069 1.441049 
527693445894828 -0.988987 -0.235148 1.428807 
527693466463526 -1.978246 -1.674887 1.476488 
527693487030557 -0.449547 -4.206188 -0.742565 
527693507599411 2.572412 1.461178 -3.611826 
527693528167380 1.157529 1.716910 -1.965443 
527693548735713 -1.346281 -0.976984 0.264806 
527693569304150 -0.003206 0.339159 1.863522 
527693589872588 1.976418 2.735490 1.327301 
527693610441129 0.735421 2.360798 0.339842 
527693631009619 -0.899118 0.148252 0.692301 
527693651578057 -2.444201 0.159496 1.610683 
527693672147120 -0.422262 1.035017 0.052499 
527693692715036 -1.721017 0.209945 -1.889842 
527693713283474 -0.556369 -0.760356 -2.443874 
527693733852014 4.624253 0.833519 0.204677 
527693754421130 4.501105 0.501345 0.310805 
527693774989307 -0.816496 -0.552953 0.266214 
527693795557432 -3.276942 0.221529 -1.103784 
527693816125921 0.301143 1.957283 -0.648857 
527693836695400 0.983000 -0.153565 2.151894 
527693857265193 -0.665282 -1.008135 2.851528 
527693877833108 1.258046 -2.061513 -0.199409 
527693898401651 -6.167335 -1.260837 -0.957617 
527693918968161 -2.984468 1.118954 -3.254739 
527693939536598 -1.168211 2.188461 -2.365443 
527693960105661 4.960362 1.890858 4.999639 
527693980673474 9.017015 1.243239 0.938563 
527694001242275 4.667336 0.832762 -0.555404 
527694021811077 5.037949 -1.198943 -0.806983 
527694042381182 3.516965 -2.431488 -1.322957 
527694062949880 3.803389 -0.801469 -2.363077 
527694083516859 4.015204 0.427057 -2.484282 
527694104085296 4.225914 0.613842 -3.133551 
527694124654099 1.410231 -1.556480 -2.747864 
527694145222015 -1.142012 -2.096068 -0.722956 
527694165790973 -0.990945 -1.175993 -0.202536 
527694186358369 -1.243544 -0.669505 -0.454877 
527694206926911 -0.323200 -0.024728 -0.360621 
527694227495035 0.593789 -0.335939 0.548361 
527694248063786 -0.481706 -3.009524 -0.196542 
527694268632120 -3.386055 -4.374336 -0.480021 
527694289200661 -3.373433 -3.520768 -0.386271 
527694309769098 -0.097017 -0.938307 -1.127372 
527694330339671 3.071429 -0.927868 -0.120641 
527694350907588 0.855319 -3.476288 0.094720 
527694371476338 -2.716288 -4.753637 -1.258537 
527694392044828 -4.327158 -4.299840 -3.851188 
527694412613004 -1.887974 -1.736796 -3.955813 
527694433181598 0.647192 -0.958648 -0.255669 
527694453749775 0.686069 -1.354757 0.555555 
527694474317952 -0.091709 -1.097431 0.133948 
527694494885660 -0.403841 -0.543761 -0.765968 
527694515453681 0.448906 0.397063 -1.092550 
527694536022588 1.373908 0.234172 -0.804757 
527694556590556 1.088856 0.377279 -0.670175 
527694577159046 0.304872 0.395315 -1.180604 
527694597727796 -0.400687 0.107173 -0.498152 
527694618295974 0.212677 -0.140194 -0.355884 
527694638864515 0.479505 -0.051003 -0.109220 
527694659433004 0.183065 -0.228006 -0.786540 
527694680001285 -0.037770 -0.046293 -0.786309 
527694700569828 0.063401 -0.036627 -0.798760 
527694721138264 0.802143 -0.231870 -0.250580 
527694741706911 1.025985 -1.191993 0.103188 
527694762275766 -1.452791 -3.071607 -1.821596 
527694782843837 -2.065046 -1.725917 -0.467102 
527694803413161 1.186445 1.302839 2.373811 
527694823980557 3.489697 2.102311 2.676097 
527694844549203 1.577103 1.198841 1.617844 
527694865117587 0.392593 0.682746 0.948786 
527694885686390 0.236281 0.854620 0.430433 
527694906255087 0.904463 1.298306 1.888510 
527694926823108 1.660358 1.054519 3.898784 
527694947391389 1.072905 -0.147432 3.036918 
527694967960035 0.409296 -1.847437 0.446299 
527694988528473 0.882536 -2.710836 -1.169777 
527695009096963 1.255195 -2.017197 -1.635383 
527695029665140 1.170702 -1.272622 -2.430318 
527695050234046 1.368540 -1.402980 -3.269600 
527695070802119 1.056453 -1.413716 -3.749758 
527695091370608 0.528508 -1.595890 -1.500890 
527695111939463 0.296962 -1.888824 -0.234167 
527695132507640 0.341789 -1.631119 -1.888827 
527695153076337 0.530251 -0.224230 -1.801689 
527695173645608 0.473821 0.560918 0.218091 
527695194213056 0.049756 0.123436 1.100262 
527695214781390 -0.378942 -0.540050 1.117080 
527695235350452 -1.001976 -0.775685 0.310546 
527695255918473 -0.846770 -0.891710 -0.421907 
527695276487067 -0.255855 -0.759123 -0.162989 
527695297055348 -0.891309 -0.295448 -0.128303 
527695317625192 -0.379793 0.485392 -0.002096 
527695338193004 1.177787 2.023867 1.116437 
527695358762379 1.636470 2.544533 0.982018 
527695379330920 0.835336 2.132266 0.253595 
527695399899879 -1.239220 0.552145 0.810843 
527695420467848 -1.323586 -0.107770 2.262347 
527695441036702 -1.819992 -1.809719 3.097689 
527695461606285 -2.291932 -2.133011 0.864783 
527695482173630 -0.871610 -0.861301 0.130598 
527695502742067 1.206330 0.201865 -0.146075 
527695523310609 1.803846 0.049092 -0.663853 
527695543878993 1.715021 -0.150290 -0.744670 
527695564447640 0.649985 -0.807286 -0.475468 
527695585015712 -1.247430 0.063710 0.868755 
527695605584254 -0.798839 1.192506 -1.378168 
527695626152379 -1.585379 0.671192 -0.625563 
527695646721233 1.124478 0.565624 3.567801 
527695667289462 1.565836 0.595990 3.460992 
527695687856285 0.447974 -0.597276 1.640285 
527695708424722 0.121890 -0.636916 1.210413 
527695728993733 0.161572 -0.332318 1.418984 
527695749562379 -0.332403 -0.359691 0.423573 
527695770131545 -0.301686 -0.193333 -0.682251 
527695790698316 -0.400578 -0.320536 -1.380935 
527695811267066 -0.543281 -0.300745 -1.425410 
527695831835609 -0.245534 -0.178159 -0.909183 
527695852405451 -0.003977 -0.239290 -0.620993 
527695872974098 0.035408 -0.295646 -0.766160 
527695893542430 0.198773 -0.329560 -0.616721 
527695914110399 -0.002960 -0.120389 -0.618454 
527695934677535 -0.168106 0.038095 -0.536024 
527695955246025 -0.087590 0.024411 0.094668 
527695975814566 0.018998 0.179142 0.588987 
527695996383056 0.045825 0.221319 0.532369 
527696016951337 0.051755 0.162627 0.085506 
527696037519826 -0.060769 -0.046890 -0.081935 
527696058088421 -0.190303 -0.016345 0.024011 
527696078657848 -0.242589 0.081468 0.193178 
527696099225921 0.051762 0.064740 0.503080 
527696119795452 0.287751 -0.066661 0.969467 
527696140363109 -0.282142 0.080396 -0.596792 
527696160931232 -0.583121 0.034024 -0.689231 
527696181499775 -0.584675 0.043614 0.338153 
527696202068524 -0.510355 0.156700 0.948659 
527696222636441 0.090213 0.114219 0.050293 
527696243205608 -0.210170 0.049884 -1.361057 
527696263773524 -0.246558 0.000885 -0.979347 
527696284342483 -0.038836 0.101487 0.099202 
