# Created at Thu Nov 07 19:54:04 EST 2019 in Burnaby Canada 
527688730922017 -57.690422 -36.080399 0.941987 
527688750916392 -57.876888 -37.376358 0.789167 
527688770921705 -58.919495 -36.543716 0.953568 
527688790917069 -57.605255 -38.367752 -0.290442 
527688810921756 -58.181061 -37.531509 1.407048 
527688830915871 -58.325584 -36.955017 0.332508 
527688850915820 -57.128044 -37.639114 0.012948 
527688870915247 -58.317543 -36.961853 1.562508 
527688890922121 -56.981510 -38.217300 1.394988 
527688910914622 -58.225342 -39.255188 1.406328 
527688930922017 -57.593193 -38.378006 1.554558 
527688945287590 -57.107582 -36.922623 0.320748 
527688951128632 -57.107582 -36.922623 0.320748 
527688970922538 -58.509693 -37.959412 -0.588943 
527688990915402 -56.186375 -36.758102 0.926988 
527689010922174 -56.692429 -38.489655 0.161927 
527689030915402 -57.765213 -38.512024 -0.904032 
527689050921288 -58.392002 -39.540543 0.331428 
527689070921652 -56.907394 -40.495255 -1.528692 
527689090915454 -57.166954 -39.073807 -0.295153 
527689110916080 -57.036499 -39.638306 -1.373113 
527689130922120 -56.853065 -38.780136 0.009528 
527689150914882 -57.632763 -39.518585 0.016578 
527689170921496 -57.077766 -41.364578 -0.912581 
527689190915038 -56.740398 -40.356964 0.161147 
527689210915194 -56.737381 -40.359528 0.622398 
527689230916079 -57.640144 -39.805862 0.016458 
527689250921340 -56.916138 -41.515274 1.084638 
527689270915924 -56.917801 -41.220291 -0.298992 
527689290915715 -56.428188 -40.208649 0.773268 
527689310915090 -58.248814 -39.969116 0.637279 
527689330921913 -56.737728 -40.652802 1.698527 
527689350922278 -57.632763 -39.518585 0.016578 
527689370922277 -58.002350 -42.260117 0.787127 
527689390915663 -56.911114 -41.519547 1.853388 
527689410922016 -57.060333 -41.085831 0.625038 
527689430922121 -55.411743 -41.899689 -0.006493 
527689445609621 -57.811172 -40.381042 -0.597313 
527689450922329 -57.811172 -40.381042 -0.597313 
527689470915714 -56.112617 -39.769638 0.770508 
527689490922225 -55.508972 -39.602097 -0.619062 
527689510915767 -56.731998 -39.630203 -1.376053 
527689530916444 -56.314507 -41.346039 -0.612432 
527689550916028 -58.437950 -40.969238 -1.052922 
527689571285558 -56.410084 -39.783707 1.849698 
527689590915818 -58.403404 -39.824402 -0.283692 
527689610922850 -56.274590 -39.912201 -0.150582 
527689630915714 -56.246750 -38.908417 0.157337 
527689650923006 -57.803131 -40.387878 0.632689 
527689670919934 -56.887955 -40.218246 0.316428 
527689690922694 -57.052280 -40.652359 0.163967 
527689710916444 -56.918465 -40.926178 -1.528872 
527689730922069 -56.257160 -39.633453 1.387038 
527689750916548 -57.013023 -38.924393 -0.604063 
527689770922797 -57.816559 -41.110352 1.401138 
527689790918787 -57.649200 -40.238495 0.323778 
527689810923214 -55.715225 -41.468323 -1.540873 
527689830916548 -56.016048 -41.773117 0.153197 
527689850922590 -55.643463 -39.474472 1.534967 
527689870920402 -57.474136 -39.226395 -0.138522 
527689890917797 -56.165958 -41.925934 1.077107 
527689910931964 -57.210907 -40.944550 0.319068 
527689931258788 -57.506012 -40.667068 0.629628 
527689945480298 -57.487564 -39.948868 0.629928 
527689951795819 -57.487564 -39.948868 0.629928 
527689970922120 -57.206871 -40.507645 -0.757002 
527689990915818 -57.007339 -39.222794 1.394568 
527690010922589 -57.146492 -38.357315 0.012648 
527690030916027 -56.729328 -39.926056 0.161327 
527690050921861 -59.483582 -40.574371 0.341298 
527690070918891 -56.139465 -41.214569 2.307407 
527690090916651 -57.483902 -40.685883 4.012128 
527690110922694 -57.642525 -40.978073 4.167228 
527690130922641 -57.045605 -41.391937 4.007418 
527690150922120 -56.717270 -39.936310 2.006328 
527690170921652 -56.064678 -38.782974 4.153428 
527690190915350 -56.898705 -41.236526 2.622258 
527690210921600 -56.899055 -41.529816 3.698388 
527690230915610 -59.010437 -41.163284 5.102898 
527690250921755 -57.010727 -40.394135 5.391588 
527690270916078 -57.024799 -40.382156 3.239088 
527690291169099 -58.531864 -39.701889 2.792838 
527690310976496 -57.742462 -39.265274 5.399417 
527690330923527 -57.866196 -38.119354 5.247618 
527690350920245 -58.205254 -39.712601 6.172398 
527690370923371 -57.881973 -39.133377 6.784698 
527690390917484 -57.538216 -37.397324 6.013728 
527690410923787 -60.433308 -37.325500 5.119218 
527690430917433 -59.771297 -35.005936 4.191798 
527690450923423 -59.183434 -35.852417 4.339308 
527690470917016 -58.087818 -34.381668 3.253368 
527690490917537 -58.379242 -33.960571 3.563988 
527690510915870 -57.606575 -33.216141 2.480688 
527690530921860 -60.624756 -32.732849 4.355328 
527690550915037 -59.892994 -32.981064 0.965357 
527690570921808 -58.863121 -33.949661 -0.582852 
527690590916079 -58.993248 -33.532181 1.110048 
527690610921338 -58.866154 -34.387405 0.646968 
527690630940558 -59.752846 -34.287735 4.192098 
527690651127954 -58.249786 -34.524246 2.332277 
527690670962797 -60.131119 -36.287979 0.811698 
527690690998631 -58.889973 -35.394608 0.954047 
527690710915923 -58.446648 -36.104919 1.718087 
527690730922120 -59.364845 -36.272003 1.573097 
527690750915871 -59.842712 -36.706528 0.039827 
527690770922016 -57.144138 -38.065765 -0.755982 
527690790918891 -57.939621 -39.818237 0.788148 
527690810922954 -57.930229 -39.532669 1.095768 
527690830923579 -57.162933 -39.077225 0.319848 
527690850922537 -56.999962 -38.935501 1.394688 
527690870923735 -58.251831 -39.966553 0.176027 
527690890923162 -58.251831 -39.966553 0.176027 
527690910916339 -59.298141 -39.717865 2.031438 
527690930922277 -60.195526 -38.875214 1.118118 
527690945790298 -58.396023 -39.537125 -0.283572 
527690951129725 -58.396023 -39.537125 -0.283572 
527690970922069 -60.845104 -40.031143 -0.567733 
527690990928319 -60.155239 -36.267456 -2.878303 
527691011078370 -61.445026 -39.174362 -2.560243 
527691031076755 -63.120110 -39.071854 -3.159013 
527691050969048 -62.117722 -35.747253 -2.551453 
527691070916704 -61.747177 -38.890915 -3.325933 
527691090916183 -63.685490 -37.070267 -4.382293 
527691110917433 -64.898788 -36.959885 -4.216722 
527691130922121 -63.987976 -37.080063 -4.071853 
527691150916183 -65.455803 -35.112183 -3.595062 
527691170923162 -66.241516 -35.405167 -6.201581 
527691190915975 -64.700569 -34.646469 -6.215981 
527691210922225 -66.434013 -36.695984 -7.276902 
527691230916079 -64.771339 -37.081512 -7.447003 
527691250921859 -64.037582 -37.771759 -8.838403 
527691270915870 -61.587845 -37.571884 -7.324363 
527691290923005 -61.917480 -37.998932 -9.474103 
527691310915297 -61.426517 -36.694870 -9.324222 
527691330923110 -61.880928 -36.855804 -8.397372 
527691350940506 -59.211544 -39.511200 -8.578721 
527691371025089 -55.952599 -37.864059 -5.380182 
527691391024516 -56.082695 -36.565948 -7.069421 
527691410923057 -53.797279 -36.800156 -5.707843 
527691430918006 -53.076305 -38.947342 -3.409842 
527691445955402 -50.496452 -39.605240 -1.897633 
527691450923214 -50.496452 -39.605240 -1.897633 
527691470917328 -46.980289 -39.230804 -0.855072 
527691490960037 -47.418587 -38.524765 -0.850362 
527691510923110 -47.610424 -40.109695 -0.695803 
527691530922068 -45.323658 -40.051514 -0.256602 
527691550916860 -43.650604 -40.592636 1.725738 
527691570922224 -44.266308 -40.749908 1.270308 
527691590918265 -43.650604 -40.592636 1.725738 
527691610922120 -42.925232 -41.569305 0.180468 
527691630916651 -44.237450 -39.306671 0.040907 
527691650922433 -43.995003 -41.594238 -0.424242 
527691670916131 -44.326683 -42.900238 0.500658 
527691690923631 -44.234135 -40.336960 4.499238 
527691710917328 -45.020523 -40.776138 2.353908 
527691730974099 -46.674137 -39.958008 2.216687 
527691750973891 -47.030960 -41.682922 0.988908 
527691770927797 -48.169788 -38.553558 0.694488 
527691790917015 -50.166138 -39.031998 -0.209082 
527691810922745 -54.560913 -37.992615 -1.549723 
527691830916026 -56.410728 -39.049255 -1.071253 
527691850923786 -62.899773 -36.777267 -1.775772 
527691870917745 -63.300484 -34.048294 -3.922723 
527691890923005 -67.080902 -33.144043 -3.885552 
527691910917589 -68.511154 -29.593567 -3.869352 
527691930924255 -72.801262 -24.239853 -6.130692 
527691945699725 -75.701332 -18.279419 -7.636271 
527691951123683 -75.701332 -18.279419 -7.636271 
527691970924046 -78.212067 -14.451172 -10.992164 
527691990919515 -78.754623 -11.441544 -12.676272 
527692010923317 -78.185806 -6.387451 -15.292333 
527692030917119 -77.878952 -6.087799 -16.063904 
527692050923162 -75.145493 -6.008911 -17.166615 
527692070930037 -75.005974 -6.140823 -18.551891 
527692090942016 -73.621620 -5.235672 -19.794762 
527692110939880 -72.002243 -7.786057 -18.120762 
527692130922798 -70.934479 -7.759430 -17.823551 
527692150917016 -68.254349 -9.836838 -18.619663 
527692170923265 -66.489090 -12.671295 -16.793503 
527692190917380 -65.175873 -14.934799 -16.500195 
527692210922589 -62.767056 -16.167877 -15.601752 
527692230917432 -62.471958 -16.885696 -14.221242 
527692250923421 -61.397476 -16.277649 -15.153792 
527692270922849 -60.478279 -16.111404 -14.855054 
527692290924048 -61.681190 -15.716309 -14.228112 
527692310923786 -60.296196 -15.545639 -12.550033 
527692330923839 -60.424294 -14.689545 -12.240703 
527692350917693 -61.582924 -12.570755 -11.613042 
527692370923734 -61.146980 -13.568375 -10.849122 
527692390917120 -61.830425 -11.159561 -8.534501 
527692410924568 -62.967247 -8.031906 -8.521422 
527692430918943 -61.811241 -3.970505 -10.528783 
527692445817901 -60.874550 2.799118 -10.225814 
527692450923786 -60.874550 2.799118 -10.225814 
527692470924150 -58.620228 8.916046 -15.163873 
527692490926078 -57.337475 11.828949 -16.558182 
527692510920140 -57.893806 13.822861 -16.397713 
527692530922901 -56.510117 15.022095 -18.870464 
527692550917536 -57.437717 14.129120 -17.632004 
527692570923786 -55.416214 15.466843 -16.266823 
527692590916182 -54.738468 12.916092 -18.889004 
527692610923838 -56.249554 13.599792 -19.950253 
527692630923317 -55.792805 13.611938 -19.954662 
527692650925766 -57.166084 13.137726 -18.711613 
527692670917067 -56.626190 10.423904 -18.564884 
527692690918057 -57.484055 6.522827 -18.097904 
527692710916547 -57.684948 4.505234 -17.636021 
527692730922693 -58.173546 3.933075 -20.245602 
527692750916233 -58.225876 1.775909 -19.785252 
527692770923057 -59.016647 0.606537 -19.778381 
527692790920609 -56.029354 -1.758636 -19.040051 
527692810924151 -59.256798 -3.139008 -18.548473 
527692830923994 -58.227287 -4.841171 -17.329483 
527692850923838 -57.897636 -3.973801 -16.870811 
527692870915349 -58.953003 -4.157761 -14.708083 
527692890919204 -57.797733 -6.567230 -14.720864 
527692910918057 -58.973808 -5.167526 -13.939752 
527692930926547 -58.696487 -6.457306 -13.020732 
527692947372589 -57.961067 -7.442535 -13.028502 
527692951131287 -57.961067 -7.442535 -13.028502 
527692970922744 -59.460754 -6.474991 -13.474633 
527692990916131 -59.547981 -10.070267 -12.707383 
527693010923525 -57.606289 -11.159897 -13.956971 
527693030923161 -56.959728 -10.001419 -12.732373 
527693050922588 -57.313534 -11.728912 -13.498902 
527693070923005 -56.570732 -12.426865 -13.506553 
527693090916442 -57.068748 -14.165268 -13.041612 
527693110916182 -57.079819 -14.596176 -13.041793 
527693130922484 -55.597233 -15.989517 -13.518342 
527693150916495 -58.225388 -17.051865 -15.646274 
527693170923318 -57.771317 -17.184219 -15.496993 
527693190923161 -55.183052 -16.675034 -17.213055 
527693210923057 -55.209904 -18.119980 -15.676152 
527693230916442 -56.977848 -15.430023 -17.348621 
527693250922119 -55.933235 -16.264359 -17.205524 
527693270916599 -57.167328 -16.723419 -17.962692 
527693290915869 -56.673679 -15.274872 -17.966503 
527693310915922 -57.109966 -14.570526 -17.654293 
527693330921755 -56.387974 -16.278229 -16.893612 
527693350916130 -57.810890 -18.324783 -17.034973 
527693370923317 -58.525536 -17.210480 -14.413392 
527693390918317 -59.435356 -17.531433 -12.713443 
527693410922900 -60.341492 -17.708786 -11.013433 
527693430917067 -61.223808 -16.878937 -9.620503 
527693450923890 -61.111488 -18.749054 -8.392753 
527693470917120 -59.276089 -17.973724 -9.947593 
527693490920505 -61.725124 -17.146713 -15.304961 
527693510915974 -60.836075 -16.954849 -19.618721 
527693530915765 -60.520489 -16.075500 -21.312553 
527693551283995 -62.231812 -17.703522 -20.682041 
527693570922380 -63.439400 -17.010880 -21.899982 
527693590915765 -63.439400 -17.010880 -21.899982 
527693610922171 -64.496094 -16.606613 -22.197014 
527693630918629 -65.738586 -17.792389 -21.416981 
527693650921599 -67.274506 -18.555374 -20.633831 
527693670916338 -66.368721 -18.671280 -21.257713 
527693690918161 -66.000137 -15.928909 -22.182014 
527693710915609 -67.672203 -15.828949 -22.319530 
527693730921910 -67.969345 -15.990112 -20.625401 
527693750922588 -72.014999 -13.366013 -21.353321 
527693770922589 -71.742378 -14.798584 -20.588112 
527693790916755 -72.423439 -11.217575 -22.424263 
527693810971078 -72.712845 -10.798187 -21.806145 
527693830917067 -73.335968 -12.123383 -18.879551 
527693850924099 -75.278984 -10.885849 -18.398655 
527693870918109 -74.971474 -10.880310 -17.940342 
527693890918994 -75.694489 -9.612076 -17.163704 
527693911236234 -78.878990 -9.120850 -17.440090 
527693930922276 -82.255981 -9.920471 -18.791801 
527693945728837 -86.633011 -9.189743 -16.288811 
527693951124358 -86.633011 -9.189743 -16.288811 
527693970922588 -90.336990 -11.152542 -16.561813 
527693990915922 -91.719238 -9.417450 -25.157864 
527694010923109 -91.627686 -10.976334 -28.234993 
527694030916962 -87.399246 -12.448105 -27.354313 
527694050922639 -87.654434 -10.736801 -26.581905 
527694070918213 -88.272514 -11.625946 -24.577633 
527694090922484 -83.782486 -9.517212 -21.083172 
527694110916494 -81.216064 -10.897583 -18.802513 
527694130924098 -75.030853 -13.471802 -16.865173 
527694150916442 -71.835632 -13.825378 -15.512473 
527694170981233 -67.601135 -14.421631 -17.091434 
527694190915817 -63.969246 -14.305618 -20.509212 
527694210921910 -60.084873 -16.926056 -21.163574 
527694230915556 -56.354778 -19.989151 -20.432892 
527694250922119 -52.823868 -24.043839 -22.929913 
527694271178942 -48.625278 -26.517654 -22.664654 
527694290963473 -44.550739 -27.258194 -24.857201 
527694310918525 -41.786762 -31.034729 -29.345505 
527694330921963 -37.104889 -31.464066 -32.927567 
527694350917275 -33.928429 -31.948441 -33.881172 
527694370923942 -28.556778 -35.819443 -34.858273 
527694390917588 -26.772049 -37.496231 -34.569134 
527694410923526 -23.934977 -39.426819 -35.212902 
527694430917171 -25.914227 -39.479462 -35.193794 
527694445949983 -20.891987 -39.344116 -35.549805 
527694450923317 -20.891987 -39.344116 -35.549805 
527694470924150 -21.603931 -37.644958 -34.772984 
527694490916494 -18.329569 -40.280731 -35.575214 
527694510915764 -15.880472 -39.346420 -36.982124 
527694530922379 -14.666132 -38.576996 -40.376083 
527694550914931 -11.498417 -40.081375 -38.716362 
527694570921754 -10.290813 -40.333694 -39.189495 
527694590915192 -9.070801 -40.303009 -38.893753 
527694610921598 -9.487637 -38.881317 -38.427494 
527694631116338 -6.633106 -39.652527 -40.915787 
527694650998474 -3.283951 -39.856705 -39.871994 
527694670915296 -2.814453 -39.268280 -40.183666 
527694690915764 -0.991459 -38.775940 -42.507374 
527694710914932 1.763462 -38.421753 -41.457466 
527694730922743 4.479824 -38.768646 -43.482853 
527694750915869 6.034195 -37.287476 -44.265701 
527694770958526 6.210583 -36.863632 -42.268246 
527694790915712 4.985878 -37.037094 -42.717793 
527694810921807 4.547577 -36.331039 -42.713081 
527694830924099 6.080128 -36.299088 -41.190281 
527694850923004 8.159325 -37.518906 -44.132656 
527694870915712 9.098637 -36.929459 -42.449982 
527694890919359 9.604691 -35.197891 -41.684925 
527694910916181 9.339779 -33.625107 -41.835075 
527694930916129 11.149677 -34.002304 -42.775394 
527694945643369 12.938763 -35.829559 -41.256313 
527694951122692 12.938763 -35.829559 -41.256313 
527694970916286 16.345276 -33.880844 -39.904125 
527694991075400 18.594479 -34.964935 -40.695404 
527695011075713 20.285652 -34.640793 -39.327702 
527695030962431 21.336628 -35.627335 -37.647163 
527695050921702 22.840992 -36.892426 -35.356155 
527695070914671 22.846378 -36.163116 -37.354607 
527695090915817 20.838268 -37.658997 -36.106094 
527695110916963 20.079376 -37.387680 -36.867374 
527695130915349 19.890209 -39.268463 -35.175434 
527695150916024 18.177208 -41.041809 -34.237484 
527695170917275 17.440453 -39.908691 -34.998405 
527695190915452 16.225826 -39.210068 -37.292595 
527695210922015 17.443829 -39.177673 -37.304356 
527695230917171 18.501179 -39.876068 -35.777447 
527695250921806 19.711124 -40.277130 -35.328133 
527695270915348 19.892559 -38.976898 -35.944061 
527695290915816 19.320793 -37.703766 -35.322643 
527695310918369 18.528027 -38.431122 -37.314346 
527695330915764 18.382469 -38.734406 -35.160492 
527695351011754 19.123932 -39.284439 -35.936832 
527695371012640 18.536068 -38.437958 -36.084343 
527695390919201 18.963299 -39.574905 -36.089233 
527695410923317 16.231842 -39.655502 -34.679024 
527695430917223 16.183544 -41.375778 -35.294743 
527695445969931 12.039913 -42.924927 -34.640652 
527695450924306 12.039913 -42.924927 -34.640652 
527695470927118 12.370560 -42.498749 -32.337162 
527695490922275 11.413780 -44.247574 -32.175316 
527695510917588 11.284348 -43.243591 -32.634674 
527695530917066 10.634083 -44.986023 -32.168266 
527695550917379 12.343048 -43.649567 -32.030144 
527695570917483 12.047611 -43.225052 -32.334522 
527695590917483 13.090874 -44.351791 -31.269043 
527695610936077 11.418808 -44.251846 -31.406563 
527695630917015 10.989239 -42.966110 -32.324112 
527695650917171 10.974823 -43.247421 -33.400486 
527695670917119 11.297771 -42.521118 -33.403126 
527695690930712 12.189117 -43.798981 -31.721233 
527695710958525 11.423832 -44.256119 -30.637814 
527695730958942 12.657928 -43.797089 -29.880646 
527695750916025 12.757515 -45.803131 -30.036701 
527695770915504 14.609653 -45.335602 -27.901665 
527695790915191 12.018032 -46.135468 -25.570724 
527695810922066 14.434258 -46.200638 -28.054306 
527695830915609 12.264164 -48.279388 -26.035816 
527695850923628 13.379551 -46.678696 -24.661694 
527695870918577 14.576759 -47.215729 -25.596195 
527695890917430 12.901993 -47.700623 -23.888954 
527695910919618 13.718594 -45.525772 -23.895401 
527695930915764 12.943260 -45.974365 -24.349483 
527695951129514 11.993534 -47.288849 -24.802452 
527695970921962 14.600235 -46.501801 -24.827145 
527695990915816 13.416451 -45.242310 -24.661091 
527696010921702 14.303791 -46.076431 -25.285275 
527696030915712 12.295021 -47.278183 -25.266644 
527696050921858 12.616291 -46.697235 -24.961845 
527696070948056 14.569378 -47.503021 -25.596313 
527696090949046 12.592815 -47.411163 -25.730896 
527696110916962 12.920444 -46.982422 -23.888653 
527696130924515 13.655548 -47.380249 -26.202431 
527696150916390 13.830944 -46.515213 -26.049793 
527696170916545 14.421478 -47.657562 -24.364902 
527696190916025 11.082375 -47.461929 -23.871193 
527696210922848 13.392632 -46.249496 -24.354012 
527696230916180 11.538795 -47.302719 -24.490543 
527696250959201 11.831566 -47.431412 -25.723545 
527696270916336 12.138073 -47.425018 -25.418983 
527696290916546 12.138073 -47.425018 -25.418983 
