# Created at Thu Nov 07 19:54:04 EST 2019 in Burnaby Canada 
527603220183788 1013.323486 
527603260182642 1013.374512 
527603300182642 1013.341064 
527603340182486 1013.260254 
527603380182538 1013.258789 
527603420182382 1013.194580 
527603460182381 1013.302979 
527603500182486 1013.481934 
527603540182277 1013.406250 
527603580182642 1013.279053 
527603620182329 1013.271729 
527603660182433 1013.290283 
527603700182329 1013.310547 
527603740182382 1013.339600 
527603780182381 1013.337158 
527603820182642 1013.329834 
527603860182538 1013.391113 
527603900182485 1013.339844 
527603940182433 1013.370605 
527603980182486 1013.348877 
527604020183111 1013.355713 
527604060182486 1013.323486 
527604100182329 1013.380859 
527604140183267 1013.322998 
527604180182954 1013.381348 
527604220182590 1013.381348 
527604260183059 1013.330322 
527604300183839 1013.393311 
527604340184048 1013.301270 
527604380184777 1013.370361 
527604420183318 1013.305420 
527604460182485 1013.390137 
527604500182277 1013.337891 
527604540182486 1013.458740 
527604580183162 1013.593018 
527604620183684 1013.516602 
527604660182381 1013.319824 
527604700182642 1013.281494 
527604740182381 1013.677490 
527604780183215 1013.271484 
527604820183266 1013.149414 
527604860185506 1013.312744 
527604900184100 1013.245361 
527604940184725 1013.295410 
527604980183527 1013.415771 
527605020182381 1013.708740 
527605060182849 1013.518555 
527605100182381 1013.995117 
527605140182329 1013.980225 
527605180182485 1013.447998 
527605220182381 1013.249268 
527605260182225 1013.111084 
527605300182849 1013.277344 
527605340183110 1013.344238 
527605380183475 1013.252197 
527605420182797 1013.360352 
527605460182433 1013.309570 
527605500182850 1013.046387 
527605540183943 1013.420654 
527605580183110 1013.718018 
527605620182329 1013.891602 
527605660182329 1013.663330 
527605700182224 1013.813965 
527605740182433 1014.110107 
527605780182798 1013.688721 
527605820183214 1013.384766 
527605860183474 1013.179443 
527605900182797 1012.925781 
527605940183110 1012.855957 
527605980183943 1012.928467 
527606020183527 1013.087402 
527606060182693 1013.353027 
527606100182902 1013.366211 
527606140183735 1013.351318 
527606180183943 1013.449219 
527606220182953 1013.931152 
527606260183110 1013.526611 
527606300183058 1013.030029 
527606340183005 1012.932617 
527606380182954 1013.121582 
527606420184255 1013.198975 
527606460183995 1013.175537 
527606500184672 1013.063477 
527606540183109 1012.945557 
527606580183162 1013.024170 
527606620182849 1013.075684 
527606660183839 1013.178955 
527606700183162 1013.170898 
527606740183839 1013.264404 
527606780184047 1013.263916 
527606820184047 1013.306885 
527606860184932 1013.307373 
527606900184151 1013.282227 
527606940183630 1013.327148 
527606980184776 1013.355957 
527607020186390 1013.285400 
527607060183943 1013.288818 
527607100184308 1013.354248 
527607140186182 1013.327881 
527607180183526 1013.346436 
527607220183161 1013.345947 
527607260182797 1013.310791 
527607300183161 1013.316162 
527607340183110 1013.291748 
527607380185245 1013.303955 
527607420186494 1013.246094 
527607460182796 1013.289795 
527607500182640 1013.293213 
527607540183682 1013.385010 
527607580183161 1013.316650 
527607620183526 1013.267090 
527607660183213 1013.254395 
527607700182797 1013.320068 
527607740182223 1013.280029 
527607780182536 1013.281494 
527607820182432 1013.312744 
527607860183943 1013.287354 
527607900183369 1013.358398 
527607940184255 1013.317383 
527607980184776 1013.355225 
527608020183265 1013.349609 
527608060182276 1013.347900 
527608100182328 1013.364258 
527608140182275 1013.334473 
527608180182327 1013.354004 
527608220182328 1013.394287 
527608260182588 1013.376221 
527608300182380 1013.358643 
527608340183577 1013.346680 
527608380183942 1013.334473 
527608420182483 1013.316895 
527608460182328 1013.356445 
527608500184203 1013.301270 
527608540183161 1013.299805 
527608580183213 1013.308838 
527608620183161 1013.270264 
527608660184827 1013.270264 
527608700182223 1013.324951 
527608740182224 1013.375488 
527608780182431 1013.304443 
527608820182640 1013.311035 
527608860184150 1013.346436 
527608900184306 1013.306396 
527608940183994 1013.278320 
527608980182536 1013.314697 
527609020182328 1013.288818 
527609060182327 1013.327881 
527609100182276 1013.311035 
527609140182431 1013.308350 
527609180182328 1013.315186 
527609220182848 1013.292480 
527609260182431 1013.324463 
527609300182328 1013.337646 
527609340182275 1013.356201 
527609380182379 1013.341064 
527609420182379 1013.383789 
527609460182379 1013.346436 
527609500182744 1013.319580 
527609540182431 1013.275391 
527609580183004 1013.305420 
527609620182327 1013.283203 
527609660182275 1013.294678 
527609700182275 1013.364502 
527609740182379 1013.324951 
527609780182432 1013.287354 
527609820183369 1013.303711 
527609860183941 1013.295166 
527609900183890 1013.277832 
527609940184411 1013.262939 
527609980185036 1013.235596 
527610020183786 1013.235107 
527610060184202 1013.272461 
527610100184306 1013.274902 
527610140184254 1013.323975 
527610180184202 1013.272705 
527610220182379 1013.274658 
527610260182275 1013.288086 
527610300182483 1013.281982 
527610340183525 1013.302490 
527610380183838 1013.269775 
527610420182431 1013.277832 
527610460182327 1013.305908 
527610500182378 1013.294678 
527610540182379 1013.292480 
527610580183316 1013.291992 
527610620183056 1013.321289 
527610660182848 1013.490479 
527610700183421 1013.204102 
527610740182691 1013.189941 
527610780182952 1013.299561 
