# Created at Thu Nov 07 19:54:04 EST 2019 in Burnaby Canada 
527688694581444 0.774560 -0.201868 0.599266 0.013642 
527688715149882 0.774436 -0.200336 0.599893 0.015577 
527688735718267 0.774735 -0.198555 0.600066 0.016840 
527688756286705 0.774807 -0.197341 0.600346 0.017738 
527688776854985 0.774530 -0.196658 0.600910 0.018358 
527688797423371 0.774402 -0.196034 0.601285 0.018119 
527688817991757 0.774302 -0.195112 0.601734 0.017415 
527688838560142 0.774337 -0.194251 0.601983 0.016884 
527688859128580 0.774464 -0.193482 0.602076 0.016598 
527688879696965 0.774798 -0.191718 0.602227 0.015964 
527688900265455 0.774849 -0.188590 0.603197 0.014025 
527688920833840 0.775072 -0.182458 0.604806 0.013495 
527688941402329 0.774374 -0.177857 0.607114 0.011168 
527688961970714 0.772057 -0.178071 0.609954 0.013205 
527688982539152 0.772616 -0.178670 0.608874 0.020337 
527689003107537 0.773268 -0.177285 0.608415 0.021419 
527689023675767 0.773540 -0.176490 0.608319 0.020853 
527689044244152 0.773740 -0.176160 0.608160 0.020872 
527689064812851 0.773990 -0.175075 0.608157 0.020802 
527689085381236 0.774590 -0.174660 0.607501 0.021148 
527689105949465 0.774813 -0.173626 0.607506 0.021336 
527689126517851 0.774925 -0.173118 0.607496 0.021676 
527689147086444 0.774798 -0.171484 0.608127 0.021504 
527689167654830 0.775374 -0.169518 0.607944 0.021507 
527689188223110 0.775928 -0.167806 0.607668 0.022702 
527689208791496 0.775801 -0.167179 0.608001 0.022786 
527689229359934 0.775930 -0.166640 0.607966 0.023239 
527689249928320 0.776083 -0.166525 0.607807 0.023139 
527689270496809 0.776232 -0.166203 0.607707 0.023062 
527689291065195 0.776279 -0.166106 0.607667 0.023273 
527689311633788 0.776299 -0.166038 0.607653 0.023424 
527689332202226 0.776493 -0.164925 0.607736 0.022717 
527689352770611 0.776380 -0.165303 0.607762 0.023122 
527689373339048 0.776424 -0.164601 0.607911 0.022722 
527689393907382 0.776548 -0.163171 0.608171 0.021822 
527689414475819 0.776463 -0.162666 0.608421 0.021647 
527689435044204 0.776368 -0.162192 0.608675 0.021493 
527689455612433 0.775943 -0.163487 0.608829 0.022641 
527689476180871 0.775934 -0.163068 0.608960 0.022441 
527689496750038 0.775784 -0.163521 0.609013 0.022861 
527689517318476 0.775544 -0.164592 0.608998 0.023732 
527689537886287 0.775551 -0.164843 0.608909 0.024007 
527689558454673 0.775471 -0.165767 0.608732 0.024735 
527689579023058 0.775827 -0.165035 0.608504 0.024037 
527689599591496 0.775835 -0.165831 0.608255 0.024592 
527689620160715 0.775886 -0.166138 0.608100 0.024764 
527689640729153 0.775905 -0.166374 0.608007 0.024869 
527689661297694 0.775951 -0.166495 0.607915 0.024876 
527689681866132 0.775976 -0.166570 0.607863 0.024868 
527689702434673 0.775991 -0.166603 0.607834 0.024881 
527689723003110 0.775958 -0.166537 0.607896 0.024844 
527689743571079 0.775914 -0.166449 0.607979 0.024795 
527689764139516 0.775872 -0.166343 0.608061 0.024784 
527689784708371 0.775837 -0.166281 0.608125 0.024733 
527689805276808 0.775781 -0.166176 0.608228 0.024662 
527689825846235 0.775734 -0.166054 0.608322 0.024651 
527689846414672 0.775694 -0.165968 0.608398 0.024618 
527689866981912 0.775664 -0.165932 0.608449 0.024550 
527689887550349 0.775704 -0.166012 0.608374 0.024592 
527689908118319 0.775865 -0.166350 0.608069 0.024746 
527689928686756 0.775941 -0.166457 0.607938 0.024890 
527689949254985 0.776005 -0.166551 0.607826 0.025010 
527689969823422 0.775954 -0.166473 0.607915 0.024920 
527689990391548 0.776621 -0.167165 0.606852 0.025423 
527690010959985 0.778273 -0.168819 0.604198 0.027143 
527690031531860 0.780139 -0.170476 0.601267 0.028284 
527690052100245 0.785809 -0.174277 0.592628 0.030393 
527690072666080 0.791287 -0.177153 0.584365 0.031599 
527690093234517 0.792556 -0.175823 0.583114 0.030308 
527690113802693 0.791844 -0.173890 0.584680 0.029909 
527690134370610 0.790341 -0.171962 0.587322 0.029041 
527690154939048 0.786519 -0.169338 0.593312 0.026330 
527690175507485 0.788983 -0.171348 0.589421 0.026993 
527690196075923 0.794980 -0.175326 0.580019 0.029080 
527690216644307 0.799027 -0.177138 0.573883 0.028926 
527690237212745 0.794422 -0.174919 0.581011 0.026897 
527690257781912 0.789763 -0.173300 0.588001 0.022282 
527690278350350 0.790588 -0.176429 0.586019 0.020623 
527690298923370 0.793378 -0.180847 0.580940 0.018835 
527690319491808 0.796700 -0.181967 0.575998 0.019572 
527690340056755 0.797355 -0.181822 0.575126 0.019889 
527690360625245 0.794416 -0.180839 0.579603 0.016154 
527690381193735 0.792584 -0.182991 0.581593 0.008597 
527690401762173 0.792828 -0.187474 0.579884 0.003517 
527690422330557 0.789037 -0.187945 0.584884 0.002759 
527690442898995 0.780180 -0.186151 0.597216 0.000182 
527690463466130 -0.775129 0.187267 -0.603405 0.003023 
527690484034568 -0.778193 0.189936 -0.598615 0.000590 
527690504602485 -0.777600 0.190687 -0.599145 0.001583 
527690525170975 -0.770483 0.188462 -0.608949 0.004430 
527690545739568 -0.769915 0.188435 -0.609691 0.000726 
527690566308006 0.779752 -0.192136 0.595846 0.006198 
527690586876339 0.784202 -0.190587 0.590385 0.012236 
527690607444777 0.784086 -0.187216 0.591621 0.012030 
527690628013265 0.780146 -0.185723 0.597317 0.009588 
527690648581703 0.776417 -0.184939 0.602407 0.008974 
527690669150141 0.778653 -0.186740 0.598943 0.009792 
527690689718579 0.778365 -0.187588 0.599076 0.008216 
527690710287016 0.775069 -0.183638 0.604528 0.009535 
527690730855506 0.774167 -0.176805 0.607669 0.011985 
527690751426548 0.776373 -0.174818 0.605365 0.014708 
527690771994985 0.774857 -0.172598 0.607884 0.016850 
527690792562121 0.774960 -0.172199 0.607880 0.016357 
527690813130610 0.775249 -0.173826 0.607085 0.014874 
527690833699256 0.774820 -0.174917 0.607374 0.012449 
527690854267224 0.772499 -0.173630 0.610726 0.010576 
527690874835662 0.774294 -0.172249 0.608857 0.009639 
527690895403735 0.773732 -0.171607 0.609760 0.009093 
527690915972173 0.769719 -0.171644 0.614817 0.008451 
527690936539985 0.760071 -0.172706 0.626461 0.003385 
527690957108475 -0.754921 0.174609 -0.632141 0.001978 
527690977677432 -0.755643 0.175702 -0.630976 0.001107 
527690998245870 0.755699 -0.177233 0.630482 0.000605 
527691018814724 -0.756166 0.179705 -0.629220 0.000621 
527691039383162 0.756647 -0.183045 0.627679 0.000300 
527691059951860 -0.753543 0.187321 -0.630146 0.000410 
527691080520298 -0.753143 0.190042 -0.629805 0.002190 
527691101087641 -0.752024 0.194483 -0.629772 0.004791 
527691121656131 -0.749191 0.199177 -0.631644 0.008228 
527691142224569 -0.747545 0.200469 -0.633184 0.008101 
527691162793058 -0.746313 0.198943 -0.635149 0.004924 
527691183361392 -0.743591 0.195898 -0.639293 0.000841 
527691203929829 0.740279 -0.191847 0.644337 0.003398 
527691224498787 0.737873 -0.188943 0.647936 0.004711 
527691245067224 0.735538 -0.187603 0.650974 0.004562 
527691265635610 0.732615 -0.186503 0.654581 0.003877 
527691286204047 0.729045 -0.182898 0.659561 0.004595 
527691306772850 0.726946 -0.177418 0.663329 0.008225 
527691327341287 0.727351 -0.170487 0.664568 0.015644 
527691347909620 0.728689 -0.162529 0.664917 0.021972 
527691368478057 0.731561 -0.154354 0.663451 0.028742 
527691389046860 0.738812 -0.145564 0.656917 0.037801 
527691409615298 0.748487 -0.136368 0.647230 0.047589 
527691430184672 0.754650 -0.125240 0.641604 0.056239 
527691450753110 0.757783 -0.116254 0.639085 0.061812 
527691471321443 0.759473 -0.111171 0.637617 0.065473 
527691491889881 0.766668 -0.105398 0.629498 0.069598 
527691512457849 0.771584 -0.096427 0.624085 0.076668 
527691533026287 0.772572 -0.089042 0.623245 0.082277 
527691553595140 0.773232 -0.088142 0.622500 0.082687 
527691574162849 0.773212 -0.089205 0.622381 0.082624 
527691594731338 0.770388 -0.087916 0.626140 0.081990 
527691615299516 0.763968 -0.083813 0.634695 0.080561 
527691635868006 0.767537 -0.082827 0.630868 0.077669 
527691656437693 0.775623 -0.092101 0.620444 0.070539 
527691677006183 0.777828 -0.103436 0.616624 0.063718 
527691697573682 0.777793 -0.111723 0.615801 0.057836 
527691718142120 0.778670 -0.118229 0.613825 0.053983 
527691738710713 0.771070 -0.125305 0.622546 0.046754 
527691759279151 0.764645 -0.135647 0.628965 0.036349 
527691779847849 0.760842 -0.153545 0.630148 0.021367 
527691800416287 -0.755628 0.181145 -0.629453 0.001184 
527691820986078 -0.751355 0.198467 -0.629189 0.014053 
527691841554568 -0.749115 0.207016 -0.628999 0.018172 
527691862122433 -0.746107 0.222392 -0.626826 0.030908 
527691882690922 -0.742483 0.239512 -0.624087 0.043237 
527691903258371 -0.735352 0.255086 -0.625440 0.054887 
527691923826860 -0.723842 0.270321 -0.631146 0.068072 
527691944398474 -0.711446 0.282549 -0.638578 0.078919 
527691964966911 -0.700674 0.291460 -0.645452 0.086596 
527691985533005 -0.690216 0.293835 -0.655137 0.089768 
527692006101442 -0.686073 0.291804 -0.660618 0.087964 
527692026668787 -0.685640 0.290203 -0.662167 0.084940 
527692047237277 -0.681655 0.290640 -0.666323 0.083000 
527692067805922 -0.678106 0.289124 -0.670993 0.079671 
527692088374412 -0.677780 0.283333 -0.674699 0.071540 
527692108943318 -0.680094 0.275248 -0.676707 0.061465 
527692129511756 -0.681186 0.265981 -0.680227 0.050299 
527692150081130 -0.682167 0.255898 -0.683979 0.036563 
527692170649620 -0.684534 0.248131 -0.684901 0.027450 
527692191217692 -0.686362 0.245744 -0.684131 0.021951 
527692211786130 -0.689366 0.242537 -0.682312 0.019995 
527692232353943 -0.691466 0.241010 -0.680778 0.018193 
527692252922432 -0.695339 0.242730 -0.676182 0.019081 
527692273492276 -0.699918 0.246844 -0.669798 0.023521 
527692294060765 -0.704403 0.250308 -0.663592 0.028420 
527692314628995 -0.707264 0.250264 -0.660326 0.033383 
527692335197484 -0.709917 0.251203 -0.656784 0.039376 
527692355765922 -0.712430 0.254574 -0.652205 0.047586 
527692376335557 -0.713311 0.264122 -0.646242 0.061629 
527692396904047 -0.713035 0.283002 -0.635714 0.085788 
527692417471755 -0.704536 0.310664 -0.628598 0.109459 
527692438040192 -0.692634 0.336477 -0.625805 0.124131 
527692458611182 -0.679522 0.357418 -0.626845 0.132542 
527692479179671 -0.671420 0.371868 -0.625363 0.140819 
527692499745297 -0.668543 0.379374 -0.622693 0.146215 
527692520313786 -0.670276 0.380288 -0.619240 0.150509 
527692540881078 -0.671489 0.378482 -0.618692 0.151904 
527692561449568 -0.667263 0.378769 -0.624771 0.144757 
527692582019359 -0.664104 0.380958 -0.628573 0.136869 
527692602587849 -0.665643 0.382143 -0.627413 0.131299 
527692623155713 -0.669896 0.381106 -0.624389 0.127025 
527692643724203 -0.674749 0.371529 -0.626855 0.117189 
527692664291963 -0.680006 0.357294 -0.631712 0.104273 
527692684860453 -0.680755 0.345985 -0.638979 0.092596 
527692705428733 -0.680067 0.337354 -0.645389 0.084705 
527692725997223 -0.680061 0.330652 -0.649576 0.078984 
527692746565557 -0.683928 0.320782 -0.650977 0.074634 
527692767134046 -0.689509 0.309237 -0.650811 0.073446 
527692787703213 -0.693692 0.300638 -0.650349 0.073849 
527692808271702 -0.695795 0.296563 -0.649639 0.076732 
527692828839099 -0.699725 0.294296 -0.645642 0.083191 
527692849407536 -0.706767 0.288119 -0.639260 0.093891 
527692869978005 -0.713136 0.278960 -0.634659 0.104053 
527692890546495 -0.717348 0.270437 -0.632394 0.111144 
527692911114099 -0.717988 0.265003 -0.633572 0.113367 
527692931682589 -0.719213 0.257254 -0.634712 0.117021 
527692952250714 -0.719792 0.250053 -0.636459 0.119551 
527692972819204 -0.720842 0.241076 -0.638080 0.122973 
527692993388317 -0.722300 0.231649 -0.639180 0.126771 
527693013956599 -0.721770 0.224536 -0.640887 0.133774 
527693034525088 -0.718136 0.217932 -0.645389 0.142332 
527693055093213 -0.712985 0.205975 -0.653260 0.149930 
527693075661703 -0.712836 0.192694 -0.655786 0.157091 
527693096229880 -0.711517 0.185043 -0.659189 0.158029 
527693116798370 -0.709549 0.178717 -0.663811 0.154778 
527693137367275 -0.710956 0.174920 -0.664130 0.151250 
527693157935713 -0.709205 0.174882 -0.666982 0.146901 
527693178503421 -0.705085 0.177816 -0.671502 0.142552 
527693199071911 -0.700613 0.180704 -0.675277 0.143136 
527693219640557 -0.698695 0.180746 -0.676020 0.148840 
527693240209047 -0.695905 0.180218 -0.677209 0.156925 
527693260777172 -0.690422 0.180385 -0.680845 0.165013 
527693281345661 -0.685152 0.179741 -0.684793 0.171227 
527693301914255 -0.681369 0.178082 -0.687916 0.175487 
527693322482692 -0.680344 0.173935 -0.688292 0.182026 
527693343053578 -0.682438 0.168403 -0.684776 0.192356 
527693363622067 -0.685376 0.165179 -0.679268 0.203886 
527693384189567 -0.692599 0.162064 -0.670053 0.212298 
527693404758056 -0.697851 0.157659 -0.663628 0.218510 
527693425326599 -0.698837 0.156405 -0.661058 0.223980 
527693445895037 -0.696011 0.158929 -0.661012 0.231028 
527693466462484 -0.676258 0.172762 -0.677101 0.233158 
527693487030922 -0.657200 0.192400 -0.691449 0.230150 
527693507598786 -0.650351 0.200816 -0.696565 0.226966 
527693528167276 -0.652916 0.201095 -0.692981 0.230304 
527693548735661 -0.654271 0.201783 -0.688575 0.238910 
527693569304151 -0.651645 0.204367 -0.688046 0.245329 
527693589872639 -0.649516 0.205396 -0.688437 0.248990 
527693610441129 -0.651395 0.204411 -0.686206 0.251041 
527693631010193 -0.650542 0.209028 -0.685484 0.251424 
527693651578630 -0.646984 0.215728 -0.685422 0.255087 
527693672146547 -0.648424 0.222232 -0.679833 0.260740 
527693692715036 -0.654671 0.231349 -0.666550 0.271284 
527693713284203 -0.657254 0.240969 -0.656029 0.282096 
527693733852692 -0.653084 0.247433 -0.656078 0.286042 
527693754420453 -0.647583 0.252213 -0.658076 0.289760 
527693774988994 -0.645086 0.257683 -0.655435 0.296426 
527693795557484 -0.649175 0.263304 -0.646828 0.301423 
527693816128265 -0.653830 0.268704 -0.639574 0.302077 
527693836696755 -0.655727 0.274218 -0.634069 0.304603 
527693857264672 -0.658069 0.277663 -0.630275 0.304304 
527693877833161 -0.663177 0.285076 -0.618952 0.309557 
527693898399671 -0.667583 0.296703 -0.602002 0.322325 
527693918968108 -0.678828 0.305660 -0.578509 0.333303 
527693939536547 -0.676162 0.322388 -0.573135 0.332246 
527693960104984 -0.658120 0.346031 -0.592331 0.310297 
527693980674150 -0.654407 0.346929 -0.604066 0.294102 
527694001242587 -0.653698 0.337626 -0.616381 0.280645 
527694021812953 -0.650496 0.326736 -0.631381 0.267315 
527694042381443 -0.647603 0.314413 -0.646850 0.251674 
527694062948369 -0.645877 0.299252 -0.664188 0.228352 
527694083516859 -0.643630 0.282690 -0.684483 0.193161 
527694104085088 -0.639231 0.268723 -0.704648 0.150476 
527694124653578 -0.627510 0.259230 -0.725680 0.111445 
527694145221442 -0.609980 0.248133 -0.748704 0.076134 
527694165789932 -0.596894 0.230906 -0.767195 0.042565 
527694186358108 -0.590861 0.206922 -0.779728 0.009547 
527694206926598 0.584999 -0.174249 0.791662 0.026173 
527694227495140 0.575504 -0.142472 0.802952 0.061362 
527694248063630 0.556913 -0.121079 0.816353 0.093574 
527694268632171 0.524214 -0.106705 0.836115 0.121352 
527694289200608 0.486814 -0.093721 0.856083 0.146119 
527694309770661 0.456716 -0.073980 0.868902 0.175918 
527694330339098 0.435066 -0.043789 0.875138 0.207204 
527694350907901 0.417253 -0.009756 0.879516 0.228598 
527694371476338 0.404151 0.017246 0.883592 0.235860 
527694392044671 0.398154 0.025985 0.884886 0.240363 
527694412613108 0.393109 0.032218 0.885125 0.246945 
527694433181025 0.383561 0.041898 0.886724 0.254649 
527694453749514 0.365979 0.053525 0.891928 0.260111 
527694474316754 0.342988 0.063830 0.899578 0.262762 
527694494885191 0.320162 0.072592 0.906813 0.264418 
527694515453629 0.301334 0.081664 0.911121 0.269050 
527694536022119 0.288427 0.090674 0.913028 0.273805 
527694556590556 0.275970 0.098970 0.914039 0.280318 
527694577159047 0.261331 0.106112 0.915514 0.286847 
527694597727484 0.244843 0.113886 0.917475 0.292099 
527694618296077 0.228370 0.122281 0.919325 0.296201 
527694638864514 0.209656 0.129672 0.921676 0.299570 
527694659432901 0.187377 0.133748 0.925619 0.300386 
527694680001338 0.161429 0.136001 0.930421 0.299602 
527694700569984 0.139648 0.137363 0.933863 0.299216 
527694721138421 0.124206 0.142025 0.934527 0.301765 
527694741706910 0.113726 0.147048 0.933688 0.306057 
527694762275348 0.112453 0.145056 0.935232 0.302744 
527694782843630 0.109038 0.141685 0.939888 0.290941 
527694803412120 0.097806 0.141586 0.942989 0.284886 
527694823980660 0.082779 0.143296 0.944731 0.283014 
527694844549150 0.065678 0.145560 0.946183 0.281491 
527694865118160 0.049710 0.146603 0.947529 0.279688 
527694885686650 0.036431 0.147748 0.948192 0.278881 
527694906254462 0.021584 0.154520 0.947128 0.280368 
527694926822900 -0.001564 0.168387 0.944397 0.282413 
527694947391337 -0.033139 0.183915 0.941248 0.281301 
527694967960035 -0.064205 0.197663 0.937592 0.278796 
527694988528213 -0.082395 0.210210 0.933765 0.277678 
527695009096702 -0.087408 0.222232 0.930632 0.277302 
527695029665192 -0.086705 0.230356 0.928170 0.279138 
527695050233681 -0.082832 0.233835 0.926777 0.282035 
527695070802536 -0.066100 0.235358 0.925818 0.288267 
527695091371025 -0.043324 0.240454 0.923682 0.295155 
527695111939410 -0.024008 0.243915 0.921911 0.300016 
527695132507899 -0.011332 0.241296 0.921877 0.302970 
527695153076129 -0.004528 0.237227 0.921880 0.306335 
527695173644618 0.001197 0.235941 0.920849 0.310432 
527695194213525 0.003153 0.237945 0.919336 0.313358 
527695214781546 -0.001252 0.241641 0.917975 0.314530 
527695235349983 -0.008261 0.243331 0.918027 0.312968 
527695255918421 -0.011586 0.243424 0.918193 0.312302 
527695276486858 -0.008937 0.243372 0.918472 0.311608 
527695297056129 -0.004183 0.242072 0.919470 0.309770 
527695317624566 -0.002098 0.240770 0.919792 0.309852 
527695338193993 0.000511 0.241123 0.918007 0.314838 
527695358762482 0.013642 0.241412 0.914192 0.325249 
527695379330921 0.037936 0.240154 0.909496 0.337201 
527695399899410 0.068464 0.240117 0.903313 0.348830 
527695420469358 0.096630 0.245069 0.896310 0.356697 
527695441037847 0.118977 0.249827 0.891519 0.358642 
527695461605140 0.136811 0.251775 0.888493 0.358430 
527695482173630 0.149622 0.255054 0.884267 0.361432 
527695502742066 0.155360 0.259553 0.879647 0.367036 
527695523310556 0.155106 0.261814 0.877388 0.370926 
527695543878785 0.155948 0.259637 0.876667 0.373795 
527695564447275 0.159887 0.256426 0.876943 0.373700 
527695585015452 0.153784 0.257580 0.879637 0.369110 
527695605583942 0.147835 0.251478 0.884337 0.364489 
527695626152535 0.144649 0.247732 0.887320 0.361066 
527695646721025 0.142862 0.253920 0.886157 0.360335 
527695667287795 0.145081 0.264125 0.882404 0.361320 
527695687856233 0.149972 0.274484 0.877898 0.362576 
527695708425504 0.155724 0.286383 0.872546 0.363864 
527695728993942 0.160530 0.298642 0.867161 0.364795 
527695749561388 0.163249 0.309744 0.862590 0.365167 
527695770129878 0.165378 0.318813 0.859014 0.364834 
527695790698682 0.167972 0.324543 0.856554 0.364378 
527695811267171 0.170679 0.328036 0.855228 0.363105 
527695831837171 0.172098 0.330766 0.854689 0.361225 
527695852405660 0.171988 0.332544 0.854803 0.359369 
527695872973472 0.171256 0.333597 0.855204 0.357785 
527695893541961 0.170289 0.333897 0.855836 0.356454 
527695914109098 0.169370 0.333091 0.856426 0.356228 
527695934677639 0.169279 0.331932 0.856844 0.356348 
527695955246129 0.169948 0.331600 0.856858 0.356304 
527695975814410 0.170351 0.332270 0.856396 0.356600 
527695996382848 0.169595 0.333413 0.856023 0.356788 
527696016951493 0.168884 0.334156 0.855867 0.356805 
527696037519931 0.168331 0.334511 0.856088 0.356203 
527696058089046 0.167885 0.334599 0.856507 0.355322 
527696078657483 0.167735 0.334843 0.856836 0.354369 
527696099226182 0.166899 0.336979 0.856915 0.352543 
527696119794671 0.166209 0.340138 0.856409 0.351061 
527696140362848 0.167693 0.340069 0.856053 0.351292 
527696160931285 0.170501 0.339052 0.855797 0.351545 
527696181499566 0.173401 0.338826 0.855744 0.350473 
527696202068003 0.174925 0.340467 0.855708 0.348206 
527696222636597 0.176271 0.339850 0.856137 0.347073 
527696243205086 0.178168 0.336189 0.857381 0.346600 
527696263773421 0.179434 0.331684 0.859136 0.345940 
