# Created at Thu Nov 07 17:54:56 EST 2019 in Burnaby Canada 
520540985918732 8.429622 -0.513534 -5.252653 
520541006486128 8.442789 -0.506352 -5.270608 
520541027051441 8.439198 -0.508746 -5.278988 
520541047618837 8.439198 -0.508746 -5.264623 
520541068186337 8.445183 -0.515928 -5.264623 
520541088753784 8.429621 -0.520716 -5.271805 
520541109320972 8.439198 -0.527899 -5.267017 
520541129889097 8.436804 -0.509943 -5.261032 
520541150458107 8.441592 -0.520716 -5.247865 
520541171024514 8.420045 -0.523111 -5.258638 
520541191590556 8.415257 -0.508746 -5.265821 
520541212158159 8.427228 -0.513534 -5.274199 
520541232725555 8.430819 -0.495578 -5.270608 
520541253292899 8.439198 -0.517125 -5.283776 
520541273860243 8.440395 -0.511140 -5.270608 
520541294427639 8.423635 -0.512337 -5.275396 
520541314995139 8.428425 -0.518322 -5.271806 
520541335562639 8.465533 -0.520716 -5.270608 
520541356129826 8.441591 -0.513534 -5.259835 
520541376697430 8.424833 -0.487199 -5.258638 
520541397264721 8.418848 -0.483608 -5.273002 
520541417831962 8.441591 -0.525505 -5.255047 
520541438399358 8.440395 -0.523111 -5.273002 
520541458966806 8.423635 -0.500367 -5.292155 
520541479534253 8.429623 -0.507549 -5.276593 
520541500101753 8.445183 -0.527899 -5.269411 
520541520669149 8.426031 -0.511140 -5.289761 
520541541236441 8.411666 -0.505155 -5.299338 
520541561803837 8.449972 -0.527899 -5.276593 
520541582371129 8.446381 -0.517125 -5.268214 
520541602938524 8.433212 -0.517125 -5.255047 
520541623506388 8.422440 -0.514731 -5.262229 
520541644073836 8.433212 -0.506352 -5.258638 
520541664641388 8.414060 -0.493184 -5.267017 
520541685208784 8.380543 -0.488396 -5.221529 
520541705775608 8.318296 -0.417770 -5.130554 
520541726343004 8.210562 -0.312430 -4.949800 
520541746910451 8.319493 -0.480017 -5.182027 
520541767477847 8.508627 -0.603313 -5.252652 
520541788046805 8.737263 -0.568598 -5.118583 
520541808614201 9.047299 -0.653589 -5.136539 
520541829182795 9.030540 -0.745762 -5.047957 
520541849747743 8.965900 -0.593736 -5.125766 
520541870315034 8.430819 -0.350735 -4.783410 
520541890882950 8.075295 -0.135267 -4.837276 
520541911450451 8.338646 -0.430938 -5.138933 
520541932018211 8.420046 -0.554234 -5.225121 
520541952585399 8.449971 -0.541066 -5.237091 
520541973153992 8.501445 -0.624860 -5.286170 
520541993721388 8.522991 -0.694289 -5.378343 
520542014290137 8.490671 -0.780476 -5.361584 
520542034855711 8.435607 -0.803220 -5.265821 
520542055422378 8.426031 -0.748156 -5.263426 
520542075989462 8.484686 -0.746959 -5.196392 
520542096557951 8.532568 -0.711047 -5.099430 
520542117126285 8.530173 -0.620072 -5.125765 
520542137692951 8.555312 -0.554234 -5.106613 
520542158263159 8.545736 -0.503958 -5.024016 
520542178828054 8.536160 -0.456076 -4.973740 
520542199395502 8.576859 -0.392632 -4.964164 
520542219962794 8.636711 -0.356721 -4.929449 
520542240530190 8.664243 -0.349538 -4.882764 
520542261097534 8.733671 -0.401012 -4.928252 
520542281664930 8.643894 -0.329189 -4.856430 
520542302232326 8.557707 -0.412982 -4.795380 
520542322799774 8.473912 -0.514731 -4.947405 
520542343367534 8.493065 -0.518322 -5.064716 
520542363934982 8.519401 -0.350735 -4.612231 
520542384502170 8.288370 -0.872649 -5.180830 
520542405069618 8.501446 -1.015098 -5.707531 
520542425636910 8.834225 -0.612889 -5.422634 
520542446204358 8.873728 -0.664362 -5.180830 
520542466771284 8.616362 -0.638027 -5.250258 
520542487338732 8.496656 -0.624860 -5.123371 
520542507905867 8.303932 -0.355524 -4.723557 
520542528473315 8.218941 -0.502761 -5.086263 
520542549041336 8.748036 -0.805614 -5.399890 
520542569608888 8.733672 -0.201104 -4.208826 
520542590176024 8.788736 -0.351933 -5.300535 
520542610744045 8.633121 -0.487199 -4.645749 
520542631311128 8.502642 -0.450091 -4.962967 
520542651877638 8.569676 -0.447696 -5.407072 
520542672446284 8.935974 -0.829555 -4.679266 
520542693013575 9.086802 -0.599722 -4.895932 
520542713580868 7.951999 0.119705 -5.354402 
520542734148107 8.082478 -0.519519 -4.887552 
520542754715763 8.276400 -0.379465 -5.243076 
520542775284410 8.737263 -0.797235 -5.074292 
520542795851180 8.848589 -0.418967 -4.611034 
520542816418888 9.102364 -0.638027 -5.363978 
520542836985294 8.348223 -0.421361 -4.870794 
520542857552690 7.819126 -0.269336 -4.837276 
520542878120138 8.408075 -0.519519 -5.207165 
520542898688314 8.870136 -0.709850 -4.992893 
520542919255710 9.418384 -0.642816 -4.567941 
520542939822794 8.695367 -0.355524 -4.645749 
520542960390242 8.329070 -0.288489 -5.119780 
520542980957586 8.495460 -0.039503 -4.680463 
520543001525034 8.578056 -0.894196 -5.164071 
520543022092430 9.284315 -1.361045 -4.504497 
520543042659878 8.804298 -0.900181 -4.611034 
520543063227221 9.885233 -1.340695 -5.441786 
520543083794669 9.769119 -1.563346 -5.335249 
520543104362950 8.721701 -1.191064 -5.445377 
520543124930398 7.382204 0.191528 -5.082671 
520543145497117 6.850714 -0.087385 -4.767848 
520543166064617 8.368572 -1.107271 -5.009651 
520543186631701 7.427691 -0.209484 -4.360851 
520543207199201 7.735333 0.159208 -5.701546 
520543227765711 9.964239 -1.092906 -5.846389 
520543248333159 8.866545 -1.179094 -5.423831 
520543268899930 8.169863 -0.760126 -5.891877 
520543289467691 7.899328 -0.486002 -4.839670 
520543310034929 8.679805 -1.121635 -5.190406 
520543330603419 9.284315 -1.428080 -4.869597 
520543351170867 8.634317 -1.617214 -5.577053 
520543371739096 7.847856 -1.949993 -6.406609 
520543392306440 8.156694 -1.765648 -5.878710 
520543412874461 9.113137 -1.337104 -4.804956 
520543433441336 9.392049 -2.368961 -5.810477 
520543454009408 8.592421 -1.446036 -6.972813 
520543474576180 7.005133 -2.017028 -6.905778 
520543495144305 6.462870 -3.072826 -5.808084 
520543515711597 7.448041 -4.486541 -4.697222 
520543536279513 7.586899 -4.518862 -5.454954 
520543556847013 6.637639 -3.239216 -6.228248 
520543577412482 4.813335 -3.746764 -3.064446 
520543597979930 7.370233 -6.431746 -3.749159 
520543618547378 8.725292 -7.104488 -4.005327 
520543639114825 6.993162 -4.855232 -4.096303 
520543659681648 6.999147 -3.220063 -4.540408 
520543680249096 6.939295 -4.937829 -5.684788 
520543700817273 7.937634 -8.374557 -5.141327 
520543721384721 7.749698 -7.847856 -1.618411 
520543741952221 9.210098 -7.948408 -0.849905 
520543762519721 11.355210 -9.279527 -1.735722 
520543783087586 11.576664 -10.316172 -3.727612 
520543803655086 10.817736 -8.952732 -10.506502 
520543824222221 9.849321 -7.554579 -6.021158 
520543844789721 9.662582 -7.527046 -2.540139 
520543865357065 9.194536 -6.771708 -3.143452 
520543885924565 13.945625 -3.483414 -3.384058 
520543906492585 14.920024 -1.690234 -3.950263 
520543927060085 14.062936 -0.839132 -3.951460 
520543947627013 14.513027 0.448894 -4.691236 
520543968194513 14.149124 0.487199 -3.524114 
520543988762065 12.032741 -1.205429 -0.337568 
520544009330138 9.661385 -2.342626 2.102019 
520544029897221 10.202452 -1.199444 2.876510 
520544050464253 11.616167 0.295671 1.732130 
520544071031805 11.283387 -0.964822 2.507818 
520544091600346 8.891684 -1.933235 4.661310 
520544112166909 6.872261 -1.309572 2.574853 
520544132735815 7.591687 0.544657 -0.073020 
520544153302324 8.217745 0.600919 -0.524308 
520544173869304 4.917479 -2.705332 1.394562 
520544194436804 2.973471 -0.512337 4.500906 
520544215004720 3.373285 3.752750 3.904775 
520544235571960 6.436535 5.174845 1.024674 
520544256139304 7.625205 4.757074 0.857087 
520544276706751 6.092981 4.037647 3.080008 
520544297274148 3.915548 5.208362 3.360117 
520544317841648 3.732400 5.192801 4.724754 
520544338409147 3.745568 4.236358 6.400623 
520544358976647 6.471249 4.001736 5.553112 
520544379543835 7.069774 5.414254 5.116189 
520544400111283 7.012315 5.000075 5.144918 
520544420679825 6.116922 5.000075 5.928986 
520544441247325 5.118583 5.126963 7.069774 
520544461814565 4.346486 4.824109 7.172720 
520544482382065 4.385989 4.962966 6.273736 
520544502949251 7.280455 5.293352 4.005327 
520544523516751 5.362782 5.378343 5.521989 
520544544084772 3.498975 4.504497 6.729812 
520544564652220 1.879367 4.815730 7.309184 
520544585219616 2.014634 4.861217 7.956787 
520544605787116 3.430743 5.056337 9.347758 
520544626354929 3.181757 5.311308 8.344631 
520544646922429 1.908097 5.314899 6.850714 
520544667489148 1.486735 5.369964 7.117656 
520544688057116 1.938023 5.842798 9.475843 
520544708624147 2.069698 4.877976 7.801170 
520544729192116 1.174305 4.503300 4.700813 
520544749760137 -2.105610 4.941420 1.219793 
520544770326440 -1.009113 6.565816 5.166465 
520544790892950 2.279182 6.641230 10.166540 
520544811461283 1.912885 5.312505 11.052357 
520544832029356 3.017761 3.145846 7.550988 
520544852597377 1.430474 5.885892 11.444989 
520544873164980 1.554967 4.945011 8.297946 
520544893732221 1.236552 3.607907 10.514881 
520544914298992 -0.216666 2.397690 13.040656 
520544934867012 -0.745762 2.396493 12.169204 
520544955434095 -1.186276 3.137466 10.020500 
520544976002064 -1.198246 3.223654 7.716180 
520544996570658 -0.847511 3.661774 7.418115 
520545017136752 -0.038306 4.028071 8.554115 
520545037704252 1.648337 6.237824 6.458081 
520545058271804 0.885817 6.479629 6.513145 
520545078839304 -1.215005 5.109007 7.325942 
520545099406856 -2.549715 3.781479 9.076029 
520545119974356 -2.292350 2.453951 9.967831 
520545140542689 -1.432868 2.754411 11.070313 
520545161110189 -0.808008 3.612695 10.828508 
520545181677168 -1.193458 4.025677 9.907978 
520545202244668 -2.802293 3.334980 9.651809 
520545222811959 -1.948797 3.534887 12.169203 
520545243379512 -0.499170 2.963894 13.927670 
520545263946492 0.415376 3.156619 13.568554 
520545284513992 -0.213075 4.520059 11.983662 
520545305082116 -0.549446 5.352008 10.510094 
520545325649668 -1.334710 4.741512 9.639839 
520545346216127 -1.959570 4.295013 8.343433 
520545366783679 -2.492257 4.350078 7.392977 
520545387351439 -2.402478 4.441053 8.210562 
520545407918939 -0.957639 5.231106 7.597672 
520545428486804 -0.129281 6.158819 6.918945 
520545449054720 -0.848708 6.289298 5.711123 
520545469621960 -1.509479 5.936168 4.602654 
520545490190242 -0.663165 6.507161 4.545197 
520545510757064 0.906166 7.302001 4.883962 
520545531324512 2.237285 7.975940 4.742710 
520545551892064 2.307911 7.656328 4.555970 
520545572460032 0.897787 6.853107 4.493723 
520545593027845 -0.312430 6.442520 4.293816 
520545613595397 -0.640421 6.553845 4.821715 
520545634163522 0.231030 6.589757 6.227051 
520545654729721 1.402942 6.947675 7.519864 
520545675297012 1.496312 7.403750 8.495460 
520545695864928 1.136000 7.122444 9.307059 
520545716432116 0.757732 6.970418 9.382473 
520545736999303 0.251380 6.758541 8.773174 
520545757566855 0.336371 6.838743 8.470322 
520545778134251 0.561416 6.713053 8.701352 
520545798701803 0.525505 6.467658 8.791130 
520545819269251 0.644013 6.428155 8.836618 
520545839836804 0.632042 6.409002 8.422440 
520545860404356 0.355524 6.549057 7.786806 
520545880971856 0.314824 6.714250 7.291227 
520545901539461 0.481214 6.810014 7.187084 
520545922106961 0.493184 6.745373 7.282848 
520545942674616 0.562613 6.748964 7.337913 
520545963242168 0.541066 6.704674 7.043438 
520545983809616 0.403406 6.801635 6.646018 
520546004377168 0.329189 6.851911 6.758541 
520546024944824 0.575781 6.806423 7.272075 
520546045512324 0.738579 6.971616 6.829166 
520546066080449 0.861876 7.167932 6.485614 
520546086648001 0.949260 7.225390 6.847122 
520546107216491 0.740974 6.959645 7.120050 
520546127784043 0.369888 6.872261 6.705871 
520546148351543 0.350735 6.987177 6.483219 
520546168917689 0.730200 7.027877 6.859093 
520546189486960 0.907363 7.029074 7.217010 
520546210053523 1.043827 7.091321 7.609643 
520546230621648 0.981580 7.118853 7.595278 
520546251188991 0.529096 7.056606 7.197858 
520546271755970 0.232228 6.928522 6.962039 
520546292323835 0.304051 6.874655 6.865078 
520546312890919 0.784067 6.979995 7.175114 
520546333460241 1.086921 7.092518 7.546199 
520546354026022 0.791250 7.038651 7.257710 
520546374593574 0.424953 7.084138 6.678339 
520546395161230 0.537475 7.072168 6.930916 
520546415728835 0.705062 7.018300 7.364248 
520546436296230 0.689500 6.933310 7.197858 
520546456865917 0.493184 6.976404 6.819590 
520546477432011 0.412982 6.970418 6.873457 
520546497999667 0.567401 6.963236 7.267287 
520546518567220 0.682318 6.985980 7.412130 
520546539133887 0.525505 7.026680 7.050621 
520546559701387 0.502761 7.108079 6.775300 
520546580268366 0.605707 7.055409 6.995557 
520546600835918 0.627254 6.988374 7.104488 
520546621404511 0.587751 6.972813 6.935704 
520546641972063 0.514731 6.939295 7.033862 
520546662540033 0.602116 6.883034 7.072168 
520546683107585 0.593736 7.051818 6.958448 
520546703674720 0.478820 7.013512 6.878246 
520546724242272 0.576978 7.056606 7.035059 
520546744812324 0.804417 7.057803 7.254119 
520546765379876 0.799629 7.056606 7.151173 
520546785944043 0.724215 7.055409 7.395371 
520546806511595 0.933699 6.964433 7.305593 
520546827079148 0.217863 7.281651 6.193533 
520546847646700 0.269336 7.047029 5.948138 
520546868214251 0.949260 7.160749 6.634048 
520546888781647 1.041433 7.108079 7.019497 
520546909349251 0.966019 6.905778 7.743712 
520546929916907 1.161138 6.934507 8.102827 
520546950484147 0.531490 6.711856 7.055409 
520546971051855 -0.989960 6.691506 6.006794 
520546991619199 -0.708653 6.567013 6.570604 
520547012186908 0.761323 6.616092 8.459548 
