# Created at Thu Nov 07 17:54:57 EST 2019 in Burnaby Canada 
520540985918732 0.000000 0.000000 0.000000 
520541006486128 0.000000 0.000000 0.000000 
520541027051441 0.000000 0.000000 0.000000 
520541047619149 0.000000 0.000000 0.000000 
520541068186337 0.000000 0.000000 0.000000 
520541088753784 0.000000 0.000000 0.000000 
520541109320972 0.000000 0.000000 0.000000 
520541129889097 0.000000 0.000000 0.000000 
520541150458107 0.000000 0.000000 0.000000 
520541171024253 0.000000 0.000000 0.000000 
520541191590556 0.000000 0.000000 0.000000 
520541212158159 0.000000 0.000000 0.000000 
520541232725555 0.000000 0.000000 0.000000 
520541253293420 0.000000 0.000000 0.000000 
520541273860243 0.000000 0.000000 0.000000 
520541294428160 0.000000 0.000000 0.000000 
520541314995139 0.000000 0.000000 0.000000 
520541335562431 0.000000 0.000000 0.000000 
520541356129826 0.000000 0.000000 0.000000 
520541376697430 0.000000 0.000000 0.000000 
520541397264721 0.000000 0.000000 0.000000 
520541417831962 0.000000 0.000000 0.000000 
520541438399358 0.000000 0.000000 0.000000 
520541458966806 0.000000 0.000000 0.000000 
520541479534253 0.000000 0.000000 0.000000 
520541500101753 0.000000 0.000000 0.000000 
520541520669149 0.000000 0.000000 0.000000 
520541541236441 0.000000 0.000000 0.000000 
520541561803837 0.000000 0.000000 0.000000 
520541582371129 0.000000 0.000000 0.000000 
520541602938524 0.000000 0.000000 0.000000 
520541623506388 0.000000 0.000000 0.000000 
520541644073836 0.000000 0.000000 0.000000 
520541664641388 0.000000 0.000000 0.000000 
520541685208784 0.000000 0.000000 0.000000 
520541705775608 0.000000 0.000000 0.000000 
520541726343004 0.000000 0.000000 0.000000 
520541746910451 0.000000 0.000000 0.000000 
520541767477847 0.000000 0.000000 0.000000 
520541788046805 0.000000 0.000000 0.000000 
520541808614097 0.000000 0.000000 0.000000 
520541829182795 0.000000 0.000000 0.000000 
520541849747534 0.000000 0.000000 0.000000 
520541870315034 0.000000 0.000000 0.000000 
520541890882950 0.000000 0.000000 0.000000 
520541911450451 0.000000 0.000000 0.000000 
520541932018211 0.000000 0.000000 0.000000 
520541952585399 0.000000 0.000000 0.000000 
520541973153992 0.000000 0.000000 0.000000 
520541993721388 0.000000 0.000000 0.000000 
520542014290137 0.000000 0.000000 0.000000 
520542034855711 0.000000 0.000000 0.000000 
520542055422378 0.000000 0.000000 0.000000 
520542075989462 0.000000 0.000000 0.000000 
520542096557951 0.000000 0.000000 0.000000 
520542117126285 0.000000 0.000000 0.000000 
520542137692951 0.000000 0.000000 0.000000 
520542158263159 0.000000 0.000000 0.000000 
520542178828054 0.000000 0.000000 0.000000 
520542199395502 0.000000 0.000000 0.000000 
520542219962794 0.000000 0.000000 0.000000 
520542240530190 0.000000 0.000000 0.000000 
520542261097534 0.000000 0.000000 0.000000 
520542281664930 0.000000 0.000000 0.000000 
520542302232326 0.000000 0.000000 0.000000 
520542322799774 0.000000 0.000000 0.000000 
520542343367534 0.000000 0.000000 0.000000 
520542363934982 0.000000 0.000000 0.000000 
520542384502170 0.000000 0.000000 0.000000 
520542405069618 0.000000 0.000000 0.000000 
520542425636910 0.000000 0.000000 0.000000 
520542446204358 0.000000 0.000000 0.000000 
520542466771284 0.000000 0.000000 0.000000 
520542487338732 0.000000 0.000000 0.000000 
520542507905867 0.000000 0.000000 0.000000 
520542528473315 0.000000 0.000000 0.000000 
520542549041336 0.000000 0.000000 0.000000 
520542569608888 0.000000 0.000000 0.000000 
520542590176024 0.000000 0.000000 0.000000 
520542610744045 0.000000 0.000000 0.000000 
520542631311128 0.000000 0.000000 0.000000 
520542651878627 0.000000 0.000000 0.000000 
520542672446284 0.000000 0.000000 0.000000 
520542693013575 0.000000 0.000000 0.000000 
520542713580868 0.000000 0.000000 0.000000 
520542734148107 0.000000 0.000000 0.000000 
520542754715763 0.000000 0.000000 0.000000 
520542775284410 0.000000 0.000000 0.000000 
520542795851180 0.000000 0.000000 0.000000 
520542816418420 0.000000 0.000000 0.000000 
520542836985294 0.000000 0.000000 0.000000 
520542857552690 0.000000 0.000000 0.000000 
520542878120138 0.000000 0.000000 0.000000 
520542898688314 0.000000 0.000000 0.000000 
520542919255710 0.000000 0.000000 0.000000 
520542939822794 0.000000 0.000000 0.000000 
520542960390242 0.000000 0.000000 0.000000 
520542980957586 0.000000 0.000000 0.000000 
520543001525034 0.000000 0.000000 0.000000 
520543022092430 0.000000 0.000000 0.000000 
520543042659878 0.000000 0.000000 0.000000 
520543063227221 0.000000 0.000000 0.000000 
520543083794669 0.000000 0.000000 0.000000 
520543104362950 0.000000 0.000000 0.000000 
520543124930398 0.000000 0.000000 0.000000 
520543145497117 0.000000 0.000000 0.000000 
520543166064617 0.000000 0.000000 0.000000 
520543186631701 0.000000 0.000000 0.000000 
520543207199201 0.000000 0.000000 0.000000 
520543227765711 0.000000 0.000000 0.000000 
520543248333159 0.000000 0.000000 0.000000 
520543268899930 0.000000 0.000000 0.000000 
520543289467639 0.000000 0.000000 0.000000 
520543310034929 0.000000 0.000000 0.000000 
520543330603419 0.000000 0.000000 0.000000 
520543351170867 0.000000 0.000000 0.000000 
520543371739096 0.000000 0.000000 0.000000 
520543392306440 0.000000 0.000000 0.000000 
520543412874461 0.000000 0.000000 0.000000 
520543433441336 0.000000 0.000000 0.000000 
520543454009408 0.000000 0.000000 0.000000 
520543474576180 0.000000 0.000000 0.000000 
520543495144305 0.000000 0.000000 0.000000 
520543515711597 0.000000 0.000000 0.000000 
520543536279513 0.000000 0.000000 0.000000 
520543556847013 0.000000 0.000000 0.000000 
520543577412482 0.000000 0.000000 0.000000 
520543597979930 0.000000 0.000000 0.000000 
520543618547378 0.000000 0.000000 0.000000 
520543639114825 0.000000 0.000000 0.000000 
520543659681648 0.000000 0.000000 0.000000 
520543680249096 0.000000 0.000000 0.000000 
520543700817273 0.000000 0.000000 0.000000 
520543721384721 0.000000 0.000000 0.000000 
520543741952221 0.000000 0.000000 0.000000 
520543762519721 0.000000 0.000000 0.000000 
520543783087586 0.000000 0.000000 0.000000 
520543803655086 0.000000 0.000000 0.000000 
520543824222221 0.000000 0.000000 0.000000 
520543844789721 0.000000 0.000000 0.000000 
520543865357065 0.000000 0.000000 0.000000 
520543885924565 0.000000 0.000000 0.000000 
520543906492585 0.000000 0.000000 0.000000 
520543927060085 0.000000 0.000000 0.000000 
520543947627013 0.000000 0.000000 0.000000 
520543968194513 0.000000 0.000000 0.000000 
520543988762065 0.000000 0.000000 0.000000 
520544009330138 0.000000 0.000000 0.000000 
520544029897221 0.000000 0.000000 0.000000 
520544050464253 0.000000 0.000000 0.000000 
520544071031805 0.000000 0.000000 0.000000 
520544091599096 0.000000 0.000000 0.000000 
520544112166909 0.000000 0.000000 0.000000 
520544132735815 0.000000 0.000000 0.000000 
520544153302324 0.000000 0.000000 0.000000 
520544173869252 0.000000 0.000000 0.000000 
520544194436804 0.000000 0.000000 0.000000 
520544215005033 0.000000 0.000000 0.000000 
520544235571960 0.000000 0.000000 0.000000 
520544256139304 0.000000 0.000000 0.000000 
520544276706751 0.000000 0.000000 0.000000 
520544297274148 0.000000 0.000000 0.000000 
520544317841648 0.000000 0.000000 0.000000 
520544338409147 0.000000 0.000000 0.000000 
520544358976647 0.000000 0.000000 0.000000 
520544379543835 0.000000 0.000000 0.000000 
520544400111283 0.000000 0.000000 0.000000 
520544420679825 0.000000 0.000000 0.000000 
520544441247325 0.000000 0.000000 0.000000 
520544461814565 0.000000 0.000000 0.000000 
520544482382065 0.000000 0.000000 0.000000 
520544502949251 0.000000 0.000000 0.000000 
520544523516751 0.000000 0.000000 0.000000 
520544544084772 0.000000 0.000000 0.000000 
520544564652220 0.000000 0.000000 0.000000 
520544585219616 0.000000 0.000000 0.000000 
520544605787116 0.000000 0.000000 0.000000 
520544626354929 0.000000 0.000000 0.000000 
520544646922429 0.000000 0.000000 0.000000 
520544667489148 0.000000 0.000000 0.000000 
520544688057116 0.000000 0.000000 0.000000 
520544708624147 0.000000 0.000000 0.000000 
520544729192116 0.000000 0.000000 0.000000 
520544749760137 0.000000 0.000000 0.000000 
520544770326752 0.000000 0.000000 0.000000 
520544790892950 0.000000 0.000000 0.000000 
520544811461231 0.000000 0.000000 0.000000 
520544832029356 0.000000 0.000000 0.000000 
520544852597377 0.000000 0.000000 0.000000 
520544873164980 0.000000 0.000000 0.000000 
520544893732221 0.000000 0.000000 0.000000 
520544914298992 0.000000 0.000000 0.000000 
520544934866543 0.000000 0.000000 0.000000 
520544955434095 0.000000 0.000000 0.000000 
520544976002064 0.000000 0.000000 0.000000 
520544996570658 0.000000 0.000000 0.000000 
520545017136752 0.000000 0.000000 0.000000 
520545037704252 0.000000 0.000000 0.000000 
520545058271804 0.000000 0.000000 0.000000 
520545078839304 0.000000 0.000000 0.000000 
520545099406856 0.000000 0.000000 0.000000 
520545119974356 0.000000 0.000000 0.000000 
520545140542689 0.000000 0.000000 0.000000 
520545161110189 0.000000 0.000000 0.000000 
520545181677168 0.000000 0.000000 0.000000 
520545202244668 0.000000 0.000000 0.000000 
520545222811959 0.000000 0.000000 0.000000 
520545243379512 0.000000 0.000000 0.000000 
520545263946492 0.000000 0.000000 0.000000 
520545284513992 0.000000 0.000000 0.000000 
520545305082116 0.000000 0.000000 0.000000 
520545325649668 0.000000 0.000000 0.000000 
520545346216127 0.000000 0.000000 0.000000 
520545366783679 0.000000 0.000000 0.000000 
520545387351439 0.000000 0.000000 0.000000 
520545407918887 0.000000 0.000000 0.000000 
520545428486804 0.000000 0.000000 0.000000 
520545449054720 0.000000 0.000000 0.000000 
520545469621960 0.000000 0.000000 0.000000 
520545490190242 0.000000 0.000000 0.000000 
520545510757064 0.000000 0.000000 0.000000 
520545531324460 0.000000 0.000000 0.000000 
520545551892064 0.000000 0.000000 0.000000 
520545572460032 0.000000 0.000000 0.000000 
520545593027845 0.000000 0.000000 0.000000 
520545613595397 0.000000 0.000000 0.000000 
520545634163522 0.000000 0.000000 0.000000 
520545654730605 0.000000 0.000000 0.000000 
520545675297012 0.000000 0.000000 0.000000 
520545695864928 0.000000 0.000000 0.000000 
520545716432116 0.000000 0.000000 0.000000 
520545736999303 0.000000 0.000000 0.000000 
520545757566855 0.000000 0.000000 0.000000 
520545778134251 0.000000 0.000000 0.000000 
520545798701803 0.000000 0.000000 0.000000 
520545819269251 0.000000 0.000000 0.000000 
520545839836804 0.000000 0.000000 0.000000 
520545860404356 0.000000 0.000000 0.000000 
520545880971856 0.000000 0.000000 0.000000 
520545901539461 0.000000 0.000000 0.000000 
520545922106961 0.000000 0.000000 0.000000 
520545942674616 0.000000 0.000000 0.000000 
520545963242168 0.000000 0.000000 0.000000 
520545983809616 0.000000 0.000000 0.000000 
520546004377168 0.000000 0.000000 0.000000 
520546024944824 0.000000 0.000000 0.000000 
520546045512324 0.000000 0.000000 0.000000 
520546066080449 0.000000 0.000000 0.000000 
520546086648001 0.000000 0.000000 0.000000 
520546107216491 0.000000 0.000000 0.000000 
520546127784043 0.000000 0.000000 0.000000 
520546148351543 0.000000 0.000000 0.000000 
520546168917793 0.000000 0.000000 0.000000 
520546189486960 0.000000 0.000000 0.000000 
520546210053106 0.000000 0.000000 0.000000 
520546230621648 0.000000 0.000000 0.000000 
520546251188991 0.000000 0.000000 0.000000 
520546271755970 0.000000 0.000000 0.000000 
520546292323835 0.000000 0.000000 0.000000 
520546312890919 0.000000 0.000000 0.000000 
520546333460241 0.000000 0.000000 0.000000 
520546354026022 0.000000 0.000000 0.000000 
520546374593782 0.000000 0.000000 0.000000 
520546395161230 0.000000 0.000000 0.000000 
520546415728835 0.000000 0.000000 0.000000 
520546436296230 0.000000 0.000000 0.000000 
520546456864824 0.000000 0.000000 0.000000 
520546477432011 0.000000 0.000000 0.000000 
520546497999667 0.000000 0.000000 0.000000 
520546518567220 0.000000 0.000000 0.000000 
520546539133887 0.000000 0.000000 0.000000 
520546559701387 0.000000 0.000000 0.000000 
520546580268366 0.000000 0.000000 0.000000 
520546600835918 0.000000 0.000000 0.000000 
520546621404511 0.000000 0.000000 0.000000 
520546641972063 0.000000 0.000000 0.000000 
520546662540033 0.000000 0.000000 0.000000 
520546683107585 0.000000 0.000000 0.000000 
520546703674720 0.000000 0.000000 0.000000 
520546724242272 0.000000 0.000000 0.000000 
520546744812324 0.000000 0.000000 0.000000 
520546765379876 0.000000 0.000000 0.000000 
520546785944043 0.000000 0.000000 0.000000 
520546806511595 0.000000 0.000000 0.000000 
520546827079148 0.000000 0.000000 0.000000 
520546847646648 0.000000 0.000000 0.000000 
520546868214251 0.000000 0.000000 0.000000 
520546888781647 0.000000 0.000000 0.000000 
520546909349251 0.000000 0.000000 0.000000 
520546929916907 0.000000 0.000000 0.000000 
520546950484147 0.000000 0.000000 0.000000 
520546971051803 0.000000 0.000000 0.000000 
520546991619199 0.000000 0.000000 0.000000 
520547012186908 0.000000 0.000000 0.000000 
