# Created at Thu Nov 07 17:54:57 EST 2019 in Burnaby Canada 
520540970492430 0.003398 0.000764 0.006779 
520540991060555 0.003398 0.000764 0.006779 
520541011625816 0.003398 0.000764 0.006779 
520541032193264 0.003398 0.000764 0.006779 
520541052760972 0.003398 0.000764 0.006779 
520541073328160 0.003398 0.000764 0.006779 
520541093895607 0.003398 0.000764 0.006779 
520541114462795 0.003398 0.000764 0.006779 
520541135030920 0.003398 0.000764 0.006779 
520541155599930 0.003398 0.000764 0.006779 
520541176166337 0.003398 0.000764 0.006779 
520541196732379 0.003398 0.000764 0.006779 
520541217299982 0.003398 0.000764 0.006779 
520541237867378 0.003398 0.000764 0.006779 
520541258435295 0.003398 0.000764 0.006779 
520541279002066 0.003398 0.000764 0.006779 
520541299569983 0.003398 0.000764 0.006779 
520541320136962 0.003398 0.000764 0.006779 
520541340704253 0.003398 0.000764 0.006779 
520541361271649 0.003398 0.000764 0.006779 
520541381839253 0.003398 0.000764 0.006779 
520541402406544 0.003398 0.000764 0.006779 
520541422973785 0.003398 0.000764 0.006779 
520541443541284 0.003398 0.000764 0.006779 
520541464108681 0.003398 0.000764 0.006779 
520541484676180 0.003398 0.000764 0.006779 
520541505243576 0.003398 0.000764 0.006779 
520541525811024 0.003398 0.000764 0.006779 
520541546378264 0.003398 0.000764 0.006779 
520541566945712 0.003398 0.000764 0.006779 
520541587512952 0.003398 0.000764 0.006779 
520541608081336 0.003398 0.000764 0.006779 
520541628648263 0.003398 0.000764 0.006779 
520541649215503 0.003398 0.000764 0.006779 
520541669783211 0.003398 0.000764 0.006779 
520541690350191 0.003398 0.000764 0.006779 
520541710917431 0.003398 0.000764 0.006779 
520541731485138 0.003398 0.000764 0.006779 
520541752052274 0.003398 0.000764 0.006779 
520541772621232 0.003398 0.000764 0.006779 
520541793188628 0.003398 0.000764 0.006779 
520541813755920 0.003398 0.000764 0.006779 
520541834324618 0.003398 0.000764 0.006779 
520541854889357 0.003398 0.000764 0.006779 
520541875456857 0.003398 0.000764 0.006779 
520541896024825 0.003398 0.000764 0.006779 
520541916592274 0.003398 0.000764 0.006779 
520541937160034 0.003398 0.000764 0.006779 
520541957727222 0.003398 0.000764 0.006779 
520541978295867 0.003398 0.000764 0.006779 
520541998863211 0.003398 0.000764 0.006779 
520542019431960 0.003398 0.000764 0.006779 
520542039997534 0.003398 0.000764 0.006779 
520542060564253 0.003398 0.000764 0.006779 
520542081131285 0.003398 0.000764 0.006779 
520542101699774 0.003398 0.000764 0.006779 
520542122268108 0.003398 0.000764 0.006779 
520542142834774 0.003398 0.000764 0.006779 
520542163404982 0.003398 0.000764 0.006779 
520542183969877 0.003398 0.000764 0.006779 
520542204537482 0.003398 0.000764 0.006779 
520542225104617 0.003398 0.000764 0.006779 
520542245672118 0.003398 0.000764 0.006779 
520542266239357 0.003398 0.000764 0.006779 
520542286807378 0.003398 0.000764 0.006779 
520542307374201 0.003398 0.000764 0.006779 
520542327941805 0.003398 0.000764 0.006779 
520542348509409 0.003398 0.000764 0.006779 
520542369076597 0.003398 0.000764 0.006779 
520542389643993 0.003398 0.000764 0.006779 
520542410211701 0.003398 0.000764 0.006779 
520542430778785 0.003398 0.000764 0.006779 
520542451346076 0.003398 0.000764 0.006779 
520542471913159 0.003398 0.000764 0.006779 
520542492480815 0.003398 0.000764 0.006779 
520542513047742 0.003398 0.000764 0.006779 
520542533615972 0.003398 0.000764 0.006779 
520542554183159 0.003398 0.000764 0.006779 
520542574750711 0.003398 0.000764 0.006779 
520542595317847 0.003398 0.000764 0.006779 
520542615885920 0.003398 0.000764 0.006779 
520542636452950 0.003398 0.000764 0.006779 
520542657020450 0.003398 0.000764 0.006779 
520542677588159 0.003398 0.000764 0.006779 
520542698155398 0.003398 0.000764 0.006779 
520542718722691 0.003398 0.000764 0.006779 
520542739289982 0.003398 0.000764 0.006779 
520542759857586 0.003398 0.000764 0.006779 
520542780426233 0.003398 0.000764 0.006779 
520542800993003 0.003398 0.000764 0.006779 
520542821560763 0.003398 0.000764 0.006779 
520542842127117 0.003398 0.000764 0.006779 
520542862694513 0.003398 0.000764 0.006779 
520542883262795 0.003398 0.000764 0.006779 
520542903830137 0.003398 0.000764 0.006779 
520542924397638 0.003398 0.000764 0.006779 
520542944964669 0.003398 0.000764 0.006779 
520542965532482 0.003398 0.000764 0.006779 
520542986099409 0.003398 0.000764 0.006779 
520543006666805 0.003398 0.000764 0.006779 
520543027234253 0.003398 0.000764 0.006779 
520543047802221 0.003398 0.000764 0.006779 
520543068369044 0.003398 0.000764 0.006779 
520543088937065 0.003398 0.000764 0.006779 
520543109504825 0.003398 0.000764 0.006779 
520543130071961 0.003398 0.000764 0.006779 
520543150638992 0.003398 0.000764 0.006779 
520543171206336 0.003398 0.000764 0.006779 
520543191773576 0.003398 0.000764 0.006779 
520543212340607 0.003398 0.000764 0.006779 
520543232907534 0.003398 0.000764 0.006779 
520543253474982 0.003398 0.000764 0.006779 
520543274041753 0.003398 0.000764 0.006779 
520543294609461 0.003398 0.000764 0.006779 
520543315176804 0.003398 0.000764 0.006779 
520543335745294 0.003398 0.000764 0.006779 
520543356312742 0.003398 0.000764 0.006779 
520543376880971 0.003398 0.000764 0.006779 
520543397448263 0.003398 0.000764 0.006779 
520543418016284 0.003398 0.000764 0.006779 
520543438583211 0.003398 0.000764 0.006779 
520543459151283 0.003398 0.000764 0.006779 
520543479718055 0.003398 0.000764 0.006779 
520543500286128 0.003398 0.000764 0.006779 
520543520853472 0.003398 0.000764 0.006779 
520543541421388 0.003398 0.000764 0.006779 
520543561988836 0.003398 0.000764 0.006779 
520543582554357 0.003398 0.000764 0.006779 
520543603121961 0.003398 0.000764 0.006779 
520543623689253 0.003398 0.000764 0.006779 
520543644256492 0.003398 0.000764 0.006779 
520543664823471 0.003398 0.000764 0.006779 
520543685391648 0.003398 0.000764 0.006779 
520543705959096 0.003398 0.000764 0.006779 
520543726527117 0.003398 0.000764 0.006779 
520543747094096 0.003398 0.000764 0.006779 
520543767662586 0.003398 0.000764 0.006779 
520543788229461 0.003398 0.000764 0.006779 
520543808796960 0.003398 0.000764 0.006779 
520543829364096 0.003398 0.000764 0.006779 
520543849931752 0.003398 0.000764 0.006779 
520543870498940 0.003398 0.000764 0.006779 
520543891067533 0.003398 0.000764 0.006779 
520543911634460 0.003398 0.000764 0.006779 
520543932202325 0.003398 0.000764 0.006779 
520543952768888 0.003398 0.000764 0.006779 
520543973337117 0.003398 0.000764 0.006779 
520543993903888 0.003398 0.000764 0.006779 
520544014472013 0.003398 0.000764 0.006779 
520544035039044 0.003398 0.000764 0.006779 
520544055606128 0.003398 0.000764 0.006779 
520544076173680 0.003398 0.000764 0.006779 
520544096741284 0.003398 0.000764 0.006779 
520544117308784 0.003398 0.000764 0.006779 
520544137877637 0.003398 0.000764 0.006779 
520544158444199 0.003398 0.000764 0.006779 
520544179011127 0.003398 0.000764 0.006779 
520544199578679 0.003398 0.000764 0.006779 
520544220146856 0.003398 0.000764 0.006779 
520544240713835 0.003398 0.000764 0.006779 
520544261281179 0.003398 0.000764 0.006779 
520544281848626 0.003398 0.000764 0.006779 
520544302416023 0.003398 0.000764 0.006779 
520544322983523 0.003398 0.000764 0.006779 
520544343551022 0.003398 0.000764 0.006779 
520544364118367 0.003398 0.000764 0.006779 
520544384685710 0.003398 0.000764 0.006779 
520544405253887 0.003398 0.000764 0.006779 
520544425821700 0.003398 0.000764 0.006779 
520544446389877 0.003398 0.000764 0.006779 
520544466956440 0.003398 0.000764 0.006779 
520544487524252 0.003398 0.000764 0.006779 
520544508091126 0.003398 0.000764 0.006779 
520544528658992 0.003398 0.000764 0.006779 
520544549226647 0.003398 0.000764 0.006779 
520544569794043 0.003398 0.000764 0.006779 
520544590361491 0.003398 0.000764 0.006779 
520544610929981 0.003398 0.000764 0.006779 
520544631496804 0.003398 0.000764 0.006779 
520544652063471 0.003398 0.000764 0.006779 
520544672631023 0.003398 0.000764 0.006779 
520544693198991 0.003398 0.000764 0.006779 
520544713766022 0.003398 0.000764 0.006779 
520544734333991 0.003398 0.000764 0.006779 
520544754902012 0.003398 0.000764 0.006779 
520544775468627 0.003398 0.000764 0.006779 
520544796034825 0.003398 0.000764 0.006779 
520544816603158 0.003398 0.000764 0.006779 
520544837171231 0.003398 0.000764 0.006779 
520544857739252 0.003398 0.000764 0.006779 
520544878306855 0.003398 0.000764 0.006779 
520544898874096 0.003398 0.000764 0.006779 
520544919440867 0.003398 0.000764 0.006779 
520544940008418 0.003398 0.000764 0.006779 
520544960575970 0.003398 0.000764 0.006779 
520544981143939 0.003398 0.000764 0.006779 
520545001712533 0.003398 0.000764 0.006779 
520545022278627 0.003398 0.000764 0.006779 
520545042846960 0.003398 0.000764 0.006779 
520545063413679 0.003398 0.000764 0.006779 
520545083981439 0.003398 0.000764 0.006779 
520545104548731 0.003398 0.000764 0.006779 
520545125117325 0.003398 0.000764 0.006779 
520545145684564 0.003398 0.000764 0.006779 
520545166251543 0.003398 0.000764 0.006779 
520545186819043 0.003398 0.000764 0.006779 
520545207387220 0.003398 0.000764 0.006779 
520545227953834 0.003398 0.000764 0.006779 
520545248521284 0.003398 0.000764 0.006779 
520545269088367 0.003398 0.000764 0.006779 
520545289657169 0.003398 0.000764 0.006779 
520545310223991 0.003398 0.000764 0.006779 
520545330791388 0.003398 0.000764 0.006779 
520545351358002 0.003398 0.000764 0.006779 
520545371926283 0.003398 0.000764 0.006779 
520545392493314 0.003398 0.000764 0.006779 
520545413060762 0.003398 0.000764 0.006779 
520545433628679 0.003398 0.000764 0.006779 
520545454196595 0.003398 0.000764 0.006779 
520545474763835 0.003398 0.000764 0.006779 
520545495332117 0.003398 0.000764 0.006779 
520545515898939 0.003398 0.000764 0.006779 
520545536466335 0.003398 0.000764 0.006779 
520545557033939 0.003398 0.000764 0.006779 
520545577601907 0.003398 0.000764 0.006779 
520545598169720 0.003398 0.000764 0.006779 
520545618737272 0.003398 0.000764 0.006779 
520545639305397 0.003398 0.000764 0.006779 
520545659872480 0.003398 0.000764 0.006779 
520545680438887 0.003398 0.000764 0.006779 
520545701006803 0.003398 0.000764 0.006779 
520545721573991 0.003398 0.000764 0.006779 
520545742141178 0.003398 0.000764 0.006779 
520545762708730 0.003398 0.000764 0.006779 
520545783276126 0.003398 0.000764 0.006779 
520545803843678 0.003398 0.000764 0.006779 
520545824411126 0.003398 0.000764 0.006779 
520545844979044 0.003398 0.000764 0.006779 
520545865546231 0.003398 0.000764 0.006779 
520545886113887 0.003398 0.000764 0.006779 
520545906681336 0.003398 0.000764 0.006779 
520545927249148 0.003398 0.000764 0.006779 
520545947816491 0.003398 0.000764 0.006779 
520545968384304 0.003398 0.000764 0.006779 
520545988951491 0.003398 0.000764 0.006779 
520546009519355 0.003398 0.000764 0.006779 
520546030086699 0.003398 0.000764 0.006779 
520546050657897 0.003398 0.000764 0.006779 
520546071222324 0.003398 0.000764 0.006779 
520546091791439 0.003398 0.000764 0.006779 
520546112358366 0.003398 0.000764 0.006779 
520546132926178 0.003398 0.000764 0.006779 
520546153493418 0.003398 0.000764 0.006779 
520546174059668 0.003398 0.000764 0.006779 
520546194628835 0.003398 0.000764 0.006779 
520546215194981 0.003398 0.000764 0.006779 
520546235763523 0.003398 0.000764 0.006779 
520546256330866 0.003398 0.000764 0.006779 
520546276897845 0.003398 0.000764 0.006779 
520546297465710 0.003398 0.000764 0.006779 
520546318032794 0.003398 0.000764 0.006779 
520546338602116 0.003398 0.000764 0.006779 
520546359167897 0.003398 0.000764 0.006779 
520546379735657 0.003398 0.000764 0.006779 
520546400303105 0.003398 0.000764 0.006779 
520546420870710 0.003398 0.000764 0.006779 
520546441438105 0.003398 0.000764 0.006779 
520546462007792 0.003398 0.000764 0.006779 
520546482574095 0.003398 0.000764 0.006779 
520546503141542 0.003398 0.000764 0.006779 
520546523708158 0.003398 0.000764 0.006779 
520546544275762 0.003398 0.000764 0.006779 
520546564842689 0.003398 0.000764 0.006779 
520546585410241 0.003398 0.000764 0.006779 
520546605978522 0.003398 0.000764 0.006779 
520546626546386 0.003398 0.000764 0.006779 
520546647114876 0.003398 0.000764 0.006779 
520546667681908 0.003398 0.000764 0.006779 
520546688248678 0.003398 0.000764 0.006779 
520546708816595 0.003398 0.000764 0.006779 
520546729387949 0.003398 0.000764 0.006779 
520546749954199 0.003398 0.000764 0.006779 
520546770518314 0.003398 0.000764 0.006779 
520546791085918 0.003398 0.000764 0.006779 
520546811653366 0.003398 0.000764 0.006779 
520546832221023 0.003398 0.000764 0.006779 
520546852788523 0.003398 0.000764 0.006779 
520546873356126 0.003398 0.000764 0.006779 
520546893923522 0.003398 0.000764 0.006779 
520546914491126 0.003398 0.000764 0.006779 
520546935058782 0.003398 0.000764 0.006779 
520546955626022 0.003398 0.000764 0.006779 
520546976193730 0.003398 0.000764 0.006779 
520546996761074 0.003398 0.000764 0.006779 
