# Created at Thu Nov 07 17:54:57 EST 2019 in Burnaby Canada 
520458940187326 1013.137695 
520458980185399 1013.154297 
520459020185243 1013.150635 
520459060185087 1013.124512 
520459100185764 1013.192871 
520459140185712 1013.157227 
520459180185191 1013.153564 
520459220185295 1013.124512 
520459260185347 1013.180664 
520459300185764 1013.159180 
520459340185191 1013.156982 
520459380185295 1013.156738 
520459420185347 1013.129395 
520459460185399 1013.202637 
520459500185243 1013.123535 
520459540185295 1013.167236 
520459580185399 1013.157959 
520459620185242 1013.186523 
520459660185243 1013.095947 
520459700185191 1013.165527 
520459740187430 1013.056396 
520459780186753 1013.156494 
520459820185607 1013.101563 
520459860185398 1013.200195 
520459900185867 1013.135498 
520459940187065 1013.223145 
520459980186910 1013.128906 
520460020187117 1013.195801 
520460060185971 1013.147217 
520460100186909 1013.198975 
520460140186701 1013.092041 
520460180186857 1013.182861 
520460220187586 1013.137207 
520460260187326 1013.174561 
520460300187065 1013.176270 
520460340187430 1013.270264 
520460380187586 1013.523926 
520460420186857 1013.268066 
520460460187638 1013.177002 
520460500186961 1013.191162 
520460540186961 1013.271484 
520460580187065 1013.275879 
520460620186649 1013.534912 
520460660187118 1013.420654 
520460700186857 1013.316406 
520460740187273 1013.344727 
520460780187169 1013.349121 
520460820186857 1013.380371 
520460860187690 1013.366699 
520460900187169 1013.071289 
520460940187950 1013.201416 
520460980187065 1013.285645 
520461020187117 1013.080811 
520461060187430 1012.870850 
520461100187065 1012.834473 
520461140186701 1012.934814 
520461180186909 1013.413086 
520461220185503 1013.318115 
520461260185971 1013.005371 
520461300185711 1012.731934 
520461340186179 1012.580566 
520461380187065 1012.645752 
520461420186804 1012.870850 
520461460186753 1013.045898 
520461500186492 1013.278076 
520461540185815 1013.441406 
520461580186076 1013.230469 
520461620185190 1012.930664 
520461660185450 1012.806152 
520461700185554 1012.986328 
520461740186023 1012.986572 
520461780186127 1012.790283 
520461820186023 1013.053467 
520461860186960 1013.178955 
520461900186023 1012.882324 
520461940186024 1013.088379 
520461980186544 1013.246826 
520462020185346 1013.231445 
520462060185971 1013.094971 
520462100187221 1013.099609 
520462140186023 1013.084961 
520462180185711 1013.144775 
520462220186180 1013.057617 
520462260185866 1013.153076 
520462300185607 1013.176514 
520462340185555 1013.203369 
520462380186179 1013.143066 
520462420186231 1013.205078 
520462460185815 1013.225098 
520462500185762 1013.081299 
520462540186231 1013.162598 
520462580186388 1013.282715 
520462620186231 1013.159424 
520462660186179 1013.195557 
520462700186023 1012.959229 
520462740186127 1013.007324 
520462780185867 1013.037354 
520462820185970 1013.130371 
520462860186335 1013.165283 
520462900186022 1013.151611 
520462940186075 1013.100098 
520462980186336 1013.097412 
520463020186075 1013.043213 
520463060186075 1013.051758 
520463100187898 1013.133545 
520463140186075 1013.146240 
520463180185762 1013.142334 
520463220186231 1013.143555 
520463260185658 1013.099609 
520463300185293 1013.081787 
520463340185085 1013.074463 
520463380185293 1013.074463 
520463420185814 1013.108154 
520463460186023 1012.994873 
520463500186283 1013.044434 
520463540186179 1013.093506 
520463580185971 1013.053955 
520463620186022 1013.073975 
520463660185345 1013.139893 
520463700185241 1013.167480 
520463740185293 1013.127197 
520463780185502 1013.122803 
520463820185189 1013.156738 
520463860185293 1013.106689 
520463900185137 1013.109619 
520463940185033 1013.128906 
520463980185606 1013.082275 
520464020185501 1013.102051 
520464060186908 1013.099121 
520464100186907 1013.129639 
520464140185970 1013.114014 
520464180186439 1013.122070 
520464220186960 1013.137695 
520464260185866 1013.106201 
520464300185502 1013.083252 
520464340186230 1013.126465 
520464380186074 1013.126465 
520464420187116 1013.076904 
520464460187012 1013.107422 
520464500185814 1013.135254 
520464540185605 1013.102539 
520464580186022 1013.111084 
520464620187168 1013.088867 
520464660186647 1013.131836 
520464700186960 1013.118652 
520464740186074 1013.071045 
520464780185293 1013.114258 
520464820185657 1013.215576 
520464860185188 1013.327881 
520464900185293 1013.226563 
520464940185084 1012.982422 
520464980185137 1013.030518 
