# Created at Thu Nov 07 17:54:57 EST 2019 in Burnaby Canada 
520540949925763 0.872379 -0.066477 0.484233 0.007328 
520540970493159 0.872368 -0.066429 0.484260 0.007354 
520540991058472 0.872341 -0.066355 0.484319 0.007347 
520541011625868 0.872332 -0.066316 0.484340 0.007368 
520541032193316 0.872318 -0.066275 0.484371 0.007370 
520541052760764 0.872315 -0.066256 0.484378 0.007390 
520541073328004 0.872308 -0.066222 0.484395 0.007415 
520541093895399 0.872313 -0.066228 0.484384 0.007435 
520541114465138 0.872319 -0.066239 0.484373 0.007442 
520541135032534 0.872311 -0.066214 0.484389 0.007450 
520541155597587 0.872294 -0.066173 0.484426 0.007434 
520541176164983 0.872278 -0.066135 0.484460 0.007418 
520541196732587 0.872283 -0.066140 0.484452 0.007433 
520541217299982 0.872281 -0.066131 0.484456 0.007439 
520541237867274 0.872268 -0.066093 0.484484 0.007442 
520541258434722 0.872265 -0.066069 0.484492 0.007470 
520541279002118 0.872265 -0.066071 0.484492 0.007465 
520541299569566 0.872270 -0.066064 0.484483 0.007508 
520541320136858 0.872294 -0.066110 0.484433 0.007551 
520541340704253 0.872313 -0.066151 0.484394 0.007576 
520541361271752 0.872320 -0.066154 0.484379 0.007612 
520541381838993 0.872327 -0.066146 0.484367 0.007666 
520541402406389 0.872349 -0.066174 0.484324 0.007729 
520541422973837 0.872333 -0.066134 0.484358 0.007716 
520541443541233 0.872302 -0.066094 0.484420 0.007625 
520541464108785 0.872310 -0.066115 0.484402 0.007631 
520541484676180 0.872324 -0.066135 0.484375 0.007667 
520541505243472 0.872308 -0.066109 0.484408 0.007627 
520541525810868 0.872309 -0.066110 0.484405 0.007632 
520541546378160 0.872325 -0.066131 0.484372 0.007683 
520541566945556 0.872343 -0.066164 0.484335 0.007719 
520541587513420 0.872343 -0.066158 0.484335 0.007732 
520541608080815 0.872344 -0.066150 0.484335 0.007748 
520541628648419 0.872370 -0.066210 0.484280 0.007777 
520541649215815 0.872366 -0.066192 0.484289 0.007789 
520541669782639 0.872336 -0.066102 0.484354 0.007799 
520541690350035 0.872205 -0.065761 0.484639 0.007721 
520541710917483 0.871606 -0.065585 0.485737 0.007813 
520541731484878 0.870330 -0.064187 0.488212 0.007406 
520541752053784 0.869207 -0.063372 0.490315 0.007371 
520541772621180 0.868470 -0.062943 0.491680 0.006993 
520541793189826 0.867746 -0.062288 0.493049 0.006376 
520541813757222 0.867344 -0.061710 0.493833 0.005844 
520541834322066 0.867554 -0.060904 0.493574 0.005070 
520541854889462 0.868613 -0.059885 0.491841 0.004227 
520541875457430 0.868896 -0.058630 0.491501 0.002985 
520541896024878 0.868561 -0.057524 0.492226 0.002298 
520541916592430 0.868313 -0.056509 0.492785 0.001693 
520541937159826 0.867940 -0.055771 0.493527 0.000784 
520541957728367 -0.867517 0.055104 -0.494346 0.000045 
520541978295815 -0.867221 0.054628 -0.494918 0.000770 
520541998862743 -0.867178 0.054378 -0.495018 0.001321 
520542019430138 -0.867333 0.054598 -0.494721 0.001658 
520542039996441 -0.867498 0.055005 -0.494387 0.001830 
520542060563889 -0.867681 0.055278 -0.494036 0.001882 
520542081133316 -0.867888 0.055486 -0.493648 0.001879 
520542101700712 -0.868135 0.054050 -0.493370 0.002713 
520542122270139 -0.868228 0.055566 -0.493042 0.001613 
520542142835086 -0.868396 0.055789 -0.492721 0.001100 
520542163402481 -0.868477 0.055637 -0.492596 0.000780 
520542183969773 -0.868442 0.055514 -0.492674 0.000482 
520542204537221 -0.868397 0.055329 -0.492773 0.000143 
520542225104513 0.868344 -0.055100 0.492892 0.000284 
520542245671961 0.868279 -0.054408 0.493083 0.000338 
520542266239358 0.868251 -0.054407 0.493133 0.000704 
520542286806754 0.868247 -0.053632 0.493225 0.000224 
520542307374565 -0.867869 0.052819 -0.493977 0.000031 
520542327941961 -0.867481 0.052223 -0.494722 0.000223 
520542348509201 -0.867141 0.052251 -0.495314 0.000070 
520542369076597 0.865693 -0.051796 0.497887 0.000942 
520542389643889 0.864352 -0.050636 0.500330 0.001237 
520542410211337 0.864437 -0.050876 0.500161 0.000306 
520542430778316 -0.865227 0.051662 -0.498711 0.000210 
520542451345712 -0.865676 0.052016 -0.497895 0.000306 
520542471912898 -0.866281 0.052661 -0.496773 0.000303 
520542492480294 0.866773 -0.053539 0.495821 0.000187 
520542513048315 0.866309 -0.053612 0.496622 0.001375 
520542533615711 0.866412 -0.053640 0.496438 0.001618 
520542554183003 0.867223 -0.054882 0.494885 0.000982 
520542574750399 0.866237 -0.054704 0.496628 0.001471 
520542595318107 0.866504 -0.054569 0.496171 0.002690 
520542615885555 0.866328 -0.054530 0.496477 0.003672 
520542636453263 0.866559 -0.054516 0.496076 0.003511 
520542657020711 0.867645 -0.055063 0.494112 0.003653 
520542677587847 0.867018 -0.054246 0.495310 0.002365 
520542698155243 0.866084 -0.054160 0.496952 0.001840 
520542718722742 0.865849 -0.053928 0.497388 0.001648 
520542739290190 0.866187 -0.053984 0.496786 0.003143 
520542759858107 0.866168 -0.053671 0.496850 0.003437 
520542780425555 0.865477 -0.053450 0.498081 0.002677 
520542800992274 0.863421 -0.052672 0.501723 0.002107 
520542821559670 0.862371 -0.052589 0.503535 0.001877 
520542842127065 0.861761 -0.052997 0.504533 0.002416 
520542862695241 0.861314 -0.053082 0.505285 0.002704 
520542883262689 0.861781 -0.053717 0.504423 0.002267 
520542903829773 0.861772 -0.054407 0.504368 0.001173 
520542924397221 0.860517 -0.055173 0.506425 0.000108 
520542944964565 -0.859560 0.056264 -0.507927 0.001020 
520542965532013 -0.860807 0.059543 -0.505435 0.001348 
520542986099357 -0.862170 0.061708 -0.502848 0.000350 
520543006666805 -0.863556 0.063784 -0.500201 0.000958 
520543027234149 -0.863637 0.063979 -0.500036 0.001398 
520543047801596 -0.863376 0.062829 -0.500629 0.002128 
520543068369929 -0.864653 0.064147 -0.498244 0.003570 
520543088937377 -0.867711 0.066381 -0.492587 0.005436 
520543109504096 -0.871707 0.069778 -0.484955 0.008766 
520543130071544 -0.875460 0.070394 -0.478037 0.009729 
520543150638680 -0.877128 0.069028 -0.475211 0.007476 
520543171206128 -0.877738 0.065509 -0.474634 0.002510 
520543191772638 0.875339 -0.062948 0.479394 0.000078 
520543212340086 -0.872223 0.062762 -0.485065 0.000741 
520543232906857 -0.870546 0.063123 -0.488021 0.000996 
520543253474305 -0.870474 0.063674 -0.488073 0.002302 
520543274041857 -0.871908 0.064795 -0.485349 0.003792 
520543294609304 -0.872281 0.064959 -0.484636 0.005809 
520543315177846 -0.871545 0.065094 -0.485895 0.008840 
520543335745294 -0.869950 0.063625 -0.488864 0.012291 
520543356313367 -0.870141 0.060817 -0.488748 0.016798 
520543376880815 -0.873674 0.058746 -0.482315 0.024796 
520543397448263 -0.877518 0.058365 -0.474661 0.035408 
520543418015711 -0.878457 0.057834 -0.471986 0.046887 
520543438583159 -0.879180 0.055070 -0.469297 0.061401 
520543459150607 -0.883205 0.047513 -0.460192 0.076907 
520543479718524 -0.889659 0.036583 -0.445146 0.094941 
520543500286440 -0.893956 0.027950 -0.431740 0.116884 
520543520853940 -0.895371 0.021711 -0.421807 0.141135 
520543541419409 -0.897289 0.013186 -0.410181 0.162637 
520543561986857 -0.899355 0.004595 -0.398431 0.179978 
520543582554305 -0.895354 0.006250 -0.396216 0.203260 
520543603121753 -0.886588 0.016322 -0.403390 0.225770 
520543623688576 -0.877576 0.022317 -0.412166 0.243889 
520543644256023 -0.868899 0.023538 -0.421680 0.258161 
520543664824148 -0.858768 0.019598 -0.432932 0.273318 
520543685391648 -0.847066 0.013483 -0.442791 0.293655 
520543705959148 -0.834237 0.004212 -0.449915 0.318759 
520543726526648 -0.814891 -0.003428 -0.460563 0.351885 
520543747094513 -0.787445 -0.009612 -0.476586 0.390772 
520543767662013 -0.755251 -0.020181 -0.491286 0.433389 
520543788229148 -0.729068 -0.042362 -0.492500 0.473401 
520543808796648 -0.724407 -0.072990 -0.474036 0.495173 
520543829363992 -0.722987 -0.089959 -0.463532 0.504317 
520543849931440 -0.715287 -0.090837 -0.467650 0.511289 
520543870499512 -0.707746 -0.089014 -0.474081 0.516159 
520543891066960 -0.705555 -0.107144 -0.469060 0.520283 
520543911633940 -0.705191 -0.135761 -0.462805 0.519698 
520543932201440 -0.703151 -0.153854 -0.473124 0.507998 
520543952768940 -0.702332 -0.169512 -0.493380 0.484326 
520543973336440 -0.702665 -0.190047 -0.515475 0.452139 
520543993904096 -0.697917 -0.209111 -0.542786 0.417813 
520544014471596 -0.686130 -0.224837 -0.573866 0.386460 
520544035038680 -0.668735 -0.244822 -0.604036 0.357766 
520544055606180 -0.647681 -0.271695 -0.632490 0.326570 
520544076173836 -0.614899 -0.294898 -0.669022 0.295542 
520544096741284 -0.562966 -0.308998 -0.716129 0.273403 
520544117309252 -0.508266 -0.322030 -0.756250 0.256999 
520544137876699 -0.465698 -0.343592 -0.781001 0.234748 
520544158443679 -0.434993 -0.373422 -0.793891 0.202665 
520544179011179 -0.409893 -0.395954 -0.803201 0.173422 
520544199578887 -0.377676 -0.407266 -0.816115 0.159532 
520544220146335 -0.342459 -0.413775 -0.828384 0.159037 
520544240713626 -0.315371 -0.419156 -0.837246 0.154495 
520544261281075 -0.296568 -0.420874 -0.845644 0.140711 
520544281848575 -0.280585 -0.418187 -0.854732 0.125803 
520544302416022 -0.272090 -0.413428 -0.861626 0.112454 
520544322983522 -0.265850 -0.408793 -0.866706 0.105041 
520544343550710 -0.255326 -0.404788 -0.871575 0.106362 
520544364118210 -0.246353 -0.400819 -0.876282 0.103847 
520544384686752 -0.239700 -0.397064 -0.880872 0.094597 
520544405254200 -0.230062 -0.391900 -0.886974 0.082236 
520544425821440 -0.217024 -0.385038 -0.894259 0.070331 
520544446388940 -0.200378 -0.379542 -0.901112 0.061589 
520544466956126 -0.186011 -0.376989 -0.905765 0.053567 
520544487523626 -0.182882 -0.375358 -0.907865 0.037956 
520544508091647 -0.184188 -0.370526 -0.910316 0.010463 
520544528659147 0.181786 0.358859 0.915321 0.019021 
520544549226543 0.172309 0.343285 0.922377 0.041054 
520544569793991 0.163802 0.328189 0.928572 0.056703 
520544590361804 0.159535 0.316716 0.932371 0.070174 
520544610929304 0.150326 0.308716 0.935698 0.081030 
520544631496023 0.137626 0.302861 0.938861 0.088741 
520544652063523 0.130196 0.297796 0.940778 0.096452 
520544672631022 0.128869 0.294554 0.941083 0.104847 
520544693198522 0.119806 0.295180 0.941620 0.108936 
520544713767012 0.101229 0.295293 0.943734 0.109180 
520544734334512 0.081167 0.292095 0.946129 0.113722 
520544754899825 0.086656 0.279576 0.947952 0.125359 
520544775467325 0.098439 0.258920 0.951152 0.136310 
520544796036179 0.089512 0.238870 0.956711 0.140115 
520544816603731 0.071074 0.220640 0.963060 0.137048 
520544837171855 0.064581 0.199706 0.967560 0.140621 
520544857739355 0.053346 0.191753 0.968754 0.147991 
520544878305867 0.060390 0.188379 0.966427 0.163970 
520544898873367 0.073415 0.187432 0.962269 0.183076 
520544919440970 0.077586 0.194008 0.958355 0.194674 
520544940008470 0.072329 0.208123 0.955294 0.197149 
520544960577481 0.059581 0.225191 0.953449 0.191507 
520544981143627 0.047706 0.240345 0.952609 0.180261 
520545001711127 0.038188 0.253067 0.952623 0.164338 
520545022278679 0.021690 0.261699 0.953636 0.147040 
520545042846179 0.002834 0.258730 0.955873 0.139134 
520545063413679 -0.012125 0.244647 0.959599 0.138461 
520545083981179 -0.025416 0.225278 0.964111 0.138180 
520545104549564 -0.038226 0.205887 0.968615 0.133919 
520545125117064 -0.045983 0.189975 0.972733 0.124840 
520545145683991 -0.051809 0.180305 0.975521 0.114735 
520545166251491 -0.055995 0.176285 0.976703 0.108807 
520545186818834 -0.054383 0.175113 0.977196 0.107078 
520545207386334 -0.044443 0.176139 0.977755 0.104859 
520545227953314 -0.031782 0.181434 0.977567 0.102145 
520545248520867 -0.022404 0.194183 0.975748 0.098526 
520545269088991 -0.017202 0.213368 0.972061 0.096313 
520545289656491 -0.010577 0.236235 0.966714 0.097697 
520545310222950 -0.002982 0.259800 0.960185 0.102664 
520545330790502 0.000614 0.280985 0.953851 0.105906 
520545351358262 -0.001744 0.297042 0.949224 0.103618 
520545371925814 -0.006438 0.308465 0.946333 0.096241 
520545392493627 -0.009163 0.319529 0.943626 0.085945 
520545413061127 -0.000599 0.335098 0.938753 0.080319 
520545433628835 0.017977 0.355334 0.931052 0.080974 
520545454196335 0.037949 0.373941 0.922996 0.082496 
520545474763887 0.053514 0.386643 0.917207 0.079843 
520545495331439 0.063249 0.393740 0.913958 0.075162 
520545515898887 0.067366 0.396816 0.912646 0.071251 
520545536466439 0.065685 0.396485 0.913046 0.069515 
520545557034668 0.059639 0.393549 0.914764 0.069057 
520545577602220 0.052223 0.388743 0.917408 0.067195 
520545598170345 0.047036 0.382520 0.920579 0.063243 
520545618737845 0.045254 0.374712 0.924170 0.058770 
520545639303835 0.045824 0.366428 0.927735 0.054200 
520545659871335 0.049137 0.359533 0.930345 0.052733 
520545680438939 0.053457 0.354908 0.931825 0.053714 
520545701006126 0.055580 0.351638 0.932853 0.055205 
520545721573678 0.054462 0.348868 0.933937 0.055557 
520545742141074 0.052136 0.346193 0.935118 0.054653 
520545762708626 0.050010 0.343769 0.936197 0.053454 
520545783276074 0.049103 0.342796 0.936637 0.052836 
520545803843626 0.049484 0.343912 0.936247 0.052132 
520545824411126 0.050278 0.346881 0.935113 0.052046 
520545844978679 0.050443 0.350565 0.933753 0.051633 
520545865546284 0.049734 0.353873 0.932614 0.050306 
520545886113784 0.049437 0.356709 0.931605 0.049269 
520545906681439 0.050301 0.359759 0.930412 0.048757 
520545927248939 0.052086 0.363136 0.928992 0.048916 
520545947816439 0.053114 0.366414 0.927649 0.048851 
520545968383991 0.053452 0.368927 0.926625 0.049001 
520545988951595 0.053802 0.370609 0.925938 0.048925 
520546009519147 0.054916 0.372192 0.925247 0.048734 
520546030087272 0.056095 0.374477 0.924278 0.048269 
520546050654772 0.057653 0.376501 0.923366 0.048148 
520546071223314 0.059720 0.377825 0.922631 0.049342 
520546091790866 0.060191 0.378526 0.922260 0.050313 
520546112358366 0.058940 0.378440 0.922345 0.050887 
520546132925918 0.058114 0.377755 0.922685 0.050752 
520546153493731 0.059243 0.376930 0.922954 0.050699 
520546174061283 0.061302 0.376358 0.923024 0.051220 
520546194628470 0.062834 0.375901 0.923049 0.052257 
520546215196023 0.062624 0.375732 0.923074 0.053279 
520546235762741 0.061474 0.375869 0.923023 0.054517 
520546256330293 0.060955 0.376203 0.922870 0.055377 
520546276897742 0.061708 0.376551 0.922643 0.055963 
520546297465294 0.062953 0.376486 0.922584 0.055985 
520546318032793 0.063302 0.376124 0.922717 0.055826 
520546338600345 0.062309 0.376230 0.922735 0.055939 
520546359168001 0.061740 0.376138 0.922786 0.056344 
520546379735553 0.061944 0.376587 0.922561 0.056800 
520546400303053 0.062481 0.377539 0.922106 0.057286 
520546420870553 0.061879 0.377991 0.921968 0.057178 
520546441438782 0.060762 0.377717 0.922164 0.057017 
520546462006438 0.060449 0.377573 0.922234 0.057175 
520546482573990 0.060539 0.377764 0.922160 0.057007 
520546503140657 0.060181 0.377924 0.922132 0.056775 
520546523708210 0.059328 0.377706 0.922287 0.056617 
520546544275189 0.059022 0.377643 0.922330 0.056649 
520546564842689 0.059510 0.378167 0.922082 0.056684 
520546585411282 0.060022 0.378540 0.921866 0.057164 
520546605978834 0.059705 0.378244 0.922002 0.057268 
520546626546804 0.059487 0.377912 0.922137 0.057502 
520546647114356 0.059067 0.377892 0.922186 0.057283 
520546667681491 0.058697 0.377778 0.922279 0.056911 
520546688249043 0.060004 0.377847 0.922032 0.059065 
520546708819095 0.060564 0.377981 0.921952 0.058879 
520546729386647 0.060105 0.377711 0.922147 0.058022 
520546749950813 0.059519 0.377066 0.922447 0.058060 
520546770518365 0.058873 0.376399 0.922746 0.058284 
520546791085919 0.057988 0.376413 0.922742 0.059150 
520546811653471 0.057053 0.377312 0.922352 0.060385 
520546832221022 0.058883 0.378690 0.921569 0.061942 
520546852788574 0.060348 0.378896 0.921354 0.062477 
520546873356022 0.060941 0.376870 0.922057 0.063762 
520546893923574 0.062385 0.374212 0.922795 0.067249 
520546914490918 0.061338 0.371149 0.923941 0.069422 
520546935058470 0.057945 0.367949 0.925296 0.071293 
520546955625970 0.056903 0.366174 0.925874 0.073731 
520546976193522 0.058473 0.365184 0.926276 0.072349 
