# Created at Thu Nov 07 18:09:42 EST 2019 in Burnaby Canada 
521426740284853 0.000000 0.000000 0.000000 
521426760854436 0.000000 0.000000 0.000000 
521426781424487 0.000000 0.000000 0.000000 
521426801994644 0.000000 0.000000 0.000000 
521426822564228 0.000000 0.000000 0.000000 
521426843134592 0.000000 0.000000 0.000000 
521426863704540 0.000000 0.000000 0.000000 
521426884274957 0.000000 0.000000 0.000000 
521426904844123 0.000000 0.000000 0.000000 
521426925415112 0.000000 0.000000 0.000000 
521426945985218 0.000000 0.000000 0.000000 
521426966555426 0.000000 0.000000 0.000000 
521426987125947 0.000000 0.000000 0.000000 
521427007695686 0.000000 0.000000 0.000000 
521427028265999 0.000000 0.000000 0.000000 
521427048836207 0.000000 0.000000 0.000000 
521427069406467 0.000000 0.000000 0.000000 
521427089976675 0.000000 0.000000 0.000000 
521427110546416 0.000000 0.000000 0.000000 
521427131117665 0.000000 0.000000 0.000000 
521427151686988 0.000000 0.000000 0.000000 
521427172257039 0.000000 0.000000 0.000000 
521427192827040 0.000000 0.000000 0.000000 
521427213397613 0.000000 0.000000 0.000000 
521427233967561 0.000000 0.000000 0.000000 
521427254537822 0.000000 0.000000 0.000000 
521427275107926 0.000000 0.000000 0.000000 
521427295678238 0.000000 0.000000 0.000000 
521427316248186 0.000000 0.000000 0.000000 
521427336818707 0.000000 0.000000 0.000000 
521427357388759 0.000000 0.000000 0.000000 
521427377959383 0.000000 0.000000 0.000000 
521427398528863 0.000000 0.000000 0.000000 
521427419099280 0.000000 0.000000 0.000000 
521427439669644 0.000000 0.000000 0.000000 
521427460239540 0.000000 0.000000 0.000000 
521427480809800 0.000000 0.000000 0.000000 
521427501379592 0.000000 0.000000 0.000000 
521427521950113 0.000000 0.000000 0.000000 
521427542520164 0.000000 0.000000 0.000000 
521427563090633 0.000000 0.000000 0.000000 
521427583660322 0.000000 0.000000 0.000000 
521427604230790 0.000000 0.000000 0.000000 
521427624800894 0.000000 0.000000 0.000000 
521427645370842 0.000000 0.000000 0.000000 
521427665941051 0.000000 0.000000 0.000000 
521427686511363 0.000000 0.000000 0.000000 
521427707081727 0.000000 0.000000 0.000000 
521427727652040 0.000000 0.000000 0.000000 
521427748222248 0.000000 0.000000 0.000000 
521427768792404 0.000000 0.000000 0.000000 
521427789362561 0.000000 0.000000 0.000000 
521427809932614 0.000000 0.000000 0.000000 
521427830502717 0.000000 0.000000 0.000000 
521427851072821 0.000000 0.000000 0.000000 
521427871642665 0.000000 0.000000 0.000000 
521427892213603 0.000000 0.000000 0.000000 
521427912783655 0.000000 0.000000 0.000000 
521427933354592 0.000000 0.000000 0.000000 
521427953924228 0.000000 0.000000 0.000000 
521427974493915 0.000000 0.000000 0.000000 
521427995063967 0.000000 0.000000 0.000000 
521428015634435 0.000000 0.000000 0.000000 
521428036204123 0.000000 0.000000 0.000000 
521428056774800 0.000000 0.000000 0.000000 
521428077344436 0.000000 0.000000 0.000000 
521428097914591 0.000000 0.000000 0.000000 
521428118484749 0.000000 0.000000 0.000000 
521428139055009 0.000000 0.000000 0.000000 
521428159625164 0.000000 0.000000 0.000000 
521428180195321 0.000000 0.000000 0.000000 
521428200765738 0.000000 0.000000 0.000000 
521428221336102 0.000000 0.000000 0.000000 
521428241907560 0.000000 0.000000 0.000000 
521428262477873 0.000000 0.000000 0.000000 
521428283047925 0.000000 0.000000 0.000000 
521428303618185 0.000000 0.000000 0.000000 
521428324186780 0.000000 0.000000 0.000000 
521428344756779 0.000000 0.000000 0.000000 
521428365327509 0.000000 0.000000 0.000000 
521428385896987 0.000000 0.000000 0.000000 
521428406467144 0.000000 0.000000 0.000000 
521428427037561 0.000000 0.000000 0.000000 
521428447607560 0.000000 0.000000 0.000000 
521428468178342 0.000000 0.000000 0.000000 
521428488748082 0.000000 0.000000 0.000000 
521428509318133 0.000000 0.000000 0.000000 
521428529888549 0.000000 0.000000 0.000000 
521428550458551 0.000000 0.000000 0.000000 
521428571028862 0.000000 0.000000 0.000000 
521428591598914 0.000000 0.000000 0.000000 
521428612169071 0.000000 0.000000 0.000000 
521428632739123 0.000000 0.000000 0.000000 
521428653310529 0.000000 0.000000 0.000000 
521428673879905 0.000000 0.000000 0.000000 
521428694449905 0.000000 0.000000 0.000000 
521428715020373 0.000000 0.000000 0.000000 
521428735591310 0.000000 0.000000 0.000000 
521428756160633 0.000000 0.000000 0.000000 
521428776731362 0.000000 0.000000 0.000000 
521428797302404 0.000000 0.000000 0.000000 
521428817871571 0.000000 0.000000 0.000000 
521428838441102 0.000000 0.000000 0.000000 
521428859011310 0.000000 0.000000 0.000000 
521428879581519 0.000000 0.000000 0.000000 
521428900151676 0.000000 0.000000 0.000000 
521428920723810 0.000000 0.000000 0.000000 
521428941292873 0.000000 0.000000 0.000000 
521428961863967 0.000000 0.000000 0.000000 
521428982432508 0.000000 0.000000 0.000000 
521429003003132 0.000000 0.000000 0.000000 
521429023572821 0.000000 0.000000 0.000000 
521429044143862 0.000000 0.000000 0.000000 
521429064713132 0.000000 0.000000 0.000000 
521429085287457 0.000000 0.000000 0.000000 
521429105855841 0.000000 0.000000 0.000000 
521429126424539 0.000000 0.000000 0.000000 
521429146994747 0.000000 0.000000 0.000000 
521429167564800 0.000000 0.000000 0.000000 
521429188134852 0.000000 0.000000 0.000000 
521429208707404 0.000000 0.000000 0.000000 
521429229277039 0.000000 0.000000 0.000000 
521429249845842 0.000000 0.000000 0.000000 
521429270415841 0.000000 0.000000 0.000000 
521429290985998 0.000000 0.000000 0.000000 
521429311555998 0.000000 0.000000 0.000000 
521429332126205 0.000000 0.000000 0.000000 
521429352696884 0.000000 0.000000 0.000000 
521429373266779 0.000000 0.000000 0.000000 
521429393836831 0.000000 0.000000 0.000000 
521429414407196 0.000000 0.000000 0.000000 
521429434977404 0.000000 0.000000 0.000000 
521429455549279 0.000000 0.000000 0.000000 
521429476119435 0.000000 0.000000 0.000000 
521429496688029 0.000000 0.000000 0.000000 
521429517258081 0.000000 0.000000 0.000000 
521429537830164 0.000000 0.000000 0.000000 
521429558398550 0.000000 0.000000 0.000000 
521429578968758 0.000000 0.000000 0.000000 
521429599539174 0.000000 0.000000 0.000000 
521429620108914 0.000000 0.000000 0.000000 
521429640679539 0.000000 0.000000 0.000000 
521429661249435 0.000000 0.000000 0.000000 
521429681819852 0.000000 0.000000 0.000000 
521429702389799 0.000000 0.000000 0.000000 
521429722962247 0.000000 0.000000 0.000000 
521429743531727 0.000000 0.000000 0.000000 
521429764100373 0.000000 0.000000 0.000000 
521429784670841 0.000000 0.000000 0.000000 
521429805240946 0.000000 0.000000 0.000000 
521429825811154 0.000000 0.000000 0.000000 
521429846381361 0.000000 0.000000 0.000000 
521429866950529 0.000000 0.000000 0.000000 
521429887522039 0.000000 0.000000 0.000000 
521429908091778 0.000000 0.000000 0.000000 
521429928662404 0.000000 0.000000 0.000000 
521429949232299 0.000000 0.000000 0.000000 
521429969802612 0.000000 0.000000 0.000000 
521429990372717 0.000000 0.000000 0.000000 
521430010944539 0.000000 0.000000 0.000000 
521430031514851 0.000000 0.000000 0.000000 
521430052083446 0.000000 0.000000 0.000000 
521430072653550 0.000000 0.000000 0.000000 
521430093223810 0.000000 0.000000 0.000000 
521430113793967 0.000000 0.000000 0.000000 
521430134364591 0.000000 0.000000 0.000000 
521430154934279 0.000000 0.000000 0.000000 
521430175505477 0.000000 0.000000 0.000000 
521430196075060 0.000000 0.000000 0.000000 
521430216645529 0.000000 0.000000 0.000000 
521430237216570 0.000000 0.000000 0.000000 
521430257786466 0.000000 0.000000 0.000000 
521430278356674 0.000000 0.000000 0.000000 
521430298925893 0.000000 0.000000 0.000000 
521430319495998 0.000000 0.000000 0.000000 
521430340066258 0.000000 0.000000 0.000000 
521430360636726 0.000000 0.000000 0.000000 
521430381206466 0.000000 0.000000 0.000000 
521430401777455 0.000000 0.000000 0.000000 
521430422347039 0.000000 0.000000 0.000000 
521430442918185 0.000000 0.000000 0.000000 
521430463486257 0.000000 0.000000 0.000000 
521430484059174 0.000000 0.000000 0.000000 
521430504626726 0.000000 0.000000 0.000000 
521430525199643 0.000000 0.000000 0.000000 
521430545770059 0.000000 0.000000 0.000000 
521430566338393 0.000000 0.000000 0.000000 
521430586908705 0.000000 0.000000 0.000000 
521430607481517 0.000000 0.000000 0.000000 
521430628049435 0.000000 0.000000 0.000000 
521430648620528 0.000000 0.000000 0.000000 
521430669190945 0.000000 0.000000 0.000000 
521430689760581 0.000000 0.000000 0.000000 
521430710330737 0.000000 0.000000 0.000000 
521430730900893 0.000000 0.000000 0.000000 
521430751471101 0.000000 0.000000 0.000000 
521430772040789 0.000000 0.000000 0.000000 
521430792611154 0.000000 0.000000 0.000000 
521430813181726 0.000000 0.000000 0.000000 
521430833751518 0.000000 0.000000 0.000000 
521430854323029 0.000000 0.000000 0.000000 
521430874892925 0.000000 0.000000 0.000000 
521430895462976 0.000000 0.000000 0.000000 
521430916032091 0.000000 0.000000 0.000000 
521430936604070 0.000000 0.000000 0.000000 
521430957172456 0.000000 0.000000 0.000000 
521430977744070 0.000000 0.000000 0.000000 
521430998313497 0.000000 0.000000 0.000000 
521431018883288 0.000000 0.000000 0.000000 
521431039453549 0.000000 0.000000 0.000000 
521431060023549 0.000000 0.000000 0.000000 
521431080595424 0.000000 0.000000 0.000000 
521431101165216 0.000000 0.000000 0.000000 
521431121734747 0.000000 0.000000 0.000000 
521431142304486 0.000000 0.000000 0.000000 
521431162875164 0.000000 0.000000 0.000000 
521431183444799 0.000000 0.000000 0.000000 
521431204018132 0.000000 0.000000 0.000000 
521431224584122 0.000000 0.000000 0.000000 
521431245155841 0.000000 0.000000 0.000000 
521431265726413 0.000000 0.000000 0.000000 
521431286296205 0.000000 0.000000 0.000000 
521431306866309 0.000000 0.000000 0.000000 
521431327437455 0.000000 0.000000 0.000000 
521431348006622 0.000000 0.000000 0.000000 
521431368578341 0.000000 0.000000 0.000000 
521431389148756 0.000000 0.000000 0.000000 
521431409718757 0.000000 0.000000 0.000000 
521431430289747 0.000000 0.000000 0.000000 
521431450857559 0.000000 0.000000 0.000000 
521431471427404 0.000000 0.000000 0.000000 
521431491998445 0.000000 0.000000 0.000000 
521431512568601 0.000000 0.000000 0.000000 
521431533138861 0.000000 0.000000 0.000000 
521431553709538 0.000000 0.000000 0.000000 
521431574279226 0.000000 0.000000 0.000000 
521431594849278 0.000000 0.000000 0.000000 
521431615420319 0.000000 0.000000 0.000000 
521431635990892 0.000000 0.000000 0.000000 
521431656564227 0.000000 0.000000 0.000000 
521431677130216 0.000000 0.000000 0.000000 
521431697700476 0.000000 0.000000 0.000000 
521431718270789 0.000000 0.000000 0.000000 
521431738841882 0.000000 0.000000 0.000000 
521431759412350 0.000000 0.000000 0.000000 
521431779982404 0.000000 0.000000 0.000000 
521431800551413 0.000000 0.000000 0.000000 
521431821121569 0.000000 0.000000 0.000000 
521431841693028 0.000000 0.000000 0.000000 
521431862262194 0.000000 0.000000 0.000000 
521431882832455 0.000000 0.000000 0.000000 
521431903402663 0.000000 0.000000 0.000000 
521431923973913 0.000000 0.000000 0.000000 
521431944543131 0.000000 0.000000 0.000000 
521431965114017 0.000000 0.000000 0.000000 
521431985684903 0.000000 0.000000 0.000000 
521432006254329 0.000000 0.000000 0.000000 
521432026824435 0.000000 0.000000 0.000000 
521432047395007 0.000000 0.000000 0.000000 
521432067965111 0.000000 0.000000 0.000000 
521432088535008 0.000000 0.000000 0.000000 
521432109104538 0.000000 0.000000 0.000000 
521432129675059 0.000000 0.000000 0.000000 
521432150245060 0.000000 0.000000 0.000000 
521432170815788 0.000000 0.000000 0.000000 
521432191385371 0.000000 0.000000 0.000000 
521432211955997 0.000000 0.000000 0.000000 
521432232525840 0.000000 0.000000 0.000000 
521432253097142 0.000000 0.000000 0.000000 
521432273667455 0.000000 0.000000 0.000000 
521432294237506 0.000000 0.000000 0.000000 
521432314807819 0.000000 0.000000 0.000000 
521432335376101 0.000000 0.000000 0.000000 
521432355946361 0.000000 0.000000 0.000000 
521432376516465 0.000000 0.000000 0.000000 
521432397086674 0.000000 0.000000 0.000000 
521432417657715 0.000000 0.000000 0.000000 
521432438227089 0.000000 0.000000 0.000000 
521432458797195 0.000000 0.000000 0.000000 
521432479367507 0.000000 0.000000 0.000000 
521432499937610 0.000000 0.000000 0.000000 
521432520508653 0.000000 0.000000 0.000000 
521432541078653 0.000000 0.000000 0.000000 
521432561648235 0.000000 0.000000 0.000000 
521432582218341 0.000000 0.000000 0.000000 
521432602788861 0.000000 0.000000 0.000000 
521432623358809 0.000000 0.000000 0.000000 
521432643929174 0.000000 0.000000 0.000000 
521432664499330 0.000000 0.000000 0.000000 
521432685069433 0.000000 0.000000 0.000000 
521432705641257 0.000000 0.000000 0.000000 
521432726210371 0.000000 0.000000 0.000000 
521432746780162 0.000000 0.000000 0.000000 
521432767350216 0.000000 0.000000 0.000000 
521432787920371 0.000000 0.000000 0.000000 
521432808490996 0.000000 0.000000 0.000000 
521432829060840 0.000000 0.000000 0.000000 
521432849631048 0.000000 0.000000 0.000000 
521432870201100 0.000000 0.000000 0.000000 
521432890771413 0.000000 0.000000 0.000000 
521432911341622 0.000000 0.000000 0.000000 
521432931912246 0.000000 0.000000 0.000000 
521432952482194 0.000000 0.000000 0.000000 
521432973052402 0.000000 0.000000 0.000000 
521432993622923 0.000000 0.000000 0.000000 
521433014193079 0.000000 0.000000 0.000000 
521433034762871 0.000000 0.000000 0.000000 
521433055333392 0.000000 0.000000 0.000000 
521433075903340 0.000000 0.000000 0.000000 
521433096473704 0.000000 0.000000 0.000000 
521433117043704 0.000000 0.000000 0.000000 
521433137614486 0.000000 0.000000 0.000000 
521433158184173 0.000000 0.000000 0.000000 
521433178754485 0.000000 0.000000 0.000000 
521433199324797 0.000000 0.000000 0.000000 
521433219895163 0.000000 0.000000 0.000000 
521433240468913 0.000000 0.000000 0.000000 
521433261039537 0.000000 0.000000 0.000000 
521433281607246 0.000000 0.000000 0.000000 
521433302177247 0.000000 0.000000 0.000000 
521433322746517 0.000000 0.000000 0.000000 
521433343317767 0.000000 0.000000 0.000000 
521433363887976 0.000000 0.000000 0.000000 
521433384457402 0.000000 0.000000 0.000000 
521433405027715 0.000000 0.000000 0.000000 
521433425597038 0.000000 0.000000 0.000000 
521433446167819 0.000000 0.000000 0.000000 
521433466737976 0.000000 0.000000 0.000000 
521433487308235 0.000000 0.000000 0.000000 
521433507878340 0.000000 0.000000 0.000000 
521433528448913 0.000000 0.000000 0.000000 
521433549018809 0.000000 0.000000 0.000000 
521433569590319 0.000000 0.000000 0.000000 
521433590159433 0.000000 0.000000 0.000000 
521433610729486 0.000000 0.000000 0.000000 
521433631299589 0.000000 0.000000 0.000000 
521433651869745 0.000000 0.000000 0.000000 
521433672439694 0.000000 0.000000 0.000000 
521433693011621 0.000000 0.000000 0.000000 
521433713580162 0.000000 0.000000 0.000000 
521433734151777 0.000000 0.000000 0.000000 
521433754720736 0.000000 0.000000 0.000000 
521433775290944 0.000000 0.000000 0.000000 
521433795860944 0.000000 0.000000 0.000000 
521433816432089 0.000000 0.000000 0.000000 
521433837002245 0.000000 0.000000 0.000000 
521433857571673 0.000000 0.000000 0.000000 
521433878141778 0.000000 0.000000 0.000000 
521433898711725 0.000000 0.000000 0.000000 
521433919281673 0.000000 0.000000 0.000000 
521433939851830 0.000000 0.000000 0.000000 
