# Created at Thu Nov 07 18:09:42 EST 2019 in Burnaby Canada 
521426735142249 -2.924395 -0.435214 9.350342 
521426755711832 -2.923087 -0.434264 9.350796 
521426776281987 -2.920665 -0.432618 9.351629 
521426796851572 -2.918045 -0.430938 9.352524 
521426817421676 -2.915738 -0.428948 9.353334 
521426837991988 -2.913329 -0.427517 9.354151 
521426858561936 -2.911263 -0.426450 9.354842 
521426879132457 -2.909523 -0.425371 9.355433 
521426899701571 -2.907583 -0.424821 9.356061 
521426920272508 -2.905957 -0.424071 9.356600 
521426940842613 -2.904773 -0.423495 9.356994 
521426961412822 -2.903854 -0.422734 9.357314 
521426981983447 -2.903113 -0.422374 9.357559 
521427002553186 -2.902418 -0.422187 9.357783 
521427023123447 -2.901740 -0.422111 9.357997 
521427043693551 -2.901224 -0.421842 9.358170 
521427064263863 -2.901183 -0.422077 9.358171 
521427084834175 -2.901352 -0.423031 9.358076 
521427105403916 -2.901135 -0.422983 9.358145 
521427125975113 -2.900463 -0.422923 9.358356 
521427146544384 -2.899989 -0.423004 9.358500 
521427167114800 -2.899335 -0.422805 9.358712 
521427187684436 -2.899015 -0.422007 9.358847 
521427208255113 -2.899174 -0.420704 9.358856 
521427228825061 -2.899182 -0.419425 9.358911 
521427249395269 -2.899465 -0.419457 9.358822 
521427269965322 -2.900883 -0.418932 9.358406 
521427290535530 -2.902192 -0.419067 9.357994 
521427311105686 -2.902447 -0.418074 9.357960 
521427331676207 -2.902925 -0.416859 9.357865 
521427352246259 -2.904075 -0.416527 9.357523 
521427372816883 -2.904291 -0.416445 9.357460 
521427393386258 -2.904906 -0.416000 9.357288 
521427413956675 -2.906233 -0.416057 9.356875 
521427434527040 -2.909100 -0.415221 9.356021 
521427455097040 -2.914746 -0.412821 9.354368 
521427475667300 -2.918667 -0.411524 9.353204 
521427496237092 -2.921997 -0.411594 9.352161 
521427516807561 -2.927626 -0.417150 9.350154 
521427537377560 -2.933700 -0.428262 9.347748 
521427557948029 -2.934156 -0.442124 9.346960 
521427578517822 -2.933062 -0.462197 9.346332 
521427599088290 -2.915678 -0.499430 9.349855 
521427619658394 -2.894229 -0.552268 9.353546 
521427640228393 -2.881019 -0.622834 9.353192 
521427660798447 -2.863270 -0.711307 9.352332 
521427681369019 -2.848240 -0.804436 9.349374 
521427701939227 -2.826657 -0.892309 9.347951 
521427722509488 -2.798943 -0.975860 9.347940 
521427743079696 -2.778095 -1.052200 9.345879 
521427763649905 -2.770504 -1.120940 9.340138 
521427784219957 -2.770099 -1.171210 9.334088 
521427804790217 -2.739414 -1.232334 9.335274 
521427825360217 -2.753639 -1.229584 9.331451 
521427845929956 -2.702474 -1.300663 9.336771 
521427866500061 -2.622041 -1.409394 9.343924 
521427887071103 -2.558211 -1.472607 9.351864 
521427907641103 -2.533672 -1.530006 9.349330 
521427928211988 -2.501852 -1.589425 9.347986 
521427948781623 -2.469924 -1.646232 9.346645 
521427969351050 -2.428190 -1.703358 9.347344 
521427989921415 -2.380229 -1.753434 9.350420 
521428010491415 -2.339721 -1.818322 9.348250 
521428031061518 -2.293809 -1.889934 9.345425 
521428051632300 -2.252712 -1.972537 9.338349 
521428072201884 -2.234882 -2.052200 9.325459 
521428092771987 -2.208592 -2.132382 9.313724 
521428113342300 -2.160701 -2.225660 9.303127 
521428133912457 -2.120066 -2.318167 9.289877 
521428154482560 -2.075794 -2.385155 9.282914 
521428175052821 -2.121262 -2.398575 9.269168 
521428195623186 -2.153316 -2.388444 9.264391 
521428216193498 -2.157087 -2.372931 9.267500 
521428236765060 -2.136441 -2.394469 9.266744 
521428257335321 -2.105500 -2.416477 9.268111 
521428277905321 -2.107265 -2.416162 9.267793 
521428298475633 -2.140262 -2.427735 9.257201 
521428319044175 -2.134028 -2.444722 9.254169 
521428339614279 -2.086786 -2.457556 9.261540 
521428360184957 -2.036692 -2.484933 9.265386 
521428380754487 -2.009894 -2.511214 9.264153 
521428401324852 -1.979729 -2.518186 9.268754 
521428421894957 -1.955500 -2.524962 9.272054 
521428442465009 -1.957830 -2.535891 9.268579 
521428463035737 -1.918440 -2.555348 9.271470 
521428483605530 -1.850682 -2.585489 9.276886 
521428504175529 -1.879924 -2.546370 9.281825 
521428524745790 -2.008462 -2.563614 9.250100 
521428545315947 -2.033240 -2.549572 9.248568 
521428565886154 -1.960477 -2.535556 9.268110 
521428586456310 -1.816513 -2.578061 9.285703 
521428607026883 -1.726159 -2.586184 9.300667 
521428627596623 -1.679501 -2.555115 9.317781 
521428648167977 -1.697769 -2.516735 9.324913 
521428668737352 -1.675886 -2.513370 9.329778 
521428689307301 -1.656979 -2.547120 9.324000 
521428709877821 -1.643090 -2.550092 9.325645 
521428730448706 -1.669340 -2.525034 9.327802 
521428751018081 -1.723028 -2.512918 9.321309 
521428771588810 -1.776394 -2.517127 9.310150 
521428792159800 -1.827421 -2.546696 9.292214 
521428812729019 -1.838486 -2.553762 9.288092 
521428833298654 -1.842765 -2.563960 9.284434 
521428853868758 -1.865701 -2.555098 9.282296 
521428874439070 -1.857791 -2.553630 9.284286 
521428895009072 -1.835884 -2.575648 9.282561 
521428915580112 -1.833300 -2.606245 9.274529 
521428936150373 -1.852404 -2.637748 9.261818 
521428956721415 -1.866941 -2.614165 9.265584 
521428977289956 -1.867786 -2.604965 9.268006 
521428997860632 -1.899580 -2.599936 9.262954 
521429018430269 -1.921326 -2.602217 9.257827 
521429039001310 -1.974234 -2.599238 9.247526 
521429059570632 -1.997168 -2.621813 9.236222 
521429080144904 -1.940929 -2.662442 9.236589 
521429100713289 -1.913636 -2.665243 9.241475 
521429121281987 -1.891224 -2.665403 9.246042 
521429141852247 -1.815313 -2.698779 9.251575 
521429162422248 -1.749401 -2.743221 9.251201 
521429182992300 -1.724225 -2.753565 9.252854 
521429203564123 -1.702342 -2.747847 9.258604 
521429224134487 -1.693786 -2.747082 9.260401 
521429244703029 -1.667799 -2.753546 9.263197 
521429265273289 -1.639208 -2.757823 9.267027 
521429285844018 -1.626408 -2.748634 9.272012 
521429306413446 -1.622462 -2.718951 9.281450 
521429326983705 -1.642310 -2.684931 9.287861 
521429347554332 -1.671295 -2.640674 9.295375 
521429368124227 -1.688422 -2.596447 9.304734 
521429388694279 -1.677121 -2.557212 9.317635 
521429409264487 -1.685542 -2.501462 9.331240 
521429429834852 -1.762453 -2.391763 9.345781 
521429450406675 -1.851344 -2.331592 9.343800 
521429470976883 -1.951524 -2.277137 9.336840 
521429491545477 -2.053536 -2.230793 9.326142 
521429512115529 -2.127908 -2.205679 9.315437 
521429532687612 -2.206396 -2.166411 9.306389 
521429553256050 -2.255750 -2.119471 9.305366 
521429573826206 -2.279583 -2.087502 9.306784 
521429594396205 -2.310930 -2.073970 9.302076 
521429614966362 -2.383239 -2.044786 9.290286 
521429635536987 -2.424639 -2.030368 9.282731 
521429656106883 -2.501654 -2.019639 9.264619 
521429676677352 -2.664581 -1.928717 9.238531 
521429697247247 -2.827236 -1.780189 9.219981 
521429717819695 -2.934096 -1.658012 9.209368 
521429738389175 -2.997775 -1.551332 9.207449 
521429758958081 -3.003232 -1.445702 9.222849 
521429779528289 -3.005596 -1.312817 9.241931 
521429800098394 -3.010967 -1.161772 9.260386 
521429820668602 -3.000504 -1.057479 9.276266 
521429841238809 -3.026457 -0.991708 9.275100 
521429861807977 -3.040579 -0.961184 9.273693 
521429882379487 -3.024338 -1.039374 9.270570 
521429902949226 -3.030426 -1.163031 9.253879 
521429923519852 -3.053974 -1.286648 9.229743 
521429944089747 -3.106161 -1.444815 9.188833 
521429964659956 -3.135867 -1.674673 9.139595 
521429985230165 -3.166424 -1.907749 9.083207 
521430005802039 -3.244662 -2.167458 8.996926 
521430026372299 -3.365460 -2.345733 8.907390 
521430046940840 -3.440267 -2.418283 8.859282 
521430067510998 -3.430898 -2.497905 8.840803 
521430088081362 -3.382512 -2.541699 8.846963 
521430108651414 -3.372564 -2.510997 8.859520 
521430129221570 -3.417776 -2.416817 8.868382 
521430149791727 -3.533656 -2.246528 8.867738 
521430170362559 -3.649768 -2.019517 8.875311 
521430190932508 -3.720931 -1.798216 8.893339 
521430211503029 -3.811260 -1.543268 8.902978 
521430232074018 -3.878968 -1.182046 8.928984 
521430252643914 -3.785497 -0.932625 8.998366 
521430273213289 -3.708202 -0.895387 9.034264 
521430293783341 -3.665433 -0.957226 9.045370 
521430314353446 -3.708110 -0.995494 9.023818 
521430334923706 -3.731326 -1.071668 9.005506 
521430355494174 -3.728972 -1.209130 8.989058 
521430376063914 -3.697948 -1.378384 8.977507 
521430396634903 -3.723978 -1.499032 8.947362 
521430417204487 -3.811399 -1.500382 8.910246 
521430437775060 -3.849595 -1.496907 8.894396 
521430458343705 -3.805107 -1.521446 8.909363 
521430478913965 -3.779233 -1.544318 8.916438 
521430499484174 -3.761602 -1.564476 8.920379 
521430520057091 -3.739391 -1.560500 8.930408 
521430540627507 -3.714526 -1.568581 8.939364 
521430561196050 -3.743092 -1.516470 8.936440 
521430581766153 -3.841381 -1.382920 8.916374 
521430602338965 -3.937045 -1.226888 8.897460 
521430622906883 -4.022120 -1.041976 8.882975 
521430643477976 -4.032547 -0.832056 8.900373 
521430664048393 -3.960849 -0.661631 8.946749 
521430684618029 -3.882117 -0.633655 8.983209 
521430705188237 -3.851279 -0.615776 8.997714 
521430725758705 -3.800148 -0.539965 9.024284 
521430746328549 -3.777072 -0.399740 9.041257 
521430766898185 -3.785163 -0.237359 9.043593 
521430787468601 -3.812559 -0.143594 9.034055 
521430808038498 -3.891631 -0.246167 8.998055 
521430828608966 -3.945448 -0.092690 8.977485 
521430849180476 -3.949632 -0.118394 8.975343 
521430869750373 -3.950624 -0.146034 8.974499 
521430890320424 -3.965514 -0.136402 8.968081 
521430910889538 -3.964038 -0.138896 8.968696 
521430931461518 -3.962786 -0.135154 8.969305 
521430952029904 -3.973671 -0.121549 8.964684 
521430972601517 -3.978754 -0.109099 8.962589 
521430993170477 -3.979877 -0.097423 8.962225 
521431013740736 -3.986987 -0.085122 8.959189 
521431034310841 -3.985141 -0.075820 8.960094 
521431054880997 -4.009776 -0.018197 8.949399 
521431075452872 -3.956780 0.048969 8.972840 
521431096022664 -3.870203 0.109352 9.009992 
521431116592195 -3.866104 0.120601 9.011608 
521431137161934 -3.885613 0.089536 9.003576 
521431157732612 -3.919697 0.076575 8.988910 
521431178302247 -3.947532 0.077088 8.976716 
521431198875528 -3.938492 0.070036 8.980743 
521431219441570 -3.895799 0.049378 8.999483 
521431240013601 -3.820054 0.018376 9.032012 
521431260583861 -3.773630 -0.096842 9.051007 
521431281153653 -3.789672 -0.289298 9.040192 
521431301723757 -3.880330 -0.488107 8.993063 
521431322294903 -4.013149 -0.632042 8.925556 
521431342864070 -4.131100 -0.704315 8.866135 
521431363435944 -4.232308 -0.752153 8.814319 
521431384006204 -4.378934 -0.826031 8.735730 
521431404576205 -4.479988 -0.943249 8.672392 
521431425147195 -4.519252 -1.093424 8.634302 
521431445715007 -4.478991 -1.271531 8.630889 
521431466284852 -4.675633 -1.510883 8.486817 
521431486855893 -4.891022 -1.675213 8.333183 
521431507426049 -5.081695 -1.915651 8.165602 
521431527996309 -5.223510 -2.219409 7.997472 
521431548566986 -5.338027 -2.516489 7.832186 
521431569136674 -5.494426 -2.750010 7.643240 
521431589706726 -5.767591 -2.726807 7.447805 
521431610277403 -6.216105 -2.310747 7.224325 
521431630848288 -6.664543 -1.740975 6.980206 
521431651421675 -7.095671 -1.204659 6.661130 
521431671987612 -7.456696 -0.575658 6.343240 
521431692557872 -7.719519 0.229894 6.043721 
521431713130476 -7.902583 1.036090 5.713676 
521431733699278 -8.035482 1.692403 5.360706 
521431754269798 -8.175872 2.301629 4.901837 
521431774839852 -8.254696 2.986788 4.371439 
521431795408861 -8.287288 3.559900 3.849461 
521431815979017 -8.414488 3.791007 3.315878 
521431836550476 -8.626738 3.655757 2.895725 
521431857119642 -8.794454 3.524214 2.531380 
521431877689851 -8.792268 3.618073 2.403323 
521431898260111 -8.643401 3.867243 2.550772 
521431918831361 -8.437759 4.080124 2.885690 
521431939400579 -8.170293 4.251363 3.367880 
521431959971831 -7.872514 4.380071 3.874132 
521431980542351 -7.564031 4.431096 4.395591 
521432001111777 -7.143414 4.422208 5.058270 
521432021681883 -6.474273 4.394789 5.911008 
521432042252403 -5.479177 4.371940 6.858218 
521432062822507 -4.315194 4.274335 7.699321 
521432083391986 -3.696412 4.002232 8.154082 
521432103961934 -3.474053 3.672239 8.403332 
521432124531882 -3.292332 3.423721 8.579572 
521432145102456 -3.279624 3.318946 8.625488 
521432165672924 -3.155221 3.376021 8.649709 
521432186242819 -2.762714 3.597836 8.694446 
521432206813445 -2.220961 3.946132 8.698607 
521432227383288 -1.815835 4.307595 8.620774 
521432247954590 -1.630464 4.575075 8.519428 
521432268524903 -1.617676 4.714592 8.445480 
521432289095059 -1.611593 4.726793 8.439822 
521432309665267 -1.574714 4.650752 8.488885 
521432330234643 -1.612887 4.500304 8.562491 
521432350803809 -1.594975 4.327183 8.654591 
521432371373913 -1.549765 4.229080 8.711114 
521432391944122 -1.646634 4.219061 8.698190 
521432412515163 -1.865344 4.320288 8.603837 
521432433084381 -1.932902 4.524143 8.483302 
521432453654643 -1.847045 4.754718 8.375648 
521432474224851 -1.694821 4.905170 8.320894 
521432494795058 -1.506031 4.996231 8.303008 
521432515366101 -1.317090 5.187594 8.217331 
521432535936153 -1.164259 5.538858 8.008492 
521432556505683 -1.180656 6.014062 7.655554 
521432577075789 -1.337808 6.351686 7.350968 
521432597646309 -1.235394 6.424519 7.305459 
521432618216257 -1.011234 6.379594 7.378928 
521432638786622 -0.815991 6.290406 7.478993 
521432659356778 -0.577034 6.265911 7.521688 
521432679926986 -0.345544 6.350842 7.464434 
521432700498705 -0.195164 6.525804 7.317526 
521432721067819 -0.118347 6.727518 7.134205 
521432741637610 -0.108023 6.867577 6.999651 
521432762207716 -0.123138 6.914752 6.952801 
521432782777819 -0.136570 6.907512 6.959743 
521432803348444 -0.130033 6.871958 6.994975 
521432823918287 -0.159926 6.855234 7.010748 
521432844488496 -0.175903 6.859053 7.006628 
521432865058548 -0.181949 6.875661 6.990177 
521432885628965 -0.191624 6.894307 6.971528 
521432906199070 -0.207165 6.898705 6.966730 
521432926769694 -0.235124 6.885776 6.978623 
521432947339590 -0.253752 6.869939 6.993564 
521432967910163 -0.246231 6.866082 6.997620 
521432988480371 -0.240492 6.858980 7.004780 
521433009050527 -0.259839 6.854567 7.008408 
521433029620319 -0.273367 6.852682 7.009737 
521433050190684 -0.286662 6.838105 7.023427 
521433070760788 -0.303205 6.792498 7.066853 
521433091331152 -0.321753 6.722217 7.132929 
521433111901152 -0.380291 6.620193 7.224874 
521433132471882 -0.417073 6.497092 7.333773 
521433153041674 -0.443314 6.368728 7.444002 
521433173611933 -0.472532 6.256613 7.536703 
521433194182402 -0.480346 6.185759 7.594474 
521433214752611 -0.504206 6.164701 7.610034 
521433235326361 -0.527356 6.173139 7.601620 
521433255896985 -0.527719 6.185592 7.591466 
521433276465266 -0.491983 6.204587 7.578354 
521433297034695 -0.468134 6.235712 7.554279 
521433317604017 -0.475665 6.249652 7.542279 
521433338175215 -0.505358 6.228012 7.558232 
521433358745424 -0.543376 6.177221 7.597174 
521433379314850 -0.563998 6.119748 7.642054 
521433399885163 -0.558927 6.082856 7.671822 
521433420454434 -0.573031 6.069196 7.681594 
521433441025267 -0.592418 6.063605 7.684538 
521433461595423 -0.597011 6.056345 7.689906 
521433482165632 -0.591982 6.041512 7.701953 
521433502735788 -0.603673 6.006981 7.728011 
521433523306360 -0.635544 5.960869 7.761090 
521433543876205 -0.657871 5.936007 7.778266 
521433564447767 -0.724326 6.000878 7.722384 
521433585016881 -0.646412 6.150754 7.610569 
521433605586569 -0.521252 6.215081 7.567790 
521433626157037 -0.523782 6.169757 7.604613 
521433646727089 -0.633518 6.059014 7.684881 
521433667297090 -0.733608 5.944243 7.765191 
521433687867558 -0.667456 5.832801 7.855147 
521433708437610 -0.550985 5.735294 7.935566 
521433729009225 -0.496250 5.690580 7.971287 
521433749578184 -0.492819 5.707968 7.959058 
521433770148704 -0.487291 5.742691 7.934383 
521433790718392 -0.468547 5.742644 7.935545 
521433811289537 -0.447944 5.700921 7.966758 
521433831859693 -0.456164 5.613640 8.028035 
521433852429121 -0.488374 5.509730 8.097823 
521433872999174 -0.501459 5.437949 8.145407 
521433893569173 -0.503324 5.419217 8.157765 
521433914139224 -0.499249 5.424767 8.154326 
521433934709278 -0.497532 5.419326 8.158049 
