# Created at Thu Nov 07 18:09:42 EST 2019 in Burnaby Canada 
521426735142249 -0.011301 -0.009774 0.049175 
521426755711832 -0.009468 -0.011606 0.045509 
521426776281987 -0.006720 -0.010385 0.044288 
521426796852144 -0.004887 -0.009774 0.044288 
521426817421676 -0.002443 -0.008552 0.043677 
521426837991988 -0.004887 -0.012217 0.044593 
521426858561936 -0.005803 -0.012828 0.041539 
521426879132457 -0.006414 -0.012828 0.038790 
521426899701571 -0.004887 -0.011301 0.032376 
521426920272508 -0.003665 -0.008247 0.029932 
521426940842613 -0.005498 -0.005192 0.027489 
521426961413134 -0.005498 -0.006720 0.024435 
521426981983447 -0.006414 -0.007636 0.020769 
521427002553186 -0.004276 -0.005803 0.021075 
521427023123447 -0.003360 -0.003665 0.019548 
521427043693707 -0.003360 -0.003665 0.019853 
521427064263863 -0.001527 -0.003360 0.016799 
521427084834175 -0.000916 -0.004887 0.016493 
521427105403916 0.001527 -0.003665 0.012828 
521427125974749 -0.001222 -0.004581 0.012217 
521427146544384 -0.000305 -0.001527 0.009163 
521427167114435 -0.002138 -0.003054 0.007025 
521427187684436 0.000611 -0.003054 0.006109 
521427208255113 0.002749 -0.000611 0.006109 
521427228825061 0.002749 -0.000916 0.003360 
521427249395269 -0.002138 -0.001833 0.000916 
521427269965322 -0.002443 0.000305 -0.000305 
521427290535686 -0.001833 0.000611 -0.003360 
521427311105686 0.003360 -0.004276 -0.004276 
521427331676207 0.005803 -0.005498 -0.003665 
521427352246259 0.001222 0.000000 -0.001833 
521427372816883 -0.003665 -0.002443 0.004276 
521427393386467 -0.001222 -0.001222 0.008858 
521427413956675 -0.003971 0.000611 0.013744 
521427434527040 -0.006109 0.007636 0.012217 
521427455097040 -0.008552 0.003054 0.011912 
521427475667300 -0.013744 -0.004581 0.004887 
521427496237092 -0.018631 -0.004887 0.005803 
521427516807561 -0.032987 0.007025 0.007941 
521427537377560 -0.085216 -0.036957 0.000916 
521427557948029 -0.143553 -0.091630 -0.039706 
521427578517822 -0.214414 -0.116981 -0.007330 
521427599088290 -0.291688 -0.134696 0.019548 
521427619658394 -0.367435 -0.134390 0.000611 
521427640228342 -0.403782 -0.125838 -0.029322 
521427660798447 -0.432187 -0.135612 -0.032681 
521427681369071 -0.431881 -0.085826 0.001222 
521427701939227 -0.407141 -0.092241 0.027183 
521427722509488 -0.383623 -0.131336 0.027183 
521427743079696 -0.342390 -0.122784 0.038790 
521427763649800 -0.272751 -0.033598 -0.028405 
521427784219957 -0.302378 -0.063224 -0.069944 
521427804790686 -0.379958 -0.076664 -0.026267 
521427825360217 -0.198226 0.060781 -0.012523 
521427845930061 -0.378125 -0.260534 -0.003360 
521427866500061 -0.524427 -0.397978 -0.106901 
521427887071103 -0.311236 -0.334143 -0.040928 
521427907641103 -0.319482 -0.135612 0.105680 
521427928211988 -0.321620 -0.183870 0.096211 
521427948781623 -0.282830 -0.154549 -0.080940 
521427969351415 -0.270002 -0.203723 -0.118508 
521427989921415 -0.214719 -0.230296 -0.093157 
521428010491831 -0.284358 -0.180816 -0.118508 
521428031061518 -0.333532 -0.217468 -0.111483 
521428051632300 -0.407752 -0.183259 -0.126144 
521428072201884 -0.405920 -0.078191 -0.060170 
521428092771987 -0.412945 -0.130725 -0.012217 
521428113342249 -0.470671 -0.245262 -0.005803 
521428133912457 -0.466090 -0.196088 -0.043982 
521428154482560 -0.375071 -0.250760 0.104152 
521428175052821 -0.076358 0.221133 0.113926 
521428195623186 0.015577 0.091324 0.291993 
521428216193498 0.000611 -0.058032 0.400422 
521428236764904 -0.124006 -0.148135 0.160657 
521428257335321 -0.116981 -0.199447 0.052534 
521428277905321 -0.061392 -0.053145 0.179594 
521428298475633 -0.116064 0.114232 0.144775 
521428319044175 -0.113926 -0.082772 0.101098 
521428339614279 -0.074831 -0.264199 0.073915 
521428360184957 -0.122784 -0.269697 0.029016 
521428380754487 -0.140499 -0.171042 0.032376 
521428401324644 -0.045204 -0.185397 0.062003 
521428421894957 -0.040928 -0.121868 -0.011301 
521428442465061 -0.050091 0.035736 -0.082772 
521428463035737 -0.092241 -0.206167 -0.008552 
521428483605425 -0.184787 -0.425773 0.358883 
521428504175529 0.066279 0.022297 0.707381 
521428524745997 -0.078802 0.709825 -0.507018 
521428545315947 0.116064 0.177762 -0.286801 
521428565886310 0.220522 -0.356440 0.061086 
521428586456310 -0.123700 -0.705549 -0.006414 
521428607026519 -0.052840 -0.505185 0.309708 
521428627596623 0.100793 -0.323147 0.285885 
521428648167977 0.156992 0.022297 0.150578 
521428668737352 -0.021686 -0.125227 -0.032070 
521428689307301 -0.208305 -0.075442 -0.125838 
521428709877821 -0.008247 -0.066584 -0.014355 
521428730447872 0.151494 0.145997 -0.000916 
521428751018081 0.064141 0.277638 -0.121868 
521428771588810 -0.058032 0.301156 -0.109039 
521428792159800 -0.104763 0.335976 -0.157909 
521428812729019 0.036346 0.090713 -0.082467 
521428833298967 -0.017715 0.058032 -0.080634 
521428853868758 0.052840 0.130114 0.003360 
521428874438966 0.002749 -0.040317 0.056505 
521428895009072 -0.105069 -0.090103 -0.063835 
521428915580320 -0.118813 0.033903 -0.221133 
521428936150373 -0.096517 0.157603 -0.262977 
521428956721415 0.152105 0.096822 -0.095906 
521428977289956 0.061697 0.047647 -0.150273 
521428997860632 0.042455 0.207083 -0.200669 
521429018430269 0.040623 0.154549 -0.174707 
521429039001310 0.104763 0.364381 -0.356745 
521429059570632 -0.072693 0.179594 -0.315512 
521429080142976 -0.147218 -0.222660 -0.182954 
521429100713289 0.010079 -0.116675 -0.047647 
521429121281779 0.010385 -0.104458 -0.045815 
521429141852247 -0.134085 -0.375071 -0.107207 
521429162422196 -0.205556 -0.335670 -0.030849 
521429182992300 -0.099876 -0.183259 0.174707 
521429203564904 -0.024435 -0.178067 0.244040 
521429224134487 -0.021380 -0.114843 0.233350 
521429244703290 -0.059865 -0.221744 0.266642 
521429265273289 -0.082772 -0.266948 0.396146 
521429285844018 -0.018631 -0.193950 0.428522 
521429306413446 0.069639 -0.142942 0.446542 
521429326983966 0.100793 -0.059865 0.554971 
521429347554332 0.162795 -0.040012 0.676838 
521429368124279 0.120340 -0.135307 0.817032 
521429388694279 0.039401 -0.317955 0.946840 
521429409264904 0.097127 -0.212886 0.973107 
521429429834852 0.374155 0.091324 1.214705 
521429450406414 0.133169 0.169820 1.157589 
521429470976883 0.082161 0.269391 1.027474 
521429491545477 0.074220 0.369573 0.728456 
521429512115529 -0.000916 0.260839 0.537561 
521429532687612 0.028711 0.262366 0.561385 
521429553256050 0.112399 0.115759 0.600175 
521429573826206 0.068111 0.058643 0.288023 
521429594396518 0.065668 0.168904 -0.070860 
521429614966362 0.171653 0.374155 -0.035736 
521429635536987 0.043066 0.199753 0.055589 
521429656106883 -0.022602 0.360410 0.214414 
521429676677352 0.348193 0.772744 0.358578 
521429697247247 0.583681 0.731816 0.624915 
521429717819226 0.400422 0.405003 0.970053 
521429738389175 0.158214 0.109345 1.377805 
521429758957821 0.058032 -0.205251 1.536630 
521429779528289 0.178067 -0.231518 1.711643 
521429800098237 0.335670 -0.173486 1.452636 
521429820668602 0.319177 -0.176540 0.926987 
521429841238757 0.199447 0.029627 0.587957 
521429861807977 0.067501 0.047647 0.131030 
521429882379331 -0.297491 -0.035736 -0.423940 
521429902949226 -0.355218 0.109650 -0.786488 
521429923519852 -0.255036 0.257174 -1.086118 
521429944089747 -0.322537 0.518013 -1.686292 
521429964660112 -0.379958 0.580321 -2.226602 
521429985230165 -0.484721 0.535423 -2.110232 
521430005802039 -0.690583 0.865290 -2.031736 
521430026372299 -0.393091 1.057407 -1.521969 
521430046940945 -0.074220 0.616973 -0.787405 
521430067510998 -0.393091 -0.027183 -0.080329 
521430088081362 -0.564134 -0.446542 0.610559 
521430108651414 -0.282525 -0.378736 1.193019 
521430129222039 -0.012828 -0.139277 1.443168 
521430149791727 0.282219 0.222049 1.645059 
521430170362090 0.559247 0.263588 1.588859 
521430190932508 0.656680 0.104152 1.361923 
521430211503029 0.794430 0.204945 1.461494 
521430232074018 1.205847 0.091019 1.727220 
521430252643914 0.786183 -0.665537 1.500589 
521430273214122 -0.179900 -0.536950 1.123075 
521430293783341 -0.530536 -0.310930 0.567493 
521430314353446 -0.234877 0.213803 0.030849 
521430334923706 -0.164628 0.195171 -0.671035 
521430355493757 -0.343306 0.065363 -0.959974 
521430376063914 -0.451124 -0.026267 -1.171028 
521430396634435 -0.270613 0.298713 -0.970969 
521430417204487 0.176234 0.555887 -0.465173 
521430437774956 0.083383 0.251065 -0.179289 
521430458343705 -0.178373 -0.257479 0.065057 
521430478917455 -0.226325 -0.162490 0.162185 
521430499484174 -0.142942 -0.110567 0.152105 
521430520057091 -0.036041 -0.171348 0.206472 
521430540627507 -0.192422 -0.199142 0.339641 
521430561195841 -0.017410 0.023518 0.715933 
521430581766153 0.289550 0.354912 1.049466 
521430602337716 0.322842 0.335059 1.256854 
521430622906883 0.361632 0.270613 1.457218 
521430643477976 0.496633 -0.093157 1.425758 
521430664048393 0.334754 -0.460287 1.303585 
521430684618029 -0.211359 -0.513126 1.055269 
521430705188237 -0.289244 -0.243430 0.989295 
521430725758705 0.028405 -0.334754 0.909883 
521430746328549 0.380874 -0.157298 0.761137 
521430766898237 0.712268 0.022297 0.286190 
521430787468601 0.627053 0.133779 -0.359494 
521430808039174 -0.251065 0.408974 -0.737008 
521430828608966 0.964250 0.299324 -0.228463 
521430849181257 -0.131030 0.039095 0.142331 
521430869750373 -0.175624 0.011301 0.105985 
521430890320424 0.050396 0.059559 0.019242 
521430910889538 -0.010996 -0.017104 0.040623 
521430931461518 0.014355 -0.007636 0.049175 
521430952029904 0.066279 0.059254 0.049480 
521430972601517 0.054978 0.025351 0.058032 
521430993170893 0.061697 0.002138 0.025045 
521431013740736 0.079412 0.031460 -0.021686 
521431034310945 0.078496 -0.021380 -0.076358 
521431054880997 0.472504 0.119729 -0.362854 
521431075452872 0.471588 -0.313984 -0.332616 
521431096022664 0.414166 -0.448680 -0.118813 
521431116592039 0.011606 -0.019853 0.176540 
521431137161934 -0.176234 0.119119 0.012523 
521431157732612 -0.018326 0.177151 -0.129809 
521431178302247 0.178678 0.132558 -0.386372 
521431198874590 0.115148 -0.067501 -0.383012 
521431219441570 -0.126754 -0.221438 0.088881 
521431240013497 -0.252287 -0.400727 0.329867 
521431260583861 -0.669813 -0.257785 0.229380 
521431281153341 -1.007927 0.070555 0.055589 
521431301723757 -1.102305 0.458149 0.156076 
521431322294903 -0.922406 0.667981 0.408058 
521431342864070 -0.490219 0.609338 0.284968 
521431363435892 -0.323453 0.542448 0.285885 
521431384006204 -0.456316 0.791375 0.124616 
521431404576205 -0.698829 0.588568 0.112705 
521431425147195 -1.159116 0.158825 0.687834 
521431445715007 -1.401018 -0.412028 1.047328 
521431466284852 -1.493259 0.974024 0.590706 
521431486855528 -1.200044 1.229976 0.442572 
521431507426049 -1.809076 0.993877 0.698829 
521431527996309 -2.152687 0.748004 0.542753 
521431548566986 -2.221104 0.634994 0.540004 
521431569136674 -2.016159 0.761443 0.681420 
521431589706726 -0.462119 1.531132 0.725707 
521431610277299 1.673464 2.645655 1.271820 
521431630848288 2.893055 2.871981 1.057712 
521431651421675 3.052796 3.033249 0.606894 
521431671987612 3.647473 2.648709 0.768162 
521431692557872 4.665479 2.052505 1.237306 
521431713128237 5.550012 1.636812 0.776714 
521431733699278 5.903091 1.178053 -0.141110 
521431754269798 5.997775 1.291368 -0.154549 
521431774839852 5.947989 1.237001 0.810923 
521431795408861 5.248549 0.939205 0.846048 
521431815979017 4.389368 1.098029 -0.569631 
521431836550476 3.411985 0.863152 -2.113592 
521431857119642 2.095877 1.071151 -1.453858 
521431877689695 0.458149 0.308792 0.434325 
521431898260111 0.569021 -1.258992 1.314581 
521431918831361 1.111163 -2.453538 0.918130 
521431939400579 1.065043 -3.369224 0.574824 
521431959974174 0.124311 -3.200931 0.742201 
521431980542351 -0.261756 -3.145342 0.523817 
521432001111360 -0.226936 -4.210996 0.057421 
521432021681883 -0.627358 -5.699673 0.291077 
521432042252403 -0.827722 -7.138260 0.808479 
521432062822507 -1.392771 -7.144673 1.235474 
521432083391986 -1.789834 -3.536907 0.449596 
521432103961934 -1.525024 -1.503338 -0.910494 
521432124532455 -1.140484 -1.201265 -0.624609 
521432145102456 -0.493273 -0.114232 -0.063530 
521432165673288 0.257785 -0.502131 0.504880 
521432186242819 1.022282 -1.891848 0.926376 
521432206813445 1.754098 -2.712239 0.869871 
521432227383288 1.987754 -2.149328 0.356440 
521432247954590 1.625816 -1.270904 -0.429132 
521432268524903 1.017395 -0.663094 -1.125518 
521432289095268 0.328034 -0.689055 -1.269071 
521432309665267 -0.214108 -0.787405 -1.046717 
521432330233653 -0.640797 -0.432187 -1.182634 
521432350803809 -0.751058 -0.799927 -1.368337 
521432371373913 -0.337808 -0.796262 -1.149647 
521432391944122 0.160047 0.105985 -0.897666 
521432412515163 0.773355 0.884838 -0.729983 
521432433084537 1.331685 0.159130 -0.447153 
521432453654643 1.400102 -0.628274 -0.198531 
521432474224851 0.913243 -1.025336 -0.222966 
521432494795058 0.518319 -1.119715 -0.043371 
521432515365892 1.067791 -0.855821 0.471282 
521432535936153 2.048229 -0.442571 0.759610 
521432556505736 2.901608 0.682030 0.815504 
521432577075789 2.201251 1.317330 0.334448 
521432597646309 0.299324 -0.064141 0.653320 
521432618216257 -0.534201 -0.515264 1.204625 
521432638786622 -0.726624 -0.508239 0.929125 
521432659356778 -0.247095 -0.986852 0.666759 
521432679926882 0.519235 -1.156978 0.443182 
521432700498705 1.172555 -0.888503 0.147524 
521432721067611 1.384830 -0.649044 -0.141110 
521432741637610 0.976773 -0.379958 -0.345139 
521432762207716 0.307265 -0.244346 -0.372933 
521432782777819 -0.082467 -0.187535 -0.266032 
521432803348444 -0.257785 -0.211359 -0.144469 
521432823918287 -0.113926 0.103542 -0.083078 
521432844488496 0.043982 0.098960 0.001222 
521432865058548 0.123700 0.051923 0.029016 
521432885628965 0.135001 0.096211 0.037263 
521432906199070 0.034208 0.153327 0.045509 
521432926769694 -0.089186 0.202807 0.007941 
521432947339590 -0.112399 0.118813 -0.005192 
521432967909746 -0.027794 -0.039706 0.033903 
521432988480371 -0.046120 -0.007025 0.052534 
521433009050527 -0.019853 0.116370 -0.014661 
521433029620319 -0.002749 0.058032 -0.033598 
521433050190840 -0.098349 -0.003971 -0.091630 
521433070760788 -0.318566 0.004276 -0.108734 
521433091331152 -0.485637 0.011912 -0.111483 
521433111901152 -0.686306 0.280387 -0.125227 
521433132471882 -0.828943 0.259618 0.029016 
521433153041621 -0.854905 0.207389 0.076358 
521433173611933 -0.729067 0.171653 -0.022602 
521433194182245 -0.444710 0.038790 -0.022297 
521433214752611 -0.110567 0.119729 -0.030543 
521433235326361 0.079107 0.165544 0.034208 
521433255896985 0.087965 0.160352 0.227547 
521433276464641 0.110567 -0.034208 0.261145 
521433297034695 0.193033 -0.109956 0.048258 
521433317603965 0.087354 -0.037568 -0.127671 
521433338175215 -0.141415 0.150273 -0.046426 
521433358745424 -0.330783 0.290161 0.087659 
521433379314850 -0.377209 0.237932 0.148746 
521433399885163 -0.240070 0.070860 0.138361 
521433420454434 -0.076358 0.045815 -0.068417 
521433441025215 -0.022297 -0.004276 -0.193033 
521433461595423 -0.039095 -0.072082 -0.125227 
521433482165684 -0.086743 -0.075747 -0.021380 
521433502735788 -0.211665 0.031154 -0.027794 
521433523306360 -0.285274 0.197004 0.011912 
521433543876205 -0.154549 0.314595 0.250455 
521433564447767 0.404698 0.860098 0.620639 
521433585016881 0.963639 -0.145691 0.505185 
521433605586934 0.361937 -0.711963 0.136834 
521433626157037 -0.313068 -0.069944 -0.135001 
521433646727610 -0.688139 0.645379 -0.108734 
521433667297090 -0.722347 0.716544 0.133779 
521433687867507 -0.735787 -0.219911 0.308181 
521433708437610 -0.633161 -0.590095 0.222966 
521433729009225 -0.280692 -0.358578 -0.044593 
521433749578184 0.132558 -0.101404 -0.159741 
521433770148340 0.242513 0.007636 0.046426 
521433790718392 0.004581 -0.045815 0.120951 
521433811289537 -0.270308 -0.095906 0.067806 
521433831859693 -0.545502 0.008858 -0.047342 
521433852429121 -0.633161 0.154243 -0.065363 
521433872999174 -0.424856 0.104458 0.046426 
521433893569173 -0.098960 0.076053 0.122478 
521433914139120 0.043677 0.042761 0.114537 
521433934709278 -0.029627 -0.010690 -0.005498 
