# Created at Thu Nov 07 18:09:42 EST 2019 in Burnaby Canada 
521426735142249 -0.015098 -0.005824 0.042961 
521426755711832 -0.013265 -0.007657 0.039296 
521426776281987 -0.010516 -0.006435 0.038074 
521426796852144 -0.008684 -0.005824 0.038074 
521426817421676 -0.006240 -0.004602 0.037463 
521426837991988 -0.008684 -0.008268 0.038379 
521426858561936 -0.009600 -0.008879 0.035325 
521426879132457 -0.010211 -0.008879 0.032576 
521426899701571 -0.008684 -0.007351 0.026162 
521426920272508 -0.007462 -0.004297 0.023719 
521426940842613 -0.009295 -0.001243 0.021275 
521426961412822 -0.009295 -0.002770 0.018221 
521426981983447 -0.010211 -0.003686 0.014556 
521427002553186 -0.008073 -0.001854 0.014861 
521427023123447 -0.007157 0.000284 0.013334 
521427043693603 -0.007157 0.000284 0.013639 
521427064263863 -0.005324 0.000590 0.010585 
521427084834175 -0.004713 -0.000937 0.010280 
521427105403916 -0.002270 0.000284 0.006615 
521427125975113 -0.005019 -0.000632 0.006004 
521427146544384 -0.004102 0.002422 0.002949 
521427167114800 -0.005935 0.000895 0.000811 
521427187684436 -0.003186 0.000895 -0.000105 
521427208255113 -0.001048 0.003339 -0.000105 
521427228825061 -0.001048 0.003033 -0.002854 
521427249395269 -0.005935 0.002117 -0.005297 
521427269965322 -0.006240 0.004255 -0.006519 
521427290535634 -0.005630 0.004560 -0.009573 
521427311105686 -0.000437 -0.000326 -0.010490 
521427331676207 0.002006 -0.001548 -0.009879 
521427352246259 -0.002575 0.003950 -0.008046 
521427372816883 -0.007462 0.001506 -0.001938 
521427393386467 -0.005019 0.002728 0.002644 
521427413956675 -0.007768 0.004560 0.007531 
521427434527040 -0.009906 0.011585 0.006004 
521427455097040 -0.012349 0.007004 0.005698 
521427475667300 -0.017541 -0.000632 -0.001327 
521427496237092 -0.022428 -0.000937 -0.000410 
521427516807561 -0.036784 0.010975 0.001728 
521427537377560 -0.089013 -0.033008 -0.005297 
521427557948029 -0.147350 -0.087680 -0.045920 
521427578517822 -0.218210 -0.113031 -0.013544 
521427599088290 -0.295485 -0.130746 0.013334 
521427619658394 -0.371232 -0.130441 -0.005603 
521427640228289 -0.407578 -0.121889 -0.035535 
521427660798447 -0.435984 -0.131662 -0.038895 
521427681368759 -0.435678 -0.081877 -0.004992 
521427701939227 -0.410938 -0.088291 0.020970 
521427722509488 -0.387420 -0.127386 0.020970 
521427743079696 -0.346187 -0.118834 0.032576 
521427763649905 -0.276548 -0.029648 -0.034619 
521427784219957 -0.306175 -0.059275 -0.076158 
521427804790114 -0.383755 -0.072714 -0.032481 
521427825360217 -0.202023 0.064731 -0.018736 
521427845930269 -0.381922 -0.256584 -0.009573 
521427866500061 -0.528224 -0.394029 -0.113115 
521427887071103 -0.315032 -0.330193 -0.047142 
521427907641103 -0.323279 -0.131662 0.099466 
521427928211988 -0.325417 -0.179921 0.089998 
521427948781623 -0.286627 -0.150599 -0.087153 
521427969351155 -0.273799 -0.199774 -0.124721 
521427989921415 -0.218516 -0.226346 -0.099371 
521428010491310 -0.288154 -0.176866 -0.124721 
521428031061518 -0.337329 -0.213518 -0.117696 
521428051632300 -0.411549 -0.179310 -0.132357 
521428072201884 -0.409717 -0.074241 -0.066384 
521428092771987 -0.416741 -0.126775 -0.018431 
521428113342822 -0.474468 -0.241313 -0.012017 
521428133912457 -0.469887 -0.192138 -0.050196 
521428154482561 -0.378868 -0.246810 0.097939 
521428175052821 -0.080155 0.225083 0.107713 
521428195623186 0.011780 0.095274 0.285780 
521428216193498 -0.003186 -0.054083 0.394208 
521428236765060 -0.127802 -0.144185 0.154444 
521428257335321 -0.120778 -0.195498 0.046321 
521428277905321 -0.065189 -0.049196 0.173381 
521428298475633 -0.119861 0.118181 0.138561 
521428319044175 -0.117723 -0.078823 0.094884 
521428339614279 -0.078628 -0.260249 0.067701 
521428360184957 -0.126581 -0.265747 0.022802 
521428380754487 -0.144296 -0.167092 0.026162 
521428401324592 -0.049001 -0.181448 0.055789 
521428421894957 -0.044725 -0.117918 -0.017515 
521428442465008 -0.053888 0.039685 -0.088986 
521428463035737 -0.096037 -0.202217 -0.014766 
521428483605530 -0.188583 -0.421823 0.352669 
521428504175529 0.062482 0.026246 0.701168 
521428524745997 -0.082598 0.713774 -0.513231 
521428545315947 0.112267 0.181711 -0.293015 
521428565886310 0.216725 -0.352490 0.054873 
521428586456310 -0.127497 -0.701599 -0.012628 
521428607026519 -0.056637 -0.501235 0.303495 
521428627596623 0.096996 -0.319198 0.279671 
521428648167977 0.153195 0.026246 0.144365 
521428668737352 -0.025483 -0.121278 -0.038284 
521428689307301 -0.212102 -0.071492 -0.132052 
521428709877821 -0.012044 -0.062635 -0.020569 
521428730448706 0.147698 0.149946 -0.007130 
521428751018081 0.060344 0.281588 -0.128081 
521428771588810 -0.061829 0.305106 -0.115253 
521428792159800 -0.108560 0.339925 -0.164122 
521428812729019 0.032550 0.094663 -0.088680 
521428833298602 -0.021512 0.061982 -0.086848 
521428853868758 0.049043 0.134064 -0.002854 
521428874438966 -0.001048 -0.036367 0.050291 
521428895009072 -0.108866 -0.086153 -0.070049 
521428915581258 -0.122610 0.037853 -0.227347 
521428936150373 -0.100314 0.161553 -0.269191 
521428956721415 0.148308 0.100772 -0.102119 
521428977289956 0.057900 0.051597 -0.156486 
521428997860632 0.038658 0.211033 -0.206883 
521429018430269 0.036826 0.158498 -0.180921 
521429039001310 0.100966 0.368330 -0.362959 
521429059570632 -0.076490 0.183544 -0.321725 
521429080144904 -0.151015 -0.218711 -0.189168 
521429100713289 0.006282 -0.112726 -0.053861 
521429121281987 0.006588 -0.100508 -0.052028 
521429141852247 -0.137882 -0.371121 -0.113420 
521429162422248 -0.209353 -0.331721 -0.037062 
521429182992300 -0.103673 -0.179310 0.168494 
521429203564904 -0.028231 -0.174117 0.237827 
521429224134487 -0.025177 -0.110893 0.227137 
521429244703290 -0.063662 -0.217794 0.260429 
521429265273289 -0.086569 -0.262998 0.389932 
521429285843602 -0.022428 -0.190000 0.422308 
521429306413446 0.065842 -0.138993 0.440328 
521429326983653 0.096996 -0.055915 0.548757 
521429347554332 0.158999 -0.036062 0.670624 
521429368124279 0.116543 -0.131357 0.810818 
521429388694279 0.035604 -0.314005 0.940627 
521429409264904 0.093331 -0.208937 0.966894 
521429429834852 0.370358 0.095274 1.208491 
521429450406675 0.129372 0.173770 1.151375 
521429470976883 0.078364 0.273341 1.021261 
521429491545477 0.070423 0.373523 0.722242 
521429512115529 -0.004713 0.264789 0.531347 
521429532687612 0.024914 0.266316 0.555171 
521429553255998 0.108602 0.119708 0.593961 
521429573826206 0.064315 0.062593 0.281809 
521429594396518 0.061871 0.172854 -0.077074 
521429614966362 0.167856 0.378104 -0.041949 
521429635536831 0.039269 0.203702 0.049375 
521429656106883 -0.026399 0.364360 0.208200 
521429676677352 0.344396 0.776693 0.352364 
521429697247247 0.579884 0.735766 0.618701 
521429717819695 0.396625 0.408953 0.963840 
521429738389175 0.154417 0.113294 1.371592 
521429758959227 0.054235 -0.201301 1.530416 
521429779528289 0.174270 -0.227568 1.705429 
521429800098394 0.331873 -0.169536 1.446423 
521429820668602 0.315380 -0.172590 0.920774 
521429841238809 0.195650 0.033577 0.581744 
521429861807977 0.063704 0.051597 0.124817 
521429882379487 -0.301288 -0.031786 -0.430154 
521429902949226 -0.359015 0.113600 -0.792702 
521429923519852 -0.258833 0.261124 -1.092331 
521429944089747 -0.326333 0.521963 -1.692506 
521429964660060 -0.383755 0.584271 -2.232816 
521429985230165 -0.488518 0.539373 -2.116446 
521430005802039 -0.694380 0.869240 -2.037950 
521430026372299 -0.396888 1.061357 -1.528183 
521430046940893 -0.078017 0.620923 -0.793618 
521430067510998 -0.396888 -0.023234 -0.086542 
521430088081362 -0.567930 -0.442593 0.604346 
521430108651414 -0.286322 -0.374787 1.186805 
521430129222039 -0.016625 -0.135328 1.436954 
521430149791727 0.278423 0.225999 1.638845 
521430170362559 0.555450 0.267538 1.582645 
521430190932508 0.652883 0.108102 1.355709 
521430211503029 0.790633 0.208895 1.455280 
521430232074018 1.202050 0.094968 1.721006 
521430252643914 0.782386 -0.661587 1.494375 
521430273214122 -0.183697 -0.533000 1.116861 
521430293783341 -0.534333 -0.306981 0.561280 
521430314353446 -0.238674 0.217752 0.024635 
521430334923706 -0.168425 0.199121 -0.677249 
521430355494174 -0.347103 0.069312 -0.966188 
521430376063914 -0.454921 -0.022318 -1.177241 
521430396634903 -0.274410 0.302662 -0.977183 
521430417204487 0.172438 0.559837 -0.471387 
521430437775633 0.079586 0.255015 -0.185502 
521430458343705 -0.182169 -0.253530 0.058843 
521430478913965 -0.230122 -0.158540 0.155971 
521430499484174 -0.146739 -0.106617 0.145892 
521430520057091 -0.039838 -0.167398 0.200259 
521430540627507 -0.196219 -0.195192 0.333427 
521430561196050 -0.021207 0.027468 0.709720 
521430581766153 0.285753 0.358862 1.043252 
521430602338965 0.319045 0.339009 1.250640 
521430622906883 0.357835 0.274563 1.451004 
521430643477976 0.492836 -0.089207 1.419545 
521430664048393 0.330957 -0.456337 1.297372 
521430684618029 -0.215156 -0.509177 1.049055 
521430705188237 -0.293041 -0.239480 0.983082 
521430725758705 0.024608 -0.330804 0.903669 
521430746328549 0.377077 -0.153348 0.754924 
521430766898184 0.708471 0.026246 0.279976 
521430787468601 0.623256 0.137729 -0.365708 
521430808039174 -0.254862 0.412924 -0.743222 
521430828608966 0.960453 0.303273 -0.234677 
521430849181048 -0.134827 0.043045 0.136118 
521430869750373 -0.179421 0.015251 0.099771 
521430890320424 0.046599 0.063509 0.013029 
521430910889538 -0.014792 -0.013155 0.034409 
521430931461518 0.010558 -0.003686 0.042961 
521430952029904 0.062482 0.063203 0.043266 
521430972601517 0.051181 0.029301 0.051819 
521430993170893 0.057900 0.006088 0.018832 
521431013740736 0.075616 0.035409 -0.027899 
521431034310945 0.074699 -0.017431 -0.082572 
521431054880997 0.468707 0.123679 -0.369067 
521431075452872 0.467791 -0.310035 -0.338829 
521431096022664 0.410369 -0.444731 -0.125027 
521431116592195 0.007810 -0.015903 0.170326 
521431137161934 -0.180031 0.123068 0.006309 
521431157732612 -0.022123 0.181100 -0.136022 
521431178302247 0.174881 0.136507 -0.392586 
521431198875528 0.111351 -0.063551 -0.389226 
521431219441570 -0.130551 -0.217489 0.082667 
521431240013289 -0.256084 -0.396778 0.323653 
521431260583861 -0.673610 -0.253835 0.223166 
521431281153653 -1.011724 0.074504 0.049375 
521431301723757 -1.106102 0.462098 0.149862 
521431322294903 -0.926203 0.671930 0.401844 
521431342864070 -0.494016 0.613287 0.278755 
521431363435789 -0.327250 0.546398 0.279671 
521431384006204 -0.460113 0.795325 0.118403 
521431404576205 -0.702626 0.592518 0.106491 
521431425147195 -1.162913 0.162774 0.681620 
521431445715007 -1.404815 -0.408079 1.041114 
521431466284852 -1.497056 0.977973 0.584493 
521431486855893 -1.203841 1.233926 0.436358 
521431507426049 -1.812873 0.997827 0.692616 
521431527996309 -2.156484 0.751953 0.536540 
521431548566986 -2.224901 0.638943 0.533791 
521431569136465 -2.019956 0.765393 0.675206 
521431589706726 -0.465916 1.535082 0.719494 
521431610277715 1.669667 2.649605 1.265607 
521431630848288 2.889259 2.875930 1.051499 
521431651421675 3.049000 3.037198 0.600680 
521431671987612 3.643677 2.652659 0.761949 
521431692557872 4.661682 2.056455 1.231093 
521431713128237 5.546215 1.640762 0.770501 
521431733699278 5.899294 1.182002 -0.147323 
521431754269798 5.993978 1.295318 -0.160762 
521431774839852 5.944192 1.240951 0.804709 
521431795408809 5.244752 0.943154 0.839834 
521431815979017 4.385571 1.101979 -0.575845 
521431836550476 3.408188 0.867102 -2.119806 
521431857119642 2.092080 1.075101 -1.460072 
521431877689851 0.454352 0.312742 0.428111 
521431898260111 0.565224 -1.255043 1.308367 
521431918831153 1.107366 -2.449588 0.911916 
521431939400579 1.061246 -3.365275 0.568610 
521431959971465 0.120514 -3.196981 0.735987 
521431980542351 -0.265552 -3.141393 0.517603 
521432001111777 -0.230733 -4.207047 0.051208 
521432021681883 -0.631155 -5.695724 0.284863 
521432042252403 -0.831519 -7.134310 0.802266 
521432062822507 -1.396568 -7.140724 1.229260 
521432083391778 -1.793630 -3.532957 0.443383 
521432103961934 -1.528821 -1.499388 -0.916708 
521432124532455 -1.144281 -1.197316 -0.630823 
521432145102456 -0.497070 -0.110282 -0.069744 
521432165673288 0.253988 -0.498181 0.498666 
521432186242819 1.018485 -1.887898 0.920163 
521432206813445 1.750301 -2.708290 0.863658 
521432227383288 1.983957 -2.145378 0.350226 
521432247954590 1.622020 -1.266954 -0.435346 
521432268524903 1.013598 -0.659144 -1.131732 
521432289094954 0.324237 -0.685106 -1.275285 
521432309665267 -0.217905 -0.783455 -1.052930 
521432330233549 -0.644594 -0.428237 -1.188848 
521432350803809 -0.754855 -0.795978 -1.374551 
521432371373913 -0.341605 -0.792313 -1.155861 
521432391944122 0.156250 0.109935 -0.903879 
521432412515163 0.769558 0.888787 -0.736197 
521432433084537 1.327888 0.163080 -0.453367 
521432453654643 1.396305 -0.624325 -0.204745 
521432474224850 0.909446 -1.021387 -0.229179 
521432494795058 0.514522 -1.115765 -0.049585 
521432515366101 1.063995 -0.851872 0.465068 
521432535936153 2.044433 -0.438622 0.753397 
521432556505683 2.897811 0.685980 0.809291 
521432577075789 2.197454 1.321279 0.328235 
521432597646309 0.295527 -0.060191 0.647106 
521432618216257 -0.537998 -0.511315 1.198412 
521432638786622 -0.730421 -0.504290 0.922912 
521432659356778 -0.250892 -0.982902 0.660545 
521432679926881 0.515438 -1.153028 0.436969 
521432700498705 1.168758 -0.884553 0.141310 
521432721067819 1.381033 -0.645094 -0.147323 
521432741637610 0.972976 -0.376008 -0.351352 
521432762207716 0.303468 -0.240396 -0.379147 
521432782777819 -0.086264 -0.183586 -0.272245 
521432803348444 -0.261582 -0.207410 -0.150683 
521432823918287 -0.117723 0.107491 -0.089291 
521432844488496 0.040185 0.102910 -0.004992 
521432865058548 0.119903 0.055873 0.022802 
521432885628860 0.131204 0.100161 0.031049 
521432906199070 0.030412 0.157277 0.039296 
521432926769694 -0.092983 0.206757 0.001728 
521432947339590 -0.116196 0.122763 -0.011406 
521432967909850 -0.031591 -0.035757 0.027689 
521432988480371 -0.049917 -0.003075 0.046321 
521433009050527 -0.023650 0.120319 -0.020874 
521433029620319 -0.006546 0.061982 -0.039811 
521433050190840 -0.102146 -0.000021 -0.097843 
521433070760788 -0.322363 0.008226 -0.114948 
521433091331152 -0.489434 0.015861 -0.117696 
521433111901152 -0.690103 0.284337 -0.131441 
521433132471882 -0.832740 0.263567 0.022802 
521433153041621 -0.858702 0.211338 0.070144 
521433173611933 -0.732864 0.175603 -0.028816 
521433194182402 -0.448506 0.042740 -0.028510 
521433214752611 -0.114363 0.123679 -0.036757 
521433235326361 0.075310 0.169494 0.027995 
521433255896985 0.084168 0.164302 0.221333 
521433276465266 0.106770 -0.030259 0.254931 
521433297034695 0.189236 -0.106006 0.042045 
521433317604954 0.083557 -0.033619 -0.133884 
521433338175215 -0.145212 0.154222 -0.052639 
521433358745424 -0.334580 0.294110 0.081445 
521433379314850 -0.381006 0.241881 0.142532 
521433399885163 -0.243867 0.074810 0.132147 
521433420454434 -0.080155 0.049764 -0.074630 
521433441025267 -0.026093 -0.000326 -0.199247 
521433461595423 -0.042892 -0.068132 -0.131441 
521433482165683 -0.090540 -0.071798 -0.027594 
521433502735788 -0.215462 0.035104 -0.034008 
521433523306360 -0.289071 0.200953 0.005698 
521433543876205 -0.158346 0.318545 0.244241 
521433564446933 0.400901 0.864047 0.614425 
521433585016881 0.959842 -0.141742 0.498971 
521433605586934 0.358140 -0.708013 0.130620 
521433626157037 -0.316865 -0.065994 -0.141215 
521433646727193 -0.691936 0.649328 -0.114948 
521433667297090 -0.726144 0.720494 0.127566 
521433687867558 -0.739583 -0.215962 0.301968 
521433708437610 -0.636958 -0.586146 0.216752 
521433729009225 -0.284489 -0.354628 -0.050807 
521433749578184 0.128761 -0.097454 -0.165955 
521433770148340 0.238716 0.011585 0.040212 
521433790718392 0.000785 -0.041865 0.114738 
521433811289537 -0.274105 -0.091956 0.061592 
521433831859693 -0.549299 0.012807 -0.053556 
521433852429121 -0.636958 0.158193 -0.071576 
521433872999174 -0.428653 0.108407 0.040212 
521433893569173 -0.102757 0.080002 0.116265 
521433914140995 0.039880 0.046710 0.108323 
521433934709278 -0.033424 -0.006741 -0.011711 
