# Created at Thu Nov 07 18:09:42 EST 2019 in Burnaby Canada 
521426750924645 86.030746 187.164612 -49.757011 
521426770924383 87.604561 188.922791 -48.694740 
521426790924227 87.678314 185.911240 -48.851219 
521426810923968 86.817825 188.190338 -49.763943 
521426830917249 86.047188 187.884521 -50.064209 
521426850935322 85.879173 187.306747 -50.216732 
521426870935322 86.480469 187.182739 -50.837669 
521426890923967 87.230301 186.478806 -49.769070 
521426910922821 85.266830 187.440170 -51.287041 
521426930924072 86.023712 187.170593 -50.833260 
521426951130790 87.248749 187.197006 -49.768772 
521426970924279 86.946930 187.333389 -49.919518 
521426990924228 88.004974 187.221527 -50.544872 
521427010923603 86.010292 186.448120 -50.064812 
521427030924124 86.224594 188.747833 -49.604069 
521427050924488 86.799377 187.472137 -49.764240 
521427070923915 87.262169 187.919479 -50.537220 
521427090924019 87.248749 187.197006 -49.768772 
521427110923603 86.828896 188.621262 -49.763760 
521427130924437 85.697754 186.446854 -51.291870 
521427150923603 86.139755 186.324738 -52.987595 
521427170924020 88.157890 187.371765 -51.007530 
521427190924123 86.791992 187.184860 -49.764362 
521427210947301 86.640419 187.326996 -50.224083 
521427230947145 86.879181 184.895782 -50.689293 
521427250923759 88.307808 187.524597 -51.931438 
521427270923342 85.694382 185.715820 -48.985920 
521427290924436 85.227913 186.005478 -51.595139 
521427310923290 86.492874 187.465744 -50.068802 
521427330923915 86.792343 187.478119 -50.840492 
521427350924540 85.421761 187.588715 -51.442204 
521427370924591 86.937874 186.900757 -49.612198 
521427390923499 86.791992 187.184860 -49.764362 
521427410924123 88.485870 188.093796 -50.241421 
521427430923498 87.703163 187.357910 -50.695621 
521427450924644 86.534790 188.897873 -49.299450 
521427470923967 86.632378 187.333832 -51.454082 
521427490923602 84.342590 186.837891 -50.663464 
521427510923237 87.535141 186.780167 -50.848141 
521427530923706 89.390640 187.538422 -49.327980 
521427550923550 86.211166 188.025345 -48.835621 
521427570948030 86.191055 187.602127 -50.219551 
521427591348030 85.718193 186.723022 -49.292999 
521427610923967 86.815819 188.192047 -50.071442 
521427630923811 86.937874 186.900757 -49.612198 
521427650923915 84.698074 188.710754 -50.204372 
521427670923967 86.224937 189.041092 -50.680202 
521427690924487 86.535812 189.337326 -50.836769 
521427710924227 85.327858 189.296371 -49.287510 
521427730924019 87.018723 190.207901 -50.225822 
521427750924175 86.010330 192.332443 -49.907127 
521427770924539 86.612617 191.767242 -48.683250 
521427790924124 86.088791 189.904022 -51.600872 
521427810925477 86.750458 191.930313 -51.452164 
521427830924123 85.422470 193.178940 -50.054642 
521427850924279 86.000282 192.340988 -51.444633 
521427870923343 87.371208 192.523651 -51.919048 
521427890924957 87.086838 193.379089 -52.223251 
521427910924436 85.406372 192.752289 -50.823570 
521427930925582 85.420815 193.914230 -53.129341 
521427950924592 85.871529 193.491196 -52.365181 
521427970924591 84.551926 195.466553 -52.504864 
521427990923967 85.291351 194.037582 -50.206562 
521428010925998 83.907005 193.132446 -48.963692 
521428030924071 84.719269 195.898087 -51.891151 
521428050924539 85.322563 195.772369 -52.204594 
521428070923655 83.366791 196.433655 -51.416431 
521428090923810 83.354729 196.443909 -53.261433 
521428110924280 82.884895 195.562225 -51.873631 
521428130923551 83.414085 198.154770 -50.954460 
521428150923915 83.249100 198.014755 -52.336800 
521428170923914 82.340294 198.133255 -52.174171 
521428190924227 84.183395 198.608505 -51.422882 
521428210924227 83.080742 197.143753 -51.413193 
521428230924435 83.242065 198.020737 -53.413048 
521428250919227 84.608269 197.179977 -50.659142 
521428270919331 82.319489 197.123505 -51.405842 
521428290925737 84.898354 196.906784 -51.738453 
521428311306154 82.328552 197.556137 -51.713161 
521428330924071 82.202820 199.144104 -53.863529 
521428350923914 82.450951 196.558105 -52.330051 
521428370924228 84.788040 198.775162 -52.658699 
521428390924123 84.155556 197.604736 -51.730801 
521428410924853 82.367805 199.284088 -52.481194 
521428430924019 83.107590 198.588699 -52.950092 
521428450924228 82.305420 197.135468 -53.558342 
521428470924748 83.858429 197.883911 -51.727741 
521428490923602 81.428154 198.401367 -53.087730 
521428510923810 83.092499 198.161194 -53.565269 
521428530924853 82.054245 198.843353 -52.170933 
521428550924124 82.356735 198.853165 -52.481373 
521428570925165 82.811134 198.573761 -51.717152 
521428590923862 82.360771 199.290070 -53.557442 
521428610924018 81.398628 197.252228 -53.088211 
521428630923862 82.171295 197.996674 -54.171509 
521428650924384 82.770233 197.581116 -54.023823 
521428671282613 82.446945 197.001877 -54.636120 
521428690924279 82.275558 195.693085 -52.482693 
521428710924852 82.275558 195.693085 -52.482693 
521428730924488 82.018005 197.112839 -50.941650 
521428750923810 81.722237 197.684433 -51.860970 
521428770923914 83.043190 196.441803 -54.334740 
521428790925269 80.154793 196.214371 -53.076870 
521428810924487 82.780624 197.865814 -53.562450 
521428830924331 80.936852 197.244370 -53.852551 
521428850923862 83.675346 197.318970 -54.186508 
521428870924175 83.283989 199.452866 -52.643700 
521428890923967 81.520691 196.401306 -54.320042 
521428910924020 82.473442 197.713226 -53.405819 
521428930925009 83.410080 198.598511 -53.260532 
521428951131936 83.087128 197.872208 -53.257893 
521428970923966 82.383240 200.004852 -52.942142 
521428990917925 84.473152 198.482376 -53.117130 
521429010935008 83.234688 197.733475 -53.413170 
521429031261050 83.748802 199.898514 -53.109180 
521429050924747 82.520386 199.141083 -51.867718 
521429070923809 83.101860 197.566132 -49.875507 
521429090925998 82.381226 200.006561 -53.249641 
521429110925737 82.524406 199.137665 -51.252720 
521429130926674 82.377190 199.569656 -52.173573 
521429150924695 81.784966 200.126297 -51.859951 
521429170924747 81.629372 200.271881 -52.934673 
521429190924331 81.569656 197.827438 -52.474442 
521429210926674 82.086784 199.989914 -51.709202 
521429230926153 82.850044 200.008453 -51.409054 
521429250925946 81.277565 198.102341 -51.702633 
521429270924435 82.212875 199.135544 -52.326031 
521429290924487 82.515358 199.145355 -52.636471 
521429310924435 82.058281 199.280258 -53.247002 
521429330925320 82.547241 200.586029 -53.404621 
521429350924748 82.914093 197.298721 -54.179161 
521429370956049 82.315826 197.860519 -54.788040 
521429391239748 82.307083 196.840500 -52.174713 
521429410924800 81.693077 197.268890 -54.628651 
521429430924487 82.901688 197.015732 -54.948029 
521429450926987 82.827888 194.142929 -54.949230 
521429470926363 82.968399 194.010178 -56.180759 
521429490924435 83.268532 193.288116 -54.031502 
521429510924696 83.063614 191.273956 -54.184620 
521429530925998 83.801041 190.287018 -53.884892 
521429550924122 83.649460 190.429169 -54.344612 
521429570925164 84.717232 190.455811 -54.047401 
521429590924956 82.889877 190.113937 -52.953632 
521429610924226 85.184029 190.459396 -52.514313 
521429630924330 83.623634 189.423691 -54.345032 
521429650924435 85.748421 188.898987 -53.135849 
521429670924331 86.074379 189.622726 -52.677238 
521429690926361 86.231331 189.769547 -52.524902 
521429710924695 85.446251 188.742111 -52.210472 
521429730950268 87.415092 188.069717 -50.999882 
521429751220529 87.960022 185.351639 -50.084400 
521429770973289 88.692421 184.368973 -50.553421 
521429790924800 86.107872 184.884079 -52.219444 
521429810925164 86.866096 184.466568 -50.996971 
521429830924227 86.671906 182.590088 -50.073780 
521429850925477 85.274826 181.548996 -50.214722 
521429870923133 85.832176 179.994568 -51.912510 
521429890925008 87.031731 179.308762 -51.924568 
521429910924487 85.072586 179.679337 -50.521530 
521429930924017 85.066544 179.244141 -49.752960 
521429951131361 86.811768 182.751434 -52.535191 
521429970925790 88.100189 184.925613 -50.239803 
521429990924227 88.861443 184.945877 -50.247150 
521430010924227 89.054626 186.823227 -51.324093 
521430030926518 88.554649 190.970871 -51.008972 
521430050924852 89.834015 192.712418 -48.406258 
521430070924279 89.515755 192.128906 -48.249813 
521430090945008 90.587219 192.739517 -49.643608 
521430111197664 91.068771 192.877350 -46.419212 
521430130972248 89.808182 191.706940 -48.406677 
521430150924435 90.990959 190.448288 -48.726482 
521430170924747 89.879906 188.256790 -47.179592 
521430190924852 90.935616 188.293686 -48.727383 
521430210924852 90.746796 186.706177 -48.111568 
521430230926154 89.925827 184.241470 -47.643990 
521430250926101 91.526100 181.267029 -47.200172 
521430270925372 91.786995 179.697647 -47.665020 
521430290924487 89.151123 178.054733 -48.716942 
521430310925060 89.931168 179.086472 -49.800121 
521430330924644 89.739334 177.501526 -49.645561 
521430350924435 90.673965 178.388519 -49.807770 
521430370924539 88.114212 179.029312 -48.244980 
521430390924070 89.636711 179.069809 -48.259682 
521430410924696 91.036499 180.695709 -49.963497 
521430430924696 90.760178 181.544312 -49.037701 
521430450916778 89.556915 181.646149 -47.334629 
521430471174590 92.308159 182.297028 -47.975853 
521430490973341 91.991592 182.299194 -49.817913 
521430510923445 91.060318 181.702896 -50.270580 
521430530924696 90.640129 182.833878 -49.189438 
521430550925841 90.801109 183.417618 -50.113171 
521430570924695 88.924774 180.768967 -47.482861 
521430590924486 91.479156 179.839172 -48.738274 
521430610924799 91.025078 179.971512 -48.887550 
521430630924695 89.444878 177.484879 -48.105118 
521430650924903 90.667580 177.660049 -47.963074 
521430670925737 91.363075 174.800659 -46.741623 
521430690925008 89.633652 173.188034 -48.878609 
521430710925529 89.451866 171.594543 -47.186554 
521430730925424 87.806648 173.139435 -48.860970 
521430750925320 86.411247 172.243729 -49.309349 
521430770924643 89.542068 169.302917 -47.650230 
521430790925060 88.658096 170.868073 -49.332001 
521430810939643 87.297577 170.970123 -48.396210 
521430831154383 89.289902 171.451996 -48.107639 
521430850974852 87.248268 169.250717 -49.165680 
521430870925894 87.578583 169.823975 -47.477131 
521430890924799 89.737923 170.884445 -47.189793 
521430910924382 88.975685 171.305359 -49.027260 
521430930926257 88.838524 171.728821 -48.410610 
521430951131623 88.959244 170.585449 -48.720062 
521430970925945 89.258026 170.011322 -47.339489 
521430990925007 89.564880 170.310959 -48.111061 
521431010924382 88.362656 170.852264 -47.945313 
521431030924434 88.862000 172.442749 -47.641560 
521431050924174 88.515572 171.002533 -48.407970 
521431070924330 88.505173 170.717819 -48.869339 
521431090925059 88.838524 171.728821 -48.410610 
521431110925893 89.712433 170.172226 -48.266342 
521431130924643 90.492134 170.910675 -48.273392 
521431150924538 88.932739 169.433777 -48.259293 
521431170917976 88.506165 170.276642 -47.024521 
521431191133757 88.007164 168.979401 -48.404400 
521431210974643 90.316399 169.752380 -47.349899 
521431230922976 90.316399 169.752380 -47.349899 
521431250924955 90.005844 169.309097 -46.578388 
521431270925268 87.903534 170.548553 -47.172272 
521431290924903 89.407936 170.164124 -48.263401 
521431310924590 89.316750 172.896957 -49.644539 
521431330924487 88.113182 173.586151 -50.247482 
521431350924851 89.319763 172.894379 -49.183289 
521431370927299 90.271492 173.766830 -46.731750 
521431390926777 88.845558 171.722839 -47.334358 
521431410925736 92.353691 172.544449 -49.212868 
521431430927091 90.489120 170.913239 -48.734642 
521431450924434 90.192657 170.898300 -47.501701 
521431470923810 90.332176 170.766418 -48.886978 
521431490924694 90.186646 171.343750 -50.115269 
521431510924851 91.838585 170.380280 -49.670609 
521431530935581 91.513931 169.068283 -47.669460 
521431551111934 92.540115 167.956070 -49.217728 
521431570971726 92.537102 167.958649 -49.678978 
521431590972194 90.923401 170.210617 -49.354351 
521431610925527 91.927788 168.529816 -51.979111 
521431630926101 92.514633 167.243866 -50.294281 
521431650929487 94.545822 163.276093 -49.855289 
521431670924956 97.091454 160.885941 -46.806301 
521431690925008 99.254120 161.356461 -43.751701 
521431710925008 101.680344 159.521454 -37.933502 
521431730925736 100.780212 158.898651 -33.619919 
521431750926101 101.280853 159.020248 -27.474270 
521431770926050 100.415283 159.542297 -22.391460 
521431790925893 101.275459 162.413956 -18.553860 
521431810924747 101.073196 159.663651 -15.478531 
521431830924799 100.062088 160.763046 -11.624010 
521431850924955 99.831352 162.306763 -6.546660 
521431870925059 101.298546 166.076996 -6.404580 
521431890937663 100.278061 167.331161 -4.548750 
521431911091777 101.060432 167.773773 -3.018420 
521431930973600 100.586594 167.776154 -5.627760 
521431951132038 101.020218 167.367645 -7.477350 
521431970928705 98.275711 167.738495 -9.756961 
521431990926414 102.327461 166.430252 -13.179749 
521432010924643 101.074242 165.547134 -15.167101 
521432030925529 97.882065 166.778778 -19.440691 
521432050925320 98.747643 166.256744 -24.523500 
521432070925424 95.992126 167.957962 -33.567570 
521432090924850 91.076569 167.571854 -39.055653 
521432110925007 88.580582 166.970978 -45.951122 
521432130924746 88.608421 167.974747 -45.643204 
521432150925060 86.930000 168.226868 -47.318161 
521432170925737 86.816673 170.097839 -48.699661 
521432190924955 86.240860 170.934082 -47.002171 
521432210925111 85.439713 169.920319 -49.147739 
521432230924955 83.406143 168.152542 -50.666851 
521432250936830 82.255516 164.820480 -50.657944 
521432271082298 79.935883 163.762787 -52.173813 
521432291083027 79.896629 162.034821 -51.405785 
521432310968965 81.473457 163.790482 -49.882259 
521432330925580 81.952034 165.251846 -52.192322 
521432350924174 79.099220 167.049042 -53.393608 
521432370923445 78.363457 167.741013 -52.309711 
521432390924017 79.852432 167.076141 -54.630959 
521432410924122 79.959114 171.388763 -55.244164 
521432430923964 80.602280 166.812531 -55.253433 
521432450923653 80.679077 169.242432 -53.099911 
521432470923236 80.989616 169.685745 -53.871422 
521432490923912 81.377945 167.114075 -54.184410 
521432510923600 79.696144 166.635193 -53.553421 
521432530924799 81.202545 166.249054 -54.337051 
521432550924695 77.813461 164.579056 -54.151619 
521432570923757 77.488167 163.561188 -53.380348 
521432590923601 78.505592 161.428970 -52.315289 
521432610958236 79.826836 158.718277 -49.100910 
521432631047143 77.669174 157.803192 -49.695690 
521432651047247 77.493774 156.938141 -49.848328 
521432670946049 75.066864 157.746292 -51.823200 
521432690924069 74.438728 156.865692 -51.356434 
521432710925684 74.302254 157.435333 -51.200970 
521432730924485 72.720039 154.950394 -50.726040 
521432750923756 72.511086 152.499344 -49.803089 
521432770923705 74.058426 153.986496 -51.662193 
521432790923756 73.911179 153.537842 -49.200901 
521432810923913 71.370911 155.776627 -50.866203 
521432830923860 73.315628 154.684448 -51.654541 
521432850923340 72.538956 154.383743 -52.877312 
521432870923288 72.110703 155.081238 -51.335102 
521432890924589 74.207985 153.846054 -51.509972 
521432910923966 73.485649 155.260498 -51.194523 
521432930923705 73.283745 153.243774 -50.886391 
521432951131257 72.872292 155.394760 -52.418583 
521432970947194 74.109398 155.410934 -49.509090 
521432991025631 71.343407 154.625809 -50.559181 
521433011025215 71.955772 154.932709 -51.179943 
521433030925058 73.603676 153.972641 -51.350285 
521433050924746 71.331001 154.342789 -51.328053 
521433070923913 73.927986 154.991333 -52.275299 
521433090923652 75.158051 155.453812 -52.133133 
521433110923965 73.486000 155.553757 -52.270649 
521433130924278 74.683830 153.841965 -48.593132 
521433150923964 74.709015 155.581894 -51.513660 
521433170924016 73.683525 157.280624 -52.117653 
521433190924173 74.906898 157.602020 -52.436790 
521433210923965 75.657753 157.337540 -52.905514 
521433230924277 75.982697 157.621826 -50.909580 
521433250928183 74.898499 156.875275 -50.899593 
521433270927871 76.277840 158.225006 -54.602280 
521433290925372 75.087318 158.462784 -51.515400 
521433310925372 73.528938 157.425339 -53.038620 
521433330935058 75.673180 157.617996 -51.675392 
521433351006569 73.678505 157.284897 -52.886402 
521433371006570 74.135254 157.297043 -52.890812 
521433390925111 74.472961 158.597916 -52.893211 
521433410925475 74.470947 158.599625 -53.200710 
521433430924277 74.925346 158.320221 -52.436493 
521433450925319 75.674194 158.057449 -53.212711 
521433470925111 74.780807 158.456406 -51.819958 
521433490924746 74.762360 157.738205 -51.820259 
521433510924799 73.236198 158.434708 -55.187763 
521433530924955 73.372337 157.571793 -54.267090 
521433550925111 74.768402 158.173386 -52.588829 
521433570926256 75.570915 159.919891 -53.056709 
521433590925319 77.382141 158.954453 -51.537270 
521433610925475 75.688606 158.338760 -52.136341 
521433630925006 75.681229 158.051468 -52.136463 
521433650926465 75.231850 158.326614 -52.131931 
521433670925215 75.724495 159.335693 -50.598423 
521433690920111 77.980400 158.392670 -50.928391 
521433710985110 75.079941 158.175491 -51.515522 
521433730985839 74.482018 159.030548 -53.200531 
521433750924851 74.482018 159.030548 -53.200531 
521433770925110 74.807663 159.901352 -53.356861 
521433790924798 75.705048 159.058670 -52.443542 
521433810925474 73.716095 159.307846 -55.038059 
521433830926047 75.109802 159.617874 -52.591171 
521433850925058 73.424675 159.728958 -54.727444 
521433870925007 74.214424 160.458832 -53.196991 
521433890924329 74.511887 160.472931 -54.276180 
521433910926048 75.253326 159.042252 -51.670383 
521433930923965 75.159470 162.070892 -54.588902 
521433951130944 75.892876 161.087357 -54.904171 
