# Created at Thu Nov 07 18:09:42 EST 2019 in Burnaby Canada 
521426714572145 -0.129345 0.080962 0.751123 0.642284 
521426735141571 -0.129303 0.080908 0.751508 0.641849 
521426755711727 -0.129266 0.080824 0.751899 0.641410 
521426776281363 -0.129115 0.080802 0.751934 0.641402 
521426796851520 -0.128976 0.080741 0.752133 0.641203 
521426817421676 -0.128791 0.080781 0.751949 0.641451 
521426837991780 -0.128676 0.080706 0.752207 0.641181 
521426858561154 -0.128658 0.080516 0.753023 0.640250 
521426879131415 -0.128655 0.080334 0.753855 0.639294 
521426899702353 -0.128711 0.080044 0.755087 0.637864 
521426920272457 -0.128701 0.079889 0.755740 0.637111 
521426940843030 -0.128722 0.079729 0.756451 0.636282 
521426961413187 -0.128702 0.079659 0.756799 0.635881 
521426981983134 -0.128694 0.079594 0.757071 0.635567 
521427002553290 -0.128691 0.079527 0.757328 0.635270 
521427023123603 -0.128809 0.079266 0.758520 0.633856 
521427043693707 -0.128646 0.079476 0.757456 0.635133 
521427064263499 -0.128669 0.079438 0.757590 0.634974 
521427084833759 -0.128678 0.079454 0.757349 0.635257 
521427105404124 -0.128706 0.079386 0.757662 0.634886 
521427125974280 -0.128559 0.079557 0.756721 0.636016 
521427146544123 -0.128718 0.079253 0.758128 0.634344 
521427167114279 -0.128868 0.078940 0.759604 0.632585 
521427187684645 -0.128823 0.078971 0.759557 0.632647 
521427208254905 -0.128777 0.079042 0.759485 0.632734 
521427228825061 -0.128726 0.079108 0.759413 0.632822 
521427249395217 -0.128739 0.079115 0.759416 0.632814 
521427269965270 -0.128778 0.079186 0.759397 0.632821 
521427290535426 -0.128838 0.079220 0.759413 0.632785 
521427311105946 -0.128809 0.079278 0.759359 0.632848 
521427331676103 -0.128780 0.079355 0.759294 0.632923 
521427352246155 -0.128816 0.079408 0.759283 0.632922 
521427372816415 -0.128821 0.079419 0.759280 0.632923 
521427393386571 -0.128829 0.079461 0.759259 0.632941 
521427413956623 -0.128888 0.079499 0.759271 0.632910 
521427434526780 -0.128975 0.079631 0.759244 0.632909 
521427455096779 -0.129117 0.079929 0.759147 0.632958 
521427475666935 -0.129231 0.080117 0.759100 0.632967 
521427496237300 -0.129374 0.080217 0.759127 0.632893 
521427516807456 -0.129838 0.080106 0.759481 0.632388 
521427537377405 -0.130436 0.079900 0.759292 0.632518 
521427557947561 -0.130790 0.079571 0.758290 0.633686 
521427578518082 -0.131304 0.078924 0.757398 0.634727 
521427599088238 -0.131788 0.076954 0.757054 0.635279 
521427619658186 -0.132594 0.074301 0.756390 0.636217 
521427640228342 -0.134413 0.071086 0.756344 0.636258 
521427660798811 -0.136706 0.066897 0.756831 0.635644 
521427681368967 -0.139311 0.062506 0.757769 0.634406 
521427701939383 -0.141476 0.058065 0.758869 0.633033 
521427722509540 -0.143241 0.053569 0.760065 0.631596 
521427743079697 -0.145038 0.049565 0.761286 0.630040 
521427763649801 -0.147060 0.046464 0.761711 0.629294 
521427784219800 -0.148652 0.044683 0.760634 0.630350 
521427804790061 -0.149394 0.041411 0.759947 0.631227 
521427825359801 -0.149714 0.042591 0.757345 0.634192 
521427845929957 -0.150023 0.038081 0.757438 0.634295 
521427866500686 -0.150412 0.031123 0.757517 0.634489 
521427887070947 -0.149957 0.026465 0.757830 0.634434 
521427907641363 -0.150931 0.023168 0.758684 0.633310 
521427928211467 -0.151674 0.019503 0.759745 0.631983 
521427948780998 -0.152276 0.016304 0.759273 0.632496 
521427969351259 -0.152494 0.012788 0.758760 0.633139 
521427989921258 -0.152233 0.009300 0.758479 0.633599 
521428010491362 -0.152781 0.005470 0.758111 0.633953 
521428031061467 -0.153344 0.001202 0.757704 0.634326 
521428051631728 -0.154487 -0.003250 0.756831 0.635083 
521428072202457 -0.156481 -0.006908 0.756231 0.635279 
521428092772040 -0.158149 -0.011011 0.756229 0.634811 
521428113342301 -0.159378 -0.016469 0.756712 0.633809 
521428133912456 -0.160895 -0.021468 0.756376 0.633678 
521428154482560 -0.161357 -0.025827 0.757149 0.632473 
521428175053238 -0.163639 -0.025025 0.757506 0.631491 
521428195623394 -0.164527 -0.024049 0.759265 0.629181 
521428216194904 -0.164054 -0.023984 0.761925 0.626084 
521428236765164 -0.163884 -0.025878 0.763267 0.624417 
521428257335269 -0.163335 -0.027919 0.763861 0.623746 
521428277905373 -0.163355 -0.028090 0.764774 0.622613 
521428298473914 -0.165076 -0.027641 0.765149 0.621718 
521428319044018 -0.165361 -0.028713 0.765783 0.620812 
521428339614123 -0.163823 -0.030904 0.766471 0.620266 
521428360184279 -0.162640 -0.033838 0.767339 0.619350 
521428380754696 -0.162409 -0.035819 0.767512 0.619085 
521428401324853 -0.161375 -0.037191 0.768054 0.618601 
521428421895373 -0.160632 -0.038136 0.767695 0.619183 
521428442465633 -0.161152 -0.038262 0.766696 0.620276 
521428463035164 -0.160172 -0.040393 0.767028 0.619985 
521428483605425 -0.158194 -0.044555 0.770084 0.616409 
521428504175582 -0.157814 -0.043051 0.774168 0.611478 
521428524745842 -0.164015 -0.038409 0.768814 0.616887 
521428545315946 -0.164708 -0.036409 0.766408 0.619810 
521428565886206 -0.161117 -0.038718 0.768816 0.617628 
521428586456154 -0.156520 -0.045413 0.770518 0.616232 
521428607026415 -0.152874 -0.049269 0.773354 0.613290 
521428627596988 -0.149775 -0.049929 0.775507 0.611281 
521428648167144 -0.149220 -0.047908 0.776178 0.610725 
521428668737456 -0.148267 -0.048277 0.775504 0.611784 
521428689307561 -0.148711 -0.049934 0.774057 0.613374 
521428709877716 -0.148237 -0.050500 0.774102 0.613386 
521428730447820 -0.148488 -0.048638 0.774129 0.613442 
521428751019488 -0.150419 -0.046039 0.772382 0.615370 
521428771589696 -0.152866 -0.044119 0.770601 0.617138 
521428792158498 -0.156024 -0.043422 0.769198 0.618146 
521428812728394 -0.156729 -0.043304 0.768923 0.618319 
521428833298602 -0.157274 -0.043481 0.768459 0.618744 
521428853868759 -0.157929 -0.042345 0.768266 0.618896 
521428874438967 -0.157556 -0.042536 0.768289 0.618950 
521428895009905 -0.157409 -0.044085 0.768061 0.619162 
521428915580165 -0.158437 -0.045038 0.766448 0.620828 
521428936149591 -0.160410 -0.045249 0.764454 0.622761 
521428956719748 -0.160258 -0.043637 0.763800 0.623717 
521428977289904 -0.160091 -0.042828 0.762246 0.625713 
521428997860112 -0.161343 -0.041099 0.760241 0.627944 
521429018430216 -0.162376 -0.040203 0.759067 0.629154 
521429039000424 -0.164598 -0.037616 0.756053 0.632357 
521429059572924 -0.166454 -0.037105 0.753329 0.635147 
521429080143080 -0.165624 -0.040419 0.752689 0.635921 
521429100711831 -0.164633 -0.041374 0.752547 0.636283 
521429121282039 -0.163754 -0.042043 0.752321 0.636734 
521429141851935 -0.161860 -0.045850 0.752269 0.637017 
521429162422092 -0.160724 -0.049877 0.752536 0.636687 
521429182994122 -0.159983 -0.051391 0.753629 0.635459 
521429203564330 -0.158756 -0.052335 0.755534 0.633424 
521429224132873 -0.158250 -0.052989 0.757176 0.631532 
521429244703081 -0.157252 -0.054591 0.759189 0.629224 
521429265273081 -0.155974 -0.056437 0.762233 0.625690 
521429285843290 -0.154881 -0.057191 0.765186 0.622279 
521429306413915 -0.153480 -0.056758 0.767973 0.619225 
521429326984123 -0.152838 -0.055602 0.771593 0.614975 
521429347553915 -0.152182 -0.053928 0.776000 0.609718 
521429368124123 -0.150965 -0.052917 0.781583 0.602940 
521429388694435 -0.148701 -0.053110 0.787715 0.595459 
521429409264643 -0.146786 -0.051894 0.793474 0.588354 
521429429836519 -0.146008 -0.046686 0.800644 0.579198 
521429450406623 -0.147429 -0.043168 0.807155 0.570001 
521429470975112 -0.149687 -0.039336 0.812441 0.562126 
521429491545321 -0.152485 -0.035319 0.815644 0.556979 
521429512115528 -0.154809 -0.032847 0.818118 0.552845 
521429532685841 -0.156931 -0.029648 0.820533 0.548834 
521429553256050 -0.157546 -0.027161 0.823786 0.543892 
521429573825945 -0.157607 -0.025420 0.824903 0.542262 
521429594396153 -0.158632 -0.023709 0.823978 0.543446 
521429614966467 -0.160995 -0.020199 0.823045 0.544307 
521429635536675 -0.162399 -0.018406 0.822899 0.544173 
521429656106882 -0.165471 -0.015971 0.823216 0.542844 
521429676677091 -0.170020 -0.007688 0.823527 0.541145 
521429697248758 -0.172930 0.002632 0.825387 0.537423 
521429717818966 -0.174259 0.009312 0.830182 0.529477 
521429738387873 -0.174277 0.013355 0.837322 0.518016 
521429758958081 -0.171830 0.015494 0.845572 0.505215 
521429779528185 -0.168672 0.018501 0.854714 0.490583 
521429800098394 -0.165291 0.023033 0.862088 0.478490 
521429820667560 -0.162378 0.025988 0.866795 0.470770 
521429841237768 -0.162109 0.028677 0.869484 0.465722 
521429861808810 -0.162010 0.030428 0.869412 0.465778 
521429882379018 -0.163070 0.027216 0.867204 0.469706 
521429902949330 -0.166305 0.022940 0.863455 0.475669 
521429923519539 -0.170369 0.019707 0.857934 0.484289 
521429944089748 -0.176660 0.017066 0.848270 0.498937 
521429964659956 -0.184050 0.011656 0.835969 0.516862 
521429985231935 -0.191956 0.006183 0.823862 0.533260 
521430005802143 -0.203182 0.001251 0.810825 0.548888 
521430026370581 -0.214124 0.000491 0.800074 0.560386 
521430046940789 -0.219774 0.001399 0.794512 0.566081 
521430067510998 -0.221899 -0.002280 0.794131 0.565784 
521430088081206 -0.221089 -0.007079 0.797999 0.560596 
521430108651310 -0.219568 -0.008950 0.805570 0.550242 
521430129221519 -0.218614 -0.006811 0.813875 0.538302 
521430149792091 -0.218794 0.000552 0.822126 0.525584 
521430170362299 -0.217644 0.010788 0.829517 0.514215 
521430190933654 -0.214869 0.019935 0.836149 0.504271 
521430211503862 -0.212404 0.030969 0.842930 0.493350 
521430232073705 -0.206486 0.045957 0.850700 0.481208 
521430252642925 -0.196250 0.051931 0.859195 0.469652 
521430273213133 -0.192248 0.049207 0.865934 0.459105 
521430293783289 -0.192070 0.043861 0.869631 0.452690 
521430314353498 -0.195080 0.043096 0.869247 0.452212 
521430334923497 -0.197784 0.041574 0.865566 0.458200 
521430355493705 -0.200791 0.036997 0.861076 0.465685 
521430376064071 -0.203296 0.030743 0.855587 0.475075 
521430396634279 -0.207433 0.027985 0.850152 0.483147 
521430417203288 -0.211467 0.031397 0.846578 0.487444 
521430437773497 -0.213114 0.033080 0.845036 0.489288 
521430458343757 -0.211694 0.030572 0.845888 0.488594 
521430478913965 -0.211126 0.028529 0.846806 0.487371 
521430499487091 -0.210888 0.026710 0.847924 0.485631 
521430520057299 -0.209802 0.025673 0.849615 0.483196 
521430540625736 -0.208926 0.023861 0.851658 0.480062 
521430561195945 -0.209092 0.025475 0.854988 0.473949 
521430581766466 -0.210647 0.031929 0.859304 0.464978 
521430602336674 -0.211757 0.038918 0.864451 0.454278 
521430622907977 -0.211948 0.046607 0.870347 0.442042 
521430643478185 -0.208114 0.053812 0.876614 0.430512 
521430664047768 -0.201271 0.057731 0.882667 0.420781 
521430684617977 -0.197424 0.054840 0.888557 0.410467 
521430705188132 -0.196101 0.052809 0.893420 0.400696 
521430725758288 -0.192423 0.053508 0.897715 0.392707 
521430746328185 -0.188664 0.058566 0.900436 0.387544 
521430766898393 -0.185758 0.066324 0.900828 0.386786 
521430787468549 -0.184803 0.072383 0.898503 0.391537 
521430808038758 -0.190388 0.070563 0.894825 0.397569 
521430828609956 -0.189470 0.079855 0.892635 0.401158 
521430849180164 -0.190381 0.078357 0.893364 0.399395 
521430869749122 -0.191145 0.076756 0.893987 0.397943 
521430890319330 -0.191706 0.077484 0.893958 0.397597 
521430910889487 -0.191718 0.077253 0.894138 0.397233 
521430931459696 -0.191572 0.077413 0.894133 0.397283 
521430952030476 -0.191843 0.078260 0.894107 0.397044 
521430972600267 -0.191857 0.078906 0.894180 0.396745 
521430993170476 -0.191657 0.079507 0.894128 0.396839 
521431013740580 -0.191703 0.080364 0.893820 0.397338 
521431034310789 -0.191289 0.081061 0.893229 0.398724 
521431054882247 -0.190875 0.085290 0.891003 0.402996 
521431075452455 -0.186377 0.088181 0.889619 0.407511 
521431096021518 -0.180567 0.089521 0.889489 0.410110 
521431116591726 -0.180268 0.089662 0.890202 0.408662 
521431137161830 -0.181869 0.088708 0.889848 0.408931 
521431157732039 -0.183704 0.089140 0.888902 0.410073 
521431178301101 -0.184673 0.090612 0.886804 0.413839 
521431198871309 -0.184019 0.090810 0.885232 0.417439 
521431219443445 -0.182469 0.088651 0.886114 0.416711 
521431240013653 -0.179786 0.084692 0.888604 0.413385 
521431260583340 -0.180345 0.077477 0.890703 0.410026 
521431281153549 -0.185555 0.068176 0.891723 0.407126 
521431301723653 -0.194642 0.059964 0.892354 0.402769 
521431322293861 -0.204756 0.054756 0.893331 0.396278 
521431342865788 -0.212472 0.052998 0.893568 0.391897 
521431363435996 -0.218832 0.052034 0.893881 0.387791 
521431384006778 -0.227982 0.051242 0.892684 0.385375 
521431404576987 -0.235804 0.047195 0.892111 0.382501 
521431425144435 -0.241453 0.038385 0.894970 0.373169 
521431445714643 -0.243583 0.024793 0.901100 0.357870 
521431466285633 -0.259030 0.014010 0.901600 0.346156 
521431486855841 -0.273961 0.008426 0.899808 0.339440 
521431507426569 -0.289239 -0.003291 0.899504 0.327449 
521431527996778 -0.303097 -0.019363 0.898862 0.315919 
521431548566309 -0.315269 -0.035705 0.897848 0.305286 
521431569136517 -0.328428 -0.049382 0.896881 0.292064 
521431589707924 -0.343696 -0.046270 0.893855 0.284175 
521431610278132 -0.362403 -0.018053 0.888522 0.280832 
521431630847195 -0.379033 0.021038 0.880772 0.283076 
521431651417508 -0.395871 0.060523 0.869828 0.288136 
521431671987716 -0.406789 0.105394 0.858295 0.294525 
521431692558861 -0.408326 0.158512 0.847350 0.300236 
521431713129174 -0.402933 0.215241 0.832456 0.313583 
521431733699331 -0.393012 0.268741 0.812619 0.336111 
521431754269643 -0.382637 0.321970 0.788909 0.357138 
521431774838601 -0.368692 0.375746 0.766431 0.368056 
521431795408809 -0.353957 0.422429 0.744840 0.376141 
521431815979225 -0.347747 0.458268 0.718467 0.390982 
521431836549434 -0.348978 0.480181 0.689628 0.414794 
521431857119694 -0.354447 0.495281 0.668379 0.427005 
521431877689798 -0.354350 0.501897 0.666111 0.422885 
521431898260163 -0.338866 0.505091 0.672870 0.421069 
521431918830371 -0.313086 0.504824 0.679312 0.430888 
521431939401934 -0.281007 0.499320 0.686265 0.448056 
521431959972143 -0.254217 0.487697 0.697422 0.459486 
521431980541466 -0.230854 0.471799 0.709061 0.470474 
521432001111674 -0.199799 0.449645 0.719334 0.490366 
521432021682195 -0.158760 0.416435 0.733640 0.512982 
521432042252299 -0.106877 0.372700 0.751254 0.534124 
521432062821465 -0.055692 0.323021 0.769230 0.548490 
521432083391674 -0.036701 0.287942 0.779437 0.555176 
521432103962091 -0.034181 0.265294 0.778847 0.567316 
521432124532247 -0.032250 0.248039 0.778594 0.575524 
521432145102351 -0.035111 0.242878 0.779951 0.575720 
521432165672663 -0.029304 0.241099 0.783460 0.572017 
521432186242871 -0.006964 0.238030 0.787294 0.568736 
521432206813080 0.026570 0.236196 0.787919 0.568057 
521432227384486 0.055953 0.239441 0.784075 0.569880 
521432247954694 0.074757 0.245033 0.776213 0.576076 
521432268524851 0.083657 0.249804 0.765805 0.586636 
521432289095059 0.088283 0.248787 0.756267 0.598641 
521432309663392 0.090325 0.242958 0.749528 0.609114 
521432330233601 0.086758 0.236448 0.742796 0.620339 
521432350803705 0.085208 0.226888 0.734234 0.634162 
521432371373913 0.086713 0.219858 0.726049 0.645752 
521432391944121 0.084641 0.222152 0.719828 0.652175 
521432412514226 0.081333 0.233905 0.714010 0.654877 
521432433084434 0.087454 0.244589 0.708443 0.656229 
521432453654642 0.100759 0.250616 0.702655 0.658267 
521432474224850 0.114089 0.250472 0.696780 0.662378 
521432494795632 0.126055 0.246525 0.692887 0.665765 
521432515365945 0.140397 0.247632 0.691930 0.663476 
521432535935424 0.158812 0.257797 0.691265 0.656104 
521432556505580 0.174906 0.281218 0.690233 0.643353 
521432577075841 0.180695 0.304227 0.688452 0.633110 
521432597646049 0.186624 0.304461 0.689856 0.629741 
521432618216361 0.191066 0.295420 0.696723 0.625138 
521432638786570 0.193323 0.285138 0.702803 0.622407 
521432659358288 0.201363 0.275597 0.704900 0.621784 
521432679928496 0.214455 0.270978 0.703109 0.621465 
521432700497194 0.228527 0.273286 0.698564 0.620563 
521432721067402 0.241593 0.279087 0.691866 0.620536 
521432741637454 0.249826 0.284085 0.685426 0.622153 
521432762207663 0.253068 0.285416 0.680631 0.625488 
521432782777871 0.253721 0.284214 0.677422 0.629243 
521432803348079 0.253355 0.281366 0.675963 0.632233 
521432823918131 0.251821 0.281314 0.675346 0.633527 
521432844488340 0.251426 0.282040 0.675102 0.633621 
521432865058653 0.252325 0.282723 0.673891 0.634248 
521432885628861 0.253074 0.283733 0.672864 0.634589 
521432906199278 0.252818 0.284392 0.672399 0.634889 
521432926769486 0.251401 0.284582 0.672009 0.635779 
521432947339902 0.250269 0.284241 0.671580 0.636831 
521432967910163 0.250952 0.283274 0.670405 0.638229 
521432988479902 0.251155 0.282448 0.669875 0.639071 
521433009050110 0.250491 0.282710 0.669264 0.639855 
521433029620372 0.250346 0.282719 0.668217 0.641002 
521433050190580 0.249893 0.281884 0.666822 0.642996 
521433070760735 0.247965 0.279650 0.665866 0.645703 
521433091330944 0.245365 0.275894 0.664121 0.650093 
521433111901256 0.238977 0.272991 0.664803 0.652995 
521433132471464 0.231870 0.268920 0.667437 0.654558 
521433153041725 0.225110 0.264172 0.669860 0.656373 
521433173612194 0.219325 0.260061 0.671145 0.658657 
521433194182402 0.216231 0.256970 0.671597 0.660430 
521433214756569 0.214561 0.256826 0.671521 0.661107 
521433235326777 0.213889 0.258218 0.671748 0.660553 
521433255894330 0.213747 0.259336 0.673239 0.658640 
521433276464434 0.215673 0.259030 0.673639 0.657723 
521433297034798 0.218250 0.259241 0.672350 0.658108 
521433317605006 0.219317 0.259520 0.670203 0.659831 
521433338174434 0.217534 0.259454 0.669782 0.660874 
521433358744642 0.213678 0.258831 0.671087 0.661052 
521433379314121 0.210077 0.257355 0.672857 0.660984 
521433399884330 0.208558 0.255635 0.673790 0.661182 
521433420454955 0.207861 0.255228 0.672886 0.662478 
521433441025215 0.207656 0.255101 0.670943 0.664559 
521433461595371 0.207857 0.254400 0.669256 0.666463 
521433482165580 0.207755 0.253274 0.668585 0.667596 
521433502735892 0.206047 0.252043 0.668530 0.668645 
521433523306100 0.202958 0.251202 0.668958 0.669478 
521433543876413 0.200256 0.251627 0.671431 0.667654 
521433564446673 0.198074 0.258910 0.676602 0.660259 
521433585016620 0.206192 0.263541 0.677430 0.655072 
521433605586829 0.214507 0.261031 0.674680 0.656244 
521433626156777 0.213214 0.258481 0.673506 0.658875 
521433646726985 0.204038 0.257970 0.675749 0.659684 
521433667297142 0.194421 0.257460 0.679797 0.658628 
521433687867402 0.191860 0.250378 0.682727 0.659079 
521433708437767 0.192347 0.241664 0.684113 0.660750 
521433729007976 0.193083 0.237269 0.683451 0.662810 
521433749578027 0.194410 0.237499 0.681876 0.663961 
521433770148131 0.195889 0.238928 0.681865 0.663024 
521433790719277 0.196428 0.238361 0.682370 0.662549 
521433811289485 0.195860 0.235473 0.681929 0.664202 
521433831858861 0.192291 0.231750 0.682130 0.666344 
521433852429070 0.187066 0.228325 0.682720 0.668406 
521433873000527 0.183551 0.225851 0.683899 0.669015 
521433893568861 0.182450 0.225348 0.684936 0.668426 
521433914139069 0.182474 0.225718 0.685922 0.667282 
