# Created at Thu Nov 07 18:43:26 EST 2019 in Burnaby Canada 
523450628154913 0.000000 0.000000 0.000000 
523450648722830 0.000000 0.000000 0.000000 
523450669290747 0.000000 0.000000 0.000000 
523450689858819 0.000000 0.000000 0.000000 
523450710426891 0.000000 0.000000 0.000000 
523450730994912 0.000000 0.000000 0.000000 
523450751562985 0.000000 0.000000 0.000000 
523450772131266 0.000000 0.000000 0.000000 
523450792699391 0.000000 0.000000 0.000000 
523450813268349 0.000000 0.000000 0.000000 
523450833836422 0.000000 0.000000 0.000000 
523450854403715 0.000000 0.000000 0.000000 
523450874971840 0.000000 0.000000 0.000000 
523450895539913 0.000000 0.000000 0.000000 
523450916108038 0.000000 0.000000 0.000000 
523450936676423 0.000000 0.000000 0.000000 
523450957244548 0.000000 0.000000 0.000000 
523450977812205 0.000000 0.000000 0.000000 
523450998380330 0.000000 0.000000 0.000000 
523451018948663 0.000000 0.000000 0.000000 
523451039516736 0.000000 0.000000 0.000000 
523451060084809 0.000000 0.000000 0.000000 
523451080653090 0.000000 0.000000 0.000000 
523451101221162 0.000000 0.000000 0.000000 
523451121789027 0.000000 0.000000 0.000000 
523451142357309 0.000000 0.000000 0.000000 
523451162925226 0.000000 0.000000 0.000000 
523451183493662 0.000000 0.000000 0.000000 
523451204066371 0.000000 0.000000 0.000000 
523451224629653 0.000000 0.000000 0.000000 
523451245197726 0.000000 0.000000 0.000000 
523451265765746 0.000000 0.000000 0.000000 
523451286333923 0.000000 0.000000 0.000000 
523451306902100 0.000000 0.000000 0.000000 
523451327470486 0.000000 0.000000 0.000000 
523451348038246 0.000000 0.000000 0.000000 
523451368606423 0.000000 0.000000 0.000000 
523451389174548 0.000000 0.000000 0.000000 
523451409742934 0.000000 0.000000 0.000000 
523451430310903 0.000000 0.000000 0.000000 
523451450878767 0.000000 0.000000 0.000000 
523451471446892 0.000000 0.000000 0.000000 
523451492015955 0.000000 0.000000 0.000000 
523451512584080 0.000000 0.000000 0.000000 
523451533151944 0.000000 0.000000 0.000000 
523451553720069 0.000000 0.000000 0.000000 
523451574287672 0.000000 0.000000 0.000000 
523451594855797 0.000000 0.000000 0.000000 
523451615423923 0.000000 0.000000 0.000000 
523451635992048 0.000000 0.000000 0.000000 
523451656560381 0.000000 0.000000 0.000000 
523451677128506 0.000000 0.000000 0.000000 
523451697698037 0.000000 0.000000 0.000000 
523451718266162 0.000000 0.000000 0.000000 
523451738834027 0.000000 0.000000 0.000000 
523451759402152 0.000000 0.000000 0.000000 
523451779970745 0.000000 0.000000 0.000000 
523451800538870 0.000000 0.000000 0.000000 
523451821106266 0.000000 0.000000 0.000000 
523451841674808 0.000000 0.000000 0.000000 
523451862243037 0.000000 0.000000 0.000000 
523451882810589 0.000000 0.000000 0.000000 
523451903380173 0.000000 0.000000 0.000000 
523451923946996 0.000000 0.000000 0.000000 
523451944515693 0.000000 0.000000 0.000000 
523451965083402 0.000000 0.000000 0.000000 
523451985651578 0.000000 0.000000 0.000000 
523452006219756 0.000000 0.000000 0.000000 
523452026787725 0.000000 0.000000 0.000000 
523452047356006 0.000000 0.000000 0.000000 
523452067924026 0.000000 0.000000 0.000000 
523452088493193 0.000000 0.000000 0.000000 
523452109060485 0.000000 0.000000 0.000000 
523452129628922 0.000000 0.000000 0.000000 
523452150196682 0.000000 0.000000 0.000000 
523452170764547 0.000000 0.000000 0.000000 
523452191332672 0.000000 0.000000 0.000000 
523452211901057 0.000000 0.000000 0.000000 
523452232469182 0.000000 0.000000 0.000000 
523452253037777 0.000000 0.000000 0.000000 
523452273605902 0.000000 0.000000 0.000000 
523452294173193 0.000000 0.000000 0.000000 
523452314741318 0.000000 0.000000 0.000000 
523452335310746 0.000000 0.000000 0.000000 
523452355878923 0.000000 0.000000 0.000000 
523452376446266 0.000000 0.000000 0.000000 
523452397014391 0.000000 0.000000 0.000000 
523452417582568 0.000000 0.000000 0.000000 
523452438150693 0.000000 0.000000 0.000000 
523452458718557 0.000000 0.000000 0.000000 
523452479286682 0.000000 0.000000 0.000000 
523452499855068 0.000000 0.000000 0.000000 
523452520423193 0.000000 0.000000 0.000000 
523452540991527 0.000000 0.000000 0.000000 
523452561558974 0.000000 0.000000 0.000000 
523452582128297 0.000000 0.000000 0.000000 
523452602695536 0.000000 0.000000 0.000000 
523452623264392 0.000000 0.000000 0.000000 
523452643831058 0.000000 0.000000 0.000000 
523452664399183 0.000000 0.000000 0.000000 
523452684968402 0.000000 0.000000 0.000000 
523452705536267 0.000000 0.000000 0.000000 
523452726104600 0.000000 0.000000 0.000000 
523452746672829 0.000000 0.000000 0.000000 
523452767242360 0.000000 0.000000 0.000000 
523452787808870 0.000000 0.000000 0.000000 
523452808377777 0.000000 0.000000 0.000000 
523452828945120 0.000000 0.000000 0.000000 
523452849513193 0.000000 0.000000 0.000000 
523452870081422 0.000000 0.000000 0.000000 
523452890647829 0.000000 0.000000 0.000000 
523452911216475 0.000000 0.000000 0.000000 
523452931784703 0.000000 0.000000 0.000000 
523452952352828 0.000000 0.000000 0.000000 
523452972922464 0.000000 0.000000 0.000000 
523452993490589 0.000000 0.000000 0.000000 
523453014058453 0.000000 0.000000 0.000000 
523453034626578 0.000000 0.000000 0.000000 
523453055196266 0.000000 0.000000 0.000000 
523453075764391 0.000000 0.000000 0.000000 
523453096330588 0.000000 0.000000 0.000000 
523453116898765 0.000000 0.000000 0.000000 
523453137466422 0.000000 0.000000 0.000000 
523453158034600 0.000000 0.000000 0.000000 
523453178602673 0.000000 0.000000 0.000000 
523453199170850 0.000000 0.000000 0.000000 
523453219739183 0.000000 0.000000 0.000000 
523453240307308 0.000000 0.000000 0.000000 
523453260874755 0.000000 0.000000 0.000000 
523453281442568 0.000000 0.000000 0.000000 
523453302010745 0.000000 0.000000 0.000000 
523453322581214 0.000000 0.000000 0.000000 
523453343148609 0.000000 0.000000 0.000000 
523453363718193 0.000000 0.000000 0.000000 
523453384284547 0.000000 0.000000 0.000000 
523453404852359 0.000000 0.000000 0.000000 
523453425422672 0.000000 0.000000 0.000000 
523453445990901 0.000000 0.000000 0.000000 
523453466558349 0.000000 0.000000 0.000000 
523453487126838 0.000000 0.000000 0.000000 
523453507693923 0.000000 0.000000 0.000000 
523453528262360 0.000000 0.000000 0.000000 
523453548830641 0.000000 0.000000 0.000000 
523453569398297 0.000000 0.000000 0.000000 
523453589968506 0.000000 0.000000 0.000000 
523453610533662 0.000000 0.000000 0.000000 
523453631101839 0.000000 0.000000 0.000000 
523453651669755 0.000000 0.000000 0.000000 
523453672237932 0.000000 0.000000 0.000000 
523453692807724 0.000000 0.000000 0.000000 
523453713375901 0.000000 0.000000 0.000000 
523453733944130 0.000000 0.000000 0.000000 
523453754512307 0.000000 0.000000 0.000000 
523453775081058 0.000000 0.000000 0.000000 
523453795649235 0.000000 0.000000 0.000000 
523453816217047 0.000000 0.000000 0.000000 
523453836785224 0.000000 0.000000 0.000000 
523453857352672 0.000000 0.000000 0.000000 
523453877920849 0.000000 0.000000 0.000000 
523453898488505 0.000000 0.000000 0.000000 
523453919056682 0.000000 0.000000 0.000000 
523453939624859 0.000000 0.000000 0.000000 
523453960193036 0.000000 0.000000 0.000000 
523453980761734 0.000000 0.000000 0.000000 
523454001329442 0.000000 0.000000 0.000000 
523454021897985 0.000000 0.000000 0.000000 
523454042465589 0.000000 0.000000 0.000000 
523454063034235 0.000000 0.000000 0.000000 
523454083603089 0.000000 0.000000 0.000000 
523454104170641 0.000000 0.000000 0.000000 
523454124738557 0.000000 0.000000 0.000000 
523454145306370 0.000000 0.000000 0.000000 
523454165875016 0.000000 0.000000 0.000000 
523454186443401 0.000000 0.000000 0.000000 
523454207011578 0.000000 0.000000 0.000000 
523454227579079 0.000000 0.000000 0.000000 
523454248147048 0.000000 0.000000 0.000000 
523454268715745 0.000000 0.000000 0.000000 
523454289284756 0.000000 0.000000 0.000000 
523454309853037 0.000000 0.000000 0.000000 
523454330420328 0.000000 0.000000 0.000000 
523454350988817 0.000000 0.000000 0.000000 
523454371557099 0.000000 0.000000 0.000000 
523454392125276 0.000000 0.000000 0.000000 
523454412692724 0.000000 0.000000 0.000000 
523454433260954 0.000000 0.000000 0.000000 
523454453829443 0.000000 0.000000 0.000000 
523454474397672 0.000000 0.000000 0.000000 
523454494966266 0.000000 0.000000 0.000000 
523454515534443 0.000000 0.000000 0.000000 
523454536102515 0.000000 0.000000 0.000000 
523454556670692 0.000000 0.000000 0.000000 
523454577239546 0.000000 0.000000 0.000000 
523454597807724 0.000000 0.000000 0.000000 
523454618375537 0.000000 0.000000 0.000000 
523454638943766 0.000000 0.000000 0.000000 
523454659511839 0.000000 0.000000 0.000000 
523454680080068 0.000000 0.000000 0.000000 
523454700649338 0.000000 0.000000 0.000000 
523454721217515 0.000000 0.000000 0.000000 
523454741785483 0.000000 0.000000 0.000000 
523454762353557 0.000000 0.000000 0.000000 
523454782922255 0.000000 0.000000 0.000000 
523454803488974 0.000000 0.000000 0.000000 
523454824057046 0.000000 0.000000 0.000000 
523454844626005 0.000000 0.000000 0.000000 
523454865193349 0.000000 0.000000 0.000000 
523454885762567 0.000000 0.000000 0.000000 
523454906329859 0.000000 0.000000 0.000000 
523454926899703 0.000000 0.000000 0.000000 
523454947466630 0.000000 0.000000 0.000000 
523454968036005 0.000000 0.000000 0.000000 
523454988603557 0.000000 0.000000 0.000000 
523455009171317 0.000000 0.000000 0.000000 
523455029739755 0.000000 0.000000 0.000000 
523455050307515 0.000000 0.000000 0.000000 
523455070875483 0.000000 0.000000 0.000000 
523455091443141 0.000000 0.000000 0.000000 
523455112011370 0.000000 0.000000 0.000000 
523455132579495 0.000000 0.000000 0.000000 
523455153147724 0.000000 0.000000 0.000000 
523455173716891 0.000000 0.000000 0.000000 
523455194285120 0.000000 0.000000 0.000000 
523455214853036 0.000000 0.000000 0.000000 
523455235421213 0.000000 0.000000 0.000000 
523455255988870 0.000000 0.000000 0.000000 
523455276557099 0.000000 0.000000 0.000000 
523455297125224 0.000000 0.000000 0.000000 
523455317693453 0.000000 0.000000 0.000000 
523455338261681 0.000000 0.000000 0.000000 
523455358829858 0.000000 0.000000 0.000000 
523455379398296 0.000000 0.000000 0.000000 
523455399966526 0.000000 0.000000 0.000000 
523455420534547 0.000000 0.000000 0.000000 
523455441102776 0.000000 0.000000 0.000000 
523455461671266 0.000000 0.000000 0.000000 
523455482239390 0.000000 0.000000 0.000000 
523455502807619 0.000000 0.000000 0.000000 
523455523375744 0.000000 0.000000 0.000000 
523455543943817 0.000000 0.000000 0.000000 
523455564512203 0.000000 0.000000 0.000000 
523455585080224 0.000000 0.000000 0.000000 
523455605648452 0.000000 0.000000 0.000000 
523455626216733 0.000000 0.000000 0.000000 
523455646785380 0.000000 0.000000 0.000000 
523455667353296 0.000000 0.000000 0.000000 
523455687922724 0.000000 0.000000 0.000000 
523455708491525 0.000000 0.000000 0.000000 
523455729059651 0.000000 0.000000 0.000000 
523455749627931 0.000000 0.000000 0.000000 
523455770194338 0.000000 0.000000 0.000000 
523455790763348 0.000000 0.000000 0.000000 
523455811330693 0.000000 0.000000 0.000000 
523455831898922 0.000000 0.000000 0.000000 
523455852467307 0.000000 0.000000 0.000000 
523455873035536 0.000000 0.000000 0.000000 
523455893604182 0.000000 0.000000 0.000000 
523455914172359 0.000000 0.000000 0.000000 
523455934741472 0.000000 0.000000 0.000000 
523455955309702 0.000000 0.000000 0.000000 
523455975876421 0.000000 0.000000 0.000000 
523455996444650 0.000000 0.000000 0.000000 
523456017013036 0.000000 0.000000 0.000000 
523456037581265 0.000000 0.000000 0.000000 
523456058149337 0.000000 0.000000 0.000000 
523456078717567 0.000000 0.000000 0.000000 
523456099289234 0.000000 0.000000 0.000000 
523456119857463 0.000000 0.000000 0.000000 
523456140424129 0.000000 0.000000 0.000000 
523456160992358 0.000000 0.000000 0.000000 
523456181559025 0.000000 0.000000 0.000000 
523456202127463 0.000000 0.000000 0.000000 
523456222695483 0.000000 0.000000 0.000000 
523456243264130 0.000000 0.000000 0.000000 
523456263832775 0.000000 0.000000 0.000000 
523456284404337 0.000000 0.000000 0.000000 
523456304970275 0.000000 0.000000 0.000000 
523456325536943 0.000000 0.000000 0.000000 
523456346105275 0.000000 0.000000 0.000000 
523456366673036 0.000000 0.000000 0.000000 
523456387241109 0.000000 0.000000 0.000000 
523456407809546 0.000000 0.000000 0.000000 
523456428377514 0.000000 0.000000 0.000000 
523456448946109 0.000000 0.000000 0.000000 
523456469513974 0.000000 0.000000 0.000000 
523456490082306 0.000000 0.000000 0.000000 
523456510650535 0.000000 0.000000 0.000000 
523456531218608 0.000000 0.000000 0.000000 
523456551786890 0.000000 0.000000 0.000000 
523456572355275 0.000000 0.000000 0.000000 
523456592923504 0.000000 0.000000 0.000000 
523456613491525 0.000000 0.000000 0.000000 
523456634059754 0.000000 0.000000 0.000000 
523456654628972 0.000000 0.000000 0.000000 
523456675197202 0.000000 0.000000 0.000000 
523456695765588 0.000000 0.000000 0.000000 
523456716333817 0.000000 0.000000 0.000000 
523456736902150 0.000000 0.000000 0.000000 
523456757470379 0.000000 0.000000 0.000000 
523456778038192 0.000000 0.000000 0.000000 
