# Created at Thu Nov 07 18:43:26 EST 2019 in Burnaby Canada 
523450633296944 -2.934075 -0.168321 9.355922 
523450653864861 -2.931564 -0.168438 9.356707 
523450674432726 -2.929266 -0.167986 9.357433 
523450695000851 -2.925361 -0.167444 9.358665 
523450715568923 -2.919644 -0.166295 9.360471 
523450736136944 -2.915404 -0.165545 9.361805 
523450756705173 -2.911693 -0.165445 9.362962 
523450777273298 -2.908497 -0.164637 9.363970 
523450797842204 -2.905226 -0.162367 9.365026 
523450818410329 -2.902816 -0.160993 9.365795 
523450838977778 -2.901150 -0.160356 9.366323 
523450859545747 -2.900320 -0.159884 9.366588 
523450880113923 -2.899599 -0.159372 9.366820 
523450900681944 -2.899992 -0.158617 9.366711 
523450921250016 -2.900588 -0.157260 9.366549 
523450941818454 -2.900085 -0.156283 9.366722 
523450962386370 -2.899214 -0.155441 9.367005 
523450982954236 -2.898686 -0.154177 9.367188 
523451003522568 -2.897819 -0.153074 9.367476 
523451024090642 -2.898089 -0.151332 9.367420 
523451044658766 -2.897120 -0.150106 9.367741 
523451065226840 -2.895096 -0.148925 9.368384 
523451085795120 -2.892033 -0.149273 9.369325 
523451106363193 -2.889910 -0.149429 9.369978 
523451126931058 -2.888361 -0.148981 9.370461 
523451147499340 -2.886019 -0.148634 9.371189 
523451168067205 -2.884111 -0.148326 9.371782 
523451188635693 -2.882245 -0.148589 9.372351 
523451209208402 -2.880357 -0.148654 9.372931 
523451229771684 -2.879308 -0.148453 9.373256 
523451250339757 -2.878098 -0.147491 9.373643 
523451270907777 -2.877200 -0.146880 9.373929 
523451291475954 -2.876031 -0.146949 9.374287 
523451312044131 -2.875222 -0.145836 9.374551 
523451332612517 -2.874539 -0.145854 9.374761 
523451353180277 -2.873744 -0.145547 9.375010 
523451373748402 -2.872962 -0.144222 9.375270 
523451394316579 -2.872838 -0.143252 9.375322 
523451414884809 -2.872167 -0.142414 9.375540 
523451435452934 -2.871438 -0.141672 9.375775 
523451456020798 -2.870448 -0.139714 9.376107 
523451476589756 -2.869576 -0.139910 9.376372 
523451497157986 -2.866354 -0.138999 9.377371 
523451517726319 -2.862181 -0.138038 9.378659 
523451538293976 -2.859301 -0.139067 9.379522 
523451558862360 -2.854559 -0.139656 9.380959 
523451579429704 -2.848946 -0.141334 9.382640 
523451599997621 -2.842790 -0.145305 9.384445 
523451620565955 -2.836886 -0.148134 9.386188 
523451641135122 -2.830485 -0.148405 9.388116 
523451661702413 -2.825838 -0.148308 9.389517 
523451682271788 -2.823212 -0.147523 9.390320 
523451702840069 -2.822997 -0.146157 9.390406 
523451723409600 -2.825402 -0.144436 9.389709 
523451743976059 -2.829937 -0.142224 9.388377 
523451764544652 -2.836212 -0.139100 9.386529 
523451785112777 -2.842998 -0.135754 9.384526 
523451805680225 -2.848751 -0.132408 9.382829 
523451826248297 -2.853258 -0.128906 9.381508 
523451846816839 -2.856318 -0.126481 9.380610 
523451867385068 -2.859154 -0.124290 9.379774 
523451887952620 -2.863132 -0.121676 9.378595 
523451908522204 -2.867365 -0.123738 9.377275 
523451929089286 -2.867229 -0.122820 9.377329 
523451949657724 -2.863142 -0.124388 9.378556 
523451970225433 -2.858215 -0.126265 9.380035 
523451990793609 -2.851911 -0.127549 9.381935 
523452011361787 -2.846207 -0.128251 9.383658 
523452031929756 -2.840036 -0.130185 9.385501 
523452052498037 -2.834051 -0.133043 9.387270 
523452073066057 -2.829408 -0.135902 9.388630 
523452093635224 -2.829067 -0.134643 9.388751 
523452114202516 -2.831411 -0.138858 9.387982 
523452134770953 -2.836939 -0.138999 9.386312 
523452155338713 -2.843799 -0.138231 9.384247 
523452175906578 -2.853069 -0.137291 9.381446 
523452196476266 -2.859891 -0.139776 9.379333 
523452217043088 -2.859915 -0.138574 9.379343 
523452237611110 -2.858343 -0.138240 9.379827 
523452258179808 -2.860080 -0.141069 9.379255 
523452278747880 -2.864928 -0.143512 9.377739 
523452299315224 -2.866074 -0.148926 9.377303 
523452319884390 -2.871450 -0.149838 9.375645 
523452340452777 -2.876138 -0.152476 9.374165 
523452361019757 -2.876098 -0.162744 9.374005 
523452381588298 -2.872652 -0.167725 9.374974 
523452402157725 -2.870874 -0.170567 9.375466 
523452422724600 -2.875360 -0.168947 9.374122 
523452443293038 -2.877172 -0.167260 9.373595 
523452463860589 -2.872732 -0.162906 9.375033 
523452484429236 -2.870620 -0.171661 9.375525 
523452504997100 -2.874112 -0.171757 9.374453 
523452525565434 -2.880744 -0.177306 9.372313 
523452546133559 -2.882870 -0.197393 9.371259 
523452566702204 -2.883128 -0.215315 9.370785 
523452587270329 -2.891300 -0.221645 9.368119 
523452607838246 -2.892074 -0.234027 9.367578 
523452628406423 -2.885145 -0.252834 9.369226 
523452648973089 -2.883810 -0.256914 9.369526 
523452669541214 -2.885826 -0.265297 9.368671 
523452690110433 -2.891767 -0.275818 9.366536 
523452710678298 -2.881252 -0.285779 9.369478 
523452731246631 -2.860658 -0.301914 9.375279 
523452751814860 -2.846852 -0.300432 9.379530 
523452772384391 -2.829939 -0.301205 9.384621 
523452792950901 -2.805453 -0.312111 9.391613 
523452813518975 -2.789545 -0.306838 9.396524 
523452834087151 -2.774198 -0.295862 9.401420 
523452854655224 -2.748734 -0.301816 9.408707 
523452875223453 -2.716669 -0.312942 9.417652 
523452895789860 -2.697977 -0.303025 9.423347 
523452916358870 -2.693488 -0.285452 9.425180 
523452936926734 -2.695163 -0.277647 9.424934 
523452957496109 -2.681862 -0.282101 9.428596 
523452978064495 -2.651750 -0.285460 9.437008 
523452998632307 -2.625515 -0.276113 9.444618 
523453019200484 -2.610111 -0.257395 9.449415 
523453039769807 -2.606397 -0.245714 9.450752 
523453060338298 -2.606957 -0.241401 9.450707 
523453080904808 -2.606983 -0.216475 9.451305 
523453101472620 -2.597000 -0.194935 9.454521 
523453122041319 -2.595186 -0.192055 9.455079 
523453142608454 -2.591471 -0.188632 9.456166 
523453163176787 -2.585950 -0.171773 9.457999 
523453183744704 -2.574233 -0.148498 9.461590 
523453204313037 -2.561373 -0.133235 9.465305 
523453224881214 -2.551877 -0.143802 9.467715 
523453245448557 -2.539782 -0.145190 9.470946 
523453266016786 -2.526063 -0.126496 9.474882 
523453286584599 -2.522625 -0.102753 9.476085 
523453307152776 -2.526088 -0.093515 9.475259 
523453327723245 -2.519185 -0.077140 9.477243 
523453348290640 -2.506207 -0.045091 9.480890 
523453368860224 -2.492201 -0.015229 9.484676 
523453389426578 -2.502156 0.022426 9.482040 
523453409996526 -2.527444 0.098535 9.474846 
523453430564704 -2.547673 0.221014 9.467360 
523453451132933 -2.578058 0.293106 9.457171 
523453471700381 -2.592200 0.327015 9.452193 
523453492268870 -2.593857 0.346825 9.451032 
523453512835954 -2.613822 0.384269 9.444081 
523453533404391 -2.635564 0.441006 9.435555 
523453553972672 -2.646963 0.489720 9.429960 
523453574542360 -2.653009 0.506783 9.427360 
523453595107828 -2.652510 0.498085 9.427962 
523453615675693 -2.641626 0.474612 9.432229 
523453636243870 -2.617007 0.432923 9.441092 
523453656811786 -2.595574 0.372243 9.449594 
523453677381005 -2.597970 0.313710 9.451059 
523453697949755 -2.632604 0.226650 9.443961 
523453718518350 -2.677814 0.122731 9.433167 
523453739086162 -2.708059 0.035339 9.425261 
523453759654703 -2.717950 -0.019380 9.422460 
523453780223089 -2.717471 -0.040524 9.422531 
523453800791631 -2.725513 -0.035618 9.420228 
523453821359078 -2.760050 -0.013616 9.410224 
523453841926578 -2.807991 0.041666 9.395948 
523453862494703 -2.857908 0.083591 9.380606 
523453883062620 -2.908099 0.134054 9.364581 
523453903630536 -2.968050 0.199789 9.344579 
523453924198610 -3.022504 0.253986 9.325789 
523453944766890 -3.081919 0.319754 9.304296 
523453965335589 -3.120908 0.384068 9.288855 
523453985903766 -3.145422 0.444512 9.277883 
523454006471474 -3.157015 0.494729 9.271402 
523454027040016 -3.159173 0.550872 9.267500 
523454047607620 -3.134201 0.579165 9.274251 
523454068176266 -3.103388 0.589856 9.283935 
523454088745120 -3.098255 0.603310 9.284784 
523454109312672 -3.097596 0.633119 9.283019 
523454129880588 -3.085196 0.645574 9.286290 
523454150448401 -3.066255 0.650829 9.292195 
523454171017047 -3.050231 0.649555 9.297556 
523454191585433 -3.027256 0.631505 9.306305 
523454212153610 -3.012732 0.613624 9.312212 
523454232721110 -2.995211 0.618634 9.317532 
523454253289079 -3.008821 0.607014 9.313910 
523454273857776 -3.050296 0.575880 9.302389 
523454294426787 -3.101616 0.528261 9.288236 
523454314995068 -3.154524 0.467379 9.273668 
523454335562359 -3.208335 0.404015 9.258172 
523454356130848 -3.266262 0.363522 9.239576 
523454376699131 -3.327353 0.326631 9.219133 
523454397266526 -3.418802 0.323338 9.185730 
523454417834756 -3.521231 0.319024 9.147106 
523454438403453 -3.695324 0.319156 9.078166 
523454458971474 -3.926176 0.337192 8.980080 
523454479539963 -4.105297 0.356332 8.898873 
523454500108297 -4.176103 0.353973 8.865959 
523454520676526 -4.181327 0.365657 8.863025 
523454541244546 -4.158878 0.432663 8.870565 
523454561813036 -4.147261 0.553752 8.869272 
523454582381578 -4.310036 0.707107 8.780317 
523454602951474 -4.504502 0.996278 8.653744 
523454623517568 -4.533937 1.359544 8.588681 
523454644085797 -4.733191 1.720724 8.414654 
523454664653870 -4.936388 2.006096 8.232741 
523454685222723 -5.076308 2.215314 8.092828 
523454705791369 -5.191451 2.421485 7.959626 
523454726359285 -5.242631 2.668828 7.846181 
523454746927515 -5.361536 2.946646 7.664307 
523454767495589 -5.561339 3.126220 7.447727 
523454788064286 -5.595739 3.171351 7.402744 
523454808631005 -5.553051 3.147933 7.444766 
523454829199077 -5.415333 3.084004 7.571887 
523454849768036 -5.158082 2.981629 7.789381 
523454870335380 -5.124407 2.731366 7.902561 
523454890904599 -5.128635 2.502784 7.975185 
523454911471891 -5.136537 2.200037 8.058922 
523454932041734 -5.251019 1.972795 8.043958 
523454952608661 -5.403371 1.798270 7.983745 
523454973178036 -5.357621 1.695679 8.036850 
523454993745588 -4.905198 1.839845 8.290018 
523455014313348 -4.108474 2.166460 8.636971 
523455034881786 -3.695846 2.362783 8.770883 
523455055449547 -3.730447 2.266407 8.781661 
523455076017308 -3.730841 1.993732 8.847386 
523455096585172 -3.722034 1.840771 8.884167 
523455117153557 -3.765105 1.808950 8.872545 
523455137721526 -3.672378 1.770808 8.918983 
523455158290223 -3.439964 1.703428 9.024155 
523455178858922 -3.238439 1.600278 9.117127 
523455199427254 -2.977497 1.435378 9.232800 
523455219995068 -2.574428 1.299180 9.373092 
523455240562724 -2.109365 1.271479 9.492330 
523455261130901 -1.639019 1.354318 9.573391 
523455281699182 -1.250943 1.504236 9.609516 
523455302267255 -1.078031 1.651789 9.606238 
523455322835484 -1.061152 1.788742 9.583567 
523455343403712 -0.991991 1.940079 9.561508 
523455363971943 -0.881463 2.110026 9.536309 
523455384540328 -0.743690 2.289212 9.506673 
523455405108765 -0.641546 2.467416 9.469460 
523455425676578 -0.671007 2.646549 9.418914 
523455446245068 -0.768790 2.811511 9.363480 
523455466813297 -0.845869 2.943757 9.316072 
523455487381421 -0.860332 3.046720 9.281579 
523455507949651 -0.848803 3.142370 9.250699 
523455528517776 -0.833555 3.261017 9.210936 
523455549085848 -0.913330 3.410912 9.148874 
523455569654234 -1.031553 3.534614 9.089158 
523455590222255 -1.090831 3.618030 9.049328 
523455610790483 -1.029644 3.681796 9.030759 
523455631358764 -0.976001 3.763497 9.002993 
523455651927412 -0.978109 3.878266 8.953923 
523455672495328 -1.030873 3.995762 8.896155 
523455693064755 -1.107035 4.056234 8.859561 
523455713633556 -1.166812 4.046329 8.856420 
523455734201682 -1.204857 4.009576 8.868032 
523455754769962 -1.241119 3.989676 8.872006 
523455775336317 -1.325229 4.012138 8.849684 
523455795904963 -1.420949 4.068334 8.809084 
523455816472724 -1.472075 4.129064 8.772355 
523455837041526 -1.443293 4.202695 8.742119 
523455857609338 -1.392969 4.299346 8.703197 
523455878178244 -1.375977 4.411059 8.649835 
523455898746213 -1.413043 4.506559 8.594452 
523455919317620 -1.461996 4.566374 8.554601 
523455939883504 -1.531454 4.604841 8.521764 
523455960450224 -1.632186 4.629925 8.489413 
523455981018452 -1.751494 4.646364 8.456593 
523456001587150 -1.870715 4.649390 8.429352 
523456022155067 -1.965827 4.628613 8.419135 
523456042723296 -2.023171 4.605999 8.417953 
523456063291369 -2.089704 4.600303 8.404804 
523456083862776 -2.204075 4.601337 8.374971 
523456104431265 -2.328528 4.604530 8.339462 
523456124997879 -2.416400 4.634485 8.297769 
523456145566160 -2.465440 4.688795 8.252708 
523456166132828 -2.474946 4.736401 8.222624 
523456186701057 -2.477455 4.783839 8.194358 
523456207269494 -2.494430 4.837752 8.157473 
523456227837566 -2.514556 4.894878 8.117115 
523456248406577 -2.522476 4.942056 8.086012 
523456268974806 -2.500549 4.971244 8.074923 
523456289544078 -2.459534 5.005774 8.066183 
523456310112307 -2.433280 5.052299 8.045112 
523456330678974 -2.411276 5.084446 8.031472 
523456351247306 -2.378834 5.082788 8.042190 
523456371815067 -2.341127 5.058666 8.068420 
523456392383140 -2.315774 5.026236 8.095957 
523456412951422 -2.320349 4.996521 8.113024 
523456433519546 -2.337317 4.988540 8.113065 
523456454088140 -2.342105 5.016757 8.094263 
523456474656005 -2.316947 5.070028 8.068269 
523456495224337 -2.278319 5.121562 8.046692 
523456515792462 -2.230316 5.167478 8.030768 
523456536360640 -2.177110 5.224314 8.008566 
523456556928973 -2.128358 5.303068 7.969814 
523456577497306 -2.136887 5.397972 7.903544 
523456598065483 -2.158127 5.545490 7.794897 
523456618633556 -2.137251 5.692718 7.693862 
523456639201941 -2.105809 5.727533 7.676673 
523456659771004 -2.095224 5.648995 7.737525 
523456680339442 -2.115875 5.546386 7.805835 
523456700907619 -2.125145 5.487920 7.844543 
523456721475900 -2.102112 5.457635 7.871831 
523456742044181 -2.056062 5.416560 7.912262 
523456762611838 -1.992295 5.342767 7.978470 
523456783180276 -1.942418 5.264969 8.042233 
