# Created at Thu Nov 07 18:43:26 EST 2019 in Burnaby Canada 
523450623012881 -0.000124 0.016173 -0.006301 
523450643580798 -0.003789 0.011591 0.000723 
523450664148715 -0.001651 0.013424 0.000723 
523450684716788 -0.002568 0.015867 -0.000193 
523450705284860 -0.003789 0.010064 -0.003553 
523450725852881 -0.001957 0.008537 -0.003247 
523450746420954 -0.000430 0.014645 0.000723 
523450766989235 -0.000124 0.019532 0.001945 
523450787557360 0.001098 0.021670 0.000113 
523450808126318 0.001403 0.023198 -0.004469 
523450828694391 0.001098 0.025946 -0.002636 
523450849261684 0.001098 0.029001 -0.004163 
523450869829809 0.000792 0.025336 -0.002025 
523450890397882 0.000792 0.023808 0.000113 
523450910966007 -0.002262 0.025946 -0.003553 
523450931534392 -0.000430 0.027474 -0.001720 
523450952102517 0.001709 0.027168 0.004389 
523450972670174 0.001709 0.022892 -0.000193 
523450993238299 -0.000124 0.020449 0.001029 
523451013806632 0.000487 0.022281 -0.001720 
523451034374705 0.001098 0.021060 -0.001109 
523451054942778 0.000487 0.013424 -0.001720 
523451075511059 -0.002568 0.011591 -0.002331 
523451096079131 -0.004400 0.010675 -0.002025 
523451116646996 -0.002568 0.017089 -0.002331 
523451137215278 0.000181 0.017089 -0.002636 
523451157783195 -0.004706 0.015562 -0.002331 
523451178351631 -0.001957 0.017700 -0.003553 
523451198924340 -0.001957 0.018616 -0.000804 
523451219487622 0.001403 0.020449 -0.002942 
523451240056528 -0.001040 0.020754 -0.002942 
523451260623715 0.002319 0.018922 -0.003553 
523451281191892 -0.002873 0.019532 -0.003858 
523451301760068 -0.000735 0.018616 -0.002331 
523451322328454 0.000181 0.020754 -0.002331 
523451342896214 -0.002262 0.018922 0.001029 
523451363464391 0.001098 0.018922 -0.001415 
523451384032516 0.000487 0.021060 -0.002025 
523451404600902 0.001403 0.021060 0.000113 
523451425168871 0.002014 0.017394 -0.002636 
523451445736735 0.002930 0.010980 -0.003553 
523451466304860 0.000792 0.007621 -0.001415 
523451486873923 -0.001651 0.007315 -0.007829 
523451507442048 -0.001040 -0.003986 -0.015770 
523451528009913 -0.001957 -0.012233 -0.023406 
523451548578038 -0.001346 -0.011927 -0.025849 
523451569145641 -0.002873 -0.015287 -0.019435 
523451589713766 -0.006538 -0.011927 -0.008134 
523451610281892 -0.005927 0.002123 -0.001415 
523451630850017 -0.004095 0.016784 0.001334 
523451651418350 -0.001651 0.031139 0.003472 
523451671986475 0.002625 0.036331 0.001640 
523451692556006 0.005985 0.041218 0.002862 
523451713124131 0.005985 0.046716 0.008054 
523451733691996 0.007817 0.045800 0.009581 
523451754260121 0.005985 0.043967 0.008359 
523451774828714 0.006901 0.043967 0.003472 
523451795396839 0.007206 0.040302 0.002251 
523451815964235 0.008428 0.036026 -0.002636 
523451836532777 0.009039 0.027474 -0.005996 
523451857101006 0.004763 0.021060 -0.004469 
523451877668558 0.002625 0.020754 -0.008439 
523451898238142 -0.001346 0.016784 -0.006912 
523451918805224 -0.008982 0.004566 -0.004163 
523451939373662 0.000181 -0.007957 -0.006301 
523451959941474 -0.005316 -0.008567 -0.008745 
523451980509547 -0.005927 -0.006429 -0.010578 
523452001077725 -0.005927 -0.003986 -0.016686 
523452021645694 0.000181 -0.000015 -0.017297 
523452042213975 0.001403 0.005177 -0.014243 
523452062781995 -0.006844 0.013729 -0.000193 
523452083351162 -0.019977 0.039386 0.005305 
523452103918454 -0.009287 0.047327 -0.001415 
523452124486891 -0.010814 0.046716 -0.013021 
523452145054651 -0.004095 0.055268 -0.023100 
523452165622516 -0.001040 0.052519 -0.026155 
523452186190641 0.002930 0.037247 -0.020046 
523452206759026 -0.007454 0.022892 -0.014243 
523452227327151 -0.014785 0.019838 -0.017297 
523452247895746 -0.016617 0.026557 -0.022184 
523452268463871 -0.000124 0.041524 -0.027987 
523452289031162 0.021562 0.032361 -0.030125 
523452309599287 -0.019977 0.019227 -0.051200 
523452330168715 -0.042885 0.043662 -0.029820 
523452350736840 -0.013258 0.032055 -0.009356 
523452371304235 -0.034027 0.010980 -0.009356 
523452391872360 -0.037081 0.010980 -0.014243 
523452412440537 -0.004400 0.037247 0.005305 
523452433008662 0.007206 0.057101 -0.010578 
523452453576474 0.016369 0.014645 -0.006607 
523452474144651 0.038971 -0.022312 -0.017297 
523452494713037 -0.020283 0.005788 -0.023100 
523452515281162 -0.047772 0.056490 -0.063723 
523452535849496 -0.054186 0.040913 -0.048757 
523452556417516 -0.108247 0.037247 -0.078078 
523452576986266 -0.086256 0.048548 -0.076245 
523452597553505 -0.006538 0.027474 -0.068304 
523452618122308 -0.001957 -0.008567 -0.025849 
523452638689026 -0.020893 -0.004902 -0.019435 
523452659257151 -0.031584 0.016784 -0.040510 
523452679826318 -0.023948 0.036942 -0.044480 
523452700394235 -0.030362 -0.012233 -0.048757 
523452720962568 -0.023032 -0.058353 0.000418 
523452741530797 -0.017534 -0.036667 -0.000804 
523452762099547 -0.002262 -0.042470 -0.003858 
523452782666786 0.007206 -0.088591 -0.010883 
523452803234913 0.007206 -0.086147 -0.027071 
523452823803089 0.009955 -0.043998 -0.027376 
523452844371162 0.011788 -0.060185 -0.043259 
523452864939391 0.006290 -0.145096 0.015079 
523452885505746 0.008428 -0.107527 0.036765 
523452906074444 0.025227 -0.016509 0.022715 
523452926642620 0.045385 0.021060 0.024242 
523452947210797 0.028587 -0.021701 0.067002 
523452967780381 0.008123 -0.117607 0.102738 
523452988348558 0.009650 -0.141430 0.146109 
523453008916370 0.011788 -0.088896 0.148247 
523453029484547 -0.008371 -0.040638 0.129005 
523453050054183 0.027365 0.021670 0.129005 
523453070622360 0.074707 0.019227 0.169933 
523453091188557 0.046607 -0.000321 0.105487 
523453111756682 0.020034 -0.010095 0.083190 
523453132324391 0.019424 -0.017119 0.101822 
523453152892516 0.042331 -0.009178 0.143360 
523453173460641 0.051494 -0.035751 0.130838 
523453194028818 0.024616 -0.033307 0.098156 
523453214597099 -0.011731 -0.046441 0.050509 
523453235165276 0.011788 -0.052855 0.115871 
523453255732724 0.022172 -0.072097 0.159548 
523453276300849 0.044164 -0.008873 0.168711 
523453296868714 0.053632 0.019838 0.219108 
523453317439183 0.035001 -0.003375 0.276223 
523453338006526 -0.026697 -0.037889 0.329980 
523453358576110 -0.039525 -0.057437 0.425885 
523453379142516 0.038971 0.010675 0.530343 
523453399710328 0.159312 0.101388 0.647629 
523453420280589 0.257966 0.174081 0.682143 
523453440848818 0.231699 0.193629 0.731929 
523453461416318 0.060352 0.163391 0.554167 
523453481984807 0.038666 0.025336 0.277445 
523453502551839 0.106166 0.044272 0.342808 
523453523120276 0.137015 0.142927 0.479031 
523453543688557 0.148011 0.112078 0.478420 
523453564257411 0.088146 0.083673 0.305850 
523453584826475 -0.004400 0.003344 0.058756 
523453605391631 -0.055407 -0.038500 -0.110148 
523453625959808 -0.107025 -0.113025 -0.171540 
523453646527724 -0.195906 -0.150288 -0.305320 
523453667095901 -0.207207 -0.072097 -0.356632 
523453687665641 -0.148564 0.079703 -0.634576 
523453708233818 -0.252717 0.235779 -0.806534 
523453728802047 -0.266767 0.204319 -0.739034 
523453749370224 -0.165363 0.081230 -0.620526 
523453769938974 -0.071901 0.066874 -0.492244 
523453790507151 0.015453 -0.004597 -0.199029 
523453811074963 0.054854 0.118492 -0.085408 
523453831643140 0.169696 0.239138 0.149774 
523453852210641 0.123576 0.239749 0.300963 
523453872778818 0.053632 0.264795 0.384041 
523453893346422 0.150759 0.296865 0.540422 
523453913914599 0.114413 0.309082 0.602425 
523453934482776 0.112275 0.336877 0.604563 
523453955050953 0.163588 0.268460 0.664123 
523453975619651 0.120216 0.240055 0.650378 
523453996187828 0.074401 0.069623 0.546226 
523454016755953 0.119300 0.100777 0.556305 
523454037323557 0.052410 -0.028420 0.631747 
523454057892203 -0.097862 -0.121272 0.507436 
523454078461006 -0.072206 -0.080344 0.371518 
523454099028558 0.022478 0.025946 0.319289 
523454119596474 0.012399 -0.000626 0.340975 
523454140164339 -0.079231 -0.071181 0.261868 
523454160732985 -0.080758 -0.060185 0.316541 
523454181301318 -0.170250 -0.079733 0.432605 
523454201870380 -0.262491 -0.061102 0.455818 
523454222436995 -0.123519 -0.045525 0.420082 
523454243005016 -0.043801 -0.013454 0.118620 
523454263573713 -0.055102 0.148425 -0.171540 
523454284142673 -0.065792 0.246469 -0.400920 
523454304710954 -0.084423 0.260213 -0.445208 
523454325278297 -0.227671 0.266016 -0.300127 
523454345846734 -0.263407 0.255021 0.085939 
523454366415016 -0.288758 0.335349 0.160465 
523454386983245 -0.156505 0.457522 0.381292 
523454407550693 -0.147037 0.486233 0.379765 
523454428118870 -0.093281 0.716224 0.199255 
523454448687411 0.002319 1.181397 0.245680 
523454469255589 0.014842 1.245232 0.287830 
523454489824183 -0.055713 0.663384 0.324176 
523454510392412 -0.336405 0.174692 0.492470 
523454530960432 -0.213927 -0.000932 0.642437 
523454551528609 0.077761 -0.093783 0.649767 
523454572097463 0.321191 0.237611 0.656792 
523454592665640 0.772314 1.574794 0.646713 
523454613233505 1.470533 0.402545 1.139070 
523454633801682 1.557581 0.877797 1.069126 
523454654369756 1.412195 1.446818 0.931987 
523454674937985 0.985506 1.267835 0.751476 
523454695507255 0.711228 0.884822 0.663206 
523454716075484 0.871580 0.800523 0.856545 
523454736643400 0.997113 0.681099 1.056908 
523454757211526 0.825765 1.734841 1.045913 
523454777780171 0.101890 1.139858 0.837608 
523454798346733 -0.455218 0.150563 0.609756 
523454818914963 -0.673908 -0.292619 0.518126 
523454839483401 -0.898095 -1.180206 0.670537 
523454860051266 -0.904204 -1.131337 -0.309596 
523454880620484 -0.796081 -0.302699 -1.000789 
523454901187776 -1.203833 -0.210458 -0.653207 
523454921757619 -1.212385 0.085506 -0.790346 
523454942324546 -0.708727 0.875659 -0.594259 
523454962893921 -0.681238 0.429728 -0.378318 
523454983461474 0.322412 -1.570854 -0.482470 
523455004029182 1.866068 -4.096169 -0.323340 
523455024597724 1.856905 -3.967582 -0.684667 
523455045165432 0.684961 -0.789558 -0.755222 
523455065733452 -1.004080 0.018616 -0.641295 
523455086301057 -1.251786 -0.093172 -0.099764 
523455106869286 -0.484540 0.047327 0.077998 
523455127437411 0.156868 0.048243 -0.650764 
523455148005641 0.174278 -1.321010 -1.322410 
523455168574860 0.102196 -1.435853 -1.542626 
523455189143037 -0.127795 -1.463342 -1.813545 
523455209710953 -0.248441 -2.036944 -2.009938 
523455230279130 0.087840 -2.580308 -2.082020 
523455250846786 0.620514 -2.688736 -2.269250 
523455271415015 1.038041 -2.616960 -2.542306 
523455291983141 1.122340 -1.845438 -2.580791 
523455312551370 0.985506 -0.725112 -2.222824 
523455333119598 0.958628 -0.481682 -1.827900 
523455353687775 1.015439 -0.896154 -1.778420 
523455374256213 1.067362 -1.085827 -2.047506 
523455394824442 1.069805 -1.239765 -2.215494 
523455415392463 1.055450 -0.730915 -1.998331 
523455435960693 1.053312 -0.022923 -1.446415 
523455456529183 0.912202 0.151479 -1.091808 
523455477097307 0.706646 -0.105695 -0.984907 
523455497665536 0.586001 -0.360120 -1.075620 
523455518233661 0.634259 -0.521083 -1.134569 
523455538801733 0.842564 -0.273988 -1.176718 
523455559370171 0.899374 0.175608 -1.232612 
523455579938141 0.686182 0.100777 -1.175191 
523455600506369 0.492538 -0.448695 -1.029500 
523455621074650 0.467798 -0.757182 -0.927485 
523455641643297 0.648003 -0.564760 -1.033471 
523455662211213 0.789419 -0.280402 -1.094862 
523455682780640 0.633343 -0.080955 -1.045077 
523455703349441 0.238419 -0.022312 -0.944895 
523455723917568 -0.061211 -0.147234 -0.928707 
523455744485848 -0.068541 -0.235198 -0.979409 
523455765052255 0.129990 -0.116996 -0.972689 
523455785621265 0.389608 0.131321 -0.950698 
523455806188609 0.496203 0.042440 -0.918322 
523455826756838 0.488568 -0.340572 -0.833718 
523455847325224 0.583557 -0.563843 -0.662676 
523455867893453 0.702370 -0.547961 -0.641601 
523455888462099 0.725278 -0.244056 -0.611363 
523455909030276 0.538659 0.012202 -0.519122 
523455929599389 0.350818 0.083062 -0.433907 
523455950167618 0.263769 0.247080 -0.474529 
523455970734337 0.197796 0.433699 -0.419857 
523455991302567 0.123271 0.582139 -0.207276 
523456011870953 -0.026391 0.595883 -0.109843 
523456032439182 -0.129017 0.369252 -0.086936 
523456053007254 -0.056935 0.226921 -0.189866 
523456073575483 0.079594 0.342374 -0.365184 
523456094147150 0.087840 0.583971 -0.334030 
523456114715380 0.121438 0.577863 -0.125115 
523456135282046 0.268962 0.424536 0.048676 
523456155850275 0.283012 0.234557 0.113123 
523456176416942 0.236891 0.042440 0.073416 
523456196985379 0.280263 0.088866 0.044400 
523456217553399 0.299505 0.211344 0.126256 
523456238122047 0.269878 0.218369 0.214221 
523456258690692 0.169391 0.064431 0.144888 
523456279262254 0.114108 -0.146317 0.113123 
523456299828192 0.201156 -0.124632 0.141222 
523456320394859 0.199323 -0.007040 0.208723 
523456340963191 0.000487 0.012507 0.283554 
523456361530953 -0.209040 -0.013149 0.333645 
523456382099026 -0.293645 -0.017730 0.306767 
523456402667307 -0.268905 0.069623 0.178485 
523456423235431 -0.166279 0.137124 0.030350 
523456443804025 0.035306 0.130710 0.015384 
523456464371890 0.220093 0.019227 0.118620 
523456484940223 0.272322 -0.078511 0.181539 
523456505508452 0.229866 -0.176861 0.135114 
523456526076525 0.256439 -0.233976 0.046233 
523456546644806 0.380750 -0.296590 0.051425 
523456567213191 0.467798 0.032055 0.225522 
523456587781421 0.580808 0.494480 0.488194 
523456608349442 0.969624 0.259297 0.376405 
523456628917671 0.595774 -0.147845 -0.007523 
523456649486889 -0.200182 -0.261465 -0.136721 
523456670055118 -0.658942 -0.012233 -0.099458 
523456690623504 -0.541961 0.215009 0.116177 
523456711191734 -0.321439 0.211649 0.387095 
523456731760067 -0.309527 0.079397 0.478420 
523456752328296 -0.449415 -0.104779 0.319595 
523456772896109 -0.571283 -0.284984 0.120453 
