# Created at Thu Nov 07 18:43:26 EST 2019 in Burnaby Canada 
523450630922673 23.630627 -27.123672 -49.563786 
523450650923247 22.584995 -26.728790 -48.169567 
523450670922934 23.983418 -25.835617 -47.259933 
523450690922829 23.068256 -25.564941 -48.634743 
523450710922516 23.366703 -25.992050 -47.869114 
523450717303246 23.648403 -26.551666 -49.102291 
523450730925173 23.648403 -26.551666 -49.102291 
523450750922725 23.942165 -27.121552 -48.490475 
523450770924443 24.690334 -27.530502 -48.805504 
523450790922673 22.900234 -26.142700 -48.787262 
523450810924131 22.556499 -27.438446 -49.707367 
523450831263818 22.280499 -26.736893 -48.166626 
523450850922881 23.961956 -26.551254 -47.721485 
523450870922517 24.854321 -27.389648 -47.576912 
523450890922620 23.015919 -27.722092 -48.174397 
523450910922934 24.385838 -27.538605 -48.802563 
523450930923403 24.681934 -28.257248 -47.268303 
523450951131111 23.317402 -27.711441 -48.638580 
523450970924496 24.685307 -27.526230 -49.574253 
523450990922934 23.939137 -27.559296 -47.260654 
523451010923714 23.617550 -27.552872 -49.871464 
523451030923090 23.619213 -27.847855 -48.487835 
523451050923246 23.755703 -28.417480 -48.643291 
523451070923247 23.015919 -27.722092 -48.174397 
523451090923767 23.327793 -27.426743 -48.177216 
523451110922672 24.552830 -27.400314 -47.112720 
523451130924444 23.371731 -25.996323 -47.100361 
523451150923246 24.853329 -26.948471 -49.421734 
523451170925226 23.624584 -27.558853 -48.795216 
523451191201318 24.372410 -28.261078 -48.034115 
523451210982516 22.853291 -27.570557 -50.325363 
523451230922465 23.335850 -26.993256 -48.638283 
523451250923246 24.373425 -27.821625 -49.571434 
523451270922777 22.994457 -28.437729 -48.635941 
523451290922829 26.194042 -28.501480 -47.744373 
523451310922829 23.322422 -27.715714 -47.869831 
523451330923038 22.212391 -29.467758 -47.860264 
523451350922829 23.933125 -27.113861 -49.874222 
523451370929287 23.936123 -27.556732 -47.721905 
523451390922621 23.317745 -27.418198 -49.714714 
523451410923455 23.623592 -27.117691 -50.640034 
523451430923090 23.603786 -28.568619 -48.026882 
523451450928558 26.068295 -27.353836 -48.203674 
523451470922569 25.443188 -28.237000 -47.275654 
523451490923402 23.162807 -27.566727 -49.559555 
523451510923663 23.934116 -27.555023 -48.029404 
523451530923715 24.535748 -27.385788 -49.726475 
523451551147257 22.397190 -27.876831 -49.091072 
523451570970589 23.930111 -27.111298 -50.335472 
523451590970120 24.047123 -28.838608 -48.953915 
523451610922830 25.121601 -28.230576 -49.886463 
523451630922986 24.394238 -26.811859 -50.339764 
523451650930485 23.031353 -27.001343 -48.635342 
523451670923506 24.516956 -28.397232 -48.650642 
523451690931318 24.677929 -27.813522 -49.574375 
523451710924183 22.408588 -27.592957 -48.475956 
523451730961475 24.396908 -27.107697 -48.802383 
523451750924236 24.803005 -29.107330 -48.653881 
523451770966214 24.696377 -27.095322 -49.574074 
523451790924495 23.771481 -27.403473 -50.180370 
523451810923611 23.310703 -27.412216 -50.790966 
523451830924183 23.320415 -27.714005 -48.177334 
523451850926162 24.086040 -27.403915 -48.645813 
523451870924391 22.104755 -27.895187 -47.243134 
523451890924391 23.617207 -27.846146 -48.795334 
523451911075017 23.596745 -28.562637 -49.103134 
523451931073715 24.543797 -26.952301 -50.187542 
523451951137881 24.083675 -27.695450 -47.877182 
523451970924861 24.062557 -28.117844 -49.414864 
523451990924651 22.591038 -26.293594 -48.938137 
523452010924652 23.625607 -27.119400 -50.332535 
523452030924236 24.837231 -27.375122 -50.190662 
523452050924808 23.617550 -27.552872 -49.871464 
523452070924339 24.389874 -27.101715 -49.878632 
523452090925589 23.905613 -28.264679 -49.567204 
523452110924339 24.664852 -28.242722 -49.882053 
523452130924340 23.198689 -26.569794 -48.021633 
523452150924807 23.910641 -28.268951 -48.798454 
523452170960433 25.453594 -27.511963 -48.505356 
523452190924547 24.066593 -27.680923 -50.490936 
523452210924234 23.612179 -27.841873 -49.564083 
523452230924234 23.157787 -27.562454 -50.328304 
523452250961840 25.140049 -27.512375 -49.886162 
523452271020642 23.149387 -28.289200 -48.791103 
523452291020589 25.472393 -26.500504 -49.581184 
523452310923714 24.510906 -28.832443 -47.882072 
523452330925380 24.336872 -28.964752 -50.648163 
523452350925850 24.727581 -25.800842 -49.881035 
523452370983245 24.522320 -28.108261 -48.958027 
523452390924079 23.648403 -26.551666 -49.102291 
523452410923557 24.397251 -26.814423 -49.878513 
523452430924495 23.195667 -26.567230 -48.482883 
523452450924444 25.599140 -27.648972 -48.968136 
523452470924182 24.835224 -27.373413 -50.498165 
523452490961267 23.804020 -26.256912 -49.718647 
523452510924912 26.523373 -27.046722 -49.591713 
523452530961110 24.112881 -25.958969 -50.182713 
523452550924809 23.787922 -26.683563 -50.487576 
523452570925954 24.391880 -27.103424 -49.571133 
523452590925172 23.617550 -27.552872 -49.871464 
523452610925432 24.593105 -25.232895 -49.418072 
523452630974652 23.043110 -25.983902 -50.787426 
523452650973193 24.877155 -25.941284 -49.728817 
523452670923401 23.800999 -26.254349 -50.179893 
523452690924756 25.470387 -26.498795 -49.888683 
523452710924235 24.562244 -26.234100 -50.187241 
523452730964183 24.530720 -27.381516 -50.495224 
523452750924860 25.779896 -26.494965 -49.122871 
523452770925328 23.630970 -26.830399 -50.639912 
523452790924807 22.884136 -26.569351 -49.556194 
523452810924339 23.816418 -25.973907 -48.949776 
523452830924286 23.816418 -25.973907 -48.949776 
523452850924339 24.556202 -26.669296 -49.418671 
523452870924391 23.038090 -25.979614 -51.556175 
523452890923037 23.672901 -25.398270 -49.870564 
523452910923090 24.163876 -24.094208 -49.720684 
523452930924338 23.195034 -25.832779 -51.403831 
523452951131318 22.911648 -25.418518 -49.863213 
523452970925120 24.084026 -27.402206 -48.953316 
523452990948662 23.940502 -26.826569 -49.874104 
523453010948349 24.565266 -26.236664 -49.725994 
523453030924964 23.014606 -26.693542 -52.325226 
523453050925329 22.556499 -27.438446 -49.707367 
523453070926058 23.148396 -27.848038 -50.635921 
523453090924130 23.593731 -28.560074 -49.564384 
523453110923818 23.622929 -26.823547 -51.869915 
523453130924391 23.954922 -26.545273 -48.797733 
523453150923558 21.825108 -26.016312 -50.775665 
523453170924755 23.607159 -27.837601 -50.332832 
523453190923923 22.373722 -28.590759 -49.860123 
523453210928193 23.761066 -28.128510 -48.950676 
523453217704339 21.441784 -28.892929 -51.542675 
523453230923662 21.441784 -28.892929 -51.542675 
523453250923766 22.097057 -27.595078 -49.549263 
523453270923244 21.001125 -28.478424 -50.769333 
523453290922464 22.979725 -28.131653 -52.018326 
523453310922359 23.617207 -27.846146 -48.795334 
523453330924547 22.787182 -30.743454 -48.020435 
523453350943609 22.359638 -29.019104 -50.321552 
523453370945016 22.943142 -30.155441 -49.712914 
523453390923193 22.045078 -29.018646 -51.856113 
523453410922881 23.842876 -30.706558 -49.568222 
523453430925433 21.275440 -29.765656 -50.311565 
523453450924391 21.402187 -30.914154 -49.698517 
523453470924443 20.643291 -30.642838 -50.459797 
523453490929391 20.925968 -32.083954 -48.157085 
523453510924339 21.388096 -31.342499 -50.159943 
523453530992725 20.624493 -31.654312 -49.383961 
523453550924755 20.170101 -31.374893 -50.148182 
523453570925901 19.354160 -33.843857 -48.911854 
523453590926214 19.372608 -33.125671 -48.911556 
523453610922620 21.337772 -33.501373 -49.392094 
523453630922933 19.101994 -31.694809 -49.369263 
523453650923088 20.768360 -31.936676 -49.539303 
523453670923297 19.442028 -30.983032 -46.758152 
523453690924391 19.709644 -31.971008 -48.452766 
523453710936891 19.866261 -31.677124 -48.915367 
523453730936943 22.149349 -31.322250 -50.167294 
523453750924130 20.441044 -32.952820 -49.075535 
523453770925902 21.559475 -30.474045 -50.622303 
523453790924808 20.639919 -31.373856 -48.153847 
523453810924287 23.667828 -31.278320 -50.796993 
523453830924182 22.927044 -30.582077 -50.481846 
523453850963089 22.167797 -30.604050 -50.166992 
523453870923922 23.187260 -32.297684 -50.485504 
523453890923402 22.433048 -32.323914 -49.401901 
523453910922828 21.521877 -32.496979 -48.470646 
523453930923974 23.637623 -33.013977 -48.645214 
523453951131161 23.960575 -32.287674 -48.647854 
523453970922881 21.201954 -33.225845 -48.006752 
523453990924078 23.776775 -33.879471 -47.263294 
523454010928297 21.349834 -33.511627 -47.547092 
523454030923766 22.414593 -33.042114 -49.402203 
523454050923870 23.585285 -35.171127 -48.184864 
523454070934391 21.616444 -34.498749 -49.395451 
523454091308349 20.865589 -34.234283 -48.926735 
523454110923974 22.067150 -34.921799 -48.631290 
523454130925380 19.894054 -36.557678 -48.765125 
523454150922724 21.155987 -35.094864 -47.700035 
523454170923297 21.273678 -36.675980 -46.779663 
523454190924391 19.344761 -34.569748 -47.528404 
523454210924754 19.907475 -35.835205 -49.533573 
523454230922724 18.369545 -36.596481 -49.057922 
523454250923245 18.860180 -35.145355 -49.522984 
523454270923453 18.246487 -35.304337 -49.670914 
523454290923869 18.096577 -35.457169 -48.747005 
523454310924756 19.794819 -34.258362 -49.685196 
523454330924443 19.750538 -35.982040 -49.685917 
523454350923505 20.394093 -34.380676 -50.613632 
523454370923662 20.380672 -35.103149 -49.845184 
523454390923506 19.028194 -34.567596 -49.370461 
523454410932099 21.305904 -34.942047 -48.623943 
523454430916266 21.149975 -34.649429 -50.313602 
523454451269182 21.108051 -36.081558 -51.082954 
523454470923557 21.595989 -35.215240 -49.703255 
523454490932828 22.015842 -36.639496 -49.708267 
523454510924131 24.422642 -37.870880 -49.117325 
523454530923453 23.840481 -36.882446 -48.957275 
523454550924078 24.572216 -38.011307 -48.965107 
523454570922671 23.496067 -38.324387 -49.416183 
523454590923869 23.792515 -38.749756 -48.958054 
523454610923089 24.478634 -41.454407 -49.735294 
523454630923766 24.169750 -42.192673 -47.580154 
523454650923973 23.205235 -44.962372 -44.651226 
523454670923610 24.866222 -45.493240 -44.513882 
523454690962098 25.035892 -45.650787 -41.286663 
523454710924494 24.673023 -47.810928 -41.745872 
523454730961213 23.171993 -47.135788 -41.269623 
523454750923973 24.244778 -47.113419 -40.203663 
523454770929078 25.561672 -49.673615 -38.219223 
523454790918765 25.213566 -51.259186 -38.678192 
523454811205015 23.241016 -51.170761 -38.197773 
523454830969806 22.062931 -49.769333 -37.724163 
523454850929181 22.643764 -50.609833 -38.652901 
523454870923089 20.246685 -48.799622 -40.012356 
523454890923922 20.236637 -48.791077 -41.549854 
523454910923193 19.758442 -49.078537 -43.698063 
523454930925328 20.392941 -47.909775 -44.318466 
523454951131473 21.186062 -46.448853 -45.093964 
523454970922932 24.680431 -46.643005 -45.127895 
523454990924963 23.604969 -46.809860 -46.040165 
523455010923244 22.083454 -47.291534 -44.180645 
523455030924391 19.294323 -48.937637 -45.384846 
523455050923400 17.117195 -51.010422 -44.442604 
523455070923296 14.939075 -52.642029 -45.345184 
523455090922880 17.713459 -51.130157 -45.832294 
523455110922411 15.609142 -49.888977 -46.733673 
523455130922672 15.316055 -49.172897 -47.806683 
523455150916370 17.284218 -49.991501 -46.134903 
523455171144079 14.876736 -48.906311 -46.264652 
523455190970589 15.580986 -50.305359 -49.347603 
523455210970952 14.824760 -50.329880 -48.571503 
523455230923453 14.603119 -47.032562 -48.874687 
523455250923036 14.176567 -45.749390 -49.330982 
523455270922932 11.844170 -47.823669 -48.848526 
523455290922880 12.355614 -45.362808 -50.081913 
523455310922724 11.121159 -46.555420 -48.071884 
523455330922620 11.711029 -47.403610 -47.616875 
523455350922619 12.795227 -46.657059 -47.626865 
523455370923349 12.339157 -46.523026 -48.083645 
523455390922619 14.307320 -47.341614 -46.411865 
523455410923036 13.230156 -48.094147 -45.325626 
523455430922568 13.380741 -47.795135 -46.710724 
523455450922880 14.630257 -47.055649 -44.723431 
523455470923141 14.630257 -47.055649 -44.723431 
523455490923244 17.242970 -46.714035 -42.134552 
523455510916578 16.907616 -47.723358 -42.900784 
523455531087203 15.420338 -46.472794 -42.578045 
523455551087046 17.683281 -47.421814 -41.831764 
523455570958244 17.683281 -47.421814 -41.831764 
523455590923088 19.029713 -48.392563 -41.537914 
523455610923661 22.086124 -47.587372 -42.643265 
523455630922723 19.798336 -48.085022 -41.545143 
523455650922723 20.449940 -46.490479 -41.242863 
523455670922724 20.585087 -46.912231 -42.167011 
523455690923557 21.209827 -47.202957 -38.636761 
523455710924546 23.205173 -46.723679 -37.886944 
523455717347202 22.152515 -45.882507 -39.260044 
523455730923452 22.152515 -45.882507 -39.260044 
523455750924494 23.989231 -45.695374 -38.355122 
523455770924598 22.633091 -44.863144 -39.571533 
523455790923244 23.548931 -44.987610 -38.657913 
523455810922984 24.937298 -44.085907 -39.285786 
523455830922463 24.955746 -43.367706 -39.285484 
523455850922307 24.231052 -42.244827 -38.201401 
523455870916578 24.370556 -42.817047 -37.895611 
523455891031109 23.617702 -42.110550 -39.425461 
523455911031109 24.194149 -43.681229 -38.202003 
523455930926369 28.036282 -42.583054 -36.700832 
523455951131889 25.742481 -42.635239 -38.216282 
523455970922618 27.519825 -45.039658 -36.236195 
523455990923244 26.517811 -42.186646 -37.762203 
523456010923088 27.256580 -43.321503 -36.693783 
523456030922672 27.448421 -41.736557 -36.848343 
523456050922984 28.994389 -40.982132 -36.093994 
523456070922723 26.844425 -42.197357 -34.382641 
523456090927775 29.280437 -41.692230 -36.097233 
523456110925692 30.335102 -42.535110 -34.416634 
523456130923869 31.225468 -43.371796 -34.579563 
523456150924337 29.267010 -42.414703 -35.328785 
523456170924181 30.651669 -42.537292 -32.574574 
523456190923036 30.631214 -43.253784 -32.882370 
523456210923036 30.327724 -42.822403 -34.416752 
523456217387150 28.919895 -44.441452 -33.942936 
523456230916993 28.919895 -44.441452 -33.942936 
523456250974963 31.237171 -43.675339 -31.658436 
523456270975379 30.347164 -42.545380 -32.571632 
523456290926889 31.214046 -44.095978 -33.503613 
523456310924442 29.855526 -43.995651 -32.260323 
523456330972359 29.860554 -43.999924 -31.491573 
523456350922879 31.250950 -42.659592 -33.503014 
523456370922619 28.455097 -44.887070 -33.477455 
523456390922932 29.870975 -42.834564 -34.412342 
523456410926056 29.870975 -42.834564 -34.412342 
523456430922827 29.101688 -42.847977 -35.634991 
523456450921889 30.454159 -43.383499 -36.109715 
523456470922880 28.896778 -44.862106 -35.788113 
523456490922931 29.197552 -45.878311 -32.408974 
523456510922514 30.235470 -46.413391 -34.418251 
523456530923400 28.455097 -44.887070 -33.477455 
523456550926577 29.811588 -45.426056 -33.337173 
523456570923556 28.712627 -46.747177 -33.327423 
523456590923139 30.707989 -45.827545 -34.268673 
523456610950692 29.210972 -45.155823 -33.177425 
523456630950692 29.165668 -47.318985 -31.640823 
523456650922775 29.496334 -46.452454 -31.028404 
523456670923504 29.005718 -47.463272 -32.254414 
523456690923400 28.361477 -49.210815 -30.865505 
523456710923661 29.013096 -47.175980 -32.254292 
523456730923401 29.646252 -46.299637 -31.952312 
523456750923765 26.905399 -46.665817 -30.849724 
523456770923036 27.375919 -45.637909 -32.698715 
523456790923140 28.261257 -46.470322 -33.630390 
