# Created at Thu Nov 07 18:43:26 EST 2019 in Burnaby Canada 
523366260184548 1013.360840 
523366300184079 1013.383789 
523366340184184 1013.372314 
523366380184444 1013.363281 
523366420184653 1013.383545 
523366460184028 1013.391113 
523366500184079 1013.342529 
523366540184184 1013.347900 
523366580184131 1013.367188 
523366620184079 1013.382324 
523366660184131 1013.381592 
523366700184080 1013.408691 
523366740184236 1013.367676 
523366780184183 1013.414551 
523366820184131 1013.340088 
523366860184495 1013.366211 
523366900184131 1013.353027 
523366940184184 1013.371338 
523366980184080 1013.355713 
523367020184183 1013.397217 
523367060184235 1013.357178 
523367100184912 1013.337158 
523367140184913 1013.381104 
523367180184652 1013.329102 
523367220184027 1013.388916 
523367260184496 1013.322266 
523367300186423 1013.415039 
523367340185850 1013.360840 
523367380186058 1013.425049 
523367420185017 1013.358398 
523367460185798 1013.441162 
523367500185329 1013.315674 
523367540186162 1013.421875 
523367580185745 1013.272461 
523367620185642 1013.380615 
523367660185485 1013.295898 
523367700185485 1013.417236 
523367740185590 1013.383301 
523367780185277 1013.412842 
523367820186110 1013.383545 
523367860185485 1013.340088 
523367900185537 1013.335449 
523367940187360 1013.337646 
523367980186162 1013.324707 
523368020185849 1013.324707 
523368060185850 1013.338867 
523368100185745 1013.346924 
523368140185745 1013.328125 
523368180185745 1013.297852 
523368220185693 1013.221680 
523368260185953 1013.212158 
523368300188819 1013.237549 
523368340186578 1013.277832 
523368380185953 1013.304688 
523368420186006 1013.334961 
523368460185953 1013.373779 
523368500184704 1013.488281 
523368540184860 1013.511475 
523368580185901 1013.627930 
523368620185173 1013.633301 
523368660184599 1013.607666 
523368700184964 1013.531250 
523368740185120 1013.573975 
523368780185120 1013.484619 
523368820187777 1013.460938 
523368860184287 1013.347900 
523368900184286 1013.344971 
523368940186578 1013.331055 
523368980184807 1013.306396 
523369020184808 1013.202881 
523369060185850 1013.227539 
523369100185485 1013.350830 
523369140185693 1013.364258 
523369180185016 1013.357422 
523369220184807 1013.368896 
523369260184131 1013.346680 
523369300185225 1013.300781 
523369340186058 1013.229736 
523369380185902 1013.077637 
523369420185954 1013.014893 
523369460185432 1013.091797 
523369500184495 1013.167969 
523369540184859 1013.202637 
523369580184911 1013.296143 
523369620185016 1013.366211 
523369660185485 1013.367676 
523369700185016 1013.364990 
523369740184807 1013.374023 
523369780184755 1013.363037 
523369820185224 1013.313232 
523369860184182 1013.278564 
523369900184390 1013.269287 
523369940184963 1013.204102 
523369980185224 1013.132324 
523370020185015 1013.063232 
523370060185432 1013.053223 
523370100184963 1013.044434 
523370140184599 1012.923096 
523370180184339 1012.921387 
523370220184495 1012.973145 
523370260185276 1013.214111 
523370300186213 1013.260254 
523370340185953 1013.313965 
523370380185484 1013.351807 
523370420184546 1013.562988 
523370460184859 1013.331055 
523370500185171 1013.198730 
523370540185119 1013.356201 
523370580184494 1013.328369 
523370620184911 1013.292236 
523370660184495 1013.415771 
523370700184599 1013.300537 
523370740184182 1013.220947 
523370780184286 1013.209473 
523370820185692 1013.289063 
523370860184077 1013.294678 
523370900184077 1013.361328 
523370940184182 1013.334229 
523370980184025 1013.284912 
523371020183973 1013.324463 
523371060184129 1013.394043 
523371100184129 1013.290283 
523371140184755 1013.307129 
523371180184181 1013.350342 
523371220184234 1013.311035 
523371260184026 1013.345947 
523371300184390 1013.356934 
523371340185640 1013.343994 
523371380184390 1013.351563 
523371420184025 1013.386963 
523371460184234 1013.349121 
523371500184650 1013.375977 
523371540184651 1013.366211 
523371580184026 1013.349854 
523371620184129 1013.321289 
523371660184129 1013.348633 
523371700184130 1013.333984 
523371740185588 1013.367188 
523371780185692 1013.366699 
523371820184442 1013.354736 
523371860184442 1013.348877 
523371900186109 1013.334229 
523371940185744 1013.372559 
523371980185535 1013.361084 
523372020184129 1013.354736 
523372060184181 1013.357178 
523372100184129 1013.371094 
523372140184181 1013.375488 
523372180184286 1013.392578 
523372220184338 1013.416748 
523372260184286 1013.457764 
523372300185848 1013.267822 
523372340184650 1013.297852 
523372380184077 1013.336914 
