# Created at Thu Nov 07 18:53:39 EST 2019 in Burnaby Canada 
524063963091659 -4.929449 -3.101555 7.917285 
524063983659419 -4.919873 -3.117116 7.950802 
524064004227647 -4.930646 -3.087190 7.948408 
524064024795773 -4.900721 -3.069235 7.932846 
524064045364263 -4.909100 -3.063249 7.919679 
524064065933846 -4.940223 -3.080008 7.950802 
524064086502230 -4.985710 -3.111131 7.938831 
524064107070512 -4.992893 -3.119511 7.932846 
524064127639002 -4.982120 -3.064446 7.883767 
524064148207439 -4.960572 -3.042900 7.880176 
524064168776033 -4.964164 -3.081205 7.934043 
524064189344835 -4.943814 -3.051279 7.935240 
524064209913116 -4.964164 -3.093175 7.929255 
524064230482127 -4.952193 -3.080008 7.966363 
524064251050408 -4.946208 -3.094373 7.948408 
524064271619210 -4.946208 -3.088387 7.899329 
524064292187491 -4.973741 -3.074023 7.876585 
524064312756866 -4.986908 -3.083599 7.900526 
524064333324938 -4.977331 -3.109934 7.930452 
524064353894105 -4.965361 -3.081205 7.911299 
524064374461867 -4.961770 -3.040505 7.924467 
524064395030408 -4.927055 -3.069234 7.953196 
524064415598949 -4.958179 -3.114723 7.963969 
524064436167751 -4.948602 -3.095570 7.930452 
524064456736189 -4.955784 -3.059658 7.916088 
524064477304783 -4.954587 -3.075220 7.920876 
524064497873480 -4.958179 -3.090781 7.932846 
524064518442126 -4.980923 -3.093175 7.913693 
524064539010616 -4.962967 -3.052476 7.916087 
524064559579210 -4.982120 -3.100358 7.920876 
524064580147699 -5.000075 -3.115920 7.929255 
524064600716553 -4.977331 -3.084796 7.901723 
524064621284940 -5.006061 -3.072826 7.932846 
524064641853481 -5.034790 -3.056067 7.937634 
524064662422543 -5.022820 -2.985441 7.863418 
524064682990720 -5.092248 -3.047688 7.870600 
524064703559626 -5.016834 -3.105146 7.937634 
524064724127908 -4.950996 -3.109934 7.984319 
524064744697386 -4.907903 -3.001003 7.980728 
524064765265564 -4.935434 -3.006988 7.896935 
524064785834626 -4.971346 -3.028535 7.871797 
524064806402751 -4.946208 -3.103949 7.936438 
524064826972699 -4.874385 -3.178166 7.985517 
524064847540512 -4.808547 -3.175772 7.985517 
524064868109575 -4.716374 -3.253580 7.971151 
524064888677387 -4.642158 -3.279915 8.028610 
524064909245772 -4.606246 -3.099161 8.089661 
524064929814053 -4.718769 -3.066840 8.017837 
524064950384210 -4.877976 -3.117116 7.894541 
524064970952647 -4.737922 -3.136269 7.880176 
524064991520720 -5.606979 -2.862145 8.045368 
524065012088585 -4.948602 -2.999806 7.936438 
524065032659887 -4.947405 -3.071629 7.799973 
524065053228637 -5.040775 -3.023747 7.835885 
524065073795563 -4.936631 -3.004594 7.924467 
524065094362803 -5.190406 -3.114723 8.102827 
524065114932387 -5.062322 -3.046491 7.985517 
524065135500616 -5.003666 -3.068038 7.810747 
524065156070251 -5.404678 -2.536548 7.934043 
524065176637960 -5.532762 -2.933968 7.960378 
524065197206918 -5.664437 -1.698613 7.644358 
524065217775304 -4.692434 -3.460670 7.610840 
524065238344210 -4.485344 -4.640961 7.845462 
524065258913324 -4.559561 -4.271072 8.042974 
524065279481553 -4.508088 -3.249989 8.078886 
524065300050304 -4.243540 -3.471443 7.819126 
524065320618167 -5.352008 -2.980653 8.010654 
524065341185981 -4.541605 -2.842992 8.022625 
524065361754470 -4.728345 -3.509749 7.880176 
524065382323480 -4.583502 -3.279915 7.920876 
524065402892021 -4.514073 -3.045294 8.032202 
524065423460876 -4.796576 -3.338571 8.153103 
524065444029678 -4.809745 -3.527704 8.088463 
524065464598272 -4.797774 -3.012973 8.026217 
524065485166658 -4.638566 -2.907633 8.050158 
524065505735563 -4.597867 -3.264354 8.044172 
524065526304470 -4.388383 -2.941150 8.042974 
524065546872490 -4.650537 -3.175772 8.090857 
524065567440928 -4.794183 -3.489399 8.080083 
524065588009730 -4.858823 -3.629454 8.072901 
524065608578219 -4.464994 -3.404408 8.132753 
524065629146553 -4.510482 -3.627059 8.028610 
524065649715200 -4.375216 -3.518128 7.943620 
524065670287179 -4.418309 -3.003397 8.039384 
524065690856293 -4.699616 -3.194925 8.036989 
524065711421709 -5.077884 -3.680927 8.287173 
524065731990511 -4.621807 -3.843726 8.256049 
524065752558220 -4.413521 -3.428349 7.955590 
524065773127282 -4.613428 -3.682124 7.962772 
524065793695616 -5.103022 -2.783140 7.932846 
524065814264261 -4.742709 -2.449163 7.864614 
524065834835252 -5.004864 -3.598330 8.168665 
524065855402230 -5.092248 -3.855696 8.098040 
524065875969886 -4.693630 -3.212881 8.056142 
524065896538324 -5.188012 -3.249989 8.003472 
524065917107387 -5.026411 -2.686179 7.955590 
524065937676084 -4.815730 -2.345020 7.923270 
524065958244730 -4.849247 -4.366836 8.138739 
524065978813168 -5.520792 -3.922731 7.851447 
524065999382021 -4.590684 -2.971076 7.770048 
524066019950772 -4.911493 -2.396493 8.088463 
524066040520252 -5.022820 -1.361045 8.005866 
524066061088012 -5.278988 -0.574584 7.972349 
524066081655980 -4.694828 -2.342626 8.019033 
524066102225355 -5.431013 -2.564080 8.053748 
524066122793480 -5.776960 -2.024210 7.816732 
524066143363481 -5.383131 -0.852299 7.633584 
524066163931136 -5.638103 -0.466849 7.855038 
524066184501293 -4.983316 -1.508282 7.628796 
524066205068688 -5.536353 -3.313433 7.966364 
524066225638064 -5.326869 -2.669420 7.760471 
524066246206605 -5.562689 -2.530562 7.647948 
524066266775095 -6.794452 -2.208556 7.948408 
524066287343115 -6.751359 -1.097694 8.051354 
524066307912542 -6.247400 0.308839 7.740121 
524066328481397 -6.367105 0.922925 8.081281 
524066349049366 -6.582575 -1.110862 7.820323 
524066369617595 -5.772172 -2.123566 7.524652 
524066390188168 -5.365175 -2.668223 7.524652 
524066410755980 -6.523919 -3.914351 7.899329 
524066431325668 -6.442520 -3.818588 7.700619 
524066451892751 -5.968488 -3.308644 7.039847 
524066472460719 -5.970882 -3.831755 6.867472 
524066493028896 -5.626132 -3.130284 9.466267 
524066513598324 -6.659185 -2.904042 7.543805 
524066534166657 -6.224657 -2.438390 7.336716 
524066554736501 -7.260104 -2.030196 6.108542 
524066575304314 -7.784412 -1.243734 5.302928 
524066595871761 -6.684323 0.611692 7.445647 
524066616440302 -4.679266 2.717302 10.103096 
524066637009157 -4.952193 3.373285 7.084138 
524066657577959 -5.800901 5.082672 6.221066 
524066678146397 -7.682663 3.779085 5.416648 
524066698715199 -5.294549 -2.057728 6.861487 
524066719283740 -7.324745 -3.996948 8.646288 
524066739853480 -6.565816 -1.329922 6.853108 
524066760421344 -8.142330 1.058192 5.059928 
524066780992178 -8.132753 1.745298 4.074756 
524066801559990 -9.569214 4.832489 4.773833 
524066822128323 -8.823451 4.365639 8.297947 
524066842696969 -6.624471 0.372282 10.694439 
524066863265927 -6.725023 -1.712978 4.915085 
524066883834261 -6.825575 0.391435 3.809011 
524066904403428 -7.849053 2.893268 5.554309 
524066924971866 -7.955590 2.978259 7.456420 
524066945541344 -7.750895 2.182221 7.510288 
524066966109312 -6.659186 1.180291 7.457618 
524066986678220 -6.596939 0.138858 6.300071 
524067007246397 -7.047029 1.763254 6.713053 
524067027815199 -7.554579 1.531026 6.905778 
524067048383428 -7.133217 -0.402209 9.530907 
524067068952282 -6.247400 -1.449627 8.102827 
524067089520563 -5.964897 -0.661968 5.861951 
524067110090095 -6.064252 0.803220 2.717302 
524067130659105 -6.510752 1.356257 4.448236 
524067151226032 -6.981192 2.554503 8.234503 
524067171794626 -6.701082 2.558095 9.593153 
524067192363531 -7.627599 1.066571 8.682199 
524067212932178 -7.261302 0.487199 6.886625 
524067233501604 -6.432943 0.221454 7.099700 
524067254069573 -5.275396 1.096497 8.666637 
524067274638116 -4.250722 0.442908 8.469124 
524067295206397 -4.479359 -0.447696 8.300341 
524067315775772 -5.238288 -0.614086 7.456420 
524067336344833 -5.386722 -0.021547 7.533031 
524067356912542 -4.857626 0.800826 8.894077 
524067377481032 -4.147776 1.837471 11.435413 
524067398050876 -3.870061 1.899717 11.490477 
524067418618115 -3.406803 2.340231 11.138544 
524067439186553 -3.376876 2.579641 10.927864 
524067459755512 -3.532493 3.011776 11.170865 
524067480327073 -3.265551 3.290689 10.818932 
524067500893115 -3.046491 3.661774 10.680075 
524067521461657 -2.640691 3.251186 10.658527 
524067542031709 -2.588021 3.002200 10.275472 
524067562599834 -3.034520 3.436729 10.203650 
524067583167646 -3.261960 3.825770 9.007796 
524067603736136 -2.281576 4.825306 7.974743 
524067624305354 -2.629918 4.770242 9.678144 
524067644873479 -4.374019 2.698149 10.097111 
524067665442021 -5.347219 1.352666 9.830170 
524067686010823 -4.812139 1.866200 9.188551 
524067706579782 -3.939489 2.775958 7.601264 
524067727147646 -3.284703 3.012973 6.538283 
524067747717594 -2.456345 2.991426 6.498781 
524067768285771 -1.724948 2.942347 7.288834 
524067788853532 -2.798702 2.383325 11.079889 
524067809422021 -3.288295 1.170714 10.566355 
524067829992334 -2.895663 0.125690 10.320960 
524067850560563 -2.402478 0.010773 9.064058 
524067871130146 -1.418504 -0.288489 8.987447 
524067891698011 -1.945205 -1.203035 11.606590 
524067912267385 -3.216472 -0.958837 11.691581 
524067932835093 -2.771169 -0.232228 10.784218 
524067953403896 -2.187009 0.999536 8.537355 
524067973972177 -2.494651 1.246128 7.596476 
524067994541084 -2.878904 0.942078 8.416454 
524068015109469 -2.177433 1.546588 8.592421 
524068035679001 -1.335907 2.009846 8.312311 
524068056247594 -2.270803 1.966752 9.564425 
524068076815458 -1.922461 2.068501 9.462675 
524068097382907 -0.277715 2.746031 9.618292 
524068117952490 0.087385 3.125496 9.538089 
524068138521188 0.046685 3.036914 8.807890 
524068159090094 -0.412982 3.634242 6.988374 
524068179658896 -0.175966 4.412324 7.053015 
524068200227906 0.202301 4.778621 8.356602 
524068220796240 -0.025138 6.124104 9.851717 
524068241364989 -1.413715 5.088656 9.487814 
524068261934156 -1.376607 3.805420 8.937170 
524068282502542 -1.159941 4.600261 8.906048 
524068303071292 -1.651928 5.914621 9.155033 
524068323639573 -1.212611 5.833221 8.548130 
524068344208167 -0.895393 5.521989 8.609179 
524068364776864 -0.653589 6.272539 9.022161 
524068385345302 -0.453682 6.313238 9.460281 
524068405914260 -0.903772 6.306056 9.240025 
524068426482489 -1.016295 6.557436 8.793526 
524068447050823 -0.670348 6.806423 8.536159 
524068467619417 -0.896590 6.711856 8.582844 
524068488188167 -1.078542 6.794452 7.987910 
524068508757802 -1.127620 7.011118 7.513879 
524068529326344 -1.133606 6.842334 7.063788 
524068549896604 -0.973201 6.722630 6.643624 
524068570464209 -0.140055 7.003936 6.389850 
524068591032698 -0.773294 7.245740 6.971616 
524068611600667 -1.262887 7.110473 7.521061 
524068632169313 -1.164729 7.147582 7.774836 
524068652737906 -0.859481 7.307986 6.800437 
524068673306969 -1.323937 7.517470 6.563422 
524068693875041 -1.292813 7.534229 6.328800 
524068714444261 -1.037842 7.673087 6.027143 
524068735012646 -1.004324 7.613234 5.976868 
524068755581604 -0.598525 7.602461 6.145651 
524068776149936 -0.377071 7.821521 5.397495 
524068796718687 -0.459667 7.957984 5.128160 
524068817287802 -0.585357 7.695830 5.079081 
524068837856500 -0.865467 7.589293 4.803759 
524068858425301 -0.638027 7.991502 4.734330 
524068878993843 -0.123296 8.250065 4.991696 
524068899562646 -0.344750 8.271611 4.789394 
524068920131813 -0.566204 8.289567 4.340501 
524068940698844 -0.317218 8.617558 4.221993 
524068961269832 -0.324400 9.056875 5.158086 
524068981837020 -0.083793 8.995826 5.949336 
524069002405718 -0.181952 8.606785 5.913424 
524069022975249 -0.812797 7.979531 5.259835 
524069043543219 -1.337104 7.814338 4.435068 
524069064111552 -0.800826 8.306326 3.413985 
524069084680250 -0.225045 8.805494 2.802293 
524069105249573 -0.471637 8.633120 3.411591 
524069125817385 -0.724215 8.382936 3.803026 
524069146386761 -0.852299 8.555312 3.686912 
524069166955407 -0.924122 8.499050 3.489399 
524069187525093 -0.930107 8.556509 3.429546 
524069208094260 -0.792447 8.647485 3.487005 
524069228662958 -0.763718 8.727687 3.676139 
524069249230250 -0.661968 8.768387 3.807814 
524069269800302 -0.451288 8.886895 3.967022 
524069290367542 -0.445302 8.914427 4.330925 
524069310936396 -0.499170 8.842604 4.356062 
524069331505198 -0.448894 8.880909 4.080741 
524069352073375 -0.304051 9.034132 3.698883 
524069372642125 -0.331583 9.110743 3.525311 
524069393211603 -0.383056 9.052088 3.898790 
524069413780093 -0.262154 9.004206 4.403945 
524069434348218 -0.105340 9.190946 4.454221 
524069454916760 -0.017956 9.254389 4.292619 
524069475485457 -0.360312 9.004206 4.433871 
524069496054104 -0.476426 8.915625 4.715178 
524069516623114 -0.500367 8.959914 4.788198 
524069537192489 -0.527899 8.952732 4.603852 
524069557762438 -0.630845 8.901258 4.352471 
524069578330979 -0.503958 8.931186 4.117850 
524069598899313 -0.226242 9.065255 4.008918 
524069619466031 -0.256169 8.987448 4.350077 
524069640036811 -0.482411 8.877318 4.594275 
524069660605874 -0.766112 8.610376 4.949799 
524069681173999 -0.713441 8.542145 4.514073 
524069701742020 -0.478820 9.031737 3.520522 
524069722310041 -0.087385 9.459084 2.547321 
524069742878948 0.246592 9.281921 4.072362 
524069763447489 0.354327 9.311848 5.829631 
524069784016187 -0.459667 8.749234 5.551915 
524069804584573 -1.294010 8.440395 3.994554 
524069825153999 -1.130015 8.734869 3.439123 
