# Created at Thu Nov 07 18:53:39 EST 2019 in Burnaby Canada 
524063957949471 0.004599 0.000790 -0.001689 
524063978517231 0.004599 -0.003180 0.001365 
524063999085460 0.008569 0.002317 -0.001384 
524064019654523 0.011318 0.003845 -0.000773 
524064040222075 0.011929 0.006594 -0.002300 
524064060791658 0.010707 0.005372 -0.002911 
524064081360095 0.009791 0.005677 -0.001079 
524064101928325 0.011318 0.011175 0.002281 
524064122496814 0.012845 0.009953 0.003808 
524064143065251 0.007653 0.002623 0.000143 
524064163633846 0.008264 -0.001042 -0.002606 
524064184202700 0.007042 0.000790 -0.003217 
524064204770928 0.004904 0.002317 -0.003217 
524064225339991 0.005820 0.004455 -0.003827 
524064245908273 0.009180 0.009037 -0.000162 
524064266477075 0.014983 0.009037 -0.001995 
524064287045355 0.013456 0.005372 -0.000773 
524064307614678 0.007348 0.004455 -0.000773 
524064328182803 0.006431 0.002317 0.002587 
524064348751970 0.007653 0.001401 0.000754 
524064369319679 0.007958 0.000179 -0.000468 
524064389888272 0.003988 0.001096 -0.002911 
524064410456762 0.005210 0.001401 -0.002911 
524064431025564 0.011013 0.005066 0.003197 
524064451594001 0.008569 0.008426 -0.000468 
524064472162595 0.005210 0.007510 -0.000773 
524064492731293 0.006431 0.005983 -0.000162 
524064513299939 0.008875 0.007510 0.001365 
524064533868428 0.010707 0.004455 -0.001689 
524064554437022 0.008569 0.004455 -0.001689 
524064575005512 0.006737 -0.001042 0.001670 
524064595574366 0.006431 0.000790 -0.000162 
524064616142752 0.005515 0.001707 -0.004744 
524064636711293 0.010096 -0.005318 -0.005355 
524064657280356 0.012234 -0.016925 -0.003217 
524064677848533 0.011318 -0.019674 -0.003827 
524064698417438 0.011318 -0.019368 -0.001995 
524064718985720 0.007653 -0.022423 0.006252 
524064739555199 -0.002121 -0.012343 0.004419 
524064760123377 0.002155 -0.012343 -0.000773 
524064780692438 0.011929 -0.027004 -0.011769 
524064801260563 0.008569 -0.029142 -0.014823 
524064821830564 0.004599 -0.025171 -0.004438 
524064842398325 0.006126 -0.019368 -0.001689 
524064862967387 0.011013 -0.005318 0.008084 
524064883535251 0.014983 0.014840 0.014804 
524064904103637 0.013762 0.030723 0.012666 
524064924671866 0.011318 0.042635 -0.000773 
524064945242022 0.020787 0.039886 -0.002911 
524064965810459 0.028117 0.044773 0.006252 
524064986378533 0.002155 0.125712 -0.035592 
524065006946398 0.000628 -0.000126 -0.014823 
524065027517699 0.015289 0.011786 -0.008714 
524065048086449 0.011013 0.031944 -0.011769 
524065068653376 0.010096 -0.027920 -0.014212 
524065089220616 0.007042 -0.001653 -0.030705 
524065109790199 0.006431 0.045078 -0.024902 
524065130358480 0.023535 0.043856 -0.019404 
524065150928116 -0.179577 -0.160478 -0.089959 
524065171495825 -0.182326 -0.044414 -0.092097 
524065192064782 -0.072981 0.230475 -0.208162 
524065212633168 -0.194238 0.115327 -0.218241 
524065233202023 -0.069927 -0.059991 -0.105536 
524065253771137 0.006737 -0.157118 0.003808 
524065274339365 0.035753 -0.193465 -0.045061 
524065294908116 -0.065345 -0.215456 -0.069495 
524065315476032 0.138073 -0.173306 -0.023986 
524065336043846 0.044916 -0.135127 -0.016045 
524065356612335 0.013762 -0.154980 -0.049948 
524065377181292 0.037280 -0.182164 -0.002911 
524065397749834 0.016205 -0.156507 0.035268 
524065418318689 -0.001510 -0.174528 0.035879 
524065438887543 0.007348 -0.163838 0.042293 
524065459456136 0.058355 -0.107333 0.050845 
524065480024470 0.028728 -0.028226 0.017858 
524065500593376 0.000933 -0.027004 0.010833 
524065521162335 -0.014338 -0.078622 0.027632 
524065541730302 -0.039384 -0.051744 0.051761 
524065562298740 -0.013727 0.018200 0.063062 
524065582867543 0.010402 0.097307 0.051761 
524065603436084 -0.009451 -0.003486 0.066117 
524065624004366 -0.080922 -0.055409 0.121094 
524065644573012 -0.121850 -0.047773 0.194398 
524065665145043 -0.063207 -0.077400 0.239602 
524065685714106 0.031782 0.014535 0.221887 
524065706279522 0.050108 0.071956 0.125065 
524065726848375 0.063853 0.124490 0.103074 
524065747416032 0.043694 0.031944 0.153776 
524065767985095 0.055606 -0.003486 0.229828 
524065788553481 0.087371 0.098529 0.341617 
524065809122074 0.104170 0.125712 0.425000 
524065829693064 0.091036 0.177025 0.314433 
524065850260042 0.112416 0.177025 0.294275 
524065870827699 0.081262 0.093336 0.329094 
524065891396189 0.107224 0.096696 0.332148 
524065911965199 0.192134 0.192296 0.412477 
524065932533948 0.151817 0.207568 0.413393 
524065953102542 0.120358 0.134570 0.257623 
524065973671033 0.158231 0.008732 0.246933 
524065994239834 0.090425 -0.090229 0.292442 
524066014808584 -0.019530 -0.033113 0.186457 
524066035378064 0.050108 0.070734 0.256095 
524066055945928 0.065991 0.257659 0.326956 
524066076513793 -0.001510 0.257659 0.398732 
524066097083168 0.022314 0.211539 0.347420 
524066117651344 0.058660 0.295838 0.554808 
524066138220980 -0.015254 0.200238 0.698667 
524066158788948 -0.028083 0.112579 0.961033 
524066179359106 -0.166138 0.018505 1.299452 
524066199926501 -0.297168 0.078981 1.677883 
524066220495876 -0.446219 0.245747 2.098769 
524066241064417 -0.268152 -0.145206 2.027603 
524066261632907 -0.040911 0.041718 1.673607 
524066282200928 0.188469 0.053630 1.111001 
524066302770355 0.067518 0.021560 0.552365 
524066323339209 -0.049157 0.104943 -0.141883 
524066343907178 0.065991 0.178552 -0.440901 
524066364475407 0.069656 0.106470 -0.331251 
524066385046033 -0.064429 0.006594 -0.212743 
524066405613793 -0.228752 0.097918 -0.298875 
524066426183480 -0.214396 0.319051 -0.089959 
524066446750563 0.036669 0.215815 0.162022 
524066467317959 -0.091307 0.253688 0.297940 
524066487886709 -0.381468 0.785141 0.334897 
524066508456137 -0.443165 0.846533 0.287860 
524066529024470 -0.297779 0.744824 0.251819 
524066549594313 -0.014338 0.436948 0.278087 
524066570162126 0.158231 0.354176 0.362691 
524066590729574 0.115776 0.197183 0.646438 
524066611298115 0.296592 0.787889 0.485170 
524066631866970 0.314002 1.209692 0.370633 
524066652435823 0.324997 1.277803 0.220360 
524066673004209 0.458471 0.744824 0.259150 
524066693573011 0.560791 -0.084731 0.458292 
524066714141553 0.484127 0.595773 1.488515 
524066734711293 0.444421 1.408834 2.297606 
524066755279157 0.602635 1.222825 2.807372 
524066775848688 0.813994 -0.490956 2.609452 
524066796417802 1.041541 -0.858086 1.754241 
524066816986344 0.192440 -1.753002 0.184624 
524066837554782 -0.714084 0.666327 -0.299181 
524066858123740 -0.911393 1.082632 0.047791 
524066878692073 -0.524410 -0.300061 0.642162 
524066899261240 -0.187518 -1.263394 1.030367 
524066919829678 0.104780 -1.354718 0.820229 
524066940399157 0.037891 -0.581975 0.478145 
524066960967125 -0.072981 -0.057242 0.269840 
524066981536033 -0.043354 -0.011732 0.112542 
524067002104209 0.007042 -0.359925 -0.077437 
524067022673167 -0.170109 -0.783255 -0.498628 
524067043241240 -0.777919 -0.003791 -0.540167 
524067063809886 -0.924221 1.389591 -0.220074 
524067084378376 -0.360698 1.303459 0.133923 
524067104947386 -0.060153 -0.393523 0.191955 
524067125516917 -0.010673 -1.697719 0.020302 
524067146084573 0.168921 -1.643657 -0.034371 
524067166652438 0.022314 -0.336407 -0.386840 
524067187221553 -0.035718 0.056990 -0.569183 
524067207789991 -0.063513 -0.157729 -0.486105 
524067228359417 0.252304 -1.321426 -0.345301 
524067248927386 0.510700 -2.160449 -0.262529 
524067269495928 0.228786 -1.665038 -0.465030 
524067290064209 -0.207677 -1.003471 -0.708765 
524067310633584 -0.165222 -1.255758 -0.686469 
524067331202646 -0.134373 -1.812562 -0.581400 
524067351770355 -0.223559 -2.085923 -0.581705 
524067372338845 -0.063207 -1.657097 -0.729840 
524067392908688 0.304533 -1.358078 -0.840712 
524067413475927 0.753213 -1.264005 -0.950057 
524067434044365 0.953882 -1.215441 -1.138509 
524067454613324 1.042763 -0.884353 -1.316576 
524067475184886 1.312460 -0.872746 -1.527324 
524067495750720 1.723572 -1.367852 -1.826648 
524067516319470 2.104446 -2.169001 -2.147046 
524067536889521 2.410795 -2.552319 -2.441483 
524067557457646 2.239447 -2.157700 -2.692854 
524067578025458 1.619114 -1.154660 -2.724008 
524067598593949 0.706482 -0.299450 -2.888331 
524067619163167 -0.005481 0.662968 -2.911849 
524067639731292 0.154261 1.618971 -2.722786 
524067660299834 0.560486 1.525509 -2.227986 
524067680868635 0.874775 1.608281 -1.680956 
524067701437594 1.003362 1.399976 -1.514496 
524067722005458 1.196090 0.199932 -1.681262 
524067742575406 1.397676 -1.278971 -1.993719 
524067763143584 1.312460 -2.478404 -2.397195 
524067783711448 0.841789 -2.627455 -2.750581 
524067804279834 0.374783 -1.300352 -2.472637 
524067824850249 0.178390 -0.415209 -1.738989 
524067845418375 0.069656 -0.165059 -1.194708 
524067865987958 -0.083060 -0.706286 -1.270150 
524067886555823 -0.040300 -1.033404 -1.435694 
524067907124625 0.476492 -0.840981 -1.044741 
524067927692906 1.232742 -0.707507 -0.548413 
524067948261709 1.522903 -0.696206 -0.631491 
524067968829990 1.241905 -1.412140 -0.529477 
524067989398896 0.931586 -1.394730 -0.115005 
524068009967281 0.814605 -0.997973 0.276559 
524068030536813 0.961213 -1.022408 0.251819 
524068051105406 1.301770 -1.326924 0.136061 
524068071673271 1.392483 -1.269197 0.234410 
524068092240720 1.813675 -1.314096 0.405452 
524068112810303 2.045192 -0.653446 0.330926 
524068133379001 1.797487 0.298892 0.231966 
524068153947906 1.094076 0.758568 0.289082 
524068174516708 0.279793 0.790333 0.339173 
524068195085718 -0.183548 0.896318 0.310157 
524068215654468 0.138378 0.668160 0.128730 
524068236222802 0.573314 0.331574 0.001059 
524068256791448 0.676550 0.159921 0.073142 
524068277360355 0.692127 0.206957 0.183403 
524068297929105 0.653948 0.387468 0.437217 
524068318497385 0.519863 0.412819 0.600012 
524068339066656 0.374477 0.429617 0.619865 
524068359634676 0.380891 0.399074 0.615284 
524068380203114 0.620045 0.282399 0.440882 
524068400772073 0.921812 0.109524 0.316571 
524068421340302 1.144167 -0.120466 0.297634 
524068441908636 1.215027 -0.272877 0.250903 
524068462477230 1.199755 -0.187661 0.213030 
524068483045980 1.110875 0.056379 0.220971 
524068503615614 0.920285 0.258270 0.231050 
524068524184156 0.736109 0.377388 0.262204 
524068544754416 0.613936 0.266516 0.334897 
524068565322021 0.454501 0.127239 0.208143 
524068585890511 0.369896 0.126628 0.083221 
524068606458480 0.343934 0.339515 0.113764 
524068627027126 0.447781 0.667855 0.207226 
524068647595719 0.644479 0.590275 0.113764 
524068668164781 0.911122 0.195962 0.075890 
524068688732853 1.192731 -0.331215 0.104601 
524068709302073 1.341476 -0.584723 0.089329 
524068729870458 1.200061 -0.571285 0.072225 
524068750439416 1.043985 -0.291508 0.101852 
524068771007749 0.950828 -0.164143 0.044431 
524068791576500 0.837513 -0.249970 0.010528 
524068812145615 0.789865 -0.365118 0.001059 
524068832714313 0.791698 -0.563954 0.060313 
524068853283114 0.713507 -0.680018 0.121705 
524068873851655 0.627375 -0.596025 0.078639 
524068894420458 0.402577 -0.265241 -0.005965 
524068914989625 0.086149 -0.018452 0.049929 
524068935556656 -0.092223 0.015146 0.100936 
524068956127645 -0.084588 -0.062129 0.052067 
524068976694833 0.126772 -0.034640 -0.074077 
524068997263531 0.320721 0.244525 -0.226182 
524069017833062 0.383335 0.579890 -0.214881 
524069038401032 0.407769 0.671214 -0.017266 
524069058969312 0.395247 0.510557 0.122927 
524069079538062 0.307893 0.181301 0.046569 
524069100107385 0.247112 -0.076179 -0.012074 
524069120675197 0.282237 -0.099697 -0.003827 
524069141244573 0.262384 -0.038305 -0.005049 
524069161813219 0.166172 0.116244 0.017247 
524069182382906 0.041556 0.190769 0.069476 
524069202952073 0.022314 0.105248 0.119567 
524069223520771 0.118220 -0.131767 0.125676 
524069244088063 0.197326 -0.328160 0.134533 
524069264657854 0.207406 -0.429258 0.111015 
524069285225354 0.202213 -0.357482 0.058481 
524069305794260 0.150901 -0.151010 0.055426 
524069326363010 0.049803 0.070429 0.083221 
524069346931187 0.038807 0.073483 0.076501 
524069367499937 0.047359 -0.126575 0.046263 
524069388069416 0.027201 -0.261882 0.044736 
524069408637906 0.033920 -0.250581 0.055426 
524069429206031 0.021703 -0.141847 0.027021 
524069449774573 -0.065651 0.012702 -0.047199 
524069470343270 -0.165833 0.122047 -0.078658 
524069490911917 -0.149950 0.158393 -0.028873 
524069511480926 -0.070538 0.131210 0.005641 
524069532050301 0.010096 0.095474 0.038628 
524069552620250 0.071183 0.018505 0.078639 
524069573188791 0.131048 -0.104278 0.100325 
524069593757125 0.100199 -0.158035 0.078028 
524069614323843 0.035753 -0.091450 0.060619 
524069634894624 0.057133 -0.000431 0.063062 
524069655463687 0.067212 0.180690 0.165993 
524069676031812 0.157009 0.384108 0.302216 
524069696599833 0.205879 0.351732 0.331232 
524069717167854 0.072099 -0.069765 0.191955 
524069737736761 -0.212258 -0.054493 0.085664 
524069758305301 -0.232722 0.272931 -0.082324 
524069778873999 0.137156 0.389911 -0.211827 
524069799442385 0.310642 0.131210 -0.069190 
524069820011811 0.121274 -0.039527 0.196231 
