# Created at Thu Nov 07 18:53:39 EST 2019 in Burnaby Canada 
524063970925461 84.643372 185.821701 -47.284321 
524063990924262 85.098106 185.835556 -47.596230 
524064010923897 88.306091 186.498596 -48.241859 
524064030924262 87.517334 185.327515 -47.927490 
524064050923325 87.241341 186.029068 -46.386753 
524064070924314 85.443527 187.276642 -46.983570 
524064090924157 85.966995 184.283249 -48.220711 
524064110924210 87.376488 185.607315 -47.310898 
524064130923689 88.107872 184.185181 -46.242599 
524064150923480 87.969063 185.343933 -48.700653 
524064170923273 86.609184 185.151871 -46.534981 
524064190923741 87.667557 184.892944 -46.545391 
524064210923585 87.312737 182.725967 -45.774601 
524064230923897 88.714882 184.643417 -48.247051 
524064250923429 85.107155 185.827866 -46.212479 
524064270923376 87.701447 186.331894 -47.006039 
524064290923585 87.487144 184.032181 -47.466782 
524064310923637 86.730606 184.595047 -48.996693 
524064330947959 89.157524 183.786880 -47.021820 
524064351298325 87.194389 184.601212 -47.924850 
524064370922544 86.876442 183.430313 -45.462391 
524064390924106 89.171959 184.508499 -47.636520 
524064410923429 89.155518 183.788589 -47.329319 
524064430946918 87.951279 184.331619 -47.471073 
524064437857959 88.265472 184.037903 -44.860382 
524064450923793 88.265472 184.037903 -44.860382 
524064470923637 88.108215 184.478439 -47.318729 
524064490923012 87.487144 184.032181 -47.466782 
524064510923064 87.678978 185.617126 -47.621338 
524064530923480 87.914375 182.895218 -47.471672 
524064550923637 88.239326 183.619812 -47.166813 
524064570923689 88.901337 185.939377 -48.094231 
524064590923688 89.316147 184.079071 -47.176922 
524064610922907 86.885193 184.450317 -48.075718 
524064630923533 87.653473 184.464584 -47.006821 
524064650922856 88.219894 183.342773 -49.011932 
524064670923272 86.765144 185.739899 -48.227463 
524064690936501 87.976761 185.043839 -46.394524 
524064711248116 88.748405 185.348801 -45.940502 
524064730923689 87.199409 184.596939 -47.156101 
524064750923949 87.447227 182.598358 -47.928631 
524064770923585 89.178009 184.943695 -48.405090 
524064790924627 85.672554 184.266602 -46.680271 
524064810924209 87.934830 183.611710 -47.163872 
524064830924991 87.938866 184.048599 -48.239941 
524064850924158 89.157524 183.786880 -47.021820 
524064870923532 87.961327 184.323074 -45.933571 
524064890923532 86.605179 185.595612 -48.841049 
524064910923689 89.178009 184.943695 -48.405090 
524064930923949 87.683342 185.906967 -48.082470 
524064951130825 86.741676 185.025970 -48.996510 
524064970925147 86.711807 183.583588 -47.920860 
524064990924053 88.284630 185.782959 -48.703411 
524065010923377 88.114601 185.206894 -49.163429 
524065030917595 87.501900 184.606750 -47.466541 
524065050937751 88.264175 185.066467 -49.011211 
524065071222908 85.250023 185.986664 -48.212643 
524065090971657 87.634033 184.187561 -48.851940 
524065110924938 87.326500 183.741699 -47.619179 
524065130923949 88.109230 184.917908 -48.856049 
524065150924783 88.143105 185.916550 -47.625629 
524065170924054 88.436188 185.200470 -46.552620 
524065190924053 87.229279 186.039322 -48.231750 
524065210924470 86.140388 185.149979 -48.375568 
524065230925043 87.674942 185.180222 -46.545269 
524065250925772 88.124649 185.198349 -47.625931 
524065270924834 86.474075 186.454269 -48.992970 
524065290925147 86.787598 186.014359 -45.921093 
524065310923845 86.064270 187.869980 -47.450462 
524065330925199 87.983498 186.065567 -49.315350 
524065350923168 86.479095 186.449997 -48.224220 
524065370923376 87.549210 186.768188 -48.695641 
524065390923844 87.576721 187.919022 -49.002663 
524065410936657 86.135361 185.154251 -49.144318 
524065431161605 86.954308 187.620667 -49.919399 
524065450970824 87.519356 185.766144 -49.311062 
524065470924313 85.886551 187.594025 -50.216614 
524065490923897 84.983452 187.854462 -49.746422 
524065510924001 86.902649 185.609711 -49.920238 
524065530924158 87.350342 185.189224 -49.617329 
524065550923740 84.909653 184.981659 -49.747620 
524065570923896 86.169243 186.593231 -49.604969 
524065590923897 85.680946 184.993347 -48.217472 
524065610924053 86.600510 185.893158 -50.685932 
524065630923429 87.195755 185.333954 -50.538300 
524065650924054 86.174606 186.882217 -49.912350 
524065670924417 86.785606 186.456390 -47.919662 
524065690927387 85.989807 185.291290 -48.681541 
524065710924939 85.684326 185.724380 -50.523422 
524065730923688 85.941162 183.277756 -48.221130 
524065750923845 85.387184 185.563217 -48.829288 
524065770937334 85.680946 184.993347 -48.217472 
524065791116813 85.846291 185.866928 -49.602329 
524065810970719 86.716827 183.579315 -47.152111 
524065830971084 86.395248 183.585754 -49.762920 
524065850924209 86.718193 184.312057 -49.765560 
524065870923897 88.050850 182.325546 -47.627129 
524065890923532 86.061211 181.988190 -48.069389 
524065910923845 87.408310 181.163666 -48.236732 
524065930924469 86.651428 181.433258 -48.690514 
524065951218688 86.753693 179.131363 -47.309189 
524065970923637 88.007591 181.041336 -49.165169 
524065990923740 87.199020 178.419327 -46.237652 
524066010923584 86.283180 178.543808 -47.151272 
524066030925304 87.068932 179.717453 -47.926891 
524066050924834 85.996475 179.548019 -48.377911 
524066070923116 87.208076 178.851974 -46.544971 
524066090923168 87.977730 179.598953 -48.089520 
524066110923949 87.373428 179.725555 -47.929832 
524066130936813 87.833199 179.735138 -47.472992 
524066151076865 87.315720 177.279388 -47.162102 
524066171076865 86.654060 175.253098 -47.310810 
524066190947804 87.286194 176.130280 -47.162582 
524066210924261 87.890511 176.003693 -47.322269 
524066230925512 86.314667 173.806885 -47.000969 
524066250925146 86.554779 171.668076 -48.388557 
524066270924626 85.021873 171.342865 -48.835228 
524066290924938 85.585907 169.048859 -46.689571 
524066310925148 86.051056 169.787750 -48.231182 
524066330925303 85.575851 169.057404 -48.227070 
524066350925616 85.530556 166.894257 -46.690472 
524066370923897 86.979645 170.239548 -47.624821 
524066390925771 86.002739 167.627167 -47.155830 
524066410925876 85.456795 169.905792 -46.533989 
524066430925303 85.299202 170.053070 -47.916214 
524066450924730 86.225426 170.213318 -46.541222 
524066470926293 86.988693 170.231857 -46.241070 
524066490917803 87.714714 168.961044 -46.556461 
524066511001865 87.671776 167.089462 -45.788490 
524066531001813 87.256958 168.509445 -45.014729 
524066550924991 87.256958 168.509445 -45.014729 
524066570924730 87.841797 167.665512 -45.328468 
524066590924417 87.049339 165.910461 -43.323093 
524066610923740 88.562126 166.252777 -45.951420 
524066630923740 88.681831 164.669952 -44.723549 
524066650923428 87.014442 164.472351 -43.016190 
524066670923636 90.779762 162.700287 -41.977470 
524066690923584 91.416603 163.720261 -41.675430 
524066710923792 90.310249 161.671555 -39.974728 
524066730925043 90.776382 161.969254 -39.671520 
524066750923792 90.745186 160.674789 -39.364559 
524066770925876 89.040230 158.894608 -37.196613 
524066790925146 87.774925 157.141083 -37.646820 
524066810924990 88.124001 152.841476 -37.191784 
524066830924678 83.829796 151.433609 -36.843658 
524066850935563 82.914307 151.851334 -38.833408 
524066870954782 85.040756 151.471985 -37.931671 
524066890954573 84.160805 152.593399 -37.307369 
524066910925511 85.186638 151.187912 -37.779510 
524066930925355 82.602776 151.849213 -39.906719 
524066938007178 79.518875 150.773849 -41.876492 
524066951180146 79.518875 150.773849 -41.876492 
524066970925719 80.579239 150.072891 -39.888329 
524066990925199 81.069870 151.524002 -40.353390 
524067010925512 80.457161 150.923843 -38.656502 
524067030926293 79.665405 150.195648 -40.494450 
524067050918584 80.274742 150.064789 -39.885387 
524067070925563 81.021263 150.391129 -43.275124 
524067090924626 81.207375 151.393829 -42.046173 
524067110925668 81.092041 153.266495 -43.735168 
524067130926084 82.587700 151.862045 -42.212971 
524067150926969 82.008224 153.435287 -43.897682 
524067170924365 79.834785 151.506134 -42.955379 
524067190925719 79.357254 150.924561 -43.873711 
524067210917908 79.365646 151.651321 -45.410912 
524067230924886 78.174133 152.330261 -44.168850 
524067250925094 79.038353 151.075500 -46.638210 
524067270924522 78.260658 150.335342 -46.323662 
524067290924626 76.469566 152.164307 -48.150242 
524067310923740 76.460510 151.731689 -47.842922 
524067330925927 74.215683 153.545944 -49.203842 
524067350924521 75.574188 153.005264 -48.756062 
524067370923688 74.199593 153.119308 -49.972771 
524067390925095 70.851448 153.762939 -52.553879 
524067410923584 70.058693 153.035614 -54.545582 
524067430923376 68.509338 151.550156 -52.993980 
524067450924105 67.945969 153.550049 -53.909763 
524067470926709 68.087479 152.976105 -53.296471 
524067490923949 67.045204 153.661682 -52.517128 
524067510924001 69.140488 152.868515 -54.690571 
524067530924105 66.847992 151.787750 -52.055191 
524067550925250 66.826515 150.631790 -50.825672 
524067570918219 64.718163 151.436081 -50.650982 
524067590924885 65.755417 150.754776 -52.199070 
524067610924730 65.815437 152.611832 -50.353291 
524067630924938 67.207176 153.804245 -51.596043 
524067650923896 68.007988 154.965057 -50.065411 
524067670923271 72.795174 157.675293 -49.956150 
524067690923531 74.474258 157.569351 -48.742378 
524067710923948 75.149002 159.584534 -46.594921 
524067730923948 79.093735 159.114426 -46.479630 
524067750923271 78.814728 159.818542 -45.400139 
524067770924313 78.214806 160.675308 -47.392651 
524067790924417 78.893898 162.980331 -45.706318 
524067810923011 77.785889 161.666916 -47.080322 
524067830923220 78.630005 164.992599 -47.393791 
524067850924313 78.359741 166.716721 -48.927631 
524067870924000 77.621956 167.410400 -48.151230 
524067890924729 79.010323 168.312103 -48.779099 
524067910924366 76.851006 167.691971 -50.757511 
524067930918218 76.266823 168.682098 -50.904961 
524067951142959 76.110214 168.388199 -50.442360 
524067971376187 77.622307 167.703674 -49.227360 
524067990925823 75.171211 167.211365 -49.819019 
524068010923635 74.373405 166.047989 -50.888401 
524068030924365 74.233910 166.620193 -51.194191 
524068050924989 74.176201 164.174042 -50.426460 
524068070924313 72.072227 165.708511 -52.403973 
524068090922907 71.412231 163.387222 -51.169052 
524068110923167 69.532890 161.181473 -50.691059 
524068130923428 69.341057 159.596512 -50.536503 
524068150924209 70.980225 157.616425 -48.093510 
524068170924000 68.515068 157.136078 -50.837673 
524068190924833 70.172028 156.168335 -49.624260 
524068210923895 70.354126 157.174408 -49.010307 
524068230924208 70.078125 157.875961 -47.469570 
524068250924573 70.670685 157.172256 -47.168251 
524068270924313 71.132462 157.180130 -46.403912 
524068290917907 71.690460 154.891266 -45.180748 
524068310924938 70.898697 154.163071 -47.018703 
524068330924521 70.609283 154.582474 -46.400581 
524068350923740 71.622032 152.307465 -45.489330 
524068370924312 71.183395 152.720230 -44.408489 
524068390923792 70.913773 154.150253 -44.712452 
524068410924417 70.069672 150.824570 -44.398979 
524068430923479 70.420776 151.967255 -41.787689 
524068450923063 70.090790 151.246933 -42.861298 
524068470923688 70.785271 148.388412 -41.793598 
524068490922959 71.272858 148.961426 -39.337772 
524068510923636 71.099480 148.094681 -39.182911 
524068530917333 71.861076 148.408218 -40.266392 
524068550925302 72.302048 147.406311 -38.733719 
524068570924573 70.464302 146.779755 -38.101322 
524068590924312 71.028702 145.219315 -38.722858 
524068610924157 69.988777 146.196457 -38.712151 
524068630923791 72.272522 146.257202 -38.734200 
524068650923635 71.962982 145.813049 -37.808941 
524068670947438 71.190659 145.361893 -37.801773 
524068691279208 69.864342 146.755859 -36.711689 
524068710923688 71.015915 143.762405 -35.033463 
524068730923635 69.304939 142.427673 -35.479084 
524068750923479 70.228836 142.736664 -35.026531 
524068770923530 71.440445 142.040604 -33.193592 
524068790923531 71.884438 141.476486 -32.890739 
524068810923740 70.659721 140.862701 -31.649221 
524068830924313 70.712723 142.725739 -30.879690 
524068850923582 71.128212 141.451965 -32.114643 
524068870923791 68.994690 140.956665 -30.710491 
524068890923844 69.110367 139.377243 -30.097620 
524068910924261 68.943024 138.945694 -30.711330 
524068930923375 70.353195 140.415970 -30.262711 
524068951132541 69.446404 140.532745 -29.792582 
524068970925197 70.945427 139.859314 -30.576332 
524068990924364 69.414871 139.385345 -30.100561 
524069010923843 69.703262 138.526474 -29.181360 
524069030949000 70.189209 139.834793 -29.800232 
524069051232438 72.333435 140.027466 -28.437000 
524069070923844 71.684853 138.430344 -28.278032 
524069090923375 71.422623 140.147644 -28.581871 
524069110924000 71.422623 140.147644 -28.581871 
524069130923062 71.558418 138.991470 -26.585070 
524069150924573 71.117447 139.993347 -28.117741 
524069170923219 70.674797 140.849869 -29.342970 
524069190925302 69.733765 139.234421 -27.336060 
524069210925042 70.379669 140.687012 -27.341339 
524069230924520 71.440727 140.572571 -27.505442 
524069250923948 70.684502 140.548050 -26.729342 
524069270924260 70.654976 139.398941 -26.729822 
524069290923219 70.059395 139.664871 -25.801319 
524069310924417 70.176765 138.671158 -27.186960 
524069330924000 70.063118 140.689163 -29.183401 
524069350924052 69.721367 138.951401 -28.104929 
524069370923687 70.637550 139.120193 -28.267441 
524069390917698 70.080200 140.674637 -26.569651 
524069411181500 69.113045 139.081406 -28.560240 
524069430972750 68.947037 138.501953 -28.405260 
524069437960198 69.857849 138.381744 -28.260391 
524069450923635 69.857849 138.381744 -28.260391 
524069470923947 67.932930 140.044235 -26.703062 
524069490923219 70.642578 139.115921 -27.498692 
524069510923895 71.399147 139.433716 -29.350920 
524069530924364 68.964127 138.487411 -25.791510 
524069550925927 70.784088 138.542007 -26.885401 
524069570925562 69.724380 138.948837 -27.643681 
524069590924781 69.720345 138.511948 -26.567610 
524069610922749 68.635490 138.059525 -27.787500 
524069630925041 70.179779 138.668594 -26.725712 
524069650925197 69.127113 139.069443 -26.407740 
524069670924885 71.336418 136.991837 -29.351940 
524069690924728 69.413513 138.652618 -27.487112 
524069710923218 68.652260 138.632370 -27.479761 
524069730923739 67.860153 137.610901 -28.241581 
524069750917333 67.853119 137.616882 -29.317831 
524069771137541 68.513763 139.203735 -27.631802 
524069790970145 67.571747 138.029465 -27.469711 
524069810923323 70.298485 137.526932 -27.342659 
524069830923530 67.874237 138.039261 -27.780151 
