# Created at Thu Nov 07 18:53:39 EST 2019 in Burnaby Canada 
524063970925461 43.869904 0.278076 -36.918644 
524063990924262 44.324638 0.291931 -37.230553 
524064010923897 47.532623 0.954971 -37.876183 
524064030924262 46.743866 -0.216110 -37.561813 
524064050923325 46.467873 0.485443 -36.021076 
524064070924627 44.670059 1.733017 -36.617893 
524064090924157 45.193527 -1.260376 -37.855034 
524064110924210 46.603020 0.063690 -36.945221 
524064130923689 47.334404 -1.358444 -35.876923 
524064150923480 47.195595 -0.199692 -38.334976 
524064170923273 45.835716 -0.391754 -36.169304 
524064190923741 46.894089 -0.650681 -36.179714 
524064210923585 46.539268 -2.817657 -35.408924 
524064230924158 47.941414 -0.900208 -37.881374 
524064250923429 44.333687 0.284241 -35.846802 
524064270923376 46.927979 0.788269 -36.640362 
524064290923585 46.713676 -1.511444 -37.101105 
524064310923637 45.957138 -0.948578 -38.631016 
524064330947959 48.384056 -1.756744 -36.656143 
524064351298325 46.420921 -0.942413 -37.559174 
524064370922544 46.102974 -2.113312 -35.096714 
524064390924106 48.398491 -1.035126 -37.270844 
524064410923429 48.382050 -1.755035 -36.963642 
524064430946814 47.177811 -1.212006 -37.105396 
524064437857959 47.492004 -1.505722 -34.494705 
524064450923793 47.492004 -1.505722 -34.494705 
524064470923845 47.334747 -1.065186 -36.953053 
524064490923012 46.713676 -1.511444 -37.101105 
524064510923064 46.905510 0.073502 -37.255661 
524064530923480 47.140907 -2.648407 -37.105995 
524064550923637 47.465858 -1.923813 -36.801136 
524064570923689 48.127869 0.395752 -37.728554 
524064590923688 48.542679 -1.464554 -36.811245 
524064610922907 46.111725 -1.093307 -37.710041 
524064630923533 46.880005 -1.079041 -36.641144 
524064650922856 47.446426 -2.200851 -38.646255 
524064670923272 45.991676 0.196274 -37.861786 
524064690936501 47.203293 -0.499786 -36.028847 
524064711248116 47.974937 -0.194824 -35.574825 
524064730923689 46.425941 -0.946686 -36.790424 
524064750923949 46.673759 -2.945267 -37.562954 
524064770923585 48.404541 -0.599930 -38.039413 
524064790924627 44.899086 -1.277023 -36.314594 
524064810924209 47.161362 -1.931915 -36.798195 
524064830924418 47.165398 -1.495026 -37.874264 
524064850924158 48.384056 -1.756744 -36.656143 
524064870924105 47.187859 -1.220551 -35.567894 
524064890923532 45.831711 0.051987 -38.475372 
524064910923689 48.404541 -0.599930 -38.039413 
524064930923949 46.909874 0.363342 -37.716793 
524064951130825 45.968208 -0.517654 -38.630833 
524064970925147 45.938339 -1.960037 -37.555183 
524064990924262 47.511162 0.239334 -38.337734 
524065010923377 47.341133 -0.336731 -38.797752 
524065030917595 46.728432 -0.936874 -37.100864 
524065050937751 47.490707 -0.477158 -38.645535 
524065071222908 44.476555 0.443039 -37.846966 
524065090971657 46.860565 -1.356064 -38.486263 
524065110924574 46.553032 -1.801926 -37.253502 
524065130923949 47.335762 -0.625717 -38.490372 
524065150924783 47.369637 0.372925 -37.259953 
524065170924054 47.662720 -0.343155 -36.186943 
524065190924782 46.455811 0.495697 -37.866074 
524065210924470 45.366920 -0.393646 -38.009892 
524065230924731 46.901474 -0.363403 -36.179592 
524065250925772 47.351181 -0.345276 -37.260254 
524065270924782 45.700607 0.910645 -38.627293 
524065290925147 46.014130 0.470734 -35.555416 
524065310923845 45.290802 2.326355 -37.084785 
524065330925199 47.210030 0.521942 -38.949673 
524065350923168 45.705627 0.906372 -37.858543 
524065370923376 46.775742 1.224564 -38.329964 
524065390923844 46.803253 2.375397 -38.636986 
524065410936657 45.361893 -0.389374 -38.778641 
524065431161605 46.180840 2.077042 -39.553722 
524065450970824 46.745888 0.222519 -38.945385 
524065470924313 45.113083 2.050400 -39.850937 
524065490923897 44.209984 2.310837 -39.380745 
524065510924001 46.129181 0.066086 -39.554562 
524065530924158 46.576874 -0.354401 -39.251652 
524065550923740 44.136185 -0.561966 -39.381943 
524065570923896 45.395775 1.049606 -39.239292 
524065590923897 44.907478 -0.550278 -37.851795 
524065610924053 45.827042 0.349533 -40.320255 
524065630923429 46.422287 -0.209671 -40.172623 
524065650924054 45.401138 1.338593 -39.546673 
524065670924417 46.012138 0.912766 -37.553986 
524065690927387 45.216339 -0.252335 -38.315865 
524065710924939 44.910858 0.180756 -40.157745 
524065730923688 45.167694 -2.265869 -37.855453 
524065750923845 44.613716 0.019592 -38.463612 
524065770937334 44.907478 -0.550278 -37.851795 
524065791116813 45.072823 0.323303 -39.236652 
524065810970719 45.943359 -1.964310 -36.786434 
524065830971084 45.621780 -1.957870 -39.397243 
524065850924209 45.944725 -1.231567 -39.399883 
524065870923636 47.277382 -3.218079 -37.261452 
524065890923532 45.287743 -3.555435 -37.703712 
524065910923845 46.634842 -4.379959 -37.871056 
524065930924469 45.877960 -4.110367 -38.324837 
524065951218688 45.980225 -6.412262 -36.943512 
524065970923637 47.234123 -4.502289 -38.799492 
524065990923740 46.425552 -7.124298 -35.871975 
524066010923584 45.509712 -6.999817 -36.785595 
524066030925304 46.295464 -5.826172 -37.561214 
524066050924834 45.223007 -5.995605 -38.012234 
524066070923116 46.434608 -6.691650 -36.179295 
524066090923168 47.204262 -5.944672 -37.723843 
524066110923949 46.599960 -5.818069 -37.564156 
524066130936813 47.059731 -5.808487 -37.107315 
524066151076865 46.542252 -8.264236 -36.796425 
524066171076865 45.880592 -10.290527 -36.945133 
524066190947804 46.512726 -9.413345 -36.796906 
524066210924261 47.117043 -9.539932 -36.956593 
524066230925512 45.541199 -11.736740 -36.635292 
524066250925146 45.781311 -13.875549 -38.022881 
524066270924783 44.248405 -14.200760 -38.469551 
524066290924938 44.812439 -16.494766 -36.323895 
524066310925303 45.277588 -15.755875 -37.865505 
524066330925303 44.802383 -16.486221 -37.861393 
524066350925408 44.757088 -18.649368 -36.324795 
524066370923897 46.206177 -15.304077 -37.259144 
524066390926553 45.229271 -17.916458 -36.790154 
524066410925876 44.683327 -15.637833 -36.168312 
524066430925303 44.525734 -15.490555 -37.550537 
524066450924730 45.451958 -15.330307 -36.175545 
524066470926293 46.215225 -15.311768 -35.875393 
524066490917803 46.941246 -16.582581 -36.190784 
524066511001293 46.898308 -18.454163 -35.422813 
524066531001813 46.483490 -17.034180 -34.649052 
524066550924991 46.483490 -17.034180 -34.649052 
524066570924730 47.068329 -17.878113 -34.962791 
524066590924417 46.275871 -19.633163 -32.957417 
524066610923740 47.788658 -19.290848 -35.585743 
524066630923740 47.908363 -20.873672 -34.357872 
524066650923428 46.240974 -21.071274 -32.650513 
524066670923636 50.006294 -22.843338 -31.611794 
524066690923584 50.643135 -21.823364 -31.309753 
524066710923897 49.536781 -23.872070 -29.609051 
524066730925043 50.002914 -23.574371 -29.305843 
524066750923845 49.971718 -24.868835 -28.998882 
524066770925876 48.266762 -26.649017 -26.830936 
524066790925146 47.001457 -28.402542 -27.281143 
524066810924990 47.350533 -32.702148 -26.826107 
524066830924678 43.056328 -34.110016 -26.477982 
524066850935563 42.140839 -33.692291 -28.467731 
524066870954885 44.267288 -34.071640 -27.565994 
524066890954573 43.387337 -32.950226 -26.941692 
524066910925511 44.413170 -34.355713 -27.413834 
524066930925355 41.829308 -33.694412 -29.541042 
524066938007178 38.745407 -34.769775 -31.510815 
524066951180146 38.745407 -34.769775 -31.510815 
524066970925719 39.805771 -35.470734 -29.522652 
524066990925199 40.296402 -34.019623 -29.987713 
524067010925512 39.683693 -34.619781 -28.290825 
524067030925095 38.891937 -35.347977 -30.128773 
524067050918584 39.501274 -35.478836 -29.519711 
524067070925563 40.247795 -35.152496 -32.909447 
524067090924626 40.433907 -34.149796 -31.680496 
524067110925459 40.318573 -32.277130 -33.369492 
524067130926084 41.814232 -33.681580 -31.847294 
524067150926969 41.234756 -32.108337 -33.532005 
524067170924365 39.061317 -34.037491 -32.589703 
524067190925719 38.583786 -34.619064 -33.508034 
524067210917908 38.592178 -33.892303 -35.045235 
524067230924886 37.400665 -33.213364 -33.803173 
524067250925094 38.264885 -34.468124 -36.272533 
524067270924522 37.487190 -35.208282 -35.957985 
524067290924626 35.696098 -33.379318 -37.784565 
524067310923740 35.687042 -33.811935 -37.477245 
524067330925927 33.442215 -31.997681 -38.838165 
524067350924521 34.800720 -32.538361 -38.390385 
524067370923688 33.426125 -32.424316 -39.607094 
524067390925095 30.077980 -31.780685 -42.188202 
524067410923584 29.285225 -32.508011 -44.179905 
524067430923376 27.735870 -33.993469 -42.628304 
524067450924105 27.172501 -31.993576 -43.544086 
524067470926709 27.314011 -32.567520 -42.930794 
524067490923949 26.271736 -31.881943 -42.151451 
524067510924001 28.367020 -32.675110 -44.324894 
524067530924105 26.074524 -33.755875 -41.689514 
524067550925250 26.053047 -34.911835 -40.459995 
524067570918219 23.944695 -34.107544 -40.285305 
524067590924885 24.981949 -34.788849 -41.833393 
524067610924730 25.041969 -32.931793 -39.987614 
524067630924938 26.433708 -31.739380 -41.230366 
524067650923896 27.234520 -30.578568 -39.699734 
524067670924312 32.021706 -27.868332 -39.590473 
524067690923531 33.700790 -27.974274 -38.376701 
524067710923948 34.375534 -25.959091 -36.229244 
524067730923948 38.320267 -26.429199 -36.113953 
524067750923271 38.041260 -25.725082 -35.034462 
524067770924313 37.441338 -24.868317 -37.026974 
524067790924417 38.120430 -22.563293 -35.340641 
524067810923011 37.012421 -23.876709 -36.714645 
524067830923219 37.856537 -20.551025 -37.028114 
524067850924313 37.586273 -18.826904 -38.561954 
524067870924000 36.848488 -18.133224 -37.785553 
524067890924729 38.236855 -17.231522 -38.413422 
524067910924366 36.077538 -17.851654 -40.391834 
524067930918218 35.493355 -16.861526 -40.539284 
524067951142959 35.336746 -17.155426 -40.076683 
524067971376187 36.848839 -17.839951 -38.861683 
524067990925823 34.397743 -18.332260 -39.453342 
524068010923635 33.599937 -19.495636 -40.522724 
524068030924365 33.460442 -18.923431 -40.828514 
524068050924989 33.402733 -21.369583 -40.060783 
524068070924313 31.298759 -19.835114 -42.038296 
524068090922907 30.638763 -22.156403 -40.803375 
524068110923322 28.759422 -24.362152 -40.325382 
524068130923428 28.567589 -25.947113 -40.170826 
524068150924209 30.206757 -27.927200 -37.727833 
524068170924000 27.741600 -28.407547 -40.471996 
524068190924833 29.398560 -29.375290 -39.258583 
524068210923895 29.580658 -28.369217 -38.644630 
524068230924208 29.304657 -27.667664 -37.103893 
524068250924573 29.897217 -28.371368 -36.802574 
524068270924313 30.358994 -28.363495 -36.038235 
524068290917907 30.916992 -30.652359 -34.815071 
524068310924938 30.125229 -31.380554 -36.653027 
524068330924521 29.835815 -30.961151 -36.034904 
524068350925042 30.848564 -33.236160 -35.123653 
524068370924312 30.409927 -32.823395 -34.042812 
524068390923792 30.140305 -31.393372 -34.346775 
524068410924417 29.296204 -34.719055 -34.033302 
524068430923479 29.647308 -33.576370 -31.422012 
524068450923063 29.317322 -34.296692 -32.495621 
524068470923688 30.011803 -37.155212 -31.427921 
524068490922959 30.499390 -36.582199 -28.972095 
524068510923636 30.326012 -37.448944 -28.817234 
524068530917333 31.087608 -37.135406 -29.900715 
524068550925302 31.528580 -38.137314 -28.368042 
524068570924573 29.690834 -38.763870 -27.735645 
524068590924104 30.255234 -40.324310 -28.357182 
524068610924157 29.215309 -39.347168 -28.346474 
524068630923895 31.499054 -39.286423 -28.368523 
524068650923635 31.189514 -39.730576 -27.443264 
524068670947438 30.417191 -40.181732 -27.436096 
524068691279208 29.090874 -38.787766 -26.346012 
524068710923688 30.242447 -41.781219 -24.667786 
524068730923635 28.531471 -43.115952 -25.113407 
524068750923479 29.455368 -42.806961 -24.660854 
524068770923530 30.666977 -43.503021 -22.827915 
524068790923531 31.110970 -44.067139 -22.525063 
524068810923740 29.886253 -44.680923 -21.283543 
524068830924312 29.939255 -42.817886 -20.514011 
524068850923582 30.354744 -44.091660 -21.748966 
524068870923791 28.221222 -44.586960 -20.344814 
524068890923844 28.336899 -46.166382 -19.731941 
524068910924261 28.169556 -46.597931 -20.345654 
524068930923375 29.579727 -45.127655 -19.897034 
524068951132541 28.672935 -45.010880 -19.426903 
524068970925197 30.171959 -45.684311 -20.210655 
524068990924364 28.641403 -46.158279 -19.734882 
524069010923843 28.929794 -47.017151 -18.815681 
524069030949000 29.415741 -45.708832 -19.434555 
524069051232438 31.559967 -45.516159 -18.071323 
524069070923844 30.911385 -47.113281 -17.912354 
524069090923375 30.649155 -45.395981 -18.216194 
524069110924000 30.649155 -45.395981 -18.216194 
524069130923062 30.784950 -46.552155 -16.219391 
524069150924573 30.343979 -45.550278 -17.752064 
524069170923219 29.901329 -44.693756 -18.977291 
524069190925302 28.960297 -46.309204 -16.970383 
524069210925042 29.606201 -44.856613 -16.975662 
524069230924520 30.667259 -44.971054 -17.139763 
524069250923948 29.911034 -44.995575 -16.363663 
524069270924260 29.881508 -46.144684 -16.364143 
524069290923219 29.285927 -45.878754 -15.435641 
524069310924417 29.403297 -46.872467 -16.821281 
524069330924000 29.289650 -44.854462 -18.817722 
524069350924156 28.947899 -46.592224 -17.739250 
524069370923687 29.864082 -46.423431 -17.901764 
524069390917646 29.306732 -44.868988 -16.203972 
524069411181500 28.339577 -46.462219 -18.194561 
524069430972020 28.173569 -47.041672 -18.039581 
524069437960198 29.084381 -47.161880 -17.894714 
524069450923635 29.084381 -47.161880 -17.894714 
524069470923791 27.159462 -45.499390 -16.337383 
524069490923219 29.869110 -46.427704 -17.133015 
524069510924416 30.625679 -46.109909 -18.985241 
524069530924364 28.190659 -47.056213 -15.425832 
524069550925927 30.010620 -47.001617 -16.519722 
524069570925562 28.950912 -46.594788 -17.278004 
524069590924989 28.946877 -47.031677 -16.201931 
524069610922749 27.862022 -47.484100 -17.421822 
524069630925041 29.406311 -46.875031 -16.360035 
524069650925197 28.353645 -46.474182 -16.042061 
524069670924885 30.562950 -48.551788 -18.986263 
524069690924728 28.640045 -46.891006 -17.121433 
524069710923218 27.878792 -46.911255 -17.114082 
524069730923739 27.086685 -47.932724 -17.875904 
524069750917333 27.079651 -47.926743 -18.952152 
524069771137541 27.740295 -46.339890 -17.266125 
524069790970145 26.798279 -47.514160 -17.104034 
524069810923323 29.525017 -48.016693 -16.976982 
524069830923530 27.100769 -47.504364 -17.414474 
