# Created at Thu Nov 07 18:53:39 EST 2019 in Burnaby Canada 
523979180184991 1013.446533 
523979220184002 1013.445557 
523979260184419 1013.440674 
523979300184262 1013.495117 
523979340183793 1013.481445 
523979380183897 1013.480957 
523979420184158 1013.481201 
523979460183741 1013.477295 
523979500183949 1013.453125 
523979540183950 1013.445313 
523979580183898 1013.471680 
523979620183898 1013.499268 
523979660184054 1013.441650 
523979700183845 1013.492920 
523979740183793 1013.475342 
523979780183897 1013.523438 
523979820184209 1013.443604 
523979860183949 1013.508057 
523979900183741 1013.441406 
523979940183741 1013.528809 
523979980185199 1013.402344 
523980020184105 1013.496338 
523980060184261 1013.414307 
523980100183741 1013.560791 
523980140183793 1013.560791 
523980180184991 1013.443604 
523980220184574 1013.530029 
523980260184158 1013.402832 
523980300185408 1013.467285 
523980340184314 1013.402344 
523980380184365 1013.558105 
523980420185512 1013.131104 
523980460184938 1013.153564 
523980500184731 1013.223389 
523980540183793 1013.384277 
523980580183950 1013.449463 
523980620184418 1013.508301 
523980660183949 1013.503662 
523980700184313 1013.456543 
523980740184054 1013.520752 
523980780184209 1013.497559 
523980820184158 1013.418457 
523980860184522 1013.361572 
523980900184210 1013.301270 
523980940184938 1013.390625 
523980980184053 1013.410400 
523981020184157 1013.455566 
523981060184782 1013.483887 
523981100183949 1013.518311 
523981140184730 1013.510254 
523981180184106 1013.526123 
523981220184157 1013.478271 
523981260183793 1013.416748 
523981300184730 1013.411377 
523981340184938 1013.387207 
523981380185615 1013.380127 
523981420184261 1013.332031 
523981460184783 1013.321777 
523981500185199 1013.318604 
523981540185615 1013.367676 
523981580188012 1013.326172 
523981620185407 1013.332520 
523981660185564 1013.303955 
523981700184157 1013.319580 
523981740184574 1013.348633 
523981780185147 1013.348877 
523981820184001 1013.316162 
523981860183896 1013.352539 
523981900184678 1013.356445 
523981940184626 1013.418457 
523981980185667 1013.385254 
523982020185563 1013.388672 
523982060185355 1013.590332 
523982100185146 1013.312012 
523982140183948 1013.437012 
523982180185615 1013.442139 
523982220185979 1013.479248 
523982260185928 1013.547607 
523982300185668 1013.407959 
523982340186500 1013.449951 
523982380184782 1013.521973 
523982420184365 1013.482910 
523982460184469 1013.485352 
523982500185511 1013.530762 
523982540184678 1013.402100 
523982580184365 1013.582764 
523982620184209 1013.559814 
523982660186344 1013.514893 
523982700185251 1013.371826 
523982740186448 1013.393066 
523982780184626 1013.449463 
523982820184677 1012.962402 
523982860186292 1013.204590 
523982900184365 1013.308838 
523982940184157 1013.307129 
523982980184417 1013.344971 
523983020184105 1013.426758 
523983060184469 1013.370117 
523983100184573 1013.427490 
523983140184521 1013.369629 
523983180186344 1013.325195 
523983220184989 1013.310303 
523983260184364 1013.386719 
523983300184833 1013.384277 
523983340184365 1013.360596 
523983380184729 1013.251953 
523983420184573 1013.380615 
523983460184677 1013.357178 
523983500184469 1013.353271 
523983540184990 1013.365723 
523983580183896 1013.389404 
523983620183792 1013.357178 
523983660183844 1013.338867 
523983700184209 1013.302246 
523983740184469 1013.313477 
523983780184990 1013.334717 
523983820184521 1013.348877 
523983860183895 1013.286865 
523983900183791 1013.279297 
523983940184520 1013.280518 
523983980184990 1013.243652 
523984020184573 1013.308350 
523984060184364 1013.298828 
523984100184885 1013.285889 
523984140185614 1013.261475 
523984180184208 1013.380371 
523984220184260 1013.322266 
523984260185666 1013.266846 
523984300184104 1013.297119 
523984340184312 1013.323242 
523984380184156 1013.349121 
523984420184676 1013.357666 
523984460184312 1013.332275 
523984500184573 1013.335205 
523984540184520 1013.288086 
523984580184728 1013.288086 
523984620184416 1013.338623 
523984660184572 1013.348877 
523984700185926 1013.342773 
523984740185979 1013.318604 
523984780186031 1013.349121 
523984820185354 1013.311523 
523984860186239 1013.329834 
523984900184885 1013.379395 
523984940184781 1013.426270 
523984980184052 1013.393555 
523985020183843 1013.311035 
