# Created at Thu Nov 07 18:45:06 EST 2019 in Burnaby Canada 
523550569269874 0.000000 0.000000 0.000000 
523550589838207 0.000000 0.000000 0.000000 
523550610406541 0.000000 0.000000 0.000000 
523550630974510 0.000000 0.000000 0.000000 
523550651542843 0.000000 0.000000 0.000000 
523550672110864 0.000000 0.000000 0.000000 
523550692679562 0.000000 0.000000 0.000000 
523550713248051 0.000000 0.000000 0.000000 
523550733816124 0.000000 0.000000 0.000000 
523550754384927 0.000000 0.000000 0.000000 
523550774952739 0.000000 0.000000 0.000000 
523550795520864 0.000000 0.000000 0.000000 
523550816089458 0.000000 0.000000 0.000000 
523550836657426 0.000000 0.000000 0.000000 
523550857225761 0.000000 0.000000 0.000000 
523550877794093 0.000000 0.000000 0.000000 
523550898362583 0.000000 0.000000 0.000000 
523550918930552 0.000000 0.000000 0.000000 
523550939499614 0.000000 0.000000 0.000000 
523550960067530 0.000000 0.000000 0.000000 
523550980636281 0.000000 0.000000 0.000000 
523551001204146 0.000000 0.000000 0.000000 
523551021772270 0.000000 0.000000 0.000000 
523551042340813 0.000000 0.000000 0.000000 
523551062908937 0.000000 0.000000 0.000000 
523551083477375 0.000000 0.000000 0.000000 
523551104045759 0.000000 0.000000 0.000000 
523551124614093 0.000000 0.000000 0.000000 
523551145182426 0.000000 0.000000 0.000000 
523551165750759 0.000000 0.000000 0.000000 
523551186319458 0.000000 0.000000 0.000000 
523551206887739 0.000000 0.000000 0.000000 
523551227455447 0.000000 0.000000 0.000000 
523551248023781 0.000000 0.000000 0.000000 
523551268592218 0.000000 0.000000 0.000000 
523551289160551 0.000000 0.000000 0.000000 
523551309728208 0.000000 0.000000 0.000000 
523551330296541 0.000000 0.000000 0.000000 
523551350865604 0.000000 0.000000 0.000000 
523551371433938 0.000000 0.000000 0.000000 
523551392002374 0.000000 0.000000 0.000000 
523551412570707 0.000000 0.000000 0.000000 
523551433141489 0.000000 0.000000 0.000000 
523551453707687 0.000000 0.000000 0.000000 
523551474275968 0.000000 0.000000 0.000000 
523551494844823 0.000000 0.000000 0.000000 
523551515412218 0.000000 0.000000 0.000000 
523551535980603 0.000000 0.000000 0.000000 
523551556549250 0.000000 0.000000 0.000000 
523551577119354 0.000000 0.000000 0.000000 
523551597685759 0.000000 0.000000 0.000000 
523551618254198 0.000000 0.000000 0.000000 
523551638822426 0.000000 0.000000 0.000000 
523551659391592 0.000000 0.000000 0.000000 
523551679959614 0.000000 0.000000 0.000000 
523551700528989 0.000000 0.000000 0.000000 
523551721096697 0.000000 0.000000 0.000000 
523551741665291 0.000000 0.000000 0.000000 
523551762232426 0.000000 0.000000 0.000000 
523551782801957 0.000000 0.000000 0.000000 
523551803370291 0.000000 0.000000 0.000000 
523551823937895 0.000000 0.000000 0.000000 
523551844506228 0.000000 0.000000 0.000000 
523551865074770 0.000000 0.000000 0.000000 
523551885643103 0.000000 0.000000 0.000000 
523551906212791 0.000000 0.000000 0.000000 
523551926781124 0.000000 0.000000 0.000000 
523551947350031 0.000000 0.000000 0.000000 
523551967918417 0.000000 0.000000 0.000000 
523551988485760 0.000000 0.000000 0.000000 
523552009054093 0.000000 0.000000 0.000000 
523552029622166 0.000000 0.000000 0.000000 
523552050190551 0.000000 0.000000 0.000000 
523552070759353 0.000000 0.000000 0.000000 
523552091327739 0.000000 0.000000 0.000000 
523552111897635 0.000000 0.000000 0.000000 
523552132465968 0.000000 0.000000 0.000000 
523552153032218 0.000000 0.000000 0.000000 
523552173599301 0.000000 0.000000 0.000000 
523552194167739 0.000000 0.000000 0.000000 
523552214736020 0.000000 0.000000 0.000000 
523552235304770 0.000000 0.000000 0.000000 
523552255873468 0.000000 0.000000 0.000000 
523552276441488 0.000000 0.000000 0.000000 
523552297012113 0.000000 0.000000 0.000000 
523552317578103 0.000000 0.000000 0.000000 
523552338147322 0.000000 0.000000 0.000000 
523552358715708 0.000000 0.000000 0.000000 
523552379283311 0.000000 0.000000 0.000000 
523552399851436 0.000000 0.000000 0.000000 
523552420421541 0.000000 0.000000 0.000000 
523552440989926 0.000000 0.000000 0.000000 
523552461558260 0.000000 0.000000 0.000000 
523552482126281 0.000000 0.000000 0.000000 
523552502694457 0.000000 0.000000 0.000000 
523552523262843 0.000000 0.000000 0.000000 
523552543831593 0.000000 0.000000 0.000000 
523552564399978 0.000000 0.000000 0.000000 
523552584967009 0.000000 0.000000 0.000000 
523552605535394 0.000000 0.000000 0.000000 
523552626103311 0.000000 0.000000 0.000000 
523552646671696 0.000000 0.000000 0.000000 
523552667240030 0.000000 0.000000 0.000000 
523552687808416 0.000000 0.000000 0.000000 
523552708376905 0.000000 0.000000 0.000000 
523552728945291 0.000000 0.000000 0.000000 
523552749514718 0.000000 0.000000 0.000000 
523552770083103 0.000000 0.000000 0.000000 
523552790650551 0.000000 0.000000 0.000000 
523552811218936 0.000000 0.000000 0.000000 
523552831787686 0.000000 0.000000 0.000000 
523552852356071 0.000000 0.000000 0.000000 
523552872923883 0.000000 0.000000 0.000000 
523552893492791 0.000000 0.000000 0.000000 
523552914061905 0.000000 0.000000 0.000000 
523552934630655 0.000000 0.000000 0.000000 
523552955199248 0.000000 0.000000 0.000000 
523552975766020 0.000000 0.000000 0.000000 
523552996334301 0.000000 0.000000 0.000000 
523553016902477 0.000000 0.000000 0.000000 
523553037471072 0.000000 0.000000 0.000000 
523553058040239 0.000000 0.000000 0.000000 
523553078608416 0.000000 0.000000 0.000000 
523553099177373 0.000000 0.000000 0.000000 
523553119745030 0.000000 0.000000 0.000000 
523553140313312 0.000000 0.000000 0.000000 
523553160881228 0.000000 0.000000 0.000000 
523553181451176 0.000000 0.000000 0.000000 
523553202019300 0.000000 0.000000 0.000000 
523553222587322 0.000000 0.000000 0.000000 
523553243155447 0.000000 0.000000 0.000000 
523553263724092 0.000000 0.000000 0.000000 
523553284292530 0.000000 0.000000 0.000000 
523553304860186 0.000000 0.000000 0.000000 
523553325428572 0.000000 0.000000 0.000000 
523553345997113 0.000000 0.000000 0.000000 
523553366565499 0.000000 0.000000 0.000000 
523553387134092 0.000000 0.000000 0.000000 
523553407702529 0.000000 0.000000 0.000000 
523553428271071 0.000000 0.000000 0.000000 
523553448839456 0.000000 0.000000 0.000000 
523553469409093 0.000000 0.000000 0.000000 
523553489977530 0.000000 0.000000 0.000000 
523553510545447 0.000000 0.000000 0.000000 
523553531113832 0.000000 0.000000 0.000000 
523553551682686 0.000000 0.000000 0.000000 
523553572250967 0.000000 0.000000 0.000000 
523553592820133 0.000000 0.000000 0.000000 
523553613386696 0.000000 0.000000 0.000000 
523553633955811 0.000000 0.000000 0.000000 
523553654523676 0.000000 0.000000 0.000000 
523553675092581 0.000000 0.000000 0.000000 
523553695661332 0.000000 0.000000 0.000000 
523553716228467 0.000000 0.000000 0.000000 
523553736796541 0.000000 0.000000 0.000000 
523553757365082 0.000000 0.000000 0.000000 
523553777933831 0.000000 0.000000 0.000000 
523553798502374 0.000000 0.000000 0.000000 
523553819071436 0.000000 0.000000 0.000000 
523553839639040 0.000000 0.000000 0.000000 
523553860208415 0.000000 0.000000 0.000000 
523553880776384 0.000000 0.000000 0.000000 
523553901344613 0.000000 0.000000 0.000000 
523553921914092 0.000000 0.000000 0.000000 
523553942482165 0.000000 0.000000 0.000000 
523553963050759 0.000000 0.000000 0.000000 
523553983620394 0.000000 0.000000 0.000000 
523554004188831 0.000000 0.000000 0.000000 
523554024754874 0.000000 0.000000 0.000000 
523554045323311 0.000000 0.000000 0.000000 
523554065892218 0.000000 0.000000 0.000000 
523554086460655 0.000000 0.000000 0.000000 
523554107028519 0.000000 0.000000 0.000000 
523554127596904 0.000000 0.000000 0.000000 
523554148164821 0.000000 0.000000 0.000000 
523554168733206 0.000000 0.000000 0.000000 
523554189302165 0.000000 0.000000 0.000000 
523554209870550 0.000000 0.000000 0.000000 
523554230438884 0.000000 0.000000 0.000000 
523554251007269 0.000000 0.000000 0.000000 
523554271576019 0.000000 0.000000 0.000000 
523554292144405 0.000000 0.000000 0.000000 
523554312712477 0.000000 0.000000 0.000000 
523554333280863 0.000000 0.000000 0.000000 
523554353849612 0.000000 0.000000 0.000000 
523554374417790 0.000000 0.000000 0.000000 
523554394986175 0.000000 0.000000 0.000000 
523554415556852 0.000000 0.000000 0.000000 
523554436125446 0.000000 0.000000 0.000000 
523554456692634 0.000000 0.000000 0.000000 
523554477261280 0.000000 0.000000 0.000000 
523554497829196 0.000000 0.000000 0.000000 
523554518397946 0.000000 0.000000 0.000000 
523554538966749 0.000000 0.000000 0.000000 
523554559534873 0.000000 0.000000 0.000000 
523554580103467 0.000000 0.000000 0.000000 
523554600671123 0.000000 0.000000 0.000000 
523554621238935 0.000000 0.000000 0.000000 
523554641806957 0.000000 0.000000 0.000000 
523554662378779 0.000000 0.000000 0.000000 
523554682944092 0.000000 0.000000 0.000000 
523554703512789 0.000000 0.000000 0.000000 
523554724081227 0.000000 0.000000 0.000000 
523554744649612 0.000000 0.000000 0.000000 
523554765218050 0.000000 0.000000 0.000000 
523554785786592 0.000000 0.000000 0.000000 
523554806354978 0.000000 0.000000 0.000000 
523554826922425 0.000000 0.000000 0.000000 
523554847490863 0.000000 0.000000 0.000000 
523554868059248 0.000000 0.000000 0.000000 
523554888627634 0.000000 0.000000 0.000000 
523554909196383 0.000000 0.000000 0.000000 
523554929764821 0.000000 0.000000 0.000000 
523554950334508 0.000000 0.000000 0.000000 
523554970902945 0.000000 0.000000 0.000000 
523554991470810 0.000000 0.000000 0.000000 
523555012039195 0.000000 0.000000 0.000000 
523555032606644 0.000000 0.000000 0.000000 
523555053175185 0.000000 0.000000 0.000000 
523555073743467 0.000000 0.000000 0.000000 
523555094311800 0.000000 0.000000 0.000000 
523555114881748 0.000000 0.000000 0.000000 
523555135448779 0.000000 0.000000 0.000000 
523555156019665 0.000000 0.000000 0.000000 
523555176588884 0.000000 0.000000 0.000000 
523555197155967 0.000000 0.000000 0.000000 
523555217724508 0.000000 0.000000 0.000000 
523555238293206 0.000000 0.000000 0.000000 
523555258861748 0.000000 0.000000 0.000000 
523555279429717 0.000000 0.000000 0.000000 
523555299997894 0.000000 0.000000 0.000000 
523555320565498 0.000000 0.000000 0.000000 
523555341132842 0.000000 0.000000 0.000000 
523555361701227 0.000000 0.000000 0.000000 
523555382269716 0.000000 0.000000 0.000000 
523555402838258 0.000000 0.000000 0.000000 
523555423408467 0.000000 0.000000 0.000000 
523555443976904 0.000000 0.000000 0.000000 
523555464545550 0.000000 0.000000 0.000000 
523555485113987 0.000000 0.000000 0.000000 
523555505683518 0.000000 0.000000 0.000000 
523555526251903 0.000000 0.000000 0.000000 
523555546817946 0.000000 0.000000 0.000000 
523555567386383 0.000000 0.000000 0.000000 
523555587954769 0.000000 0.000000 0.000000 
523555608523154 0.000000 0.000000 0.000000 
523555629090758 0.000000 0.000000 0.000000 
523555649659195 0.000000 0.000000 0.000000 
523555670228154 0.000000 0.000000 0.000000 
523555690796539 0.000000 0.000000 0.000000 
523555711364405 0.000000 0.000000 0.000000 
523555731932842 0.000000 0.000000 0.000000 
523555752501643 0.000000 0.000000 0.000000 
523555773069976 0.000000 0.000000 0.000000 
523555793638258 0.000000 0.000000 0.000000 
523555814206643 0.000000 0.000000 0.000000 
523555834775342 0.000000 0.000000 0.000000 
523555855343831 0.000000 0.000000 0.000000 
523555875912111 0.000000 0.000000 0.000000 
523555896480862 0.000000 0.000000 0.000000 
523555917051747 0.000000 0.000000 0.000000 
523555937619196 0.000000 0.000000 0.000000 
523555958187320 0.000000 0.000000 0.000000 
523555978755914 0.000000 0.000000 0.000000 
523555999323830 0.000000 0.000000 0.000000 
523556019890967 0.000000 0.000000 0.000000 
523556040460550 0.000000 0.000000 0.000000 
523556061028674 0.000000 0.000000 0.000000 
523556081596539 0.000000 0.000000 0.000000 
523556102164821 0.000000 0.000000 0.000000 
523556122733153 0.000000 0.000000 0.000000 
523556143301488 0.000000 0.000000 0.000000 
523556163869873 0.000000 0.000000 0.000000 
523556184438466 0.000000 0.000000 0.000000 
523556205006903 0.000000 0.000000 0.000000 
523556225575290 0.000000 0.000000 0.000000 
523556246143727 0.000000 0.000000 0.000000 
523556266713102 0.000000 0.000000 0.000000 
523556287281539 0.000000 0.000000 0.000000 
523556307850498 0.000000 0.000000 0.000000 
523556328418883 0.000000 0.000000 0.000000 
523556348986330 0.000000 0.000000 0.000000 
523556369554768 0.000000 0.000000 0.000000 
523556390122476 0.000000 0.000000 0.000000 
523556410690914 0.000000 0.000000 0.000000 
523556431260133 0.000000 0.000000 0.000000 
523556451828571 0.000000 0.000000 0.000000 
523556472396226 0.000000 0.000000 0.000000 
523556492964612 0.000000 0.000000 0.000000 
523556513533101 0.000000 0.000000 0.000000 
523556534101435 0.000000 0.000000 0.000000 
523556554670028 0.000000 0.000000 0.000000 
523556575238466 0.000000 0.000000 0.000000 
523556595806643 0.000000 0.000000 0.000000 
523556616375133 0.000000 0.000000 0.000000 
