# Created at Thu Nov 07 18:45:06 EST 2019 in Burnaby Canada 
523550553843624 0.012590 0.069890 -0.217144 0.973553 
523550574411957 0.012592 0.069847 -0.217170 0.973550 
523550594980291 0.012568 0.069843 -0.217171 0.973551 
523550615548417 0.012541 0.069832 -0.217176 0.973551 
523550636116593 0.012484 0.069785 -0.217201 0.973549 
523550656684614 0.012474 0.069731 -0.217233 0.973546 
523550677252947 0.012446 0.069704 -0.217247 0.973545 
523550697821801 0.012427 0.069666 -0.217269 0.973543 
523550718390135 0.012409 0.069627 -0.217291 0.973541 
523550738958207 0.012402 0.069583 -0.217317 0.973539 
523550759527010 0.012372 0.069658 -0.217270 0.973544 
523550780094771 0.012363 0.069764 -0.217338 0.973522 
523550800662947 0.012328 0.069865 -0.217388 0.973504 
523550821231176 0.012358 0.070004 -0.217307 0.973511 
523550841799510 0.012365 0.070160 -0.217214 0.973521 
523550862367843 0.012291 0.070136 -0.217224 0.973521 
523550882936176 0.012207 0.070072 -0.217257 0.973520 
523550903504354 0.012159 0.069980 -0.217309 0.973515 
523550924072635 0.012118 0.069961 -0.217318 0.973515 
523550944641697 0.012047 0.069911 -0.217343 0.973514 
523550965209614 0.011980 0.069849 -0.217376 0.973512 
523550985777896 0.011956 0.069836 -0.217382 0.973512 
523551006346229 0.011923 0.069826 -0.217386 0.973512 
523551026914563 0.011914 0.069865 -0.217363 0.973514 
523551047482687 0.011900 0.069871 -0.217395 0.973507 
523551068051125 0.011893 0.069834 -0.217416 0.973505 
523551088619509 0.011901 0.069814 -0.217428 0.973504 
523551109187843 0.011894 0.069822 -0.217423 0.973504 
523551129756176 0.011929 0.069822 -0.217425 0.973503 
523551150324509 0.011960 0.069834 -0.217420 0.973503 
523551170893208 0.012013 0.069870 -0.217402 0.973504 
523551191461541 0.012035 0.069935 -0.217365 0.973507 
523551212029197 0.012081 0.069952 -0.217358 0.973507 
523551232597531 0.012107 0.069912 -0.217383 0.973504 
523551253165968 0.012111 0.069859 -0.217415 0.973501 
523551273734301 0.012122 0.069814 -0.217442 0.973498 
523551294302792 0.012135 0.069774 -0.217466 0.973495 
523551314870291 0.012139 0.069735 -0.217435 0.973505 
523551335439354 0.012170 0.069700 -0.217457 0.973502 
523551356007688 0.012154 0.069720 -0.217445 0.973504 
523551376576072 0.012167 0.069744 -0.217431 0.973505 
523551397144457 0.012153 0.069779 -0.217410 0.973507 
523551417715239 0.012187 0.069800 -0.217400 0.973507 
523551438283572 0.012245 0.069879 -0.217305 0.973522 
523551458849666 0.012271 0.069878 -0.217246 0.973535 
523551479418052 0.012268 0.069832 -0.217184 0.973552 
523551499985968 0.012314 0.069798 -0.217116 0.973569 
523551520554301 0.012424 0.069873 -0.217004 0.973588 
523551541123000 0.012527 0.069942 -0.216909 0.973602 
523551561691333 0.012649 0.069917 -0.216799 0.973627 
523551582259509 0.012643 0.069911 -0.216562 0.973680 
523551602827843 0.012672 0.069854 -0.216330 0.973736 
523551623396176 0.012807 0.069529 -0.216317 0.973760 
523551643964509 0.012714 0.069345 -0.216198 0.973801 
523551664533364 0.012617 0.068953 -0.216335 0.973800 
523551685101697 0.012519 0.068624 -0.216462 0.973796 
523551705671072 0.012360 0.068445 -0.216533 0.973795 
523551726238781 0.012130 0.068382 -0.216555 0.973797 
523551746806176 0.011929 0.068419 -0.216459 0.973818 
523551767374509 0.011887 0.068527 -0.216307 0.973845 
523551787944041 0.011957 0.068653 -0.216218 0.973855 
523551808511645 0.012056 0.068873 -0.216106 0.973863 
523551829079978 0.012241 0.069129 -0.216004 0.973865 
523551849648520 0.012377 0.069392 -0.215900 0.973868 
523551870216853 0.012459 0.069556 -0.215785 0.973881 
523551890786228 0.012497 0.069621 -0.215705 0.973893 
523551911354874 0.012601 0.069609 -0.215667 0.973901 
523551931925447 0.012798 0.069531 -0.215684 0.973900 
523551952492115 0.013081 0.069441 -0.215751 0.973888 
523551973059510 0.013384 0.069386 -0.215799 0.973877 
523551993627843 0.013471 0.069510 -0.215733 0.973882 
523552014195916 0.013597 0.069919 -0.215329 0.973940 
523552034764249 0.013982 0.070424 -0.215054 0.973959 
523552055333103 0.013417 0.070084 -0.215109 0.973980 
523552075901437 0.012848 0.069500 -0.215191 0.974011 
523552096471385 0.012517 0.069070 -0.215224 0.974039 
523552117039718 0.012051 0.068663 -0.215295 0.974058 
523552137605916 0.011628 0.068266 -0.215407 0.974066 
523552158174301 0.011308 0.068016 -0.215530 0.974060 
523552178741437 0.009667 0.067794 -0.215532 0.974093 
523552199309822 0.009592 0.068015 -0.215695 0.974042 
523552219878468 0.009181 0.068470 -0.215545 0.974047 
523552240446854 0.009434 0.068912 -0.215511 0.974021 
523552261015186 0.008982 0.069565 -0.215159 0.974057 
523552281583571 0.009331 0.070601 -0.215306 0.973947 
523552302151801 0.009284 0.070963 -0.216077 0.973750 
523552322720186 0.009232 0.070823 -0.216652 0.973633 
523552343290656 0.008467 0.070404 -0.217241 0.973539 
523552363857791 0.007517 0.069509 -0.217895 0.973465 
523552384425134 0.007659 0.068739 -0.218423 0.973400 
523552404993520 0.007512 0.068434 -0.218792 0.973340 
523552425563676 0.007305 0.068576 -0.218714 0.973349 
523552446132009 0.007593 0.068292 -0.218828 0.973341 
523552466700031 0.007903 0.067859 -0.219096 0.973309 
523552487268155 0.007690 0.067395 -0.219337 0.973288 
523552507836541 0.006688 0.065956 -0.220094 0.973223 
523552528405343 0.005357 0.064335 -0.220815 0.973177 
523552548973676 0.005150 0.062998 -0.221094 0.973202 
523552569540812 0.004024 0.060954 -0.221511 0.973243 
523552590109092 0.002086 0.058825 -0.222094 0.973247 
523552610677061 0.000093 0.056770 -0.222529 0.973272 
523552631245394 -0.000899 0.053694 -0.222211 0.973518 
523552651813832 -0.001085 0.050970 -0.220944 0.973953 
523552672382114 -0.001714 0.048317 -0.220320 0.974229 
523552692950655 -0.003073 0.045430 -0.219351 0.974583 
523552713518989 -0.004389 0.043058 -0.217465 0.975108 
523552734088416 -0.003863 0.042588 -0.214327 0.975825 
523552754656801 -0.001931 0.043055 -0.210156 0.976717 
523552775224562 0.000220 0.043360 -0.206960 0.977388 
523552795792634 0.001850 0.043698 -0.203332 0.978132 
523552816361384 0.002880 0.043651 -0.199619 0.978897 
523552836929769 0.003382 0.043649 -0.195692 0.979688 
523552857498102 0.004296 0.043581 -0.190512 0.980708 
523552878065967 0.004545 0.043036 -0.183860 0.981999 
523552898635603 0.005091 0.043037 -0.175361 0.983550 
523552919203989 0.005859 0.042697 -0.165491 0.985269 
523552939772946 0.006554 0.041778 -0.157146 0.986670 
523552960341331 0.006192 0.043397 -0.148181 0.987988 
523552980907999 0.005832 0.043222 -0.140434 0.989129 
523553001476384 0.005910 0.041127 -0.134424 0.990052 
523553022044770 0.006200 0.040512 -0.130503 0.990601 
523553042613155 0.006542 0.040057 -0.128746 0.990847 
523553063182061 0.006866 0.039129 -0.129285 0.990811 
523553083750499 0.006615 0.039463 -0.129758 0.990738 
523553104318728 0.006441 0.040244 -0.130085 0.990665 
523553124887114 0.005145 0.041260 -0.131471 0.990448 
523553145454926 0.005192 0.041022 -0.132491 0.990321 
523553166023312 0.004356 0.039532 -0.132584 0.990373 
523553186592998 0.002456 0.039986 -0.129486 0.990772 
523553207161383 0.002784 0.039769 -0.123178 0.991583 
523553227729145 0.005493 0.038605 -0.111165 0.993037 
523553248297790 0.008901 0.037082 -0.097716 0.994483 
523553268866176 0.011169 0.037144 -0.086247 0.995519 
523553289433884 0.013695 0.037825 -0.077139 0.996208 
523553310002270 0.015962 0.038528 -0.072778 0.996476 
523553330570811 0.016989 0.039422 -0.070072 0.996618 
523553351139196 0.018018 0.041042 -0.069326 0.996587 
523553371707790 0.018878 0.042701 -0.070034 0.996451 
523553392276175 0.018038 0.044303 -0.071563 0.996288 
523553412844769 0.017023 0.045058 -0.074755 0.996038 
523553433413154 0.016102 0.045326 -0.077589 0.995824 
523553453982791 0.015441 0.046782 -0.081069 0.995490 
523553474551176 0.015531 0.048782 -0.086247 0.994958 
523553495120551 0.014910 0.050935 -0.091632 0.994378 
523553515687530 0.014642 0.053593 -0.096306 0.993800 
523553536256331 0.015459 0.053962 -0.101649 0.993235 
523553556824769 0.016527 0.054531 -0.102622 0.993087 
523553577393050 0.017614 0.055861 -0.102412 0.993016 
523553597962217 0.019298 0.058437 -0.100972 0.992984 
523553618529509 0.021213 0.061926 -0.097240 0.993106 
523553639097895 0.023199 0.064721 -0.089756 0.993588 
523553659666227 0.024268 0.067144 -0.076419 0.994516 
523553680234665 0.023067 0.067699 -0.057261 0.995794 
523553700802165 0.021845 0.065912 -0.041088 0.996740 
523553721370550 0.022082 0.063125 -0.029038 0.997339 
523553741938780 0.024248 0.059700 -0.021367 0.997693 
523553762507165 0.025901 0.057175 -0.017695 0.997871 
523553783076072 0.025621 0.055959 -0.016966 0.997960 
523553803644457 0.024079 0.055742 -0.020007 0.997954 
523553824212686 0.023166 0.056968 -0.025064 0.997792 
523553844781123 0.023787 0.059740 -0.028864 0.997513 
523553865350030 0.025222 0.061894 -0.033996 0.997185 
523553885918467 0.025873 0.064156 -0.037813 0.996888 
523553906487737 0.025694 0.066753 -0.040121 0.996631 
523553927056175 0.025384 0.069412 -0.040993 0.996422 
523553947624404 0.026292 0.073169 -0.040074 0.996167 
523553968194041 0.025657 0.076087 -0.037112 0.996080 
523553988762477 0.025941 0.079867 -0.030816 0.995991 
523554009328572 0.027819 0.085024 -0.023719 0.995708 
523554029896957 0.026810 0.094734 -0.011797 0.995072 
523554050465916 0.025776 0.100313 -0.000765 0.994622 
523554071034301 0.024752 0.106002 0.006934 0.994034 
523554091602165 0.024927 0.112564 0.016580 0.993193 
523554112170602 0.018695 0.125255 0.022530 0.991693 
523554132738467 0.015613 0.138498 0.006861 0.990216 
523554153306904 0.017187 0.148222 -0.012339 0.988728 
523554173875810 0.026033 0.153846 -0.024922 0.987437 
523554194444248 0.038990 0.165522 -0.020727 0.985217 
523554215012529 0.058896 0.176615 -0.015998 0.982386 
523554235580967 0.086436 0.184646 -0.012666 0.978915 
523554256149665 0.119218 0.193687 -0.007223 0.973766 
523554276718103 0.150761 0.207319 0.000627 0.966587 
523554297286436 0.170209 0.216860 0.004641 0.961238 
523554317854561 0.181216 0.218134 0.006728 0.958923 
523554338423310 0.185384 0.215877 0.009045 0.958618 
523554358991696 0.183792 0.212469 0.011122 0.959663 
523554379559873 0.177753 0.206914 0.012654 0.961993 
523554400128259 0.167236 0.198596 0.010767 0.965648 
523554420699144 0.156449 0.187052 0.005542 0.969796 
523554441267529 0.147281 0.173944 -0.001901 0.973678 
523554461834926 0.141662 0.159641 -0.011268 0.976893 
523554482403363 0.139030 0.150324 -0.019037 0.978627 
523554502971644 0.137872 0.147061 -0.024302 0.979170 
523554523540029 0.138573 0.150277 -0.025580 0.978550 
523554544108571 0.141107 0.156804 -0.025582 0.977163 
523554564676956 0.142994 0.159151 -0.027900 0.976445 
523554585244769 0.141364 0.156638 -0.032071 0.976961 
523554605813206 0.136633 0.152917 -0.039149 0.977965 
523554626380603 0.130733 0.146524 -0.051696 0.979167 
523554646949040 0.123926 0.140566 -0.064429 0.980170 
523554667517790 0.118401 0.133930 -0.077586 0.980828 
523554688086435 0.116881 0.127238 -0.091593 0.980694 
523554708654873 0.119188 0.118493 -0.106326 0.980025 
523554729223310 0.123774 0.110558 -0.119844 0.978823 
523554749791696 0.129720 0.105109 -0.133795 0.976844 
523554770360238 0.138033 0.100272 -0.152416 0.973479 
523554790928676 0.148466 0.092377 -0.177146 0.968526 
523554811496071 0.159150 0.080936 -0.204549 0.962435 
523554832064508 0.168826 0.067939 -0.231129 0.955752 
523554852632894 0.175536 0.054376 -0.254684 0.949403 
523554873201331 0.178600 0.043124 -0.273926 0.944038 
523554893770237 0.179824 0.035468 -0.290091 0.939283 
523554914338466 0.181491 0.029220 -0.305915 0.934143 
523554934908883 0.185101 0.024433 -0.322375 0.928017 
523554955476591 0.191291 0.023582 -0.339307 0.920719 
523554976044456 0.197957 0.022275 -0.356899 0.912656 
523554996612893 0.204658 0.013165 -0.376271 0.903527 
523555017180915 0.212986 -0.001127 -0.394681 0.893791 
523555037748727 0.221712 -0.016472 -0.411098 0.884065 
523555058317269 0.228726 -0.036010 -0.429073 0.873089 
523555078885550 0.234174 -0.055119 -0.446486 0.861844 
523555099455394 0.237019 -0.069077 -0.462728 0.851430 
523555120023831 0.238905 -0.078661 -0.478430 0.841334 
523555140593311 0.240500 -0.086541 -0.491493 0.832529 
523555161161748 0.244616 -0.089417 -0.502345 0.824510 
523555181729613 0.250292 -0.088266 -0.512715 0.816508 
523555202298050 0.256218 -0.085862 -0.520409 0.810034 
523555222866904 0.261709 -0.085411 -0.524853 0.805446 
523555243435289 0.266083 -0.087181 -0.527085 0.802360 
523555264003362 0.269891 -0.090522 -0.530339 0.798564 
523555284571800 0.273150 -0.096340 -0.535178 0.793531 
523555305139195 0.277643 -0.103081 -0.539093 0.788459 
523555325707581 0.285161 -0.108011 -0.540583 0.784083 
523555346274872 0.294028 -0.110711 -0.540591 0.780418 
523555366843310 0.301124 -0.111582 -0.540000 0.777994 
523555387411904 0.305552 -0.110151 -0.540596 0.776054 
523555407982894 0.309394 -0.107676 -0.543511 0.772837 
523555428550550 0.313546 -0.104227 -0.546630 0.769429 
523555449119248 0.317343 -0.099884 -0.548987 0.766766 
523555469687633 0.320885 -0.093812 -0.550897 0.764686 
523555490257164 0.324252 -0.083940 -0.553183 0.762760 
523555510825601 0.327345 -0.071509 -0.556077 0.760598 
523555531391592 0.328824 -0.060077 -0.558959 0.758835 
523555551960029 0.328832 -0.051518 -0.562473 0.756862 
523555572528415 0.327420 -0.045103 -0.566053 0.755213 
523555593096852 0.325363 -0.041099 -0.570837 0.752725 
523555613664404 0.324003 -0.039464 -0.577803 0.748070 
523555634232841 0.323108 -0.039783 -0.585267 0.742618 
523555654801800 0.322349 -0.043376 -0.591226 0.738011 
523555675370237 0.322705 -0.049487 -0.594595 0.734758 
523555695938050 0.324376 -0.055744 -0.595906 0.732509 
523555716506488 0.326410 -0.060957 -0.596808 0.730452 
523555737075288 0.328159 -0.065107 -0.597704 0.728576 
523555757643726 0.329220 -0.069273 -0.597808 0.727627 
523555778211903 0.329302 -0.072622 -0.596660 0.728206 
523555798780341 0.329071 -0.074251 -0.594840 0.729633 
523555819348987 0.328930 -0.074719 -0.592925 0.731206 
523555839917425 0.329475 -0.074494 -0.591148 0.732421 
523555860485757 0.330735 -0.072474 -0.589211 0.733616 
523555881054195 0.332234 -0.069534 -0.587374 0.734696 
523555901625445 0.333822 -0.067340 -0.585741 0.735483 
523555922193831 0.335406 -0.065975 -0.584191 0.736118 
523555942761279 0.336699 -0.065238 -0.582970 0.736562 
523555963329404 0.337498 -0.066127 -0.582054 0.736841 
523555983897528 0.338660 -0.068083 -0.581017 0.736949 
523556004465914 0.340083 -0.070331 -0.579702 0.737118 
523556025032997 0.341035 -0.073504 -0.578701 0.737155 
523556045602634 0.341519 -0.077498 -0.577953 0.737109 
523556066170237 0.341967 -0.081187 -0.577021 0.737234 
523556086738623 0.342053 -0.084816 -0.575744 0.737783 
523556107306799 0.342647 -0.088720 -0.574562 0.737971 
523556127876539 0.343555 -0.092096 -0.573423 0.738021 
523556148443571 0.344485 -0.094120 -0.572501 0.738047 
523556169012111 0.345512 -0.095289 -0.571578 0.738133 
523556189580549 0.347168 -0.096712 -0.570342 0.738127 
523556210148935 0.349175 -0.098893 -0.568760 0.738112 
523556230717373 0.351048 -0.101235 -0.567167 0.738132 
523556251286799 0.352906 -0.102948 -0.565638 0.738182 
523556271855185 0.354828 -0.103255 -0.563933 0.738522 
523556292424143 0.356279 -0.102795 -0.562209 0.739202 
523556312992581 0.357489 -0.102894 -0.560694 0.739754 
523556333559976 0.358595 -0.103570 -0.559287 0.740190 
523556354128414 0.360088 -0.103724 -0.557583 0.740729 
523556374696122 0.361701 -0.102956 -0.555214 0.741829 
523556395264560 0.363306 -0.101960 -0.552248 0.743394 
523556415833831 0.364980 -0.101394 -0.549024 0.745037 
523556436402217 0.366715 -0.100144 -0.545611 0.746860 
523556456969872 0.369314 -0.099508 -0.541955 0.748325 
523556477538310 0.370756 -0.101310 -0.538189 0.750086 
523556498106747 0.370844 -0.102935 -0.535956 0.751419 
523556518675185 0.370705 -0.100195 -0.534913 0.752600 
523556539243674 0.370575 -0.093586 -0.533424 0.754569 
523556559812112 0.369530 -0.087624 -0.531446 0.757189 
523556580380289 0.368302 -0.082987 -0.529849 0.759425 
523556600948727 0.365556 -0.080507 -0.528204 0.762160 
523556621517216 0.363387 -0.079116 -0.527027 0.764155 
