# Created at Thu Nov 07 18:45:06 EST 2019 in Burnaby Canada 
523550553843624 -1.388142 -0.057261 9.707738 
523550574411957 -1.387334 -0.057068 9.707854 
523550594980291 -1.387143 -0.057513 9.707879 
523550615548417 -1.386824 -0.057978 9.707921 
523550636116593 -1.385685 -0.058911 9.708078 
523550656684979 -1.384622 -0.058912 9.708230 
523550677252947 -1.383994 -0.059360 9.708317 
523550697821645 -1.383182 -0.059583 9.708431 
523550718390135 -1.382378 -0.059789 9.708545 
523550738958207 -1.381492 -0.059780 9.708672 
523550759527010 -1.382797 -0.060594 9.708481 
523550780094771 -1.384780 -0.061334 9.708194 
523550800662947 -1.386547 -0.062495 9.707933 
523550821231541 -1.389312 -0.062405 9.707539 
523550841799510 -1.392318 -0.062808 9.707106 
523550862367844 -1.391535 -0.064136 9.707210 
523550882936176 -1.389961 -0.065499 9.707426 
523550903504667 -1.388008 -0.066108 9.707701 
523550924072635 -1.387477 -0.066821 9.707771 
523550944641697 -1.386215 -0.067985 9.707944 
523550965209614 -1.384752 -0.069056 9.708145 
523550985778364 -1.384412 -0.069462 9.708190 
523551006346229 -1.384068 -0.070065 9.708235 
523551026914354 -1.384774 -0.070367 9.708133 
523551047482844 -1.384831 -0.070707 9.708122 
523551068051020 -1.384089 -0.070715 9.708227 
523551088619717 -1.383756 -0.070498 9.708277 
523551109187843 -1.383884 -0.070651 9.708257 
523551129756176 -1.384030 -0.069979 9.708241 
523551150324509 -1.384395 -0.069429 9.708194 
523551170892687 -1.385288 -0.068546 9.708072 
523551191461541 -1.386621 -0.068362 9.707883 
523551212029301 -1.387148 -0.067541 9.707813 
523551232597531 -1.386487 -0.066902 9.707913 
523551253166333 -1.385498 -0.066647 9.708055 
523551273734301 -1.384695 -0.066279 9.708172 
523551294302583 -1.383976 -0.065901 9.708279 
523551314870291 -1.383258 -0.065607 9.708382 
523551335439458 -1.382727 -0.064912 9.708463 
523551356007688 -1.383043 -0.065281 9.708415 
523551376576072 -1.383551 -0.065113 9.708344 
523551397144457 -1.384161 -0.065509 9.708254 
523551417713364 -1.384707 -0.064935 9.708179 
523551438283572 -1.386454 -0.064023 9.707937 
523551458849770 -1.386556 -0.063440 9.707926 
523551479418052 -1.385678 -0.063209 9.708053 
523551499986906 -1.385216 -0.062098 9.708126 
523551520554301 -1.387116 -0.060157 9.707867 
523551541122687 -1.388884 -0.058346 9.707624 
523551561691333 -1.388932 -0.055751 9.707634 
523551582261437 -1.388795 -0.055497 9.707655 
523551602827843 -1.387844 -0.054373 9.707797 
523551623396281 -1.382243 -0.050386 9.708617 
523551643964509 -1.378374 -0.051210 9.709163 
523551664533676 -1.370487 -0.051596 9.710278 
523551685101697 -1.363819 -0.052243 9.711213 
523551705671072 -1.359736 -0.054613 9.711773 
523551726238781 -1.357571 -0.058769 9.712050 
523551746807374 -1.357433 -0.062623 9.712046 
523551767374509 -1.359326 -0.063688 9.711774 
523551787944041 -1.362021 -0.062763 9.711403 
523551808511697 -1.366621 -0.061642 9.710764 
523551829079978 -1.372278 -0.059064 9.709982 
523551849648312 -1.377853 -0.057440 9.709202 
523551870216853 -1.381311 -0.056399 9.708717 
523551890786072 -1.382719 -0.055829 9.708520 
523551911354874 -1.382930 -0.053751 9.708502 
523551931925447 -1.382283 -0.049679 9.708616 
523551952492115 -1.381758 -0.043977 9.708717 
523551973059510 -1.381996 -0.038025 9.708709 
523551993627843 -1.384717 -0.036814 9.708325 
523552014196437 -1.393029 -0.035549 9.707141 
523552034764249 -1.404248 -0.029949 9.705544 
523552055332946 -1.395417 -0.039382 9.706783 
523552075901437 -1.381922 -0.047886 9.708675 
523552096471749 -1.372355 -0.052443 9.710010 
523552117039718 -1.362664 -0.059710 9.711332 
523552137606073 -1.353315 -0.066271 9.712596 
523552158174301 -1.347222 -0.071490 9.713407 
523552178741385 -1.336073 -0.101896 9.714675 
523552199309822 -1.339947 -0.104490 9.714114 
523552219878103 -1.346889 -0.114071 9.713046 
523552240446854 -1.356350 -0.111065 9.711764 
523552261015551 -1.366912 -0.121964 9.710153 
523552281583571 -1.388050 -0.119892 9.707179 
523552302154197 -1.394619 -0.123437 9.706193 
523552322720186 -1.391680 -0.124649 9.706599 
523552343290656 -1.380402 -0.138308 9.708025 
523552363857791 -1.359245 -0.153532 9.710781 
523552384425394 -1.345147 -0.148260 9.712827 
523552404993520 -1.338671 -0.150269 9.713690 
523552425563624 -1.340492 -0.154711 9.713369 
523552446132009 -1.336314 -0.148156 9.714046 
523552466700343 -1.329371 -0.140727 9.715110 
523552487268467 -1.319605 -0.143132 9.716406 
523552507836541 -1.287857 -0.157054 9.720449 
523552528405342 -1.251176 -0.176370 9.724909 
523552548973676 -1.224819 -0.174879 9.728290 
523552569540812 -1.181006 -0.187999 9.733461 
523552590109092 -1.131974 -0.216432 9.738695 
523552610677218 -1.084089 -0.245999 9.743441 
523552631245394 -1.021310 -0.251186 9.750088 
523552651813832 -0.968944 -0.241602 9.755673 
523552672382114 -0.915824 -0.241533 9.760805 
523552692950706 -0.855164 -0.254198 9.765985 
523552713518989 -0.804768 -0.267581 9.769909 
523552734088416 -0.798853 -0.252965 9.770784 
523552754656801 -0.816835 -0.214468 9.770219 
523552775224562 -0.832098 -0.171784 9.769774 
523552795792634 -0.845690 -0.138785 9.769132 
523552816362114 -0.849343 -0.115604 9.769116 
523552836929769 -0.851696 -0.102542 9.769058 
523552857498102 -0.854336 -0.080211 9.769036 
523552878065967 -0.845283 -0.067652 9.769918 
523552898634874 -0.847729 -0.049811 9.769814 
523552919203989 -0.844117 -0.025364 9.770221 
523552939772738 -0.828678 -0.001924 9.771575 
523552960341331 -0.858926 -0.006132 9.768961 
523552980908103 -0.854580 -0.005916 9.769341 
523553001476384 -0.814199 0.006328 9.772791 
523553022044561 -0.802977 0.016766 9.773706 
523553042613155 -0.794979 0.025994 9.774340 
523553063182322 -0.777801 0.034216 9.775697 
523553083750499 -0.783659 0.028107 9.775248 
523553104319456 -0.798381 0.022478 9.774072 
523553124887114 -0.814772 -0.006450 9.772742 
523553145455395 -0.810288 -0.005754 9.773115 
523553166023312 -0.779223 -0.018186 9.775626 
523553186593259 -0.783261 -0.053816 9.775171 
523553207161383 -0.780158 -0.041937 9.775478 
523553227729145 -0.763877 0.022816 9.776827 
523553248297374 -0.740348 0.102553 9.778127 
523553268866176 -0.744145 0.155257 9.777143 
523553289433832 -0.759782 0.210358 9.774911 
523553310002270 -0.775785 0.256972 9.772539 
523553330570811 -0.793935 0.277912 9.770508 
523553351139196 -0.826714 0.296380 9.767245 
523553371708155 -0.860472 0.310288 9.763898 
523553392276175 -0.891013 0.290297 9.761773 
523553412844562 -0.905190 0.266484 9.761147 
523553433413154 -0.909787 0.245519 9.761271 
523553453983155 -0.937968 0.227106 9.759048 
523553474551176 -0.978215 0.220560 9.755247 
523553495120551 -1.020188 0.199258 9.751405 
523553515687530 -1.072276 0.184159 9.746111 
523553536256331 -1.082029 0.193565 9.744851 
523553556824769 -1.095408 0.212142 9.742970 
523553577393050 -1.123346 0.230842 9.739364 
523553597962217 -1.176327 0.260112 9.732368 
523553618528779 -1.246650 0.295081 9.722611 
523553639097895 -1.302094 0.338163 9.713938 
523553659665759 -1.346058 0.372729 9.706676 
523553680234665 -1.348119 0.374488 9.706323 
523553700803415 -1.306140 0.373948 9.712083 
523553721370550 -1.247380 0.396001 9.718931 
523553741938780 -1.178373 0.449468 9.725215 
523553762507165 -1.127984 0.487070 9.729379 
523553783075915 -1.103833 0.482869 9.732357 
523553803644457 -1.100500 0.449428 9.734337 
523553824213520 -1.126251 0.425352 9.732472 
523553844781123 -1.182260 0.431569 9.725554 
523553865350499 -1.227344 0.452028 9.719038 
523553885918467 -1.273578 0.458295 9.712793 
523553906486696 -1.325057 0.449714 9.706306 
523553927056175 -1.376934 0.440269 9.699515 
523553947624404 -1.450241 0.456182 9.688090 
523553968194041 -1.505135 0.445870 9.680194 
523553988762477 -1.575851 0.458483 9.668344 
523554009329145 -1.673376 0.503725 9.649688 
523554029896957 -1.855092 0.501330 9.616532 
523554050466436 -1.957276 0.501321 9.596257 
523554071034301 -2.063275 0.496985 9.574251 
523554091602374 -2.184626 0.522186 9.545947 
523554112170602 -2.427991 0.418974 9.492086 
523554132738624 -2.687721 0.321853 9.425653 
523554153306904 -2.878521 0.297420 9.369955 
523554173876331 -2.992243 0.428983 9.329140 
523554194444248 -3.214283 0.686132 9.239480 
523554215012268 -3.421464 1.079384 9.126823 
523554235580967 -3.566635 1.613685 8.991414 
523554256149352 -3.716071 2.249468 8.792104 
523554276718103 -3.928485 2.860671 8.517861 
523554297286436 -4.072977 3.228694 8.316055 
523554317854561 -4.078673 3.437040 8.229312 
523554338422946 -4.025949 3.523816 8.218567 
523554358991696 -3.959031 3.505705 8.258722 
523554379559873 -3.859912 3.405174 8.347230 
523554400128259 -3.726003 3.209305 8.484553 
523554420698935 -3.540887 2.996143 8.640349 
523554441267529 -3.327307 2.806155 8.787771 
523554461834926 -3.090052 2.678973 8.913197 
523554482403363 -2.937239 2.612429 8.984333 
523554502971644 -2.889992 2.577702 9.009650 
523554523540029 -2.953737 2.584172 8.987095 
523554544108832 -3.076006 2.625694 8.933885 
523554564676956 -3.126193 2.651440 8.908825 
523554585244300 -3.090321 2.610214 8.933481 
523554605813206 -3.038034 2.503360 8.981867 
523554626381019 -2.946502 2.362127 9.050351 
523554646949040 -2.858886 2.204768 9.117903 
523554667520863 -2.756630 2.073902 9.179886 
523554688086331 -2.657341 2.019580 9.221183 
523554708654873 -2.526173 2.043862 9.252646 
523554729222946 -2.413431 2.116325 9.266439 
523554749791696 -2.354207 2.209496 9.259925 
523554770360394 -2.327139 2.335740 9.235753 
523554790928676 -2.270631 2.499307 9.206960 
523554811496019 -2.166281 2.679491 9.181391 
523554832064508 -2.038875 2.856739 9.157096 
523554852632998 -1.889374 2.997019 9.144317 
523554873201331 -1.758022 3.075204 9.144554 
523554893771383 -1.676548 3.110990 9.147749 
523554914338466 -1.624309 3.149884 9.143863 
523554934908206 -1.615077 3.214633 9.122942 
523554955476591 -1.698874 3.297459 9.078050 
523554976044456 -1.784408 3.387538 9.028337 
523554996612893 -1.743656 3.529617 8.981751 
523555017180915 -1.628978 3.742410 8.916904 
523555037748727 -1.502040 3.977169 8.837216 
523555058317269 -1.308208 4.219785 8.755136 
523555078885550 -1.118976 4.441063 8.671518 
523555099453884 -0.997559 4.584975 8.611230 
523555120023831 -0.943773 4.680363 8.565855 
523555140590863 -0.905271 4.761276 8.525323 
523555161161748 -0.964124 4.836772 8.476231 
523555181730968 -1.103424 4.895887 8.425149 
523555202298050 -1.251065 4.947031 8.374492 
523555222866904 -1.344773 5.013563 8.320227 
523555243435289 -1.378770 5.088585 8.268958 
523555264003362 -1.389519 5.168749 8.217278 
523555284571800 -1.367730 5.262492 8.161242 
523555305139977 -1.341546 5.383463 8.086345 
523555325707581 -1.362418 5.530539 7.982942 
523555346274872 -1.422902 5.674415 7.870625 
523555366843310 -1.486625 5.776635 7.784011 
523555387411695 -1.563128 5.818721 7.737539 
523555407982269 -1.666001 5.837590 7.701778 
523555428550550 -1.788698 5.849178 7.665381 
523555449119925 -1.914827 5.847955 7.635787 
523555469687633 -2.060140 5.826271 7.614511 
523555490256227 -2.262285 5.761619 7.606327 
523555510825601 -2.503438 5.663195 7.604697 
523555531391957 -2.710766 5.552599 7.615167 
523555551960029 -2.862895 5.449701 7.633805 
523555572528571 -2.966982 5.350555 7.664135 
523555593096852 -3.036004 5.263614 7.697236 
523555613664561 -3.092777 5.201040 7.717142 
523555634232841 -3.129508 5.162795 7.728009 
523555654801800 -3.110069 5.168940 7.731749 
523555675370237 -3.050221 5.227634 7.716112 
523555695938153 -2.990334 5.311804 7.681994 
523555716506488 -2.947440 5.389870 7.644102 
523555737076122 -2.916619 5.452566 7.611389 
523555757643726 -2.871505 5.510577 7.586724 
523555778212059 -2.816421 5.553114 7.576350 
523555798780341 -2.776631 5.575443 7.574638 
523555819348726 -2.753614 5.586231 7.575092 
523555839917425 -2.749926 5.596684 7.568714 
523555860485914 -2.779298 5.596360 7.558216 
523555881054195 -2.825482 5.588477 7.546917 
523555901622945 -2.863655 5.589099 7.532055 
523555922193831 -2.890531 5.598433 7.514836 
523555942761279 -2.907346 5.610020 7.499693 
523555963329404 -2.897224 5.632396 7.486828 
523555983897997 -2.875185 5.670844 7.466272 
523556004465914 -2.849903 5.716334 7.441234 
523556025032997 -2.808113 5.764986 7.419557 
523556045602634 -2.750910 5.815877 7.401247 
523556066170237 -2.696197 5.863521 7.383769 
523556086738623 -2.635232 5.907389 7.370800 
523556107306904 -2.577177 5.959280 7.349526 
523556127875030 -2.530766 6.008742 7.325342 
523556148443571 -2.505666 6.043450 7.305389 
523556169012476 -2.493853 6.070297 7.287151 
523556189580549 -2.483404 6.107833 7.259302 
523556210149560 -2.463484 6.158115 7.223521 
523556230717373 -2.439460 6.208337 7.188601 
523556251286227 -2.424637 6.251547 7.156093 
523556271855185 -2.428973 6.281694 7.128169 
523556292423257 -2.438258 6.298899 7.109794 
523556312992581 -2.438437 6.318353 7.092447 
523556333560757 -2.430005 6.342036 7.074181 
523556354128414 -2.431026 6.365732 7.052515 
523556374696122 -2.440790 6.383798 7.032783 
523556395264560 -2.448497 6.401529 7.013963 
523556415833570 -2.448539 6.425159 6.992308 
523556436402217 -2.457359 6.443452 6.972353 
523556456970029 -2.465140 6.478189 6.937329 
523556477538310 -2.423137 6.523839 6.909292 
523556498106799 -2.381218 6.547462 6.901516 
523556518675185 -2.410255 6.523155 6.914443 
523556539243518 -2.491997 6.463472 6.941461 
523556559812112 -2.550465 6.401210 6.977823 
523556580380549 -2.591346 6.348208 7.011104 
523556600948727 -2.583639 6.298553 7.058572 
523556621517216 -2.570475 6.264107 7.093942 
