# Created at Thu Nov 07 18:45:06 EST 2019 in Burnaby Canada 
523550570923937 16.925632 -26.416077 -53.803745 
523550590924249 16.914562 -26.847000 -53.803925 
523550610917374 17.806923 -27.685394 -53.659351 
523550630923677 18.600048 -26.224472 -54.434853 
523550650923468 17.823360 -26.965485 -53.966553 
523550670923155 18.591648 -26.951218 -52.897652 
523550690923572 16.950470 -24.969421 -55.648144 
523550710918364 15.570469 -26.025024 -53.175331 
523550731221281 19.225819 -25.635422 -54.132992 
523550750970967 16.623486 -26.132629 -54.569435 
523550770917375 18.157055 -25.661209 -54.583954 
523550790924302 17.361923 -27.120422 -54.115955 
523550810917374 17.532288 -26.251114 -54.732063 
523550830924302 19.265079 -23.907471 -54.901024 
523550850923728 17.546703 -25.969818 -53.655693 
523550864842948 16.968918 -24.251221 -55.647842 
523550870923209 16.968918 -24.251221 -55.647842 
523550890923833 18.145985 -26.092133 -54.584133 
523550910917583 18.925346 -25.646942 -53.515057 
523550930922895 16.178795 -26.155029 -52.720024 
523550951131228 17.548729 -25.531204 -55.039265 
523550970923468 17.830742 -26.678207 -53.966431 
523550990924041 16.939400 -25.400345 -55.648323 
523551010920031 17.823708 -26.672226 -55.042686 
523551030923208 17.697636 -25.377518 -56.116924 
523551050923365 16.010136 -25.998352 -55.793495 
523551070923468 17.062458 -26.692474 -55.035336 
523551091159146 18.902870 -26.361725 -54.130352 
523551110970603 18.635284 -24.493103 -55.817886 
523551130923103 18.162430 -25.372223 -54.891335 
523551150923520 18.902214 -26.067612 -55.360233 
523551170923884 17.407219 -24.957275 -55.652554 
523551190923677 17.574211 -24.818985 -53.962711 
523551210917739 16.209679 -24.273178 -55.332993 
523551230923312 17.370319 -26.393677 -55.653152 
523551250923468 17.838799 -26.244720 -54.427502 
523551270923624 17.080910 -25.974274 -55.035034 
523551290923364 18.142986 -25.649231 -56.736454 
523551310916697 17.850216 -25.520538 -55.503452 
523551330922843 18.306965 -25.508377 -55.507862 
523551350923209 17.091980 -25.543350 -55.034855 
523551370923261 17.526241 -26.686310 -53.963493 
523551390923312 17.390781 -25.677185 -55.345356 
523551410917530 16.733791 -28.001038 -53.649181 
523551430922947 17.692249 -26.106842 -54.118473 
523551451115707 16.647980 -24.979233 -55.337704 
523551470964354 16.321667 -25.996231 -54.720181 
523551490963729 17.565155 -25.251617 -53.655392 
523551510917218 17.532288 -26.251114 -54.732063 
523551530916593 17.566517 -24.518875 -56.268841 
523551550917166 16.916573 -26.848709 -53.496426 
523551570917010 16.609070 -26.413925 -55.645805 
523551590925656 17.557774 -25.538895 -53.655514 
523551610916957 16.623486 -26.132629 -54.569435 
523551630923573 17.511166 -26.673477 -56.269741 
523551650923676 19.038349 -26.930511 -54.439564 
523551670917999 16.808285 -24.541702 -55.800243 
523551690917895 17.831764 -26.238739 -55.503754 
523551710918416 17.424652 -24.678543 -54.114933 
523551730917843 17.688248 -25.663086 -56.424545 
523551750918207 18.140961 -26.087860 -55.352886 
523551770923572 16.156685 -26.136215 -56.102524 
523551790929510 15.894112 -24.712204 -55.330235 
523551811057322 16.944427 -25.404617 -54.879574 
523551831056593 19.234867 -25.643112 -52.749245 
523551850952739 17.665760 -26.818207 -55.348774 
523551870924041 18.438080 -26.367035 -55.355946 
523551890917739 16.925976 -26.122818 -54.879875 
523551910919249 17.673801 -26.825043 -54.118774 
523551930925811 18.916302 -25.639252 -54.898804 
523551951133677 18.615467 -25.944031 -53.204731 
523551970926177 18.424656 -27.089508 -54.587494 
523551990924927 17.068504 -26.257278 -55.803905 
523552010919250 18.480995 -25.376083 -52.741776 
523552030924874 19.054790 -26.210602 -54.746761 
523552050918468 19.054790 -26.210602 -54.746761 
523552070918833 17.857250 -25.526520 -54.427204 
523552090918520 18.270065 -26.944778 -55.508461 
523552110920500 18.418613 -27.524704 -53.818924 
523552130920604 17.518517 -27.266861 -52.887482 
523552150918572 17.544693 -25.968109 -53.963192 
523552171003572 18.596027 -26.221054 -55.049854 
523552191002322 16.184841 -25.719833 -53.488594 
523552210917218 18.145985 -26.092133 -54.584133 
523552230920499 18.305943 -25.947845 -53.970543 
523552250917427 17.403183 -25.394180 -54.576485 
523552270918051 17.412247 -24.961548 -54.883804 
523552290917790 17.705677 -25.384369 -54.886925 
523552310919666 16.650997 -24.981796 -54.876453 
523552330923832 18.309978 -25.510941 -55.046616 
523552350926072 16.931000 -26.127090 -54.111122 
523552364397426 16.942070 -25.696167 -54.110943 
523552370924614 16.942070 -25.696167 -54.110943 
523552390917790 18.185902 -24.658295 -54.122284 
523552410917113 16.949451 -25.408890 -54.110825 
523552430918989 18.120155 -27.097610 -54.584553 
523552450918884 17.694260 -26.108551 -53.810974 
523552470918780 16.340118 -25.278030 -54.719883 
523552490918989 17.725792 -24.961136 -53.502995 
523552510918572 17.398823 -25.684021 -54.115353 
523552530949822 16.648972 -25.420410 -53.492886 
523552550950239 17.682198 -26.098297 -55.655975 
523552570918520 16.035275 -25.579391 -53.640812 
523552590923988 16.940044 -26.134781 -52.727375 
523552610918519 16.809948 -24.836670 -54.416615 
523552630917165 17.409229 -24.958984 -55.345055 
523552650923519 15.287796 -24.583908 -55.478043 
523552670923416 15.453800 -24.004440 -55.633022 
523552690923468 15.279392 -25.310654 -53.940842 
523552710916801 14.640858 -26.916306 -52.244373 
523552730923624 15.272015 -25.597931 -53.940964 
523552750924458 15.854855 -26.440155 -54.562206 
523552770924510 13.269287 -26.364502 -54.690903 
523552790917165 14.515129 -25.328339 -54.394741 
523552810917165 14.507751 -25.615616 -54.394863 
523552830918154 15.085552 -26.893890 -54.093784 
523552850921071 13.263241 -26.799698 -53.922333 
523552864421488 12.816895 -26.527145 -53.456554 
523552870917946 12.816895 -26.527145 -53.456554 
523552890930706 13.102943 -27.237244 -53.459797 
523552910931228 12.808838 -26.960632 -52.995483 
523552930917999 12.768921 -28.394470 -53.457336 
523552951125707 13.546268 -27.947556 -52.695755 
523552970918779 12.748463 -29.110962 -53.765133 
523552990955395 9.712521 -28.759308 -54.043053 
523553010917113 12.609962 -28.539581 -53.917171 
523553030916957 12.148190 -28.547455 -54.681511 
523553050923624 10.308784 -28.879074 -55.432743 
523553070925395 10.045879 -27.307983 -55.275394 
523553090923936 11.119339 -27.139404 -54.670624 
523553110918415 11.116985 -27.430969 -53.901993 
523553130917999 10.629726 -28.151077 -55.742886 
523553150919093 10.651173 -27.875748 -53.590263 
523553170917218 10.468750 -28.734787 -54.819153 
523553190924769 11.230000 -28.714539 -54.826504 
523553210918311 9.725948 -28.036835 -54.811504 
523553230931332 9.684021 -29.468964 -55.580853 
523553250918103 10.505650 -27.298401 -54.818554 
523553270918363 9.232296 -29.485382 -54.807693 
523553290918311 8.161175 -29.802734 -54.490025 
523553310917218 10.300385 -29.605820 -53.895542 
523553330923415 7.693356 -30.245789 -54.485794 
523553350917113 8.717510 -31.796646 -54.650494 
523553364730967 7.988136 -30.376236 -55.411293 
523553370923988 7.988136 -30.376236 -55.411293 
523553390923988 7.553841 -30.113907 -53.100513 
523553410917738 9.825184 -30.336182 -53.891434 
523553430924248 8.907635 -31.237701 -51.115475 
523553450924092 9.041447 -31.511520 -52.808311 
523553470925343 11.251446 -28.439240 -52.673885 
523553490919457 9.208473 -30.492584 -54.500614 
523553510918207 11.194763 -30.445923 -53.443474 
523553530918676 12.242405 -30.842499 -54.530193 
523553550919509 11.791012 -31.005981 -53.142094 
523553570919873 9.834572 -30.050598 -53.583813 
523553590919092 10.778271 -28.730957 -54.053345 
523553610955394 10.754452 -29.738159 -53.746265 
523553630954249 11.167267 -31.156433 -54.827522 
523553650918832 9.939861 -31.914719 -53.432316 
523553670918207 10.733994 -30.454651 -54.054062 
523553690922737 10.756462 -29.739868 -53.438766 
523553710918988 9.695736 -29.772491 -52.659725 
523553730917530 9.693726 -29.770782 -52.967224 
523553750918884 8.394890 -32.669998 -54.032913 
523553770923728 7.174202 -32.846909 -53.867462 
523553790923988 5.499123 -32.744385 -54.466236 
523553810917999 7.043091 -31.988251 -54.019382 
523553830918624 6.604790 -31.282196 -54.014675 
523553850917529 8.697048 -32.513138 -54.958294 
523553870924353 9.142056 -33.078094 -54.501694 
523553890918623 9.454941 -32.783585 -54.350761 
523553910918363 9.590408 -33.792694 -52.968903 
523553930919300 9.006229 -32.802582 -53.116352 
523553951125602 7.627251 -33.418701 -52.180866 
523553970943102 8.411976 -32.684525 -51.419163 
523553991339873 7.152740 -33.562546 -54.329014 
523554010920654 8.831165 -33.814651 -52.654057 
523554030918988 9.406971 -34.650894 -54.351543 
523554050918207 8.641354 -34.961014 -53.883060 
523554070918416 9.030022 -37.239395 -55.272186 
523554090924978 8.318073 -35.540222 -54.495365 
523554110917998 6.927364 -36.293167 -54.789932 
523554130924456 9.340218 -37.089355 -54.967564 
523554150923935 12.854721 -36.419952 -55.308636 
523554170923935 15.610641 -36.066589 -54.104973 
523554190924040 13.021713 -36.281662 -53.618793 
523554210919821 14.941250 -38.673447 -53.177673 
523554230924352 16.272903 -40.659073 -51.192997 
523554250924404 16.267178 -41.681656 -48.118416 
523554270917999 16.490826 -44.980682 -47.507732 
523554290918051 16.173561 -46.005402 -45.506462 
523554310917321 16.966938 -51.456512 -42.442562 
523554330917634 16.564865 -49.460266 -41.976063 
523554351252321 15.372681 -48.927505 -40.272816 
523554370924560 16.110111 -49.914459 -39.973083 
523554390917738 14.691231 -51.524109 -41.190510 
523554410917477 15.325729 -50.355362 -41.810913 
523554430919664 13.864628 -47.806061 -42.563885 
523554450920342 15.090336 -47.633453 -41.960583 
523554470919040 13.059441 -49.256744 -43.633385 
523554490925238 14.620205 -47.047104 -46.260933 
523554510918050 13.040993 -49.974945 -43.633682 
523554530918727 13.774086 -50.371063 -46.254963 
523554550919196 13.047379 -49.246490 -45.478382 
523554570919404 14.261673 -49.798035 -43.799133 
523554590917946 10.914528 -49.595566 -44.535423 
523554610918883 11.658348 -49.854065 -46.080395 
523554630918571 11.516842 -49.280136 -46.693684 
523554650922217 10.950439 -47.718002 -46.379642 
523554670920915 11.556095 -47.552170 -47.461712 
523554690918102 11.811634 -48.970215 -49.310253 
523554711191018 10.780430 -47.853729 -48.530731 
523554730971800 10.780430 -47.853729 -48.530731 
523554750917893 9.144245 -46.756821 -47.130333 
523554770917998 10.839127 -45.848740 -47.453644 
523554790918467 11.909901 -45.824661 -46.695183 
523554810918363 12.526264 -45.961502 -45.009876 
523554830923779 13.296921 -45.215363 -46.400673 
523554850923831 15.427746 -45.304886 -45.960064 
523554864422686 14.849583 -44.760193 -43.493946 
523554870923154 14.849583 -44.760193 -43.493946 
523554890923363 15.138649 -45.472855 -43.035934 
523554910917893 15.929749 -44.450531 -42.427864 
523554930923362 16.377453 -44.430695 -43.816025 
523554951126070 16.550495 -43.857224 -42.894753 
523554970918727 17.030720 -43.131149 -42.130112 
523554990918050 18.129333 -42.103302 -41.063732 
523555010918050 19.038143 -42.221802 -41.226360 
523555030917061 20.276600 -41.472900 -40.930321 
523555050928883 18.136372 -42.109283 -39.987484 
523555071148154 21.024426 -42.175125 -40.169224 
523555090975915 19.464680 -43.945282 -39.078995 
523555110917477 20.404346 -43.062576 -38.472454 
523555130918779 19.839291 -41.208023 -39.080791 
523555150918519 21.324894 -42.603928 -39.096092 
523555170920134 20.561283 -42.915726 -38.320114 
523555190920447 22.236362 -43.018250 -37.721344 
523555210919873 23.041889 -41.274307 -37.727974 
523555230925914 21.978817 -41.598511 -36.180305 
523555250925810 23.482868 -42.276199 -36.195305 
523555270926123 22.119320 -42.171570 -35.720764 
523555290919248 24.574108 -41.535629 -35.129044 
523555310918675 22.121670 -41.880020 -36.489395 
523555330919404 23.369190 -40.698502 -36.500675 
523555350918050 23.089832 -40.287643 -34.345051 
523555364412841 25.515766 -40.654617 -34.215004 
523555370923622 25.515766 -40.654617 -34.215004 
523555390917737 24.097546 -42.558395 -34.202553 
523555410917008 24.858456 -42.831406 -33.133774 
523555431097998 24.402050 -42.550293 -34.205494 
523555450966800 25.792744 -42.237686 -32.219852 
523555470968102 26.593914 -40.783600 -31.765354 
523555490918831 28.111385 -40.738831 -32.548801 
523555510920185 27.514462 -40.324951 -32.388996 
523555530926695 27.692532 -39.755753 -30.698975 
523555550917946 30.404522 -40.392487 -32.263233 
523555570924300 29.666752 -39.698822 -31.486832 
523555590924352 31.821728 -38.928207 -30.738365 
523555610924248 31.648678 -39.501678 -31.659634 
523555630923258 32.583324 -38.614670 -31.821842 
523555650923779 32.149715 -37.765854 -31.663326 
523555670917425 33.406956 -36.445801 -30.752045 
523555690923727 33.270466 -35.876175 -30.596581 
523555710923519 32.453228 -37.316559 -33.511086 
523555730916957 32.173191 -37.051926 -30.894276 
523555750917424 33.074619 -37.457687 -31.057022 
523555770917216 32.906605 -38.035446 -31.209545 
523555791066591 30.941769 -37.806793 -30.114063 
523555811066591 32.282864 -38.185883 -32.894970 
523555830937008 30.509838 -36.812607 -30.262981 
523555850917842 32.172199 -36.610748 -32.739094 
523555864327581 30.617825 -38.091919 -31.956245 
523555870923883 30.617825 -38.091919 -31.956245 
523555890923726 30.199978 -36.669373 -31.643734 
523555910917945 31.669804 -39.079300 -30.121956 
523555930926695 30.196606 -37.400391 -29.337784 
523555951132894 30.444447 -38.958664 -31.801384 
523555970925550 31.243580 -37.943176 -29.963314 
523555990919560 31.683231 -38.356827 -30.890404 
523556010918674 30.955189 -37.084320 -30.882515 
523556030923518 29.882061 -37.399948 -30.872345 
523556050920029 31.655712 -39.507660 -30.583382 
523556070917840 30.147305 -39.119797 -30.107254 
523556090917789 31.688259 -38.361099 -30.121655 
523556110918987 29.976284 -39.695007 -30.721024 
523556130917632 28.952450 -38.291229 -29.941383 
523556151002634 30.564487 -40.248230 -31.649647 
523556171002634 29.929325 -41.122849 -32.259125 
523556190917320 29.646290 -40.415298 -31.794632 
523556210917528 29.157322 -42.161407 -29.945942 
523556230917633 29.835773 -39.121918 -31.180565 
523556250917321 29.206974 -40.148727 -30.252602 
523556270923935 28.920574 -39.731903 -29.173233 
523556290924247 28.866245 -41.447037 -30.711452 
523556310918935 30.060078 -42.715073 -29.340004 
523556330925081 29.637890 -41.142044 -30.257431 
523556350923570 30.057064 -42.712509 -29.801250 
523556364431643 29.762615 -42.729172 -28.260811 
523556370924091 29.762615 -42.729172 -28.260811 
523556390916799 29.800884 -40.560028 -30.873665 
523556410917633 29.901112 -43.300537 -28.108776 
523556430925706 28.990292 -43.180344 -28.253643 
523556450917998 27.767269 -43.208466 -29.010632 
523556470918570 30.665379 -43.282852 -27.654873 
523556490920393 29.296803 -43.173950 -27.949081 
523556510934508 28.816914 -44.047089 -28.098785 
523556530934039 28.214283 -43.775146 -28.246532 
523556550917529 30.028202 -44.155731 -28.571854 
523556570923674 29.143902 -42.883881 -29.177494 
523556590924143 27.752506 -43.783020 -29.010872 
523556610917893 29.584202 -43.591629 -28.874702 
523556630923258 29.886700 -43.581833 -29.185143 
