# Created at Thu Nov 07 18:45:06 EST 2019 in Burnaby Canada 
523550570923937 45.002232 190.324265 -6.960118 
523550590924249 45.002232 190.324265 -6.960118 
523550610917374 45.002232 190.324265 -6.960118 
523550630923677 45.002232 190.324265 -6.960118 
523550650923468 45.002232 190.324265 -6.960118 
523550670923155 45.002232 190.324265 -6.960118 
523550690923572 45.002232 190.324265 -6.960118 
523550710918364 45.002232 190.324265 -6.960118 
523550731221281 45.002232 190.324265 -6.960118 
523550750970967 45.002232 190.324265 -6.960118 
523550770917375 45.002232 190.324265 -6.960118 
523550790924302 45.002232 190.324265 -6.960118 
523550810917374 45.002232 190.324265 -6.960118 
523550830924302 45.002232 190.324265 -6.960118 
523550850923728 45.002232 190.324265 -6.960118 
523550864842948 45.002232 190.324265 -6.960118 
523550870923209 45.002232 190.324265 -6.960118 
523550890923833 45.002232 190.324265 -6.960118 
523550910917583 45.002232 190.324265 -6.960118 
523550930922895 45.002232 190.324265 -6.960118 
523550951131228 45.002232 190.324265 -6.960118 
523550970923468 45.002232 190.324265 -6.960118 
523550990924041 45.002232 190.324265 -6.960118 
523551010920031 45.002232 190.324265 -6.960118 
523551030923208 45.002232 190.324265 -6.960118 
523551050923365 45.002232 190.324265 -6.960118 
523551070923468 45.002232 190.324265 -6.960118 
523551091159146 45.002232 190.324265 -6.960118 
523551110970603 45.002232 190.324265 -6.960118 
523551130923103 45.002232 190.324265 -6.960118 
523551150923520 45.002232 190.324265 -6.960118 
523551170923884 45.002232 190.324265 -6.960118 
523551190923677 45.002232 190.324265 -6.960118 
523551210917739 45.002232 190.324265 -6.960118 
523551230923312 45.002232 190.324265 -6.960118 
523551250923468 45.002232 190.324265 -6.960118 
523551270923624 45.002232 190.324265 -6.960118 
523551290923364 45.002232 190.324265 -6.960118 
523551310916697 45.002232 190.324265 -6.960118 
523551330922843 45.002232 190.324265 -6.960118 
523551350923209 45.002232 190.324265 -6.960118 
523551370923261 45.002232 190.324265 -6.960118 
523551390923312 45.002232 190.324265 -6.960118 
523551410917530 45.002232 190.324265 -6.960118 
523551430922947 45.002232 190.324265 -6.960118 
523551451115707 45.002232 190.324265 -6.960118 
523551470964354 45.002232 190.324265 -6.960118 
523551490963729 45.002232 190.324265 -6.960118 
523551510917218 45.002232 190.324265 -6.960118 
523551530916593 45.002232 190.324265 -6.960118 
523551550917166 45.002232 190.324265 -6.960118 
523551570917010 45.002232 190.324265 -6.960118 
523551590925656 45.002232 190.324265 -6.960118 
523551610916957 45.002232 190.324265 -6.960118 
523551630923573 45.002232 190.324265 -6.960118 
523551650923676 45.002232 190.324265 -6.960118 
523551670917999 45.002232 190.324265 -6.960118 
523551690917895 45.002232 190.324265 -6.960118 
523551710918416 45.002232 190.324265 -6.960118 
523551730917843 45.002232 190.324265 -6.960118 
523551750918207 45.002232 190.324265 -6.960118 
523551770923572 45.002232 190.324265 -6.960118 
523551790929510 45.002232 190.324265 -6.960118 
523551811057322 45.002232 190.324265 -6.960118 
523551831056593 45.002232 190.324265 -6.960118 
523551850952739 45.002232 190.324265 -6.960118 
523551870924041 45.002232 190.324265 -6.960118 
523551890917739 45.002232 190.324265 -6.960118 
523551910919249 45.002232 190.324265 -6.960118 
523551930925811 45.002232 190.324265 -6.960118 
523551951133677 45.002232 190.324265 -6.960118 
523551970926177 45.002232 190.324265 -6.960118 
523551990924927 45.002232 190.324265 -6.960118 
523552010919250 45.002232 190.324265 -6.960118 
523552030924874 45.002232 190.324265 -6.960118 
523552050918468 45.002232 190.324265 -6.960118 
523552070918833 45.002232 190.324265 -6.960118 
523552090918520 45.002232 190.324265 -6.960118 
523552110920500 45.002232 190.324265 -6.960118 
523552130920604 45.002232 190.324265 -6.960118 
523552150918572 45.002232 190.324265 -6.960118 
523552171003572 45.002232 190.324265 -6.960118 
523552191002322 45.002232 190.324265 -6.960118 
523552210917218 45.002232 190.324265 -6.960118 
523552230920499 45.002232 190.324265 -6.960118 
523552250917427 45.002232 190.324265 -6.960118 
523552270918051 45.002232 190.324265 -6.960118 
523552290917790 45.002232 190.324265 -6.960118 
523552310919666 45.002232 190.324265 -6.960118 
523552330923832 45.002232 190.324265 -6.960118 
523552350926072 45.002232 190.324265 -6.960118 
523552364397426 45.002232 190.324265 -6.960118 
523552370924614 45.002232 190.324265 -6.960118 
523552390917790 45.002232 190.324265 -6.960118 
523552410917113 45.002232 190.324265 -6.960118 
523552430918989 45.002232 190.324265 -6.960118 
523552450918884 45.002232 190.324265 -6.960118 
523552470918780 45.002232 190.324265 -6.960118 
523552490918989 45.002232 190.324265 -6.960118 
523552510918572 45.002232 190.324265 -6.960118 
523552530949822 45.002232 190.324265 -6.960118 
523552550950239 45.002232 190.324265 -6.960118 
523552570918520 45.002232 190.324265 -6.960118 
523552590923988 45.002232 190.324265 -6.960118 
523552610918519 45.002232 190.324265 -6.960118 
523552630917165 45.002232 190.324265 -6.960118 
523552650923519 45.002232 190.324265 -6.960118 
523552670923416 45.002232 190.324265 -6.960118 
523552690923468 45.002232 190.324265 -6.960118 
523552710916801 45.002232 190.324265 -6.960118 
523552730923624 45.002232 190.324265 -6.960118 
523552750924458 45.002232 190.324265 -6.960118 
523552770924510 45.002232 190.324265 -6.960118 
523552790917165 45.002232 190.324265 -6.960118 
523552810917165 45.002232 190.324265 -6.960118 
523552830918154 45.002232 190.324265 -6.960118 
523552850921071 45.002232 190.324265 -6.960118 
523552864421488 45.002232 190.324265 -6.960118 
523552870917946 45.002232 190.324265 -6.960118 
523552890930706 45.002232 190.324265 -6.960118 
523552910931228 45.002232 190.324265 -6.960118 
523552930917999 45.002232 190.324265 -6.960118 
523552951125707 45.002232 190.324265 -6.960118 
523552970918779 45.002232 190.324265 -6.960118 
523552990955395 45.002232 190.324265 -6.960118 
523553010917113 45.002232 190.324265 -6.960118 
523553030916957 45.002232 190.324265 -6.960118 
523553050923624 45.002232 190.324265 -6.960118 
523553070925395 45.002232 190.324265 -6.960118 
523553090923936 45.002232 190.324265 -6.960118 
523553110918415 45.002232 190.324265 -6.960118 
523553130917999 45.002232 190.324265 -6.960118 
523553150919093 45.002232 190.324265 -6.960118 
523553170917218 45.002232 190.324265 -6.960118 
523553190924769 45.002232 190.324265 -6.960118 
523553210918311 45.002232 190.324265 -6.960118 
523553230931332 45.002232 190.324265 -6.960118 
523553250918103 45.002232 190.324265 -6.960118 
523553270918363 45.002232 190.324265 -6.960118 
523553290918311 45.002232 190.324265 -6.960118 
523553310917218 45.002232 190.324265 -6.960118 
523553330923415 45.002232 190.324265 -6.960118 
523553350917113 45.002232 190.324265 -6.960118 
523553364730967 45.002232 190.324265 -6.960118 
523553370923988 45.002232 190.324265 -6.960118 
523553390923988 45.002232 190.324265 -6.960118 
523553410917738 45.002232 190.324265 -6.960118 
523553430924248 45.002232 190.324265 -6.960118 
523553450924092 45.002232 190.324265 -6.960118 
523553470925343 45.002232 190.324265 -6.960118 
523553490919457 45.002232 190.324265 -6.960118 
523553510918207 45.002232 190.324265 -6.960118 
523553530918676 45.002232 190.324265 -6.960118 
523553550919456 45.002232 190.324265 -6.960118 
523553570919873 45.002232 190.324265 -6.960118 
523553590919873 45.002232 190.324265 -6.960118 
523553610955394 45.002232 190.324265 -6.960118 
523553630954249 45.002232 190.324265 -6.960118 
523553650918832 45.002232 190.324265 -6.960118 
523553670918207 45.002232 190.324265 -6.960118 
523553690922737 45.002232 190.324265 -6.960118 
523553710918988 45.002232 190.324265 -6.960118 
523553730917530 45.002232 190.324265 -6.960118 
523553750918884 45.002232 190.324265 -6.960118 
523553770923728 45.002232 190.324265 -6.960118 
523553790923988 45.002232 190.324265 -6.960118 
523553810917999 45.002232 190.324265 -6.960118 
523553830918624 45.002232 190.324265 -6.960118 
523553850917529 45.002232 190.324265 -6.960118 
523553870924353 45.002232 190.324265 -6.960118 
523553890918623 45.002232 190.324265 -6.960118 
523553910918363 45.002232 190.324265 -6.960118 
523553930919300 45.002232 190.324265 -6.960118 
523553951125602 45.002232 190.324265 -6.960118 
523553970943102 45.002232 190.324265 -6.960118 
523553991339873 45.002232 190.324265 -6.960118 
523554010920654 45.002232 190.324265 -6.960118 
523554030918988 45.002232 190.324265 -6.960118 
523554050918207 45.002232 190.324265 -6.960118 
523554070918416 45.002232 190.324265 -6.960118 
523554090924978 45.002232 190.324265 -6.960118 
523554110917998 45.002232 190.324265 -6.960118 
523554130924456 45.002232 190.324265 -6.960118 
523554150923935 45.002232 190.324265 -6.960118 
523554170923935 45.002232 190.324265 -6.960118 
523554190924040 45.002232 190.324265 -6.960118 
523554210919821 45.002232 190.324265 -6.960118 
523554230924352 45.002232 190.324265 -6.960118 
523554250924404 45.002232 190.324265 -6.960118 
523554270917999 45.002232 190.324265 -6.960118 
523554290918051 45.002232 190.324265 -6.960118 
523554310917321 45.002232 190.324265 -6.960118 
523554330917634 45.002232 190.324265 -6.960118 
523554351252321 45.002232 190.324265 -6.960118 
523554370924560 45.002232 190.324265 -6.960118 
523554390917738 45.002232 190.324265 -6.960118 
523554410917477 45.002232 190.324265 -6.960118 
523554430919664 45.002232 190.324265 -6.960118 
523554450920342 45.002232 190.324265 -6.960118 
523554470919040 45.002232 190.324265 -6.960118 
523554490925238 45.002232 190.324265 -6.960118 
523554510918050 45.002232 190.324265 -6.960118 
523554530918727 45.002232 190.324265 -6.960118 
523554550919196 45.002232 190.324265 -6.960118 
523554570919404 45.002232 190.324265 -6.960118 
523554590917946 45.002232 190.324265 -6.960118 
523554610918883 45.002232 190.324265 -6.960118 
523554630918571 45.002232 190.324265 -6.960118 
523554650922217 45.002232 190.324265 -6.960118 
523554670920915 45.002232 190.324265 -6.960118 
523554690918102 45.002232 190.324265 -6.960118 
523554711191018 45.002232 190.324265 -6.960118 
523554730971800 45.002232 190.324265 -6.960118 
523554750917893 45.002232 190.324265 -6.960118 
523554770917998 45.002232 190.324265 -6.960118 
523554790918467 45.002232 190.324265 -6.960118 
523554810918363 45.002232 190.324265 -6.960118 
523554830923779 45.002232 190.324265 -6.960118 
523554850923831 45.002232 190.324265 -6.960118 
523554864423676 45.002232 190.324265 -6.960118 
523554870923154 45.002232 190.324265 -6.960118 
523554890923363 45.002232 190.324265 -6.960118 
523554910917893 45.002232 190.324265 -6.960118 
523554930923362 45.002232 190.324265 -6.960118 
523554951126070 45.002232 190.324265 -6.960118 
523554970918727 45.002232 190.324265 -6.960118 
523554990918050 45.002232 190.324265 -6.960118 
523555010918050 45.002232 190.324265 -6.960118 
523555030917061 45.002232 190.324265 -6.960118 
523555050928883 45.002232 190.324265 -6.960118 
523555071148154 45.002232 190.324265 -6.960118 
523555090975915 45.002232 190.324265 -6.960118 
523555110917477 45.002232 190.324265 -6.960118 
523555130918779 45.002232 190.324265 -6.960118 
523555150918519 45.002232 190.324265 -6.960118 
523555170920134 45.002232 190.324265 -6.960118 
523555190920447 45.002232 190.324265 -6.960118 
523555210919873 45.002232 190.324265 -6.960118 
523555230925914 45.002232 190.324265 -6.960118 
523555250925810 45.002232 190.324265 -6.960118 
523555270926123 45.002232 190.324265 -6.960118 
523555290919248 45.002232 190.324265 -6.960118 
523555310918675 45.002232 190.324265 -6.960118 
523555330919404 45.002232 190.324265 -6.960118 
523555350918050 45.002232 190.324265 -6.960118 
523555364412841 45.002232 190.324265 -6.960118 
523555370923622 45.002232 190.324265 -6.960118 
523555390917737 45.002232 190.324265 -6.960118 
523555410917008 45.002232 190.324265 -6.960118 
523555431097998 45.002232 190.324265 -6.960118 
523555450966800 45.002232 190.324265 -6.960118 
523555470968102 45.002232 190.324265 -6.960118 
523555490918831 45.002232 190.324265 -6.960118 
523555510920185 45.002232 190.324265 -6.960118 
523555530926695 45.002232 190.324265 -6.960118 
523555550917946 45.002232 190.324265 -6.960118 
523555570924300 45.002232 190.324265 -6.960118 
523555590924352 45.002232 190.324265 -6.960118 
523555610924248 45.002232 190.324265 -6.960118 
523555630923258 45.002232 190.324265 -6.960118 
523555650923779 45.002232 190.324265 -6.960118 
523555670917425 45.002232 190.324265 -6.960118 
523555690923727 45.002232 190.324265 -6.960118 
523555710923519 45.002232 190.324265 -6.960118 
523555730916957 45.002232 190.324265 -6.960118 
523555750917424 45.002232 190.324265 -6.960118 
523555770917216 45.002232 190.324265 -6.960118 
523555791066591 45.002232 190.324265 -6.960118 
523555811066591 45.002232 190.324265 -6.960118 
523555830937008 45.002232 190.324265 -6.960118 
523555850917842 45.002232 190.324265 -6.960118 
523555864327581 45.002232 190.324265 -6.960118 
523555870923883 45.002232 190.324265 -6.960118 
523555890923726 45.002232 190.324265 -6.960118 
523555910917945 45.002232 190.324265 -6.960118 
523555930926695 45.002232 190.324265 -6.960118 
523555951132894 45.002232 190.324265 -6.960118 
523555970925550 45.002232 190.324265 -6.960118 
523555990919560 45.002232 190.324265 -6.960118 
523556010918674 45.002232 190.324265 -6.960118 
523556030923518 45.002232 190.324265 -6.960118 
523556050920029 45.002232 190.324265 -6.960118 
523556070917840 45.002232 190.324265 -6.960118 
523556090917789 45.002232 190.324265 -6.960118 
523556110918987 45.002232 190.324265 -6.960118 
523556130917632 45.002232 190.324265 -6.960118 
523556151002634 45.002232 190.324265 -6.960118 
523556171002634 45.002232 190.324265 -6.960118 
523556190917320 45.002232 190.324265 -6.960118 
523556210917528 45.002232 190.324265 -6.960118 
523556230917633 45.002232 190.324265 -6.960118 
523556250917321 45.002232 190.324265 -6.960118 
523556270923935 45.002232 190.324265 -6.960118 
523556290924247 45.002232 190.324265 -6.960118 
523556310918935 45.002232 190.324265 -6.960118 
523556330925081 45.002232 190.324265 -6.960118 
523556350923570 45.002232 190.324265 -6.960118 
523556364431643 45.002232 190.324265 -6.960118 
523556370924091 45.002232 190.324265 -6.960118 
523556390916799 45.002232 190.324265 -6.960118 
523556410917633 45.002232 190.324265 -6.960118 
523556430925706 45.002232 190.324265 -6.960118 
523556450917998 45.002232 190.324265 -6.960118 
523556470918570 45.002232 190.324265 -6.960118 
523556490920393 45.002232 190.324265 -6.960118 
523556510934508 45.002232 190.324265 -6.960118 
523556530934039 45.002232 190.324265 -6.960118 
523556550917529 45.002232 190.324265 -6.960118 
523556570923674 45.002232 190.324265 -6.960118 
523556590924143 45.002232 190.324265 -6.960118 
523556610917893 45.002232 190.324265 -6.960118 
523556630923258 45.002232 190.324265 -6.960118 
