# Created at Thu Nov 07 18:45:06 EST 2019 in Burnaby Canada 
523466120184301 1013.396484 
523466160184094 1013.416016 
523466200184041 1013.388916 
523466240184093 1013.376953 
523466280184094 1013.391846 
523466320184145 1013.391602 
523466360184145 1013.383789 
523466400183989 1013.388916 
523466440184093 1013.366211 
523466480185082 1013.366455 
523466520184093 1013.326416 
523466560184562 1013.416992 
523466600184042 1013.308838 
523466640184302 1013.308838 
523466680184250 1013.389648 
523466720183937 1013.320068 
523466760184041 1013.433105 
523466800184458 1013.365479 
523466840184041 1013.436523 
523466880183937 1013.349121 
523466920183989 1013.429443 
523466960184250 1013.327881 
523467000184562 1013.454346 
523467040184250 1013.362549 
523467080183989 1013.399414 
523467120184770 1013.368652 
523467160184041 1013.395264 
523467200184041 1013.337402 
523467240184666 1013.361084 
523467280185082 1013.356934 
523467320185447 1013.372314 
523467360184822 1013.392822 
523467400184718 1013.421387 
523467440186436 1013.402588 
523467480185708 1013.356445 
523467520185707 1013.435303 
523467560186489 1013.382324 
523467600185759 1013.482178 
523467640185812 1013.335693 
523467680186176 1013.333740 
523467720184093 1013.356201 
523467760184041 1013.334717 
523467800184458 1013.349854 
523467840184666 1013.320313 
523467880184821 1013.328369 
523467920184561 1013.388184 
523467960185603 1013.331299 
523468000185656 1013.306641 
523468040186020 1013.379150 
523468080185707 1013.390381 
523468120184561 1013.455078 
523468160184353 1013.546875 
523468200184041 1013.539551 
523468240184093 1013.584473 
523468280184040 1013.524902 
523468320184249 1013.419922 
523468360184822 1013.419678 
523468400184197 1013.393555 
523468440184196 1013.416748 
523468480186957 1013.416748 
523468520185551 1013.353271 
523468560184613 1013.284180 
523468600184249 1013.268066 
523468640184561 1013.268066 
523468680184301 1013.325439 
523468720184405 1013.355713 
523468760184145 1013.431641 
523468800184561 1013.414307 
523468840184040 1013.391846 
523468880184404 1013.297607 
523468920184874 1013.380127 
523468960184509 1013.337891 
523469000186176 1013.327881 
523469040185864 1013.304199 
523469080185498 1013.210449 
523469120185551 1013.246094 
523469160184822 1013.242676 
523469200185030 1013.280762 
523469240185290 1013.388184 
523469280184665 1013.308594 
523469320184092 1013.245117 
523469360184560 1013.196533 
523469400184769 1013.290039 
523469440184717 1013.277588 
523469480186123 1013.316650 
523469520186019 1013.167236 
523469560186228 1013.102051 
523469600184561 1012.949707 
523469640185186 1012.900635 
523469680185186 1012.954834 
523469720184978 1012.972900 
523469760185030 1013.143555 
523469800184560 1013.165771 
523469840185810 1013.275879 
523469880184612 1013.322510 
523469920185238 1013.320313 
523469960185967 1013.326660 
523470000185759 1013.254395 
523470040185551 1013.278320 
523470080186383 1013.295410 
523470120184925 1013.304443 
523470160185186 1013.252930 
523470200184612 1013.295898 
523470240184873 1013.304443 
523470280184717 1013.314453 
523470320186280 1013.294434 
523470360183988 1013.266602 
523470400184144 1013.266113 
523470440183988 1013.271240 
523470480185810 1013.325684 
523470520184248 1013.291260 
523470560183988 1013.292480 
523470600183988 1013.267090 
523470640184247 1013.338867 
523470680187998 1013.323242 
523470720186383 1013.290283 
523470760186019 1013.267822 
523470800185915 1013.274902 
523470840185602 1013.334961 
523470880184300 1013.275146 
523470920184092 1013.252197 
523470960186383 1013.269531 
523471000186071 1013.255615 
523471040185967 1013.315186 
523471080185237 1013.267334 
523471120184561 1013.300537 
523471160184091 1013.294189 
523471200184039 1013.275635 
523471240183987 1013.275635 
523471280184404 1013.269531 
523471320184092 1013.265625 
523471360183988 1013.266846 
523471400183935 1013.265869 
523471440184092 1013.301025 
523471480185862 1013.275391 
523471520185810 1013.261475 
523471560184091 1013.317871 
523471600184039 1013.329346 
523471640184091 1013.299072 
523471680184196 1013.283691 
523471720184768 1013.297852 
523471760184456 1013.257568 
523471800184404 1013.281738 
523471840184873 1013.294678 
523471880184873 1013.254639 
523471920184248 1013.302734 
523471960184143 1013.273438 
523472000184091 1013.285645 
523472040184612 1013.321533 
523472080184403 1013.337402 
523472120184039 1013.229248 
523472160184091 1013.256348 
