# Created at Thu Nov 07 18:45:06 EST 2019 in Burnaby Canada 
523550533275343 -0.070390 0.009702 0.981783 0.176217 
523550553843624 -0.070355 0.009658 0.981777 0.176269 
523550574411957 -0.070312 0.009666 0.981766 0.176348 
523550594979927 -0.070306 0.009642 0.981766 0.176352 
523550615548260 -0.070294 0.009617 0.981764 0.176367 
523550636116332 -0.070244 0.009565 0.981755 0.176442 
523550656684614 -0.070190 0.009562 0.981741 0.176538 
523550677253468 -0.070161 0.009537 0.981736 0.176582 
523550697821801 -0.070122 0.009523 0.981727 0.176648 
523550718390344 -0.070082 0.009510 0.981718 0.176715 
523550738958677 -0.070037 0.009508 0.981707 0.176795 
523550759526332 -0.070111 0.009469 0.981727 0.176653 
523550780094614 -0.070220 0.009436 0.981756 0.176453 
523550800662843 -0.070322 0.009379 0.981784 0.176259 
523550821231176 -0.070463 0.009391 0.981818 0.176013 
523550841799510 -0.070622 0.009378 0.981857 0.175729 
523550862367843 -0.070594 0.009306 0.981854 0.175761 
523550882936020 -0.070526 0.009231 0.981842 0.175863 
523550903504354 -0.070431 0.009194 0.981820 0.176022 
523550924072947 -0.070410 0.009155 0.981817 0.176049 
523550944641280 -0.070356 0.009091 0.981808 0.176128 
523550965209563 -0.070291 0.009031 0.981795 0.176229 
523550985777896 -0.070277 0.009009 0.981793 0.176248 
523551006346229 -0.070265 0.008976 0.981791 0.176261 
523551026914563 -0.070304 0.008962 0.981802 0.176188 
523551047482792 -0.070310 0.008944 0.981804 0.176173 
523551068051176 -0.070272 0.008942 0.981795 0.176240 
523551088619509 -0.070253 0.008953 0.981790 0.176276 
523551109187843 -0.070261 0.008945 0.981792 0.176260 
523551129756176 -0.070262 0.008980 0.981790 0.176267 
523551150324874 -0.070276 0.009010 0.981792 0.176250 
523551170893208 -0.070314 0.009059 0.981799 0.176195 
523551191460916 -0.070380 0.009072 0.981815 0.176081 
523551212029197 -0.070400 0.009117 0.981817 0.176057 
523551232597635 -0.070360 0.009148 0.981806 0.176136 
523551253165968 -0.070307 0.009159 0.981792 0.176232 
523551273733624 -0.070262 0.009176 0.981780 0.176315 
523551294301958 -0.070222 0.009194 0.981769 0.176391 
523551314871021 -0.070182 0.009208 0.981759 0.176465 
523551335439354 -0.070148 0.009243 0.981748 0.176533 
523551356007791 -0.070168 0.009224 0.981754 0.176493 
523551376576124 -0.070192 0.009234 0.981760 0.176453 
523551397146905 -0.070227 0.009215 0.981769 0.176386 
523551417715239 -0.070250 0.009247 0.981773 0.176354 
523551438281385 -0.070331 0.009299 0.981790 0.176223 
523551458849666 -0.070331 0.009330 0.981789 0.176231 
523551479417635 -0.070284 0.009340 0.981777 0.176317 
523551499985968 -0.070250 0.009397 0.981765 0.176391 
523551520554718 -0.070329 0.009503 0.981779 0.176277 
523551541123000 -0.070404 0.009603 0.981792 0.176170 
523551561691124 -0.070382 0.009739 0.981779 0.176242 
523551582259509 -0.070372 0.009752 0.981776 0.176262 
523551602827843 -0.070313 0.009809 0.981758 0.176381 
523551623396176 -0.069987 0.010002 0.981668 0.177005 
523551643965030 -0.069796 0.009949 0.981623 0.177329 
523551664533364 -0.069394 0.009906 0.981525 0.178029 
523551685102114 -0.069057 0.009853 0.981444 0.178610 
523551705670447 -0.068869 0.009717 0.981405 0.178907 
523551726237843 -0.068797 0.009493 0.981399 0.178977 
523551746807322 -0.068827 0.009291 0.981418 0.178875 
523551767375655 -0.068934 0.009241 0.981447 0.178673 
523551787943312 -0.069064 0.009297 0.981477 0.178459 
523551808511645 -0.069290 0.009369 0.981529 0.178079 
523551829080186 -0.069556 0.009520 0.981587 0.177646 
523551849648520 -0.069828 0.009621 0.981649 0.177192 
523551870218155 -0.069996 0.009685 0.981687 0.176911 
523551890786488 -0.070063 0.009719 0.981702 0.176801 
523551911355448 -0.070054 0.009828 0.981694 0.176843 
523551931923781 -0.069983 0.010040 0.981664 0.177022 
523551952491125 -0.069902 0.010337 0.981628 0.177238 
523551973059510 -0.069858 0.010650 0.981600 0.177393 
523551993627582 -0.069987 0.010720 0.981628 0.177183 
523552014195916 -0.070404 0.010809 0.981726 0.176467 
523552034764718 -0.070930 0.011131 0.981838 0.175612 
523552055333103 -0.070563 0.010614 0.981776 0.176137 
523552075903000 -0.069956 0.010070 0.981809 0.176225 
523552096471385 -0.069512 0.009767 0.981810 0.176414 
523552117037582 -0.069083 0.009350 0.981748 0.176947 
523552137605916 -0.068665 0.008976 0.981675 0.177538 
523552158173103 -0.068400 0.008693 0.981603 0.178049 
523552178741437 -0.068101 0.007184 0.981315 0.179812 
523552199310135 -0.068321 0.007086 0.981310 0.179755 
523552219878468 -0.068762 0.006658 0.981312 0.179596 
523552240446853 -0.069212 0.006895 0.981282 0.179578 
523552261015186 -0.069844 0.006472 0.981172 0.179947 
523552281583467 -0.070892 0.006782 0.981070 0.180081 
523552302151801 -0.071257 0.006658 0.981061 0.179994 
523552322721072 -0.071116 0.006610 0.980969 0.180549 
523552343289406 -0.070670 0.005853 0.980920 0.181020 
523552363856801 -0.069744 0.004873 0.981036 0.180777 
523552384425134 -0.068981 0.005031 0.981023 0.181136 
523552404995291 -0.068672 0.004885 0.981004 0.181359 
523552425563676 -0.068807 0.004651 0.981070 0.180960 
523552446131645 -0.068531 0.004998 0.980937 0.181770 
523552466699822 -0.068107 0.005358 0.980827 0.182511 
523552487268155 -0.067637 0.005143 0.980867 0.182481 
523552507836958 -0.066164 0.004164 0.980920 0.182759 
523552528405343 -0.064493 0.002887 0.980926 0.183346 
523552548972321 -0.063148 0.002748 0.980913 0.183885 
523552569540707 -0.061062 0.001724 0.980899 0.184675 
523552590108675 -0.058862 -0.000152 0.980984 0.184946 
523552610677061 -0.056728 -0.002181 0.981404 0.183367 
523552631245343 -0.053615 -0.003056 0.981659 0.182924 
523552651813728 -0.050888 -0.003079 0.981853 0.182665 
523552672382270 -0.048210 -0.003636 0.982226 0.181369 
523552692950655 -0.045266 -0.004935 0.982763 0.179176 
523552713520031 -0.042837 -0.006181 0.983332 0.176594 
523552734088416 -0.042383 -0.005682 0.984100 0.172389 
523552754655915 -0.042938 -0.003717 0.984598 0.169440 
523552775224301 -0.043332 -0.001577 0.985127 0.166269 
523552795792998 -0.043737 0.000037 0.985717 0.162631 
523552816361384 -0.043732 0.001096 0.986229 0.159497 
523552836929196 -0.043753 0.001532 0.987092 0.154054 
523552857497581 -0.043730 0.002346 0.988234 0.146546 
523552878067218 -0.043201 0.002539 0.989486 0.138001 
523552898635603 -0.043233 0.003008 0.990868 0.127681 
523552919204561 -0.042922 0.003882 0.991859 0.119826 
523552939772946 -0.042026 0.004710 0.992627 0.113591 
523552960339613 -0.043633 0.004219 0.993689 0.103250 
523552980907999 -0.043443 0.003860 0.994492 0.095311 
523553001476384 -0.041338 0.004194 0.994788 0.093112 
523553022044770 -0.040721 0.004632 0.994898 0.092182 
523553042613728 -0.040268 0.005081 0.994874 0.092615 
523553063182061 -0.039346 0.005485 0.994748 0.094326 
523553083750343 -0.039672 0.005213 0.994712 0.094591 
523553104318728 -0.040436 0.005097 0.994450 0.097000 
523553124886541 -0.041410 0.003741 0.994341 0.097765 
523553145454926 -0.041179 0.003756 0.994344 0.097824 
523553166024613 -0.039663 0.002941 0.994477 0.097130 
523553186592998 -0.040053 0.000842 0.995188 0.089425 
523553207160759 -0.039856 0.000906 0.996289 0.076283 
523553227729405 -0.038827 0.003607 0.997271 0.062697 
523553248297790 -0.037448 0.007208 0.997896 0.052440 
523553268865447 -0.037579 0.009603 0.998258 0.044454 
523553289433884 -0.038302 0.012299 0.998367 0.040558 
523553310002426 -0.039056 0.014622 0.998395 0.038318 
523553330570811 -0.039934 0.015748 0.998322 0.038864 
523553351139404 -0.041549 0.016815 0.998182 0.040284 
523553371707790 -0.043212 0.017676 0.998020 0.042145 
523553392276331 -0.044767 0.016854 0.997840 0.045035 
523553412844769 -0.045497 0.015810 0.997682 0.048067 
523553433414405 -0.045717 0.014957 0.997460 0.052530 
523553453982791 -0.047121 0.014373 0.997077 0.058394 
523553474550707 -0.049109 0.014462 0.996604 0.064498 
523553495119145 -0.051255 0.013772 0.996172 0.069456 
523553515687946 -0.053907 0.013442 0.995702 0.074103 
523553536256331 -0.054347 0.014046 0.995549 0.075701 
523553556825446 -0.054953 0.015066 0.995471 0.076100 
523553577393831 -0.056326 0.016064 0.995466 0.074941 
523553597961072 -0.058980 0.017569 0.995526 0.071692 
523553618529509 -0.062602 0.019126 0.995806 0.063915 
523553639097842 -0.065583 0.020636 0.996350 0.050602 
523553659666227 -0.068195 0.021132 0.996989 0.030273 
523553680233780 -0.068653 0.020050 0.997352 0.013162 
523553700802165 -0.066733 0.019192 0.997586 0.001193 
523553721370342 0.063867 -0.019835 -0.997742 0.006271 
523553741938780 0.060420 -0.022395 -0.997877 0.009419 
523553762507634 0.057856 -0.024340 -0.997984 0.009376 
523553783076072 0.056528 -0.024340 -0.998088 0.005767 
523553803644300 0.056219 -0.022945 -0.998155 0.000212 
523553824212686 -0.057440 0.021969 0.998098 0.004177 
523553844781644 -0.060202 0.022594 0.997890 0.009003 
523553865350030 -0.062406 0.023926 0.997677 0.013198 
523553885919352 -0.064697 0.024487 0.997470 0.016363 
523553906487737 -0.067313 0.024188 0.997281 0.017726 
523553927056019 -0.069985 0.023758 0.997107 0.017738 
523553947625654 -0.073826 0.024384 0.996872 0.014211 
523553968194092 -0.076802 0.023429 0.996738 0.008061 
523553988760134 -0.080586 0.023612 0.996466 0.001893 
523554009328572 0.085878 -0.025059 -0.995955 0.008450 
523554029897478 0.095584 -0.023601 -0.994904 0.021764 
523554050465916 0.101045 -0.022736 -0.994192 0.029254 
523554071033727 0.106731 -0.021388 -0.993317 0.038359 
523554091602165 0.113171 -0.022012 -0.992434 0.042227 
523554112170081 0.125293 -0.018438 -0.991644 0.024563 
523554132738467 0.138483 -0.015742 -0.990222 0.005936 
523554153307425 -0.148347 0.016076 0.988792 0.004933 
523554173875810 -0.154359 0.022792 0.987743 0.004149 
523554194443883 0.166316 -0.035448 -0.985435 0.000309 
523554215012529 0.177767 -0.055321 -0.982509 0.003825 
523554235581280 0.186435 -0.082508 -0.978963 0.008061 
523554256149665 0.196254 -0.114942 -0.973690 0.014128 
523554276717738 0.210701 -0.145997 -0.966321 0.022656 
523554297286123 0.221231 -0.164487 -0.960789 0.029744 
523554317854873 0.223448 -0.174623 -0.958294 0.035357 
523554338423310 0.221700 -0.178378 -0.957837 0.039727 
523554358991436 0.218571 -0.176491 -0.958736 0.043615 
523554379559873 0.212605 -0.170906 -0.961067 0.044041 
523554400130707 0.203695 -0.160986 -0.964847 0.040758 
523554420699144 0.191562 -0.150893 -0.969216 0.033997 
523554441266488 0.177854 -0.142535 -0.973374 0.024369 
523554461834926 0.163226 -0.137516 -0.976860 0.013821 
523554482403206 0.153839 -0.135130 -0.978794 0.006060 
523554502971644 0.150799 -0.133774 -0.979468 0.002647 
523554523540133 0.154057 -0.134358 -0.978883 0.001529 
523554544108571 0.160584 -0.136790 -0.977497 0.001008 
523554564676331 -0.163069 0.138509 0.976843 0.000709 
523554585244769 -0.160223 0.137288 0.977462 0.006926 
523554605812217 -0.155897 0.133223 0.978591 0.017544 
523554626380603 -0.149384 0.127455 0.980071 0.029992 
523554646949352 -0.143296 0.120759 0.981363 0.042545 
523554667518050 -0.136449 0.115489 0.982272 0.056447 
523554688086435 -0.129863 0.113957 0.982523 0.069266 
523554708654873 -0.121465 0.116158 0.982397 0.081547 
523554729223310 -0.113675 0.120918 0.981557 0.094878 
523554749791801 -0.107890 0.127417 0.979509 0.112639 
523554770360238 -0.102564 0.136339 0.975890 0.136132 
523554790927686 -0.094870 0.146886 0.971378 0.160775 
523554811496071 -0.083987 0.157561 0.966196 0.185972 
523554832064456 -0.071960 0.167152 0.961009 0.208193 
523554852632894 -0.059613 0.173827 0.956610 0.226114 
523554873201643 -0.049580 0.176916 0.953360 0.239472 
523554893770029 -0.042358 0.178327 0.949745 0.253753 
523554914339768 -0.036163 0.180236 0.945194 0.269844 
523554934908206 -0.031363 0.184054 0.939463 0.287316 
523554955476018 -0.030963 0.190236 0.933153 0.303442 
523554976044456 -0.030330 0.196883 0.926453 0.319377 
523554996611904 -0.022391 0.203855 0.919593 0.335099 
523555017180290 -0.009364 0.212783 0.912144 0.350183 
523555037748675 0.005740 0.222249 0.902896 0.367902 
523555058317113 0.024732 0.230219 0.893110 0.385671 
523555078887008 0.043449 0.236617 0.882905 0.403240 
523555099455394 0.056980 0.240214 0.873779 0.418999 
523555120024873 0.065456 0.242855 0.866277 0.431626 
523555140593311 0.072477 0.245105 0.859580 0.442486 
523555161161227 0.074879 0.249451 0.852622 0.452994 
523555181729613 0.072374 0.255341 0.847094 0.460429 
523555202298466 0.068238 0.261464 0.843552 0.464112 
523555222866904 0.066462 0.267150 0.840944 0.465861 
523555243434925 0.068100 0.271593 0.837704 0.468884 
523555264003362 0.071463 0.275551 0.833635 0.473304 
523555284570758 0.076278 0.279417 0.830252 0.476223 
523555305139195 0.081306 0.284781 0.827779 0.476519 
523555325706435 0.084677 0.292939 0.825100 0.475633 
523555346274872 0.086377 0.302074 0.821885 0.475180 
523555366843519 0.087092 0.309097 0.818765 0.475919 
523555387413675 0.086347 0.313113 0.815299 0.479367 
523555407982113 0.083546 0.316763 0.812374 0.482421 
523555428550810 0.079231 0.320775 0.810058 0.484387 
523555449119248 0.074159 0.324320 0.808254 0.485842 
523555469688726 0.067757 0.327379 0.806431 0.487752 
523555490257164 0.057839 0.329909 0.804409 0.490653 
523555510823206 0.045154 0.332008 0.802554 0.493598 
523555531391592 0.033453 0.332589 0.801307 0.496158 
523555551959977 0.024745 0.331922 0.799887 0.499396 
523555572528415 0.018632 0.329986 0.798280 0.503499 
523555593096018 0.015448 0.327584 0.795186 0.510028 
523555613664404 0.013749 0.326108 0.791372 0.516909 
523555634233362 0.013013 0.325287 0.788336 0.522059 
523555654801800 0.014904 0.324913 0.787075 0.524139 
523555675369665 0.019474 0.325897 0.786528 0.524200 
523555695938050 0.024933 0.328185 0.785398 0.524236 
523555716506851 0.029615 0.330730 0.783937 0.524579 
523555737075288 0.032896 0.332934 0.783232 0.524042 
523555757643518 0.036078 0.334489 0.783643 0.522225 
523555778211903 0.038796 0.334975 0.785048 0.519602 
523555798780550 0.040080 0.334955 0.786839 0.516801 
523555819348987 0.040479 0.334872 0.788333 0.514542 
523555839917372 0.039945 0.335421 0.789746 0.512052 
523555860485757 0.037879 0.336457 0.790621 0.510177 
523555881057008 0.034582 0.337666 0.791832 0.507728 
523555901625445 0.032200 0.339021 0.792498 0.505939 
523555922192529 0.030571 0.340464 0.793125 0.504085 
523555942760966 0.029651 0.341677 0.793516 0.502702 
523555963329091 0.030168 0.342590 0.794112 0.501106 
523555983897528 0.031650 0.343983 0.794604 0.499278 
523556004465759 0.033780 0.345632 0.794566 0.498058 
523556025034196 0.036969 0.346902 0.794303 0.497369 
523556045601800 0.040718 0.347827 0.794423 0.496236 
523556066170237 0.044053 0.348700 0.794853 0.494647 
523556086738362 0.047552 0.349188 0.795402 0.493093 
523556107306696 0.051415 0.350193 0.795397 0.492000 
523556127875134 0.054665 0.351459 0.795338 0.490842 
523556148443726 0.056552 0.352605 0.795300 0.489866 
523556169012111 0.057448 0.353777 0.795502 0.488588 
523556189580498 0.058447 0.355616 0.795688 0.486828 
523556210148935 0.060356 0.357855 0.795556 0.485167 
523556230718362 0.062274 0.360007 0.795681 0.483124 
523556251286799 0.063760 0.362043 0.795583 0.481568 
523556271855706 0.063844 0.363990 0.795748 0.479814 
523556292424143 0.063587 0.365319 0.795766 0.478806 
523556312991591 0.063732 0.366502 0.795919 0.477626 
523556333559976 0.063898 0.367742 0.796701 0.475343 
523556354127685 0.063159 0.369368 0.797984 0.472016 
523556374696122 0.061579 0.370993 0.799622 0.468164 
523556395265394 0.060509 0.372459 0.800717 0.465257 
523556415833831 0.059536 0.374095 0.802263 0.461392 
523556436401435 0.057638 0.375748 0.804248 0.456811 
523556456969872 0.056502 0.378289 0.805536 0.452568 
523556477538362 0.059121 0.379775 0.805676 0.450736 
523556498106747 0.061464 0.379925 0.805878 0.449934 
523556518675237 0.059345 0.379394 0.806239 0.450020 
523556539243674 0.053879 0.378393 0.806740 0.450651 
523556559811904 0.048811 0.376627 0.808242 0.450017 
523556580380289 0.044312 0.374926 0.810318 0.448165 
523556600948779 0.042150 0.371936 0.812843 0.446288 
