# Created at Thu Nov 07 19:34:58 EST 2019 in Burnaby Canada 
526542027690840 0.813117 -0.507119 0.195169 0.208758 
526542048261622 0.813118 -0.507072 0.195212 0.208832 
526542068832299 0.813107 -0.507071 0.195235 0.208851 
526542089403080 0.813097 -0.507051 0.195249 0.208925 
526542109973862 0.813105 -0.507021 0.195196 0.209017 
526542130544643 0.813038 -0.507103 0.195163 0.209111 
526542151115841 0.812971 -0.507215 0.195061 0.209194 
526542171686622 0.812923 -0.507332 0.194899 0.209252 
526542192257143 0.812883 -0.507456 0.194706 0.209286 
526542212827768 0.812860 -0.507550 0.194517 0.209317 
526542233398549 0.812842 -0.507622 0.194392 0.209331 
526542253969591 0.812820 -0.507689 0.194288 0.209352 
526542274540372 0.812833 -0.507695 0.194248 0.209322 
526542295110996 0.812833 -0.507687 0.194241 0.209346 
526542315681830 0.812845 -0.507678 0.194194 0.209368 
526542336252715 0.812852 -0.507684 0.194176 0.209341 
526542356823548 0.812869 -0.507686 0.194123 0.209320 
526542377394277 0.812887 -0.507701 0.194077 0.209258 
526542397965111 0.812904 -0.507705 0.194024 0.209231 
526542418536049 0.812915 -0.507716 0.193999 0.209184 
526542439106882 0.812928 -0.507718 0.193959 0.209168 
526542459677664 0.812874 -0.507832 0.193909 0.209147 
526542480248497 0.812831 -0.507948 0.193822 0.209113 
526542500819278 0.812787 -0.508044 0.193722 0.209141 
526542521390163 0.812752 -0.508139 0.193608 0.209154 
526542541961153 0.812769 -0.508135 0.193550 0.209152 
526542562531934 0.812707 -0.508229 0.193504 0.209203 
526542583102403 0.812660 -0.508298 0.193443 0.209276 
526542603673185 0.812661 -0.508281 0.193425 0.209334 
526542624244121 0.812666 -0.508268 0.193393 0.209371 
526542644814902 0.812674 -0.508256 0.193357 0.209403 
526542665385581 0.812671 -0.508243 0.193354 0.209447 
526542685956362 0.812631 -0.508312 0.193305 0.209480 
526542706527298 0.812566 -0.508413 0.193281 0.209511 
526542727098079 0.812515 -0.508501 0.193235 0.209540 
526542747669330 0.812520 -0.508505 0.193220 0.209522 
526542768240111 0.812480 -0.508594 0.193162 0.209518 
526542788812767 0.812421 -0.508699 0.193135 0.209516 
526542809383549 0.812431 -0.508700 0.193101 0.209504 
526542829952663 0.812439 -0.508691 0.193066 0.209528 
526542850523444 0.812452 -0.508691 0.193024 0.209515 
526542871094539 0.812412 -0.508760 0.192984 0.209545 
526542891665320 0.812412 -0.508753 0.192975 0.209564 
526542912235684 0.812416 -0.508758 0.192966 0.209544 
526542932806152 0.812421 -0.508763 0.192954 0.209526 
526542953376934 0.812423 -0.508756 0.192943 0.209547 
526542973947820 0.812440 -0.508757 0.192887 0.209529 
526542994518601 0.812458 -0.508756 0.192824 0.209516 
526543015089486 0.812487 -0.508759 0.192732 0.209485 
526543035660267 0.812514 -0.508755 0.192639 0.209474 
526543056231777 0.812712 -0.508664 0.192194 0.209334 
526543076802611 0.813008 -0.508501 0.191498 0.209219 
526543097373444 0.813602 -0.508143 0.190421 0.208764 
526543117944277 0.814674 -0.507665 0.188399 0.207579 
526543138515006 0.815679 -0.507518 0.185996 0.206152 
526543159085840 0.816374 -0.506962 0.184148 0.206426 
526543179656361 0.817480 -0.505354 0.182157 0.207758 
526543200227142 0.818817 -0.502949 0.180262 0.209966 
526543220798705 0.821143 -0.500166 0.176499 0.210731 
526543241369486 0.823997 -0.497047 0.172529 0.210256 
526543261940267 0.826462 -0.494350 0.169124 0.209704 
526543282511048 0.828495 -0.492212 0.166163 0.209078 
526543303082350 0.830005 -0.490380 0.163773 0.209280 
526543323654538 0.831537 -0.488227 0.162035 0.209585 
526543344223809 0.832940 -0.486147 0.160825 0.209779 
526543364795112 0.834276 -0.483972 0.160495 0.209752 
526543385364121 0.835496 -0.481654 0.161000 0.209841 
526543405934902 0.836618 -0.479282 0.161950 0.210075 
526543426505684 0.837811 -0.476929 0.162876 0.209961 
526543447076517 0.839299 -0.473836 0.164465 0.209779 
526543467648548 0.840319 -0.471438 0.165729 0.210104 
526543488219382 0.841419 -0.469032 0.166236 0.210685 
526543508789017 0.842671 -0.466360 0.166139 0.211687 
526543529359850 0.843720 -0.464046 0.166072 0.212646 
526543549930683 0.844153 -0.462656 0.167286 0.213004 
526543570501517 0.844312 -0.461268 0.169840 0.213363 
526543591072454 0.844156 -0.460396 0.173110 0.213232 
526543611643287 0.844285 -0.459689 0.176328 0.211610 
526543632214174 0.844500 -0.459005 0.180222 0.208938 
526543652784642 0.844798 -0.457919 0.184965 0.205946 
526543673355475 0.845407 -0.456274 0.190132 0.202363 
526543693926309 0.846083 -0.454149 0.195679 0.199004 
526543714497142 0.846896 -0.451454 0.200667 0.196693 
526543735067975 0.847572 -0.448615 0.205594 0.195184 
526543755638809 0.848501 -0.445912 0.209814 0.192842 
526543776211361 0.849058 -0.443387 0.214862 0.190637 
526543796782194 0.849343 -0.441250 0.220773 0.187549 
526543817353184 0.848931 -0.440018 0.227401 0.184359 
526543837923965 0.847608 -0.440203 0.233637 0.182198 
526543858493340 0.846292 -0.440047 0.239826 0.180641 
526543879064173 0.845206 -0.439232 0.246668 0.178489 
526543899634538 0.844382 -0.438273 0.253574 0.175032 
526543920205319 0.842732 -0.438759 0.261057 0.170712 
526543940776309 0.840602 -0.439054 0.269165 0.167841 
526543961347143 0.837818 -0.438586 0.280565 0.164275 
526543981917871 0.834641 -0.439498 0.290669 0.160396 
526544002488704 0.831419 -0.439248 0.301817 0.157193 
526544023059590 0.827470 -0.438443 0.314946 0.154498 
526544043630423 0.822693 -0.437926 0.329289 0.151547 
526544064201100 0.817800 -0.437924 0.342678 0.148315 
526544084771934 0.813351 -0.440366 0.352232 0.143074 
526544105342663 0.807996 -0.445056 0.360577 0.138027 
526544125913496 0.804760 -0.450812 0.362564 0.132954 
526544146484903 0.802047 -0.456833 0.362874 0.127853 
526544167055736 0.799470 -0.461948 0.362925 0.125446 
526544187627818 0.796959 -0.466347 0.363577 0.123241 
526544208198652 0.794286 -0.471634 0.363340 0.121064 
526544228768652 0.790670 -0.477072 0.364529 0.119838 
526544249339485 0.786850 -0.482410 0.366228 0.118438 
526544269910528 0.784833 -0.486183 0.365968 0.117184 
526544290481361 0.782288 -0.489010 0.367916 0.116326 
526544311052037 0.779281 -0.491758 0.370540 0.116601 
526544331622871 0.776838 -0.493585 0.373133 0.116908 
526544352193287 0.774866 -0.495196 0.375189 0.116603 
526544372763756 0.774356 -0.495770 0.375892 0.115284 
526544393334590 0.781404 -0.497819 0.359190 0.112106 
526544413905736 0.778940 -0.497171 0.363373 0.118468 
526544434476569 0.778825 -0.494749 0.365278 0.123395 
526544455046986 0.782991 -0.485710 0.364602 0.134439 
526544475617767 0.787372 -0.473316 0.366731 0.146715 
526544496188548 0.790784 -0.464098 0.369693 0.150341 
526544516759382 0.792984 -0.458118 0.370854 0.154182 
526544537330162 0.794540 -0.449703 0.372576 0.166318 
526544557901047 0.792271 -0.447160 0.375961 0.176092 
526544578471882 0.790181 -0.449526 0.376291 0.178736 
526544599042715 0.788206 -0.449196 0.376060 0.188506 
526544619615318 0.783803 -0.442138 0.383132 0.208270 
526544640186099 0.787462 -0.431079 0.380102 0.222706 
526544660755580 0.793439 -0.422652 0.371455 0.232035 
526544681325371 0.790383 -0.420351 0.375811 0.239510 
526544701898965 0.793997 -0.422075 0.371303 0.231422 
526544722469798 0.795687 -0.430692 0.362324 0.223851 
526544743040267 0.791903 -0.443291 0.357753 0.219989 
526544763611101 0.783512 -0.452991 0.366933 0.215101 
526544784181048 0.779503 -0.457613 0.369583 0.215348 
526544804751881 0.777739 -0.458704 0.371079 0.216825 
526544825323444 0.776426 -0.458225 0.375047 0.215712 
526544845894277 0.775358 -0.456423 0.379641 0.215340 
526544866464433 0.777538 -0.451864 0.381395 0.213987 
526544887035267 0.780044 -0.446267 0.381992 0.215546 
526544907606048 0.782018 -0.440530 0.380839 0.222134 
526544928176881 0.784843 -0.435221 0.376807 0.229389 
526544948748288 0.787170 -0.429948 0.372303 0.238533 
526544969319121 0.791154 -0.423124 0.365214 0.248314 
526544989889017 0.796904 -0.413823 0.358181 0.255734 
526545010459850 0.803899 -0.402250 0.352958 0.259542 
526545031031621 0.810550 -0.390168 0.351583 0.259166 
526545051602454 0.816611 -0.380921 0.353046 0.251800 
526545072172558 0.818736 -0.376096 0.357414 0.245926 
526545092743287 0.820450 -0.373077 0.360890 0.239651 
526545113314120 0.823102 -0.371755 0.360743 0.232735 
526545133885215 0.825314 -0.371820 0.359592 0.226494 
526545154456048 0.827363 -0.371588 0.358378 0.221265 
526545175026204 0.829906 -0.371593 0.355311 0.216631 
526545195597038 0.831045 -0.371661 0.354710 0.213104 
526545216168131 0.832198 -0.372435 0.354351 0.207781 
526545236739016 0.832612 -0.374514 0.353623 0.203586 
526545257310839 0.831525 -0.378692 0.352370 0.202469 
526545277881672 0.829515 -0.381946 0.353781 0.202142 
526545298453079 0.828007 -0.384823 0.355213 0.200347 
526545319023913 0.825636 -0.387751 0.358164 0.199233 
526545339594485 0.821596 -0.391806 0.363319 0.198667 
526545360165371 0.817510 -0.398227 0.367426 0.195169 
526545380735110 0.813846 -0.407734 0.368871 0.187996 
526545401305943 0.807023 -0.420317 0.373079 0.181273 
526545421876882 0.796713 -0.434428 0.375092 0.189282 
526545442447715 0.787202 -0.445620 0.375054 0.202658 
526545463018912 0.783997 -0.447680 0.374140 0.212017 
526545483589746 0.782575 -0.443689 0.376938 0.220533 
526545504160371 0.780355 -0.439790 0.382379 0.226753 
526545524731204 0.776190 -0.437978 0.391969 0.228173 
526545545302090 0.772385 -0.437896 0.400185 0.226980 
526545565872923 0.770571 -0.439238 0.404023 0.223732 
526545586443703 0.769192 -0.443752 0.406273 0.215340 
526545607014589 0.764029 -0.455015 0.411967 0.198754 
526545627585319 0.756779 -0.475386 0.413098 0.175056 
526545648156152 0.755911 -0.489779 0.402314 0.163887 
526545668727037 0.756601 -0.493892 0.399116 0.155987 
526545689297870 0.758198 -0.495766 0.394727 0.153435 
526545709868704 0.761701 -0.491794 0.390640 0.159218 
526545730439589 0.766432 -0.482995 0.387984 0.169606 
526545751010527 0.771453 -0.466977 0.389394 0.187525 
526545771581361 0.779306 -0.445168 0.391458 0.203149 
526545792152193 0.793070 -0.422535 0.386085 0.208427 
526545812723026 0.805210 -0.403370 0.383286 0.204990 
526545833293860 0.811867 -0.399380 0.378142 0.195897 
526545853864641 0.810494 -0.403865 0.377947 0.192737 
526545874435474 0.808701 -0.403601 0.378652 0.199327 
526545895006412 0.811317 -0.399172 0.374724 0.204960 
526545915577245 0.812564 -0.394341 0.373686 0.211169 
526545936148026 0.813859 -0.387267 0.375549 0.215919 
526545956718860 0.813848 -0.379675 0.380178 0.221277 
526545977289953 0.813108 -0.375998 0.383776 0.224047 
526545997860787 0.809355 -0.371936 0.391375 0.231157 
526546018431464 0.805754 -0.366481 0.399147 0.239027 
526546039002349 0.804431 -0.360137 0.404497 0.244079 
526546059572506 0.804150 -0.355393 0.407745 0.246542 
526546080143339 0.803485 -0.353106 0.409252 0.249482 
526546100714172 0.803424 -0.354029 0.408788 0.249131 
526546121285162 0.801109 -0.360792 0.408904 0.246680 
526546141855891 0.798550 -0.372886 0.407332 0.239489 
526546162426724 0.794752 -0.387194 0.405620 0.232215 
526546182997714 0.790837 -0.398701 0.402906 0.230829 
526546203568547 0.788010 -0.405942 0.400578 0.231925 
526546224139329 0.786163 -0.412614 0.399693 0.227909 
526546244710163 0.784388 -0.422462 0.398816 0.217270 
526546265281048 0.780895 -0.432113 0.399685 0.209125 
526546285851934 0.779945 -0.440061 0.397410 0.200243 
526546306422923 0.781156 -0.445786 0.392685 0.192013 
526546326993756 0.783393 -0.448052 0.388767 0.185486 
526546347564433 0.785053 -0.447556 0.385769 0.185926 
526546368135266 0.787172 -0.446328 0.382008 0.187675 
526546388706047 0.792355 -0.442752 0.377135 0.184158 
526546409276881 0.795878 -0.437396 0.378323 0.179262 
526546429847610 0.797254 -0.432086 0.382971 0.176127 
526546450418443 0.800966 -0.425621 0.383521 0.173816 
526546470989589 0.805480 -0.421241 0.378641 0.174327 
526546491560422 0.809047 -0.421954 0.371472 0.171479 
526546512131151 0.808244 -0.426325 0.370338 0.166849 
526546532702142 0.807234 -0.430386 0.367357 0.167901 
526546553273027 0.806838 -0.431311 0.365581 0.171273 
526546573843755 0.807079 -0.428909 0.365648 0.175963 
526546594414589 0.808499 -0.423085 0.365675 0.183330 
526546614985318 0.812435 -0.413075 0.364637 0.190677 
526546635556204 0.818241 -0.399486 0.363671 0.196561 
526546656126985 0.823767 -0.385338 0.362740 0.203325 
526546676697818 0.828715 -0.372055 0.362653 0.208058 
526546697268912 0.833521 -0.359222 0.362951 0.210876 
526546717839745 0.837709 -0.347696 0.363177 0.213197 
526546738410578 0.840002 -0.338844 0.366014 0.213579 
526546758981412 0.839424 -0.333805 0.371269 0.214709 
526546779552193 0.838303 -0.333766 0.377118 0.208880 
526546800123026 0.837328 -0.339667 0.378944 0.199775 
526546820693860 0.837312 -0.348617 0.375760 0.190213 
526546841264693 0.831464 -0.363359 0.378664 0.182352 
526546861835838 0.824231 -0.380207 0.381557 0.174643 
526546882406672 0.816257 -0.398971 0.383843 0.164958 
526546902977714 0.804976 -0.423672 0.386422 0.152292 
526546923548547 0.790913 -0.450425 0.388092 0.144773 
526546944118860 0.778994 -0.472110 0.387325 0.142341 
526546964689693 0.771082 -0.485047 0.386368 0.144505 
526546985260630 0.767880 -0.491700 0.384715 0.143481 
526547005831464 0.765856 -0.497487 0.382837 0.139308 
526547026402141 0.764546 -0.501731 0.381362 0.135282 
526547046973026 0.764387 -0.504267 0.379411 0.132197 
526547067544172 0.763887 -0.504787 0.379091 0.134003 
526547088115005 0.764607 -0.504898 0.376254 0.137431 
526547108685578 0.765540 -0.504219 0.374061 0.140679 
526547129256464 0.767909 -0.500344 0.373054 0.144227 
526547149827349 0.768271 -0.497021 0.375637 0.147060 
526547170398183 0.768122 -0.495149 0.377849 0.148476 
526547190969016 0.767634 -0.494061 0.380128 0.148809 
526547211539901 0.766744 -0.493695 0.382691 0.148049 
526547232110734 0.765658 -0.493923 0.384758 0.147539 
526547252681568 0.763292 -0.493931 0.390148 0.145606 
526547273251724 0.758977 -0.495157 0.397835 0.143186 
526547293823235 0.753996 -0.499076 0.402615 0.142531 
526547314394068 0.748836 -0.503703 0.406894 0.141297 
526547334964849 0.742389 -0.509308 0.412283 0.139596 
526547355535735 0.736766 -0.514036 0.416918 0.138283 
526547376106776 0.733284 -0.517103 0.420222 0.135329 
526547396677609 0.730173 -0.519298 0.423699 0.132873 
526547417248339 0.726190 -0.520998 0.428395 0.132990 
526547437819172 0.720928 -0.522761 0.434652 0.134396 
526547458390058 0.714128 -0.525082 0.442573 0.135790 
526547478960891 0.709187 -0.528473 0.445666 0.138392 
526547499531828 0.706531 -0.531528 0.446920 0.136214 
526547520102714 0.706508 -0.530911 0.448290 0.134231 
526547540673494 0.709298 -0.527822 0.449123 0.128799 
526547561244379 0.708750 -0.528874 0.454678 0.105986 
526547581815317 0.697809 -0.532331 0.472448 0.080504 
526547602386099 0.683385 -0.546353 0.478674 0.073181 
526547622956880 0.686799 -0.544225 0.477816 0.061823 
526547643527765 0.696988 -0.541709 0.468960 0.028925 
526547664098495 -0.704979 0.529979 -0.471201 0.009861 
526547684669381 -0.715951 0.510800 -0.474064 0.041966 
526547705240421 -0.718295 0.487346 -0.492122 0.066068 
526547725811306 -0.710183 0.469046 -0.518075 0.085082 
526547746382141 -0.696912 0.452891 -0.546903 0.100502 
526547766953026 -0.688854 0.433448 -0.570414 0.110589 
526547787523703 -0.667137 0.409887 -0.606105 0.139852 
526547808094536 -0.671285 0.362733 -0.623114 0.171841 
526547828665526 -0.692693 0.308103 -0.624422 0.188005 
526547849236360 -0.714548 0.253292 -0.625611 0.184052 
526547869807088 -0.728486 0.205299 -0.633814 0.159497 
526547890377973 -0.736249 0.166557 -0.644930 0.119421 
526547910948964 -0.737190 0.135915 -0.658184 0.069806 
526547931519797 -0.732382 0.110952 -0.671705 0.010939 
526547952090734 0.724004 -0.087618 0.681703 0.058483 
526547972661359 0.714830 -0.063514 0.683088 0.135551 
526547993232192 0.703470 -0.041754 0.678174 0.208486 
526548013803078 0.680709 -0.027589 0.680770 0.269123 
526548034373911 0.647469 -0.017721 0.694509 0.313252 
526548054944953 0.613047 -0.002719 0.712470 0.341398 
526548075515787 0.586472 0.017674 0.724276 0.362162 
526548096085838 0.569527 0.036280 0.725463 0.384741 
526548116656723 0.555122 0.049126 0.719464 0.414486 
526548137228234 0.535337 0.060427 0.715123 0.445378 
526548157799119 0.507720 0.072130 0.716669 0.472656 
526548178369900 0.475937 0.083868 0.722468 0.494459 
526548198940734 0.444681 0.096028 0.730415 0.509443 
526548219511723 0.415793 0.106346 0.738372 0.520205 
526548240082557 0.388354 0.112639 0.745621 0.529664 
526548260653339 0.355307 0.117343 0.753728 0.540261 
526548281224224 0.315858 0.123694 0.765940 0.546140 
526548301795317 0.273419 0.131429 0.779102 0.548606 
526548322366047 0.233879 0.140584 0.789479 0.549782 
526548342936775 0.209787 0.147269 0.797967 0.545481 
526548363507661 0.205267 0.149306 0.803819 0.538003 
526548384078755 0.212468 0.150034 0.804742 0.533609 
526548404649485 0.214093 0.153012 0.801820 0.536503 
526548425220474 0.212446 0.162124 0.797597 0.540759 
526548445791516 0.217985 0.177727 0.792329 0.541397 
526548466362297 0.228965 0.190565 0.788097 0.538668 
526548486933130 0.236668 0.193134 0.785897 0.537637 
526548507503702 0.228914 0.190549 0.787225 0.539969 
526548528074536 0.215496 0.186888 0.796533 0.533075 
526548548645421 0.207104 0.184447 0.807251 0.520993 
526548569216254 0.203323 0.186273 0.814568 0.510334 
526548589787036 0.205698 0.190718 0.817613 0.502816 
526548610357869 0.216688 0.194416 0.816456 0.498647 
526548630929016 0.231389 0.199246 0.809995 0.500668 
526548651499849 0.243648 0.204040 0.802452 0.505049 
526548672070525 0.250781 0.207058 0.797180 0.508665 
526548692641411 0.253730 0.207754 0.793347 0.512893 
526548713212296 0.255347 0.207755 0.791642 0.514723 
526548733783025 0.255735 0.208357 0.790986 0.515295 
526548754353911 0.253710 0.210364 0.791815 0.514205 
526548774925057 0.251269 0.212371 0.793884 0.511381 
526548795495578 0.250477 0.212236 0.795814 0.508820 
526548816066463 0.252027 0.210278 0.796491 0.507807 
526548836637348 0.254563 0.207921 0.795492 0.509077 
526548857208182 0.257137 0.205861 0.793873 0.511144 
526548877779067 0.259771 0.204535 0.792561 0.512378 
526548898349952 0.262921 0.203911 0.791598 0.512509 
526548918920838 0.266561 0.203927 0.790262 0.512684 
526548939491723 0.270024 0.204595 0.788561 0.513224 
526548960062557 0.273251 0.205493 0.787141 0.513337 
526548980633859 0.276424 0.206225 0.786092 0.512952 
526549001204275 0.279550 0.206819 0.785111 0.512522 
526549021775109 0.282568 0.207442 0.784312 0.511837 
526549042345942 0.285319 0.208001 0.783798 0.510871 
526549062916724 0.287307 0.208436 0.783431 0.510141 
526549083487557 0.288136 0.208706 0.783513 0.509438 
526549104059223 0.288338 0.208867 0.783804 0.508810 
526549124630109 0.288372 0.209035 0.784034 0.508367 
526549145200838 0.288262 0.209408 0.784074 0.508213 
526549165771723 0.288028 0.210082 0.783928 0.508294 
526549186342661 0.287707 0.210205 0.784005 0.508306 
526549206913546 0.287410 0.209976 0.784064 0.508477 
526549227484276 0.287479 0.209899 0.784137 0.508358 
526549248055161 0.287528 0.209994 0.784209 0.508180 
526549268626358 0.287602 0.210225 0.784418 0.507720 
526549289197192 0.287823 0.210486 0.784574 0.507244 
526549309767765 0.288355 0.210506 0.784543 0.506982 
526549330338598 0.288229 0.210534 0.784479 0.507141 
526549350909640 0.287338 0.211149 0.784609 0.507191 
526549371480473 0.284718 0.214086 0.784682 0.507323 
526549392051359 0.285019 0.220129 0.784973 0.504108 
526549412622140 0.288204 0.224117 0.784326 0.501541 
526549433192973 0.289898 0.223465 0.784070 0.501256 
526549453763963 0.288678 0.221315 0.784328 0.502508 
526549474334796 0.287135 0.219389 0.785406 0.502552 
526549494905786 0.286793 0.219179 0.785730 0.502334 
526549515476671 0.289178 0.219263 0.785255 0.501671 
526549536047087 0.291063 0.216710 0.784320 0.503151 
