# Created at Thu Nov 07 19:34:58 EST 2019 in Burnaby Canada 
526542027691309 5.188906 1.388049 -8.204814 
526542048261622 5.190126 1.388976 -8.203885 
526542068832299 5.190651 1.389011 -8.203547 
526542089403080 5.191488 1.390094 -8.202833 
526542109973914 5.191467 1.392236 -8.202483 
526542130544643 5.191949 1.393476 -8.201967 
526542151116413 5.191353 1.395104 -8.202068 
526542171686622 5.189634 1.397013 -8.202831 
526542192257247 5.187258 1.398827 -8.204025 
526542212827924 5.184850 1.400750 -8.205219 
526542233398549 5.183224 1.401861 -8.206057 
526542253969955 5.181972 1.402898 -8.206671 
526542274540372 5.181109 1.402839 -8.207225 
526542295111205 5.181203 1.403320 -8.207083 
526542315681830 5.180674 1.404224 -8.207262 
526542336253705 5.180181 1.403984 -8.207615 
526542356823548 5.179187 1.404233 -8.208200 
526542377394329 5.177974 1.403724 -8.209052 
526542397965111 5.176941 1.403871 -8.209678 
526542418535945 5.176164 1.403366 -8.210255 
526542439106882 5.175420 1.403576 -8.210688 
526542459677560 5.174682 1.403073 -8.211240 
526542480248497 5.173256 1.402779 -8.212188 
526542500819174 5.172176 1.403689 -8.212712 
526542521390163 5.170746 1.404519 -8.213471 
526542541960840 5.169840 1.405148 -8.213934 
526542562531934 5.169782 1.405816 -8.213856 
526542583102975 5.169634 1.407138 -8.213722 
526542603673185 5.169847 1.408300 -8.213389 
526542624244070 5.169683 1.409275 -8.213326 
526542644814902 5.169413 1.410236 -8.213330 
526542665385633 5.169744 1.410986 -8.212993 
526542685956362 5.169427 1.411587 -8.213089 
526542706527246 5.169504 1.411662 -8.213028 
526542727098079 5.169231 1.412036 -8.213135 
526542747669174 5.168861 1.411917 -8.213388 
526542768240111 5.168092 1.411924 -8.213872 
526542788812715 5.167868 1.411523 -8.214082 
526542809383549 5.167248 1.411708 -8.214439 
526542829952350 5.166907 1.412504 -8.214517 
526542850523444 5.166162 1.412781 -8.214937 
526542871095007 5.165952 1.413224 -8.214994 
526542891665320 5.165970 1.413638 -8.214911 
526542912235840 5.165673 1.413415 -8.215137 
526542932806257 5.165343 1.413250 -8.215373 
526542953376934 5.165347 1.413722 -8.215289 
526542973947715 5.164353 1.414056 -8.215856 
526542994518601 5.163275 1.414557 -8.216449 
526543015089643 5.161625 1.415086 -8.217393 
526543035660267 5.160120 1.415978 -8.218185 
526543056231569 5.152005 1.419333 -8.222696 
526543076802611 5.140212 1.426265 -8.228874 
526543097373913 5.119244 1.433525 -8.240676 
526543117944277 5.077188 1.440892 -8.265371 
526543138515214 5.027653 1.446628 -8.294599 
526543159085840 5.001072 1.474236 -8.305799 
526543179656465 4.979829 1.525605 -8.309285 
526543200227142 4.966166 1.593810 -8.304659 
526543220798497 4.909817 1.662444 -8.324684 
526543241369486 4.838023 1.716060 -8.355780 
526543261940631 4.774693 1.759427 -8.383144 
526543282511048 4.718490 1.793293 -8.407755 
526543303082664 4.678924 1.831739 -8.421567 
526543323654538 4.649588 1.866547 -8.430167 
526543344222975 4.627580 1.893636 -8.436234 
526543364795112 4.617190 1.908699 -8.438531 
526543385364174 4.620615 1.917701 -8.434615 
526543405934902 4.632173 1.924710 -8.426676 
526543426505632 4.640420 1.926571 -8.421711 
526543447076517 4.656915 1.924813 -8.413003 
526543467648340 4.674163 1.930416 -8.402147 
526543488219382 4.681551 1.947687 -8.394043 
526543508789330 4.682141 1.979030 -8.386380 
526543529359850 4.683575 2.007386 -8.378838 
526543549930736 4.702529 2.008645 -8.367913 
526543570501517 4.742798 1.996689 -8.348022 
526543591072559 4.791594 1.967247 -8.327123 
526543611643287 4.827722 1.914325 -8.318585 
526543632214382 4.866085 1.838261 -8.313386 
526543652784694 4.914410 1.751153 -8.303759 
526543673355475 4.963578 1.653932 -8.294443 
526543693926570 5.019789 1.559384 -8.278913 
526543714497142 5.074783 1.490351 -8.258076 
526543735067975 5.135116 1.435689 -8.230417 
526543755638809 5.178254 1.374259 -8.213859 
526543776211517 5.235898 1.306151 -8.188391 
526543796782194 5.300848 1.213628 -8.160790 
526543817353028 5.377369 1.107123 -8.125797 
526543837923965 5.457139 1.011750 -8.084949 
526543858493600 5.539849 0.928502 -8.038553 
526543879064173 5.626724 0.833863 -7.988431 
526543899634590 5.704049 0.719010 -7.944636 
526543920205319 5.784019 0.575127 -7.898401 
526543940776308 5.883043 0.449344 -7.833153 
526543961347143 6.023469 0.285978 -7.733461 
526543981918339 6.140884 0.120124 -7.644966 
526544002488704 6.275918 -0.036858 -7.535375 
526544023059747 6.439961 -0.200911 -7.393032 
526544043630423 6.614977 -0.382986 -7.229509 
526544064202194 6.770377 -0.564368 -7.072049 
526544084771934 6.854712 -0.759851 -6.971797 
526544105342871 6.919080 -0.960105 -6.882944 
526544125913496 6.898281 -1.107219 -6.881728 
526544146484902 6.853854 -1.240129 -6.903418 
526544167055736 6.827341 -1.321195 -6.914640 
526544187627246 6.810308 -1.399123 -6.916107 
526544208198652 6.780189 -1.475000 -6.929920 
526544228768808 6.774312 -1.552481 -6.918735 
526544249339485 6.772494 -1.637297 -6.900941 
526544269910111 6.750824 -1.685915 -6.910460 
526544290481361 6.760729 -1.743910 -6.886342 
526544311052350 6.788055 -1.791696 -6.847082 
526544331622871 6.816956 -1.830987 -6.807861 
526544352193235 6.834503 -1.871914 -6.779078 
526544372763704 6.829907 -1.904157 -6.774729 
526544393334590 6.599505 -1.788952 -7.029692 
526544413905215 6.706653 -1.733410 -6.941649 
526544434476569 6.777129 -1.659640 -6.891045 
526544455047038 6.879943 -1.408751 -6.844867 
526544475617767 7.025414 -1.138766 -6.746641 
526544496188495 7.102361 -1.033345 -6.682744 
526544516759382 7.153255 -0.934200 -6.642936 
526544537330214 7.272996 -0.694350 -6.541542 
526544557901047 7.386446 -0.560988 -6.426206 
526544578472246 7.407636 -0.547576 -6.402928 
526544599042715 7.474409 -0.398984 -6.335962 
526544619615579 7.695950 -0.120713 -6.076855 
526544640186099 7.753513 0.225920 -6.000198 
526544660756152 7.704046 0.531697 -6.044449 
526544681325371 7.800467 0.614533 -5.911469 
526544701898965 7.698038 0.530168 -6.052233 
526544722469798 7.545374 0.432778 -6.249034 
526544743040631 7.469228 0.306398 -6.347215 
526544763611101 7.549850 0.045442 -6.258441 
526544784181933 7.583223 -0.024744 -6.218078 
526544804751881 7.611162 -0.031035 -6.183821 
526544825323913 7.649985 -0.085744 -6.135206 
526544845894277 7.701040 -0.123781 -6.070342 
526544866464172 7.712783 -0.116805 -6.055553 
526544887035267 7.730803 -0.045794 -6.033487 
526544907605996 7.760575 0.116545 -5.994188 
526544928176881 7.758428 0.314587 -5.989842 
526544948747558 7.759467 0.543190 -5.972102 
526544969319121 7.727798 0.822258 -5.981255 
526544989888965 7.673999 1.089956 -6.007672 
526545010459850 7.612771 1.307586 -6.042046 
526545031031569 7.572574 1.429623 -6.064874 
526545051602454 7.535774 1.395293 -6.118468 
526545072173340 7.553451 1.312645 -6.114959 
526545092743392 7.560943 1.215669 -6.125738 
526545113314120 7.520691 1.126910 -6.191903 
526545133885319 7.472500 1.043927 -6.264371 
526545154456048 7.428101 0.978657 -6.327396 
526545175026204 7.362312 0.936571 -6.410116 
526545195597038 7.335028 0.887845 -6.448216 
526545216169537 7.301553 0.803011 -6.497145 
526545236739016 7.270193 0.727080 -6.541104 
526545257311361 7.250599 0.684864 -6.567355 
526545277881672 7.270131 0.638497 -6.550413 
526545298453078 7.280795 0.572598 -6.544659 
526545319023913 7.315084 0.502400 -6.512107 
526545339595006 7.381268 0.409408 -6.443575 
526545360165371 7.415706 0.259550 -6.411734 
526545380735267 7.391393 0.050969 -6.444773 
526545401305943 7.399613 -0.206334 -6.432226 
526545421876621 7.474036 -0.238235 -6.344479 
526545442447715 7.561942 -0.149030 -6.242211 
526545463019121 7.614673 -0.024998 -6.179524 
526545483589746 7.704695 0.104750 -6.066059 
526545504160526 7.808357 0.172236 -5.930456 
526545524731204 7.927265 0.106536 -5.772133 
526545545302402 8.011854 0.001498 -5.655138 
526545565872923 8.033604 -0.099250 -5.623321 
526545586443860 8.003383 -0.287270 -5.659835 
526545607014589 7.947137 -0.698179 -5.703151 
526545627585787 7.763787 -1.253336 -5.858597 
526545648156152 7.539007 -1.434928 -6.105306 
526545668727038 7.433684 -1.551418 -6.205146 
526545689297870 7.361840 -1.556474 -6.288965 
526545709868912 7.371724 -1.389373 -6.316463 
526545730439589 7.438977 -1.125852 -6.290029 
526545751010891 7.609350 -0.729056 -6.143017 
526545771581361 7.757071 -0.312826 -5.991693 
526545792152662 7.732748 0.042424 -6.031020 
526545812723235 7.674932 0.205036 -6.101128 
526545833293860 7.555804 0.157302 -6.249438 
526545853864590 7.534717 0.070072 -6.276425 
526545874435474 7.583776 0.164203 -6.215285 
526545895006517 7.567481 0.327699 -6.228662 
526545915577245 7.588721 0.475206 -6.193213 
526545936147974 7.634710 0.594076 -6.126064 
526545956718860 7.716265 0.701009 -6.011508 
526545977289954 7.772602 0.742869 -5.933396 
526545997860787 7.899004 0.814371 -5.754384 
526546018431568 8.026023 0.908440 -5.561304 
526546039002349 8.106012 0.993828 -5.429113 
526546059572714 8.149470 1.046313 -5.353667 
526546080143339 8.177197 1.097279 -5.300927 
526546100714381 8.171482 1.087270 -5.311790 
526546121285162 8.170444 0.982398 -5.333770 
526546141855995 8.131227 0.771893 -5.427497 
526546162426724 8.086155 0.539361 -5.522098 
526546182997767 8.054482 0.429715 -5.577727 
526546203568547 8.037673 0.395167 -5.604465 
526546224139745 8.007374 0.279589 -5.654572 
526546244710163 7.935843 0.038037 -5.761192 
526546265281099 7.893918 -0.184448 -5.815704 
526546285851934 7.807608 -0.366889 -5.922587 
526546306422871 7.695171 -0.491540 -6.059134 
526546326993756 7.603382 -0.566427 -6.167506 
526546347564381 7.571935 -0.523504 -6.209841 
526546368135266 7.540738 -0.446566 -6.253657 
526546388706360 7.460142 -0.413026 -6.351856 
526546409276881 7.443398 -0.447309 -6.369154 
526546429847870 7.481042 -0.491479 -6.321618 
526546450418443 7.475945 -0.471002 -6.329200 
526546470989485 7.422091 -0.374263 -6.398661 
526546491560422 7.313702 -0.353218 -6.523450 
526546512131412 7.265846 -0.451692 -6.570681 
526546532702037 7.233485 -0.442674 -6.606899 
526546553273027 7.234102 -0.382251 -6.609996 
526546573843651 7.268276 -0.290544 -6.577092 
526546594414589 7.319921 -0.127276 -6.524794 
526546614985839 7.355145 0.084136 -6.485763 
526546635556204 7.376441 0.305047 -6.454879 
526546656127558 7.397405 0.543579 -6.415084 
526546676697818 7.412750 0.735370 -6.378147 
526546697268808 7.419291 0.890244 -6.350745 
526546717839745 7.420975 1.026200 -6.328225 
526546738410578 7.449571 1.086287 -6.284447 
526546758981412 7.518237 1.104238 -6.198965 
526546779552246 7.567907 0.965679 -6.161545 
526546800123026 7.554205 0.756328 -6.207443 
526546820693860 7.471473 0.554493 -6.327718 
526546841264693 7.474717 0.275141 -6.342184 
526546861835682 7.470536 -0.022051 -6.353030 
526546882406672 7.435946 -0.362738 -6.383221 
526546902977193 7.366417 -0.806597 -6.423058 
526546923548547 7.299211 -1.182754 -6.441507 
526546944118965 7.235816 -1.411702 -6.466873 
526546964689693 7.217957 -1.490237 -6.469211 
526546985260735 7.177768 -1.549227 -6.499995 
526547005831464 7.109864 -1.642942 -6.551409 
526547026402349 7.049865 -1.724242 -6.595209 
526547046973026 6.995647 -1.770585 -6.640507 
526547067544277 7.006367 -1.745529 -6.635838 
526547088115005 7.003422 -1.664957 -6.659609 
526547108685578 7.007666 -1.586984 -6.674166 
526547129256464 7.034018 -1.488689 -6.669093 
526547149827401 7.093791 -1.445855 -6.614984 
526547170398183 7.134380 -1.432644 -6.574080 
526547190969068 7.165127 -1.443056 -6.538267 
526547211539901 7.188594 -1.479171 -6.504350 
526547232110891 7.207221 -1.511733 -6.476188 
526547252681568 7.251360 -1.599783 -6.405379 
526547273251724 7.312755 -1.732159 -6.300288 
526547293823235 7.349184 -1.833206 -6.228903 
526547314394068 7.372028 -1.944574 -6.167838 
526547334965057 7.397581 -2.085767 -6.090629 
526547355535735 7.418798 -2.205107 -6.022401 
526547376106619 7.416193 -2.315607 -5.984016 
526547396677609 7.421169 -2.412559 -5.939377 
526547417248599 7.460587 -2.483371 -5.860281 
526547437819172 7.523851 -2.556178 -5.747000 
526547458390996 7.597304 -2.655952 -5.603328 
526547478960891 7.633432 -2.694410 -5.535453 
526547499531932 7.613189 -2.771575 -5.525225 
526547520102714 7.609655 -2.807962 -5.511704 
526547540674224 7.581421 -2.857663 -5.525053 
526547561244379 7.419835 -3.243059 -5.531635 
526547581815317 7.306600 -3.830903 -5.301714 
526547602386099 7.200062 -4.148491 -5.207640 
526547622957037 7.096245 -4.267438 -5.253822 
526547643527765 6.718110 -4.587138 -5.476818 
526547664098703 6.412769 -5.034309 -5.450000 
526547684669381 6.236454 -5.338686 -5.364277 
526547705240370 6.301552 -5.634687 -4.971029 
526547725811306 6.433533 -5.951135 -4.400457 
526547746382193 6.582751 -6.231706 -3.742142 
526547766953026 6.766545 -6.343429 -3.185147 
526547787523860 6.806427 -6.702545 -2.217838 
526547808094536 6.981450 -6.695562 -1.612200 
526547828665787 7.347301 -6.327562 -1.466115 
526547849236360 7.853369 -5.687387 -1.465815 
526547869807088 8.413728 -4.831003 -1.428632 
526547890377973 8.922847 -3.831294 -1.369082 
526547910948964 9.330406 -2.763860 -1.214490 
526547931519797 9.624844 -1.618852 -0.955035 
526547952090734 9.780778 -0.341033 -0.624872 
526547972661516 9.745879 1.049512 -0.294526 
526547993232192 9.527756 2.321173 0.066405 
526548013803234 9.234542 3.224676 0.703622 
526548034373911 8.928451 3.736601 1.578278 
526548054945213 8.584855 4.066926 2.435316 
526548075515787 8.205556 4.416903 3.054537 
526548096086723 7.829875 4.813897 3.419044 
526548116656723 7.433991 5.206045 3.715275 
526548137228442 6.980755 5.523887 4.114136 
526548157799119 6.467960 5.720617 4.648701 
526548178370265 5.930670 5.804039 5.225963 
526548198940734 5.410934 5.818859 5.747440 
526548219511880 4.936435 5.782400 6.194017 
526548240082557 4.509172 5.681641 6.599750 
526548260653443 4.009127 5.499629 7.060551 
526548281224224 3.420049 5.241559 7.549817 
526548301795110 2.763872 4.950319 8.001608 
526548322366047 2.105520 4.698763 8.346184 
526548342937088 1.707740 4.549310 8.518086 
526548363507661 1.660670 4.519878 8.543024 
526548384078546 1.783291 4.591735 8.479754 
526548404649485 1.756812 4.659137 8.448458 
526548425220474 1.603900 4.789415 8.405914 
526548445791516 1.500319 5.076603 8.255151 
526548466362088 1.525825 5.364632 8.066162 
526548486933130 1.611448 5.472603 7.976481 
526548507503754 1.516431 5.366427 8.066740 
526548528074536 1.412639 5.172779 8.210797 
526548548645265 1.394291 5.036586 8.298140 
526548569216254 1.383901 5.011095 8.315296 
526548589787193 1.417757 5.086940 8.263377 
526548610357869 1.568487 5.232496 8.144399 
526548630928912 1.719456 5.437539 7.977909 
526548651499849 1.813556 5.624818 7.825778 
526548672071306 1.855308 5.739362 7.732267 
526548692641359 1.858166 5.785095 7.697420 
526548713212296 1.867327 5.803577 7.681273 
526548733783181 1.861648 5.817036 7.672467 
526548754353911 1.818569 5.825703 7.676221 
526548774925057 1.782384 5.826956 7.683754 
526548795495578 1.791538 5.812355 7.692679 
526548816067452 1.842798 5.795045 7.693629 
526548836637348 1.895723 5.785750 7.687765 
526548857208286 1.939950 5.783206 7.678640 
526548877779067 1.982613 5.789990 7.662612 
526548898350108 2.032361 5.808776 7.635314 
526548918920838 2.081030 5.841185 7.597384 
526548939491879 2.116808 5.882390 7.555593 
526548960062557 2.149621 5.923647 7.513982 
526548980633859 2.187107 5.960567 7.473860 
526549001204275 2.225682 5.994833 7.434965 
526549021775682 2.264263 6.027718 7.396628 
526549042345942 2.302027 6.056436 7.361429 
526549062916828 2.329149 6.077431 7.335549 
526549083487557 2.342527 6.086223 7.323990 
526549104059119 2.348244 6.088356 7.320386 
526549124630109 2.350197 6.089715 7.318628 
526549145201463 2.345650 6.093656 7.316808 
526549165771723 2.334170 6.101537 7.313911 
526549186342765 2.328399 6.100611 7.316521 
526549206913546 2.325748 6.095346 7.321752 
526549227484484 2.328480 6.094470 7.321612 
526549248055161 2.329421 6.095722 7.320271 
526549268626619 2.331320 6.098272 7.317541 
526549289197192 2.334977 6.102458 7.312883 
526549309767712 2.343865 6.106443 7.306711 
526549330338598 2.340634 6.106253 7.307906 
526549350909588 2.321332 6.107666 7.312881 
526549371480473 2.251652 6.127847 7.317782 
526549392051255 2.211670 6.207128 7.262952 
526549412622088 2.228891 6.282666 7.192395 
526549433192973 2.261168 6.286551 7.178913 
526549453764067 2.259568 6.249714 7.211506 
526549474334796 2.260700 6.209764 7.245582 
526549494905891 2.260251 6.203309 7.251249 
526549515476671 2.296326 6.222317 7.223576 
526549536047244 2.338856 6.206015 7.223954 
