# Created at Thu Nov 07 19:34:58 EST 2019 in Burnaby Canada 
526542037975945 -0.001527 0.007330 0.008552 
526542058547038 -0.001527 0.001833 0.012523 
526542079117924 -0.003360 0.000305 0.017104 
526542099688497 -0.005803 -0.003360 0.017715 
526542120259694 -0.004887 -0.009468 0.022907 
526542140830060 -0.002749 -0.012523 0.025045 
526542161401830 -0.001527 -0.013439 0.026267 
526542181972039 -0.000305 -0.013744 0.023824 
526542202543235 0.000611 -0.011301 0.022602 
526542223113393 0.002749 -0.009163 0.019853 
526542243683966 0.001527 -0.006414 0.019853 
526542264255163 0.005192 -0.006720 0.018631 
526542284825789 0.006720 -0.005192 0.013744 
526542305397403 0.005803 -0.001833 0.011301 
526542325967194 0.008858 -0.001527 0.009468 
526542346539122 0.006414 -0.003971 0.011301 
526542367108913 0.003971 -0.005192 0.015272 
526542387679903 0.002138 -0.006109 0.017715 
526542408250527 0.000305 -0.004887 0.020159 
526542428821779 -0.001833 -0.005498 0.021075 
526542449392299 -0.000916 -0.003971 0.022907 
526542469963236 -0.001222 -0.006720 0.022907 
526542490533914 -0.003360 -0.005498 0.021686 
526542511104799 -0.001833 -0.007025 0.020769 
526542531675579 -0.002138 -0.005803 0.020159 
526542552246360 -0.001833 -0.004581 0.022297 
526542572817351 -0.001527 -0.004581 0.018631 
526542593387871 -0.001833 -0.003360 0.020159 
526542613958601 -0.000305 -0.002749 0.018326 
526542634529591 0.001833 -0.004581 0.020159 
526542655100319 0.000000 -0.002443 0.019548 
526542675671413 -0.000611 -0.007636 0.021380 
526542696241779 -0.001222 -0.007025 0.022602 
526542716812767 0.000000 -0.006109 0.021075 
526542737383496 0.000305 -0.006720 0.020769 
526542757954590 0.000000 -0.008858 0.021991 
526542778525528 0.000611 -0.008858 0.021686 
526542799096621 0.000916 -0.007636 0.020464 
526542819668965 -0.000611 -0.005498 0.019242 
526542840237767 0.000916 -0.005803 0.018326 
526542860808861 0.000916 -0.007025 0.020464 
526542881381204 0.002443 -0.006109 0.019242 
526542901950736 0.002138 -0.007941 0.017715 
526542922521830 0.003054 -0.007941 0.015882 
526542943091882 0.000916 -0.005498 0.015882 
526542963662350 0.003054 -0.005498 0.014966 
526542984233185 0.003971 -0.008247 0.010996 
526543004804018 0.005498 -0.010690 0.009468 
526543025374902 0.009774 -0.010079 0.003360 
526543045945684 -0.000611 -0.021380 -0.007941 
526543066518705 -0.017104 -0.047342 -0.039401 
526543087087975 -0.022907 -0.068111 -0.091935 
526543107660319 -0.039401 -0.124922 -0.108734 
526543128229642 -0.041233 -0.212886 -0.081856 
526543148800996 0.003360 -0.216857 -0.113926 
526543169371256 -0.048258 -0.188452 -0.230907 
526543189942142 -0.113010 -0.208305 -0.343001 
526543210512559 -0.126754 -0.245262 -0.453567 
526543231084642 -0.081245 -0.313984 -0.462119 
526543251654903 -0.059254 -0.340863 -0.375682 
526543272228705 -0.043066 -0.281609 -0.296269 
526543292796465 -0.045509 -0.222355 -0.284358 
526543313368184 -0.052534 -0.124311 -0.280692 
526543333939955 -0.026573 -0.089186 -0.278249 
526543354508965 0.030238 -0.030238 -0.264504 
526543375080528 0.076053 0.040623 -0.240070 
526543395649746 0.082467 0.109956 -0.219911 
526543416220319 0.137445 0.107512 -0.295353 
526543436791204 0.143553 0.150578 -0.203113 
526543457361882 0.116064 0.149662 -0.186619 
526543477933131 0.065973 0.122784 -0.215330 
526543498504798 0.022602 0.076664 -0.259618 
526543519074746 -0.075442 0.045815 -0.217773 
526543539645267 0.010690 0.085826 -0.156381 
526543560216153 0.100182 0.186008 -0.059254 
526543580786881 0.140193 0.290772 -0.008858 
526543601357976 0.248622 0.235183 0.005498 
526543621928704 0.385456 0.187230 0.024435 
526543642500163 0.491441 0.240681 0.011912 
526543663070372 0.571464 0.290466 -0.017715 
526543683640892 0.587041 0.306960 -0.027183 
526543704211934 0.552222 0.336281 -0.074220 
526543724782559 0.411112 0.361632 -0.125838 
526543745353548 0.424856 0.339335 -0.124311 
526543765924225 0.437074 0.309403 -0.102931 
526543786497768 0.480140 0.360716 -0.023213 
526543807067611 0.500604 0.427911 0.184176 
526543827638653 0.443182 0.447458 0.272446 
526543848209381 0.430049 0.419969 0.189673 
526543868778861 0.486248 0.479529 0.108123 
526543889349590 0.527787 0.477085 0.198531 
526543909920110 0.575740 0.488692 0.355523 
526543930490736 0.606589 0.327729 0.292910 
526543951061777 0.699746 1.049771 0.403476 
526543971632559 0.649349 0.667064 0.483194 
526543992203756 0.735481 0.806341 0.348193 
526544012774121 0.711352 0.942564 0.421191 
526544033345110 0.742812 1.091004 0.474642 
526544053915840 0.715323 1.249829 0.520151 
526544074487611 0.549778 0.849102 0.738535 
526544095057350 0.493884 0.554665 0.938288 
526544115628548 0.341168 0.390037 0.865901 
526544136198861 0.153632 -0.209527 0.810617 
526544156770111 0.070249 -0.112094 0.614835 
526544177341153 -0.056810 -0.050396 0.581543 
526544197912923 -0.049785 0.004887 0.646906 
526544218484068 -0.134085 -0.079107 0.671951 
526544239053340 0.029627 0.165239 0.639270 
526544259624902 0.038179 -0.080329 0.426994 
526544280195892 -0.011301 0.076053 0.458149 
526544300766778 0.013134 0.200058 0.370795 
526544321338183 0.075136 0.271835 0.299324 
526544341908287 0.093157 0.214719 0.215635 
526544362478497 0.205556 0.090713 0.104763 
526544383049226 -0.377820 -1.233947 0.037874 
526544403620006 -0.437379 -0.144469 -0.134390 
526544424190840 0.091019 0.577878 -0.445626 
526544444761986 -0.043066 0.225409 -1.007927 
526544465332454 -0.442571 0.726013 -1.767843 
526544485903236 -0.373544 0.591317 -1.239139 
526544506473965 0.242513 0.322842 -0.431576 
526544527044798 -0.470366 0.441044 -0.653931 
526544547615736 -1.052825 1.176831 -0.792597 
526544568186412 -0.265726 0.383623 0.190590 
526544588758131 -0.535423 0.091324 0.158214 
526544609328079 -0.522595 1.132238 -0.951422 
526544629900527 -0.740979 1.664606 -1.875049 
526544650471568 -0.923322 -0.577267 -1.050382 
526544671041361 -0.784350 0.546418 -1.132849 
526544691610840 0.135307 0.082161 0.306349 
526544712184120 -0.431576 -1.325882 0.842993 
526544732755215 -0.310625 -1.116050 1.116355 
526544753325632 0.288939 0.137750 1.279456 
526544773896517 0.427605 0.324675 0.979216 
526544794466413 -0.045815 0.201585 0.063835 
526544815037298 0.189368 0.258396 -0.026878 
526544835609329 0.412334 0.298713 -0.032070 
526544856179694 0.494495 0.293215 -0.324064 
526544876749798 0.147829 -0.003665 -0.354302 
526544897320683 -0.188146 0.291993 -0.615446 
526544917892402 -0.520762 0.127060 -0.799622 
526544938462298 -0.557719 0.038484 -0.885143 
526544959033704 -0.554054 -0.030849 -1.224173 
526544979604538 -0.266642 -0.169210 -1.566868 
526545000174694 0.081856 -0.255952 -1.647808 
526545020745266 0.442571 -0.116981 -1.506392 
526545041316152 0.668286 -0.110261 -0.828943 
526545061887871 0.756861 -0.026878 -0.123089 
526545082459433 0.704022 0.190590 0.066279 
526545103028549 0.571769 -0.178373 0.138361 
526545123599589 0.495106 -0.420580 0.160963 
526545144170735 0.459676 -0.347582 0.103847 
526545164741465 0.305432 -0.504880 0.091019 
526545185311777 0.281303 -0.351247 0.021380 
526545205882454 0.327729 -0.207083 0.205861 
526545226454954 0.146608 -0.285579 0.451734 
526545247024433 -0.076664 -0.290161 0.461814 
526545267596568 -0.040623 0.009774 0.317650 
526545288167089 0.033903 0.082467 0.355523 
526545308739224 0.003971 0.047342 0.452651 
526545329309329 -0.086437 0.377820 0.568715 
526545349880111 -0.030543 0.374766 0.789237 
526545370450787 -0.002443 -0.014966 1.149342 
526545391021830 -0.220217 -0.102931 1.742492 
526545411591360 -0.988074 0.461814 1.936136 
526545432162819 -1.069624 0.597120 0.590095 
526545452733184 -0.493579 0.437074 -0.223271 
526545473304538 -0.353996 0.521984 -0.551305 
526545493875162 -0.253814 0.793208 -0.469755 
526545514445736 0.053756 0.951422 -0.007025 
526545535016673 0.368046 0.911716 0.384845 
526545555587402 0.296575 0.480445 0.430660 
526545576158340 0.306960 -0.042455 0.582765 
526545596730683 0.314595 -0.264199 1.453247 
526545617300005 0.681725 -0.666453 2.802036 
526545637871308 0.605978 -1.475238 1.742797 
526545658441569 0.354912 -1.203098 0.717155 
526545679012767 0.232434 -0.683863 0.374155 
526545699583287 -0.003665 -0.286496 -0.455400 
526545720154172 -0.221744 -0.045815 -1.103833 
526545740725006 -0.084299 0.406530 -1.936747 
526545761296308 0.085216 1.094670 -2.744921 
526545781866777 0.518319 0.355218 -2.884198 
526545802438131 0.331700 -0.594677 -2.054949 
526545823008495 -0.123395 -0.399811 -0.322842 
526545843579276 -0.084605 -0.672868 0.566272 
526545864150214 0.014050 0.313374 0.058032 
526545884720943 -0.244040 0.008247 -0.643546 
526545905291932 -0.235183 0.008858 -0.762359 
526545925862662 -0.013744 0.293826 -0.828027 
526545946433704 -0.068722 0.620028 -0.638048 
526545967004329 -0.208916 0.773966 -0.369268 
526545987575578 -0.090713 0.492968 -0.234572 
526546008146203 -0.098960 1.327714 -0.363465 
526546028716882 0.014355 1.015257 -0.527482 
526546049287766 -0.062614 0.609948 -0.383012 
526546069858234 -0.211970 0.346055 -0.155465 
526546090428756 -0.278249 0.191201 -0.026573 
526546111000319 -0.430965 -0.133474 0.622777 
526546131570578 -0.296575 -0.246178 1.155451 
526546152141412 -0.165239 -0.736397 1.510363 
526546172712193 -0.321620 -0.375682 1.239139 
526546193283026 -0.220217 -0.461814 0.639881 
526546213853964 -0.168904 -0.179289 0.433714 
526546234424953 0.102320 -0.457232 1.077871 
526546254995579 0.327424 -0.589790 1.243110 
526546275566516 0.359188 -0.478002 0.934318 
526546296137350 0.420275 -0.901331 0.587041 
526546316708548 0.328034 -0.916602 0.397978 
526546337279173 0.038179 -0.406530 -0.000611 
526546357849849 -0.062919 -0.351553 -0.364075 
526546378420735 0.332921 -0.488386 -0.724486 
526546398991777 0.489608 -0.528703 -0.433103 
526546419562297 0.718071 0.146608 -0.279776 
526546440133391 0.575129 0.137750 -0.335059 
526546460703860 -0.021991 -0.146608 -0.330478 
526546481281307 -0.360105 -0.804203 -0.250760 
526546501845839 -0.131336 -0.461508 0.425162 
526546522416881 -0.100793 -0.331394 0.503353 
526546542987453 -0.188146 -0.172569 -0.051924 
526546563558444 -0.082467 0.142637 -0.324980 
526546584129120 -0.105985 0.243124 -0.683863 
526546604700005 0.093462 0.250455 -1.374751 
526546625271568 0.131030 0.188757 -1.507309 
526546645841620 0.025351 0.255341 -1.546404 
526546666412975 0.105985 0.299018 -1.533270 
526546686983235 0.227853 0.224187 -1.329547 
526546707554484 0.222966 0.254425 -1.151785 
526546728125162 0.145080 0.226325 -0.779769 
526546748696620 0.126449 0.447764 -0.317344 
526546769266828 0.176540 0.608116 0.033292 
526546789837662 0.368962 0.000611 0.929431 
526546810408495 0.119729 -0.653625 1.407127 
526546830979276 -0.157603 -0.353080 1.587332 
526546851550110 -0.055589 -0.047953 2.017075 
526546872121620 -0.243430 -0.060781 2.134056 
526546892692088 -0.412334 -0.186314 2.929707 
526546913262610 -0.387594 -0.154854 3.101971 
526546933833964 -0.385761 -0.115148 2.401004 
526546954404693 -0.267864 -0.226020 1.292284 
526546974975110 -0.152716 -0.135612 0.520151 
526546995546151 -0.063530 -0.361937 0.553749 
526547016116880 0.115453 -0.393091 0.474031 
526547036688131 0.079107 -0.357356 0.330783 
526547057258443 -0.085826 -0.114843 0.198836 
526547077829380 -0.284968 0.007330 -0.170737 
526547098400422 -0.235488 -0.109956 -0.339030 
526547118971619 -0.104458 -0.036652 -0.507629 
526547139541881 -0.048869 0.295964 -0.317650 
526547160112922 0.024435 0.284663 -0.127060 
526547180683599 0.089797 0.248927 -0.114537 
526547201254797 0.137445 0.167682 0.108123 
526547221825318 0.112399 0.185703 0.137750 
526547242396568 0.227853 0.222355 0.156687 
526547262966985 0.218995 0.605978 0.591622 
526547283537141 0.100793 0.585514 0.663094 
526547304108911 -0.032070 0.412639 0.705243 
526547324679485 0.042761 0.429132 0.809090 
526547345250942 0.240375 0.448680 0.749531 
526547365821151 0.277333 0.224187 0.525954 
526547386392246 0.191201 0.187230 0.525649 
526547406963078 0.060476 0.354912 0.482889 
526547427534016 0.015272 0.622166 0.456011 
526547448104589 0.030849 0.855821 0.549167 
526547468676098 -0.029627 0.697608 0.436157 
526547489246308 0.177151 0.134085 0.234267 
526547509817297 0.510072 -0.155771 0.131947 
526547530388130 0.662483 -0.171653 -0.419664 
526547550959016 1.227533 -0.929431 0.153327 
526547571529796 0.801454 0.807258 2.652375 
526547592100786 1.671020 0.120340 2.218966 
526547612671516 1.783114 -0.551916 0.061086 
526547633242505 1.962097 -2.676504 -0.182343 
526547653813182 3.282176 -2.628245 0.422108 
526547674384016 3.164279 -2.267224 0.099571 
526547694954797 2.800204 -0.590706 -0.137445 
526547715525786 2.600757 1.110857 -0.064141 
526547736096723 3.768730 1.862832 0.144775 
526547756667557 2.466977 1.044273 -0.581543 
526547777238443 5.849946 0.998764 -0.608727 
526547797809276 6.559160 -0.926682 -0.655458 
526547818379953 4.691135 -1.718362 -2.400393 
526547838951203 2.129169 -1.506698 -3.631591 
526547859521776 0.456621 -0.020769 -4.563465 
526547880092974 -0.849713 0.926682 -5.122712 
526547900663390 -1.945299 1.551596 -5.261989 
526547921234380 -2.795928 2.040594 -5.278788 
526547941805266 -3.521635 2.149022 -5.663327 
526547962376046 -3.836841 1.839619 -6.407971 
526547982946931 -3.720777 1.173166 -6.749139 
526548003517661 -3.230558 1.611767 -5.764730 
526548024088703 -2.138332 3.217424 -3.869523 
526548044659328 -1.285565 4.229016 -2.379013 
526548065230734 -1.092226 3.717723 -2.151160 
526548085801203 -1.335961 2.152993 -2.747364 
526548106372401 -1.470351 1.037554 -3.149313 
526548126942140 -1.260825 1.325271 -3.003927 
526548147514380 -1.310610 2.194837 -2.629162 
526548168084536 -1.427591 3.035692 -2.043343 
526548188655369 -1.302669 3.264156 -1.526245 
526548209226150 -1.296255 2.986212 -1.254105 
526548229797714 -1.334739 2.498742 -1.050382 
526548250367973 -1.459356 2.712545 -0.679282 
526548270938859 -1.656054 3.584554 -0.252593 
526548291509641 -1.905592 3.881129 -0.201585 
526548312080630 -1.793193 4.032318 -0.304516 
526548332651464 -1.196378 3.279122 -0.046731 
526548353222140 -0.464563 1.343902 0.190590 
526548373793077 0.171958 -0.406530 0.101709 
526548394364276 0.424246 -0.538783 -0.269697 
526548414934901 0.369268 0.386983 -0.508239 
526548435505995 1.174998 0.565050 -0.534812 
526548456076985 1.803273 0.103542 -0.359494 
526548476647609 1.217148 -0.607505 -0.118508 
526548497218599 0.043982 0.350025 0.413861 
526548517789275 -0.824973 1.502116 1.032972 
526548538359952 -0.836274 1.181718 1.202793 
526548558931307 -0.350331 0.668591 0.906523 
526548579501671 0.232129 0.339641 0.368657 
526548600072974 0.624304 -0.576351 -0.087048 
526548620643338 0.997847 -1.259908 -0.390343 
526548641214379 1.201265 -1.037554 -0.426384 
526548661785266 0.865901 -0.747393 -0.410501 
526548682356151 0.398284 -0.356440 -0.358883 
526548702926775 0.134085 -0.137139 -0.111177 
526548723497713 0.120951 -0.041844 0.062003 
526548744068702 0.119119 0.295048 0.211665 
526548764639328 0.072082 0.417831 0.171958 
526548785210213 -0.047037 0.180511 0.107512 
526548805780994 -0.137139 -0.195171 0.029016 
526548826352921 -0.122784 -0.412334 -0.084910 
526548846922765 -0.054367 -0.382401 -0.084605 
526548867493755 0.015882 -0.292910 -0.008552 
526548888064484 0.097127 -0.294742 0.035430 
526548908635629 0.162490 -0.339030 -0.007025 
526548929206255 0.241597 -0.307876 -0.025656 
526548949777192 0.276416 -0.227853 -0.009774 
526548970347973 0.257479 -0.228463 0.025962 
526548990919276 0.249233 -0.227242 0.048564 
526549011489744 0.242819 -0.206167 0.083688 
526549032061098 0.233656 -0.196088 0.099876 
526549052631359 0.197309 -0.145080 0.097738 
526549073202296 0.124922 -0.061697 0.100487 
526549093773026 0.042150 -0.005192 0.066890 
526549114344379 0.013744 0.007636 0.043982 
526549134915525 0.012217 0.007636 0.014355 
526549155487192 0.036346 0.040623 -0.024129 
526549176057140 0.016799 0.032070 -0.028100 
526549196628391 -0.038484 0.012828 0.000000 
526549217198963 -0.015882 -0.001833 0.022602 
526549237770161 0.018021 0.008858 0.041539 
526549258340578 0.026878 0.021380 0.051618 
526549278911879 0.031460 -0.001222 0.030849 
526549299482660 0.019853 -0.031154 0.010996 
526549320053442 0.017410 -0.013744 0.017410 
526549340624067 0.036346 0.083078 0.018631 
526549361195110 0.110261 0.272140 0.045204 
526549381765942 0.481972 0.573297 -0.034208 
526549402336723 0.491135 -0.038179 -0.045509 
526549422907661 0.189063 -0.269086 0.004276 
526549443478442 -0.138666 -0.063225 0.049785 
526549464049327 -0.259312 0.095295 0.071471 
526549484620265 -0.161268 0.060781 0.010690 
526549505191307 0.031154 -0.099876 -0.091019 
526549525762088 -0.081856 -0.389732 -0.093462 
526549546333286 -0.192117 -0.290772 -0.043066 
