# Created at Thu Nov 07 19:34:58 EST 2019 in Burnaby Canada 
526542027691309 -0.033789 0.024492 -0.032831 
526542048261622 -0.016201 0.025858 -0.027272 
526542068832664 -0.005226 0.018517 -0.030475 
526542089403080 0.001911 0.042450 -0.017409 
526542109973809 0.007488 0.072482 -0.011101 
526542130544643 0.037421 0.083005 -0.008122 
526542151116413 0.022999 0.093145 -0.012959 
526542171686622 -0.029204 0.104353 -0.006071 
526542192257142 -0.057562 0.102606 0.004160 
526542212827924 -0.062202 0.104271 -0.015132 
526542233398549 -0.052050 0.081630 -0.010884 
526542253969955 -0.053020 0.083012 -0.009306 
526542274540372 -0.028331 0.054310 -0.016922 
526542295111153 -0.002433 0.057320 -0.014131 
526542315681830 -0.041505 0.071934 -0.020960 
526542336252664 -0.030227 0.038661 -0.012229 
526542356823548 -0.046010 0.051567 -0.022358 
526542377394330 -0.048170 0.029395 -0.012234 
526542397965111 -0.040013 0.038802 -0.023452 
526542418536100 -0.043827 0.025000 -0.011189 
526542439106882 -0.052362 0.039229 -0.007611 
526542459677559 -0.038545 0.027742 -0.026048 
526542480248497 -0.051421 0.026855 -0.025149 
526542500819278 -0.057194 0.048759 -0.007156 
526542521390163 -0.055494 0.055167 -0.009176 
526542541960840 -0.046014 0.047395 -0.008995 
526542562531934 -0.022076 0.052686 -0.008974 
526542583102975 -0.029030 0.064533 -0.002052 
526542603673185 -0.026672 0.062206 0.005703 
526542624244121 -0.017079 0.070752 -0.008487 
526542644814902 -0.025417 0.064924 -0.020084 
526542665385632 0.001406 0.071243 -0.011454 
526542685956362 -0.012693 0.051465 -0.002888 
526542706527455 -0.015066 0.047826 0.005272 
526542727098079 -0.006630 0.050977 -0.009831 
526542747669174 -0.015968 0.042680 -0.011750 
526542768240111 -0.011736 0.046226 -0.008642 
526542788812715 -0.006840 0.029841 -0.007042 
526542809383549 -0.019415 0.046403 -0.006622 
526542829952299 -0.028595 0.053988 -0.005425 
526542850523444 -0.031390 0.056112 -0.007456 
526542871094903 -0.017991 0.050879 -0.001441 
526542891665320 -0.001314 0.055229 0.004560 
526542912235736 -0.001165 0.043443 -0.003346 
526542932806205 -0.017464 0.031675 0.002679 
526542953376934 -0.007913 0.045554 0.001431 
526542973947715 -0.037921 0.039259 -0.010133 
526542994518601 -0.019965 0.039975 0.001079 
526543015089643 -0.031254 0.052662 0.002909 
526543035660267 -0.005842 0.037377 -0.000983 
526543056231621 -0.023065 -0.029892 -0.119669 
526543076802611 -0.015571 -0.119774 -0.089227 
526543097373393 -0.043928 -0.271289 -0.191703 
526543117944277 -0.360461 -0.368253 -0.216209 
526543138515215 -0.608089 -0.288003 0.389656 
526543159085840 0.065968 0.164325 0.679175 
526543179656777 1.131649 0.336444 -0.527292 
526543200227142 1.899043 0.407793 -0.693198 
526543220798861 1.870495 0.371257 -0.452580 
526543241369486 0.412550 -0.057094 0.100368 
526543261941986 -0.534563 -0.147319 0.660945 
526543282511048 -0.752827 -0.082969 0.549550 
526543303082507 -0.201541 -0.124236 0.323723 
526543323654538 -0.248830 -0.038629 0.136333 
526543344222923 -0.303646 -0.068449 0.079306 
526543364795112 -0.586273 -0.015072 0.287661 
526543385364069 -0.808737 0.106757 0.213084 
526543405934902 -0.675922 0.188587 0.139805 
526543426505840 -0.500210 0.086542 0.220364 
526543447076517 -0.587265 0.573299 -0.004683 
526543467648340 -0.028707 0.384093 -0.336248 
526543488219382 0.320239 0.441300 -0.419737 
526543508789330 0.280597 0.515056 -0.663504 
526543529359850 0.054913 -0.105890 -0.760562 
526543549930579 -0.511785 0.320380 1.389095 
526543570501517 -1.114455 0.489624 1.130585 
526543591072090 -0.213403 0.356260 0.691263 
526543611643287 0.054683 0.257292 0.493174 
526543632213965 -0.192169 0.329437 0.769852 
526543652784746 -0.088251 0.375439 0.543913 
526543673355475 -0.024178 0.182477 0.212933 
526543693926570 0.019121 -0.101942 -0.020692 
526543714497142 0.172559 -0.053582 -0.477979 
526543735068027 0.079082 -0.005361 -0.368205 
526543755638809 -0.207895 -0.300727 -0.200655 
526543776211778 -0.360200 -0.255061 0.162126 
526543796782194 -1.172705 -0.245155 0.522060 
526543817353340 -1.246274 -0.077715 0.002341 
526543837923965 0.277501 0.496876 0.112082 
526543858493600 0.542807 0.970601 0.450448 
526543879064173 0.151247 1.181936 0.604095 
526543899634590 -0.943537 1.055943 -0.004973 
526543920205319 -0.763561 0.112037 0.599042 
526543940776152 -3.604355 1.946423 1.343646 
526543961347143 0.207275 -0.388394 0.270076 
526543981917924 -0.028396 -0.264369 -0.187937 
526544002488704 0.330481 0.549751 -0.069515 
526544023059747 -0.304562 0.302077 0.015004 
526544043630423 -0.467379 -0.375092 0.253026 
526544064201152 0.759986 -1.183099 -0.586588 
526544084771934 0.728388 -0.609446 -1.072699 
526544105342715 0.938310 -0.868596 -0.862524 
526544125913496 0.110347 -0.888186 -1.838968 
526544146484902 0.116003 -1.611793 -1.065089 
526544167055736 0.594738 -1.264122 -0.441195 
526544187627818 -0.113907 -0.309847 0.202485 
526544208198652 -0.105544 0.423303 -0.014928 
526544228768808 0.441629 0.334579 0.406891 
526544249339485 1.845265 -0.557101 -0.001416 
526544269910632 0.284321 2.352018 -0.022332 
526544290481361 0.295000 0.112659 0.433884 
526544311052037 0.045752 1.033662 0.284904 
526544331622871 0.044121 0.762374 -0.047399 
526544352193235 0.265335 0.892728 -0.113502 
526544372763912 0.004486 0.192052 -0.455723 
526544393334590 -0.969628 0.991905 -1.576325 
526544413905267 -0.174907 -0.050854 3.333636 
526544434476569 1.210264 -1.588172 -1.339622 
526544455047038 0.624481 -0.531771 -1.631047 
526544475617767 -1.456352 -1.098591 0.402619 
526544496188444 -0.143807 0.023722 -1.133770 
526544516759382 1.020439 -0.618641 -1.740982 
526544537330319 -0.750304 -1.491653 -1.256576 
526544557901047 -2.651284 1.632238 0.984487 
526544578471934 -3.612696 2.912815 0.826206 
526544599042715 -1.945523 4.009960 -0.872236 
526544619615318 1.169997 -4.580495 1.968693 
526544640186099 -2.006464 -3.703419 -1.604361 
526544660756100 0.776028 2.416888 -3.001004 
526544681325371 4.029599 -5.846211 1.684898 
526544701898705 -2.144936 -0.265525 -0.922471 
526544722469798 -2.749467 4.744257 -0.491455 
526544743040631 -1.133413 4.690104 3.393551 
526544763611101 -3.981071 5.540635 5.648628 
526544784181933 5.317424 -0.323230 -1.743442 
526544804751881 1.906631 -1.766455 0.577543 
526544825323913 -1.495085 -2.445961 0.696777 
526544845894277 2.817371 -1.685410 0.099046 
526544866464276 2.519567 -0.986058 -1.587406 
526544887035267 1.763916 -1.462833 -2.124604 
526544907606100 0.420731 -0.468321 -1.310069 
526544928176881 0.235961 -1.001950 -1.809801 
526544948747559 1.936673 -1.004506 -0.226091 
526544969319121 2.759415 -0.661999 -0.835947 
526544989889017 1.261327 -0.874781 0.747346 
526545010459850 -0.201889 -0.684568 1.769496 
526545031031569 -1.775678 -1.065544 2.505078 
526545051602454 -4.708393 -1.599683 0.635945 
526545072172714 -1.477915 0.976479 0.729538 
526545092743392 -0.163350 0.644274 0.191732 
526545113314120 -0.010088 0.050815 -0.575375 
526545133885267 0.203338 -0.498128 -0.161045 
526545154456048 0.565245 -0.175941 -0.532607 
526545175026412 0.461781 0.450687 -0.550110 
526545195597038 -0.382319 0.370052 0.413461 
526545216169537 -1.084943 0.239934 -0.429026 
526545236739016 -0.677857 -0.261051 -1.063594 
526545257311361 0.187590 0.409085 -0.073724 
526545277881672 0.099191 0.057735 0.480405 
526545298452609 0.216330 -0.520519 -0.323919 
526545319023913 0.649005 -0.440809 0.023903 
526545339594485 0.552205 -0.524544 0.318651 
526545360165371 -0.684872 -1.031516 -0.424498 
526545380735110 -1.960677 -1.981515 -1.530860 
526545401305943 -2.378099 -3.056872 -1.064630 
526545421876778 2.225777 0.561110 -2.105216 
526545442447715 3.762454 1.406457 1.863579 
526545463018652 1.609404 1.256061 1.139365 
526545483589746 -0.200986 0.349251 -0.092304 
526545504160526 -0.810210 0.314008 0.116785 
526545524731204 -2.915490 0.862369 1.289284 
526545545302402 -1.463883 1.134476 -0.264495 
526545565872923 0.678127 0.838412 -1.128962 
526545586443703 0.750609 0.458946 -0.554048 
526545607014589 0.801048 -1.703243 0.456361 
526545627585318 -0.577241 -4.311214 0.434638 
526545648156152 1.026402 1.792783 -0.948143 
526545668727141 -1.721662 1.822461 0.774968 
526545689297870 2.214946 3.551304 -0.523664 
526545709868912 3.352735 4.177502 -0.505132 
526545730439589 2.943276 3.075238 0.596747 
526545751010891 5.264273 2.958518 1.848548 
526545771581361 1.724090 0.529240 2.056856 
526545792152662 -1.884565 -1.842479 1.305885 
526545812723235 -6.578888 -3.469743 -2.978397 
526545833293860 -7.214839 -5.383922 -2.433406 
526545853865631 -2.488462 -2.122899 2.043842 
526545874435474 4.453374 2.966865 0.518253 
526545895005318 1.301486 3.148506 -2.093872 
526545915577245 0.990141 0.328871 1.226576 
526545936148183 -0.524006 0.081233 0.933645 
526545956718860 -1.533676 0.115154 -0.533519 
526545977289641 -1.614047 -2.994586 1.352674 
526545997860787 -0.717581 2.380796 0.458991 
526546018431568 -1.343009 2.164782 0.116447 
526546039002349 -0.584892 0.017838 -1.302742 
526546059572506 -0.991539 -0.819350 -1.061856 
526546080143339 -1.847530 -0.166520 -0.543063 
526546100714276 -4.774790 -0.915655 -0.802926 
526546121285162 -4.372343 -0.725070 -0.356961 
526546141855891 -3.422785 -0.341344 -0.961786 
526546162426724 1.299699 -2.134565 0.195516 
526546182997767 5.698147 1.607008 0.023440 
526546203568547 3.645441 3.202415 0.856483 
526546224139745 -0.401057 -1.977250 0.314308 
526546244710163 -4.163939 -1.527614 0.745107 
526546265281099 2.758596 -1.340665 1.070799 
526546285851934 4.682455 -1.331002 -1.595711 
526546306422818 4.637913 -1.448838 -0.651896 
526546326993756 3.074919 -1.588470 -0.802784 
526546347564381 4.052265 -0.194799 -0.548662 
526546368135266 2.187471 -0.364043 1.000545 
526546388706360 -1.300327 -1.363413 0.782493 
526546409276881 -2.239177 -1.051326 1.527697 
526546429847714 -0.097977 0.702846 1.172406 
526546450418443 0.033087 0.773333 -2.366604 
526546470989850 -0.154364 1.256769 -2.400150 
526546491560422 0.426380 -1.728289 -1.930942 
526546512131151 -1.618639 -2.887794 3.111516 
526546532702141 0.775256 2.577175 0.326578 
526546553273027 -0.179743 2.680670 0.475078 
526546573843703 1.013496 1.559007 0.526525 
526546594414589 3.398030 -0.023338 -0.035347 
526546614986099 2.115406 1.017772 0.749649 
526546635556204 -0.619159 0.418814 0.150086 
526546656127558 -1.539200 0.235555 0.314497 
526546676697818 -1.727841 -0.968550 0.539303 
526546697268860 -2.268465 -0.601380 -0.334014 
526546717839745 -1.842400 0.208947 0.000108 
526546738410578 -2.951184 -0.465060 -0.131764 
526546758981412 -1.642525 0.008106 -0.246107 
526546779552246 -2.893947 -2.513371 -0.151610 
526546800123026 -0.666028 2.364282 0.725595 
526546820693860 -1.281753 -0.156972 -3.215255 
526546841264693 -1.507305 -0.028875 0.313159 
526546861835630 -1.364073 -0.904166 0.383418 
526546882406672 -2.857429 -1.641288 -0.738079 
526546902977193 -3.821810 -2.321579 -0.444651 
526546923548547 2.646463 -1.361698 0.188742 
526546944118860 5.714427 0.371792 0.096323 
526546964689693 7.400846 1.155291 0.949603 
526546985260735 4.145890 -0.905879 0.227269 
526547005831464 1.568317 -2.207457 0.261362 
526547026402193 0.723505 -1.649730 -0.192386 
526547046973026 -0.291739 -1.403669 -0.085990 
526547067544277 0.485611 -0.115016 0.799262 
526547088115005 -0.047306 -0.296331 -0.320080 
526547108685578 0.165902 -0.375775 0.129606 
526547129256464 0.009679 3.021770 -0.695483 
526547149827348 -0.842319 3.376636 0.883509 
526547170398183 -1.012906 -0.539699 0.017199 
526547190969120 1.107149 0.799094 2.125787 
526547211539901 -1.063495 0.755968 0.432992 
526547232110734 0.018641 1.008207 -0.294570 
526547252680839 -0.464243 -0.652569 0.194783 
526547273251724 -0.420364 -1.991396 -0.019722 
526547293823495 0.303986 -0.096918 -1.074567 
526547314394068 -0.273392 0.424621 -0.413809 
526547334965162 -0.086909 -0.036666 0.678009 
526547355535735 0.119888 1.635531 0.467968 
526547376106776 0.247550 -0.409733 -0.344065 
526547396677609 0.046246 -1.208097 -0.458267 
526547417248599 1.553804 0.097383 -0.202170 
526547437819172 1.186934 -0.605051 -0.105955 
526547458390996 0.749515 -1.342481 0.106860 
526547478960891 1.305538 -0.551913 -0.494526 
526547499531932 0.371505 1.554430 -0.016970 
526547520102714 0.765002 0.776497 0.502171 
526547540673651 0.334871 -2.713324 0.002827 
526547561244379 -2.746442 -4.445028 0.636436 
526547581814485 -8.761861 -11.334286 0.908165 
526547602386099 9.030046 6.866253 -3.769171 
526547622956881 4.230334 6.037550 0.625942 
526547643527765 -6.138052 -3.295977 -1.980368 
526547664098703 0.831151 -0.924976 0.834389 
526547684669381 -0.612277 -1.794375 -0.494561 
526547705240370 -0.385561 -1.820895 2.283180 
526547725811306 -0.058156 -0.345512 -4.342562 
526547746382193 0.694309 -4.546695 4.220216 
526547766953026 1.854393 1.363822 -10.210629 
526547787523860 -0.185383 -5.491052 14.499390 
526547808094536 3.951332 -1.847613 -4.246066 
526547828665787 7.277903 0.876917 -7.318587 
526547849236360 7.864255 1.914493 -7.546396 
526547869807297 7.065080 3.113384 -7.812960 
526547890377973 5.347805 3.157032 -8.553687 
526547910949016 2.970846 2.607749 -6.715959 
526547931519797 1.652352 2.839899 -3.925748 
526547952089848 1.182300 2.511510 -1.319933 
526547972661516 0.146044 1.061332 0.021071 
526547993232192 -1.470717 -3.643846 0.598776 
526548013802609 -6.745893 -6.273887 4.559687 
526548034373911 -8.733850 -6.543535 4.876175 
526548054944901 -6.643560 -4.308957 1.262614 
526548075515787 -2.931086 -2.147204 -2.123723 
526548096086568 -0.392851 -1.392028 -3.256783 
526548116656723 0.047931 -0.792206 -1.475969 
526548137228964 -0.543895 -1.534050 -0.538690 
526548157799119 -1.429111 -2.885197 -1.039407 
526548178370265 -2.342500 -3.023626 -1.265155 
526548198940734 -1.625050 -2.148499 -2.261259 
526548219511827 -0.885348 -2.124304 -2.538297 
526548240082557 -1.098683 -2.688418 -1.277310 
526548260653443 -0.719408 -2.295520 -0.606924 
526548281224224 0.119154 -1.737046 -1.595648 
526548301795317 0.960579 -1.715049 -2.580070 
526548322366047 1.934294 -2.279319 -2.627963 
526548342936775 0.880599 -1.558585 -2.226997 
526548363507661 -0.101018 -1.272156 -1.357343 
526548384078755 0.046255 -0.473281 -0.295540 
526548404649485 1.251112 -0.289971 1.111700 
526548425220370 2.285920 -1.057381 0.892195 
526548445791516 1.648139 -0.763619 0.413851 
526548466361984 1.106068 -0.054409 -1.416556 
526548486933130 1.495908 0.002848 -1.789181 
526548507503702 2.286701 -0.000790 0.350858 
526548528074536 2.981096 0.582376 1.816873 
526548548645421 3.650167 2.454198 2.936335 
526548569216254 4.550272 2.669952 3.307881 
526548589787244 3.199340 1.780606 1.994904 
526548610357869 1.332239 1.321799 0.368969 
526548630929068 0.432769 0.287654 1.704702 
526548651499849 -0.407974 -0.683523 1.174091 
526548672071306 0.594361 -0.872419 -0.826209 
526548692641515 -0.567592 -0.370296 -0.782269 
526548713212296 -0.700604 -0.558990 -0.468109 
526548733783285 -0.834464 -0.552193 0.054921 
526548754353911 -0.306830 -0.208241 -0.122575 
526548774925057 0.161576 0.123188 -1.120724 
526548795495578 0.178417 0.270539 -1.633045 
526548816067452 0.386727 0.318644 -1.108498 
526548836637348 0.354319 0.274619 0.044378 
526548857208391 -0.143597 0.051707 0.706239 
526548877779067 -0.311930 -0.075253 0.812609 
526548898349223 -0.032577 0.087327 0.588174 
526548918920838 0.159171 0.132847 0.617210 
526548939491827 0.080354 0.023554 0.646839 
526548960062557 -0.088422 -0.124172 0.322237 
526548980633859 -0.183803 -0.146860 -0.029039 
526549001204275 -0.250325 -0.240972 0.029132 
526549021775213 -0.219851 -0.258172 -0.001743 
526549042345942 -0.031734 -0.107157 -0.173501 
526549062916828 0.031830 -0.062284 -0.114453 
526549083487557 0.219434 0.067875 -0.225730 
526549104059119 0.310580 0.182997 -0.242445 
526549124630109 0.245114 0.143211 -0.154593 
526549145200786 0.347641 0.146938 0.045187 
526549165771723 0.350612 0.147695 0.114188 
526549186342922 0.063392 0.006696 -0.244573 
526549206913546 -0.103663 -0.141766 -0.110297 
526549227484432 -0.071647 -0.102369 0.021762 
526549248055161 -0.013969 -0.110880 0.121214 
526549268626619 0.101346 -0.005913 0.048360 
526549289197192 0.228000 0.108057 -0.040620 
526549309767921 0.130213 0.067640 -0.069613 
526549330338598 0.068588 0.010147 0.208303 
526549350909901 0.170387 0.016868 0.394289 
526549371480473 0.422861 -0.127571 1.058067 
526549392051359 0.214981 0.021456 0.279987 
526549412622140 -0.386378 -0.030763 -1.170075 
526549433192973 -0.277910 -0.135314 -1.298336 
526549453764067 -0.071108 -0.225788 -0.343608 
526549474334796 0.257093 0.009531 0.087656 
526549494905891 0.484842 0.197370 0.316487 
526549515476671 0.144082 0.232543 -0.659062 
526549536047088 -0.203817 0.052194 -0.729225 
