# Created at Thu Nov 07 19:34:58 EST 2019 in Burnaby Canada 
526542050926882 44.572605 173.639221 14.291760 
526542070926882 44.716125 173.063583 15.212550 
526542090922663 45.157455 172.795273 13.978021 
526542110922195 46.388535 173.256897 14.273941 
526542130916830 44.390823 172.045700 15.983820 
526542150922195 45.584667 171.217987 15.664200 
526542170922403 44.838177 171.772308 15.671790 
526542190922925 46.257076 173.822281 15.198151 
526542210923183 42.894154 173.010696 15.998940 
526542230922507 45.892204 171.663849 14.431440 
526542250922195 44.727196 173.494492 15.212730 
526542270922143 45.185959 173.504929 15.515821 
526542290922820 46.051155 171.808975 14.891280 
526542310922351 45.212135 174.803665 14.440110 
526542330916257 46.369740 172.245438 15.349770 
526542350922038 44.709736 172.335114 17.057251 
526542370922663 45.652767 173.948868 15.357840 
526542390922194 46.388187 172.963638 15.350070 
526542410923392 46.721207 174.121704 15.193860 
526542430923392 47.904644 172.568924 16.103941 
526542450922247 44.847584 172.498199 14.288341 
526542470921987 44.537716 172.201111 14.598660 
526542490922507 44.879112 173.645615 14.596320 
526542510921934 44.842213 172.209213 14.595720 
526542530922038 47.112537 171.547485 15.342120 
526542550922506 46.222187 172.384171 15.505051 
526542570922455 44.660778 170.908981 15.211650 
526542590922455 44.091015 172.180389 16.140572 
526542610922299 46.067249 172.235626 15.660210 
526542630921987 47.315445 173.563339 15.187740 
526542650922194 46.876816 174.416458 14.577510 
526542670922090 46.687996 172.828949 15.193320 
526542690922299 46.702412 173.110245 16.269690 
526542710922299 45.610844 172.516739 14.588490 
526542730921725 45.590038 171.506989 15.356820 
526542750922350 46.039410 171.231842 15.352290 
526542770947559 47.100479 171.557739 13.497121 
526542790947559 48.063271 172.861099 15.948840 
526542810923131 45.456570 172.074051 15.973530 
526542830924747 46.393215 172.959351 16.118820 
526542850922455 45.354660 174.669220 13.516081 
526542870922975 44.703724 172.780563 14.443680 
526542890924069 45.488449 173.514740 15.205380 
526542910923341 44.422699 173.486389 15.215671 
526542930923080 45.505219 174.087585 15.513121 
526542951129851 47.018326 173.842529 15.190801 
526542970921830 45.608833 172.518448 14.280991 
526542990922298 45.474365 173.086395 14.743951 
526543010922716 45.579643 171.222260 14.895450 
526543030922039 45.650417 173.657303 16.126471 
526543050916256 45.443504 172.085175 13.974780 
526543070922246 46.401615 173.686111 14.581620 
526543090919173 46.346611 171.824768 13.504591 
526543110923183 45.167507 172.786728 15.515520 
526543130916881 45.585014 171.511261 14.588070 
526543150916881 44.700706 172.783127 13.982430 
526543170919017 46.215153 172.390152 14.428801 
526543190922767 46.093079 173.241104 15.660630 
526543210915996 47.272499 171.691742 15.955710 
526543230922559 47.102142 171.262756 14.880750 
526543250923288 48.359039 172.289520 16.868160 
526543270923444 49.239346 171.461411 15.167730 
526543290923132 49.035450 169.886688 13.477291 
526543310923340 49.346985 169.888809 14.550600 
526543330918549 50.272564 170.343201 14.695710 
526543350925424 51.075737 171.795578 15.457710 
526543370924278 48.611565 170.874054 14.558370 
526543390923810 49.372814 170.894302 14.551020 
526543410916256 49.335915 169.457901 14.550420 
526543430915788 48.760113 170.294128 16.247910 
526543450915684 49.047855 170.169708 14.246161 
526543470922350 48.756451 171.031143 12.865710 
526543490919329 48.732632 170.023956 13.172791 
526543510919329 49.199776 170.320831 13.629750 
526543530916101 46.941513 170.972290 14.728351 
526543550922038 48.630013 171.592255 14.558670 
526543570916101 47.859375 171.286423 14.258401 
526543590915371 47.040104 169.407410 12.727470 
526543610916205 47.093098 171.270447 13.497001 
526543630922246 47.526718 170.861938 11.647410 
526543650923080 48.601517 170.882599 13.020870 
526543670922611 44.768791 170.510315 10.136250 
526543690922350 44.323776 170.634964 11.370720 
526543710922142 45.232922 170.809753 10.131961 
526543730915788 42.957226 171.182465 9.692940 
526543750922559 43.984066 169.776123 9.374551 
526543770915996 43.110149 171.332748 9.230280 
526543790915892 40.364643 171.704422 6.796920 
526543810918080 40.507172 171.569992 5.872890 
526543830918705 38.384399 172.092972 4.971210 
526543850946986 36.976925 170.767181 4.368900 
526543871346361 34.228065 171.288498 0.859350 
526543890919278 32.700542 171.252274 0.105300 
526543910922715 31.528847 173.382172 -1.265790 
526543930915840 27.579422 174.149841 -3.225960 
526543951129746 29.878952 175.224594 -4.785090 
526543970922820 27.931246 176.759689 -6.149070 
526543990922143 23.527395 176.926117 -5.491320 
526544010922611 25.250132 179.278305 -7.197780 
526544030922090 25.423861 180.438309 -8.428770 
526544050922246 25.423861 180.438309 -8.428770 
526544070922246 23.761862 180.970032 -8.719860 
526544090915788 20.460676 183.041519 -9.762871 
526544110915840 21.122684 185.361069 -10.690290 
526544130915475 21.998957 184.096039 -11.314651 
526544150980007 20.338305 184.920166 -12.528120 
526544170923392 23.269966 186.431808 -12.247951 
526544190922819 22.236090 187.844131 -13.005810 
526544210917558 22.246140 187.835571 -11.468310 
526544231315110 23.591879 186.278320 -9.022201 
526544250916152 23.920877 187.439804 -9.793410 
526544270923079 24.048962 186.143402 -8.411671 
526544290916830 23.324612 187.559555 -8.403720 
526544310922663 22.139805 188.379593 -6.700350 
526544330917089 22.130400 187.653702 -5.316900 
526544350923131 22.301775 188.522141 -5.779260 
526544370922247 20.952316 189.055145 -4.843290 
526544390922974 20.474775 188.473541 -5.761620 
526544410922246 18.384525 189.702774 -4.510500 
526544430922246 17.116547 187.804764 -4.807020 
526544450916413 19.080376 187.576981 -6.056250 
526544470922611 18.896925 186.278442 -5.747820 
526544490915371 16.475700 187.228531 -7.415130 
526544510922871 17.522999 186.538696 -7.425720 
526544530915944 17.345581 185.235031 -6.194790 
526544550922194 15.002820 183.756699 -9.555840 
526544570921672 11.308590 182.813065 -12.288420 
526544590921672 10.381995 181.919205 -10.896211 
526544610915475 13.733850 182.299866 -11.697181 
526544630916465 16.967670 183.968384 -12.342390 
526544650917402 18.286276 182.434189 -14.047530 
526544670923391 22.776314 180.419891 -17.475031 
526544690921569 23.788395 178.438995 -17.793659 
526544710921569 25.266676 178.517120 -24.573360 
526544730917454 29.357235 171.438263 -22.772520 
526544750924173 35.213703 169.917206 -5.762790 
526544770916726 35.884396 171.495499 -2.539260 
526544790923340 33.173145 179.043442 -4.660650 
526544810916725 32.490074 182.626160 -6.804300 
526544830920267 28.599375 186.279434 -11.069520 
526544850917923 26.908230 186.835953 -15.819360 
526544870919277 23.129520 188.766190 -19.471771 
526544890916829 22.670086 188.609543 -19.313669 
526544910923496 21.109035 187.867935 -22.374269 
526544930917142 21.536251 186.290649 -20.688089 
526544950917142 21.824341 186.459488 -23.765970 
526544970917663 20.687130 183.409576 -22.834440 
526544990917246 22.139521 180.720917 -22.850281 
526545010916777 20.604300 180.984802 -25.910460 
526545030916568 20.237415 178.828079 -26.984671 
526545050917297 21.638565 181.186707 -31.301941 
526545070923444 22.470301 185.110031 -35.766422 
526545090924485 23.495190 190.030060 -37.925701 
526545110923184 25.093845 193.234909 -38.707832 
526545130916256 26.817884 194.558548 -36.263458 
526545150922974 27.490292 197.162827 -36.729511 
526545170916777 28.015141 199.905853 -37.040279 
526545190923236 26.989695 207.488937 -37.486591 
526545210916517 23.510761 208.403824 -37.913612 
526545230923965 19.532431 206.407272 -33.571171 
526545250923235 19.766535 209.717590 -34.032513 
526545270916100 19.324530 209.839676 -32.336792 
526545290938599 20.954956 206.839584 -27.280470 
526545311281933 24.830460 199.676544 -11.792940 
526545330917454 28.091940 192.501541 2.931720 
526545350923965 29.457497 192.395218 2.764680 
526545370917766 28.769026 194.808289 4.310550 
526545390918131 31.127550 192.296967 2.594700 
526545410922454 32.398232 194.779816 1.046460 
526545430923287 34.071289 194.238663 3.028800 
526545450922715 27.646591 192.773270 3.551250 
526545470923444 25.686390 186.820038 6.333930 
526545490923079 23.357685 184.889389 6.816450 
526545510922923 21.545776 185.268280 7.449270 
526545530917246 19.004820 186.920547 7.936230 
526545550922975 19.728827 185.211136 9.004410 
526545570923079 21.429735 186.114120 9.603601 
526545590923288 19.473616 186.482132 11.467890 
526545610923026 21.790577 187.835648 11.446380 
526545630923599 21.781185 187.550079 11.138761 
526545650957871 19.225454 188.187454 13.316550 
526545671298236 20.701679 191.509644 16.533451 
526545690923183 21.755026 191.255005 15.754291 
526545710922506 20.390131 191.067230 17.151211 
526545730916308 20.129564 192.489548 18.231001 
526545750922454 19.500767 191.462723 19.158960 
526545770923079 16.911526 191.835052 17.339130 
526545790922194 16.128811 191.099167 16.884930 
526545810923652 14.739421 189.757996 19.050119 
526545830922401 17.118750 188.256424 16.565941 
526545850922870 18.334740 188.290527 16.246679 
526545870923443 19.890779 189.476730 16.847460 
526545890923235 16.675755 188.819687 16.416842 
526545910922818 18.796185 188.445465 16.396080 
526545930917141 17.769344 189.851807 16.714470 
526545951130735 14.864865 189.638062 15.512341 
526545970923079 17.154659 190.134018 14.721721 
526545990923131 16.051352 188.963379 13.501531 
526546010958599 16.085896 190.108231 14.270761 
526546031281568 15.878310 188.389893 12.580260 
526546050923235 14.498341 188.214935 11.670930 
526546070922766 14.664691 189.087677 10.439820 
526546090921933 14.544646 190.377243 10.288080 
526546110922141 18.499441 189.898560 11.940870 
526546130915839 18.586321 193.200577 12.249750 
526546150922453 26.027491 198.418961 12.796290 
526546170922245 27.450735 204.881821 18.783480 
526546190922454 29.683500 203.077805 18.299400 
526546210922558 28.838070 200.340363 16.153111 
526546230922558 32.603386 198.568314 17.191830 
526546250922350 32.943420 199.280090 19.802940 
526546270922507 33.852871 198.427139 22.561260 
526546290922454 29.934601 199.168289 25.367340 
526546310922246 30.728386 200.335098 25.821720 
526546330922715 32.826359 204.249802 28.725481 
526546350922819 32.576866 206.103027 29.805450 
526546370942714 28.176704 206.413071 30.463259 
526546391275526 27.596220 207.546829 30.315870 
526546410922298 25.328909 208.205994 30.030722 
526546430922037 24.388905 207.030014 30.500309 
526546450922766 24.056236 206.165222 29.580391 
526546470921985 24.056236 206.165222 29.580391 
526546490928755 26.022406 205.788666 29.253601 
526546510922193 28.820221 202.130112 29.377861 
526546530922350 29.910767 197.720779 27.365490 
526546550922193 31.971182 195.929840 23.807880 
526546570922610 32.967152 193.081970 24.411390 
526546590922767 31.754850 193.191498 24.730711 
526546610922349 31.088837 191.315674 23.352060 
526546630922870 29.227291 190.122223 22.600470 
526546650922089 25.586700 190.307175 23.558371 
526546670922089 27.720884 190.508377 23.384100 
526546690921724 27.256081 190.062729 23.849581 
526546710922037 27.360706 188.492722 22.771200 
526546730916412 26.285910 188.472061 21.397739 
526546751267245 25.835850 188.160675 23.554529 
526546770922662 26.119905 187.892593 21.552721 
526546790922453 24.744959 187.713364 21.412140 
526546810922505 25.518269 187.723358 23.249790 
526546830922714 24.023926 188.099243 25.878420 
526546850922089 26.453207 187.582642 27.084660 
526546870922193 25.401884 188.275909 26.480249 
526546890922713 26.631617 188.445114 27.698551 
526546910922245 26.671530 189.878952 28.160400 
526546930916829 27.382156 193.331390 30.154711 
526546951130422 29.691736 194.397629 30.133080 
526546970922506 29.694092 194.689178 29.364450 
526546990922193 32.648537 196.328217 32.565929 
526547010922089 33.549301 196.216553 31.173300 
526547030922349 32.014397 195.893066 30.419130 
526547050922922 33.119038 196.915771 32.408009 
526547070922349 32.668999 197.044708 32.873730 
526547090918443 36.606361 196.287308 32.988899 
526547111256724 35.928627 194.715012 28.689119 
526547130916619 34.976551 193.108963 29.004782 
526547150922922 35.062080 191.555206 25.005150 
526547170922505 31.704241 192.500656 19.810410 
526547190922922 30.419506 190.470108 17.515079 
526547210923130 29.162266 189.150085 16.603800 
526547230922558 29.278290 187.863922 16.140541 
526547250923079 29.131754 188.442154 14.758500 
526547270922400 30.375916 189.332962 15.362101 
526547290921256 28.506989 187.852234 14.610391 
526547310921047 30.186436 188.039581 14.748030 
526547330915787 27.510990 185.256104 12.158130 
526547350922245 26.438866 184.939606 12.322050 
526547370922349 25.205414 183.746124 14.485830 
526547390922662 24.614189 184.301910 14.953200 
526547410922453 22.513876 185.099365 16.357891 
526547430922609 21.623520 185.936035 16.520821 
526547450941151 19.102680 188.011536 18.391710 
526547471243078 15.938625 188.778931 20.114191 
526547490922401 16.038256 192.657211 20.115810 
526547510922089 16.364222 193.380951 20.574419 
526547530926568 16.836405 194.113861 20.109060 
526547550922662 13.988266 195.613525 20.752649 
526547570922296 13.528500 195.603943 20.295811 
526547590922973 13.433940 197.605728 21.220621 
526547610922558 16.410557 200.987244 21.040321 
526547630922714 14.348160 203.660553 20.908291 
526547650922921 14.499060 203.372192 21.829201 
526547670922452 16.087980 205.998215 21.815580 
526547690922349 17.848606 209.345627 21.954540 
526547710922297 19.708799 210.246658 23.628510 
526547730915838 17.754389 211.640671 21.803221 
526547750922400 15.085350 214.589340 20.908442 
526547770922297 15.604529 218.071075 16.907970 
526547790922557 13.332541 219.027786 14.777940 
526547810915421 13.662570 221.069092 10.778339 
526547831236359 11.580420 224.052765 6.495180 
526547850969328 9.853005 221.998108 6.356760 
526547870922401 4.668810 222.160492 4.100610 
526547890922765 2.872305 217.816162 2.423730 
526547910922036 -1.093605 211.979568 0.613080 
526547930916411 -1.846485 207.242065 -2.765520 
526547951130214 -4.573935 202.154358 -4.280130 
526547970921879 -9.296040 197.173904 -8.696820 
526547990922557 -8.292030 189.755844 -12.094200 
526548010922348 -8.935290 182.563400 -12.400290 
526548030921932 -7.269285 177.024567 -15.034020 
526548050922557 -6.171016 173.195786 -18.122400 
526548070922192 -7.042905 170.627625 -24.881130 
526548090922297 -3.893265 169.578964 -27.679981 
526548110921880 -2.762116 167.189987 -31.382761 
526548130921828 -0.996150 165.382385 -33.399929 
526548150921984 -0.406921 165.268631 -35.865871 
526548170916307 -0.023295 162.554184 -36.332672 
526548191227088 4.523446 162.986908 -40.681648 
526548210969432 7.361535 161.495773 -42.862740 
526548230922505 8.717730 161.984512 -46.719540 
526548250922765 9.587985 161.164948 -49.957474 
526548270922713 14.232300 164.156693 -49.539124 
526548290922245 16.141815 162.654083 -54.017639 
526548310922453 19.235476 165.188934 -56.198524 
526548330916724 24.279541 166.773514 -58.860180 
526548350922193 26.603565 169.001678 -61.187580 
526548370921723 30.751217 170.547424 -61.226673 
526548390922244 30.165361 171.392227 -61.066681 
526548410922245 29.520136 170.085831 -61.522591 
526548430922297 29.508718 169.361649 -60.446640 
526548450922922 30.703247 168.680115 -61.227451 
526548470922454 32.199913 167.715134 -61.242573 
526548490922349 29.875893 165.486969 -58.915173 
526548510922870 31.388340 165.536011 -60.467373 
526548530915786 32.473530 165.841385 -58.632542 
526548551213911 31.718668 166.549591 -60.469891 
526548570969953 33.890430 168.333389 -61.104752 
526548590922192 33.754292 169.196289 -62.025421 
526548610923078 34.027260 168.056992 -62.336342 
526548630922296 33.853531 166.896988 -61.105350 
526548650922400 32.341423 167.141220 -60.629280 
526548670922714 32.146217 164.825241 -58.168774 
526548690923026 31.233406 165.387482 -60.312210 
526548710922088 32.900089 164.558212 -58.176243 
526548730916202 31.208567 163.940826 -58.467812 
526548750922140 30.745771 163.493454 -57.694832 
526548770922036 32.132793 164.102753 -57.400322 
526548790921984 32.106960 163.097275 -57.400742 
526548810922088 32.413471 163.103668 -57.096184 
526548830922401 31.401062 165.231628 -57.392490 
526548850922505 32.438309 164.550339 -58.940582 
526548870922192 32.438309 164.550339 -58.940582 
526548890915890 30.911776 164.072922 -57.849812 
526548911203130 28.904701 163.456833 -59.829689 
526548930963702 30.014042 164.622330 -57.687000 
526548951129275 29.799736 162.322617 -58.147743 
526548970922244 28.551870 160.847839 -57.060333 
526548990921723 29.924807 161.028763 -57.227249 
526549010922505 30.699480 161.771500 -58.003052 
526549030922348 29.209845 162.730484 -56.911682 
526549050921932 27.382845 162.681885 -56.894039 
526549070922505 27.525030 162.254166 -56.741940 
526549090922401 29.320156 160.862106 -55.991428 
526549110922349 28.890585 162.147812 -56.908981 
526549130917661 27.513960 161.823242 -56.742119 
526549150923130 29.782276 161.163223 -56.303223 
526549170923234 27.630661 160.683289 -57.666573 
526549190922869 29.022047 161.582458 -57.833191 
526549210923286 26.748346 161.513168 -56.273643 
526549230923234 28.401960 160.694992 -56.136421 
526549250916671 27.950249 161.118896 -57.054333 
526549271196984 28.000229 162.984512 -56.746048 
526549290970994 28.400940 160.255539 -54.599102 
526549310923077 28.418400 161.414902 -56.443619 
526549330921671 29.630011 160.718857 -54.610680 
526549350922921 28.542810 160.415192 -56.753010 
526549370923287 28.526384 160.135635 -58.136883 
526549390922713 29.034451 161.865448 -57.064323 
526549410922400 29.826210 162.593643 -55.226368 
526549430922244 29.942911 161.453690 -56.150822 
526549450922765 29.016001 161.147247 -57.064621 
526549470922661 29.205137 162.147369 -55.374420 
526549490922921 29.205481 162.440643 -56.450550 
526549510922973 28.566286 161.129120 -55.983959 
526549530922973 29.035471 162.304932 -58.601643 
526549550923181 29.345985 161.867569 -55.991009 
