# Created at Thu Nov 07 19:34:58 EST 2019 in Burnaby Canada 
526456880182976 1013.410400 
526456920182976 1013.392090 
526456960182716 1013.391846 
526457000182976 1013.393555 
526457040183080 1013.421875 
526457080182819 1013.415039 
526457120182820 1013.389404 
526457160183237 1013.400391 
526457200182820 1013.409912 
526457240182872 1013.382080 
526457280182924 1013.420166 
526457320182768 1013.429443 
526457360182767 1013.429443 
526457400183861 1013.362305 
526457440182768 1013.441650 
526457480182767 1013.371582 
526457520182819 1013.456055 
526457560182871 1013.370117 
526457600182767 1013.416016 
526457640183549 1013.386475 
526457680182924 1013.422119 
526457720183913 1013.385498 
526457760183653 1013.390869 
526457800182923 1013.374512 
526457840182924 1013.400146 
526457880182767 1013.427979 
526457920183392 1013.384033 
526457960183861 1013.431641 
526458000183444 1013.368164 
526458040183549 1013.462891 
526458080183601 1013.411377 
526458120183445 1013.499512 
526458160184538 1013.446777 
526458200183757 1013.507080 
526458240183236 1013.431885 
526458280182715 1013.536621 
526458320184017 1013.476563 
526458360182767 1013.507813 
526458400182767 1013.453613 
526458440182820 1013.453613 
526458480182767 1013.404785 
526458520183444 1013.425293 
526458560182820 1013.376709 
526458600182923 1013.385254 
526458640184694 1013.469727 
526458680185006 1013.592773 
526458720183288 1013.591064 
526458760182820 1013.557129 
526458800182923 1013.679932 
526458840183652 1013.683838 
526458880182871 1013.675049 
526458920182871 1013.543457 
526458960182820 1013.366943 
526459000183080 1013.177734 
526459040184277 1013.155029 
526459080182923 1013.147217 
526459120183548 1013.135010 
526459160183704 1013.067383 
526459200183132 1013.156250 
526459240183028 1013.214355 
526459280182819 1013.660400 
526459320183079 1013.576416 
526459360182714 1013.443848 
526459400182819 1013.338379 
526459440182663 1013.375977 
526459480184850 1013.370117 
526459520185163 1013.353027 
526459560185058 1013.216309 
526459600184329 1013.719482 
526459640184278 1013.953369 
526459680184485 1013.920166 
526459720183236 1013.769775 
526459760184225 1013.519043 
526459800184486 1013.244141 
526459840183131 1013.081055 
526459880183548 1013.166748 
526459920183548 1013.421875 
526459960183339 1013.568604 
526460000183600 1013.758301 
526460040182767 1013.825928 
526460080183288 1013.873291 
526460120184121 1013.881592 
526460160184693 1013.766113 
526460200184434 1013.805908 
526460240183808 1013.431885 
526460280183756 1013.129150 
526460320183496 1013.180176 
526460360183444 1013.131104 
526460400183235 1013.021729 
526460440184798 1012.679199 
526460480184902 1012.514648 
526460520183287 1012.764160 
526460560183391 1012.862793 
526460600183235 1013.075684 
526460640183235 1013.111816 
526460680183391 1013.214600 
526460720183808 1013.396484 
526460760183235 1013.396973 
526460800183443 1013.519531 
526460840183443 1013.735352 
526460880183443 1013.732910 
526460920184016 1013.670898 
526460960182923 1013.897217 
526461000183131 1014.118896 
526461040182870 1014.382568 
526461080182766 1014.229736 
526461120183547 1013.513672 
526461160183027 1012.961914 
526461200182766 1012.846924 
526461240182922 1012.884766 
526461280182766 1013.000488 
526461320183079 1012.963135 
526461360182818 1013.142578 
526461400182819 1013.263672 
526461440183027 1013.260254 
526461480182870 1013.229248 
526461520182818 1013.407715 
526461560182922 1013.502441 
526461600182870 1013.502441 
526461640182870 1013.517822 
526461680182922 1013.846924 
526461720183131 1014.190430 
526461760182661 1013.824951 
526461800182974 1013.621582 
526461840182766 1013.609863 
526461880182818 1013.622559 
526461920182766 1013.402832 
526461960182818 1013.515137 
526462000182974 1013.646729 
526462040182662 1013.391113 
526462080182922 1013.156982 
526462120182714 1012.970947 
526462160182974 1012.986816 
526462200183131 1012.877686 
526462240182922 1013.041504 
526462280182922 1013.212891 
526462320182974 1013.339355 
526462360182922 1013.393799 
526462400182818 1013.246582 
526462440182713 1013.289795 
526462480182870 1013.301514 
526462520182921 1013.449463 
526462560182714 1013.483887 
526462600182818 1013.378418 
526462640182713 1013.292725 
526462680182922 1013.209961 
526462720182713 1013.120605 
526462760182818 1013.136230 
526462800183130 1013.293701 
526462840182974 1013.393311 
526462880182869 1013.333252 
526462920182870 1013.325195 
526462960182765 1013.336914 
526463000182869 1013.290771 
526463040183026 1013.354980 
526463080182765 1013.351318 
526463120182661 1013.392334 
526463160182869 1013.374268 
526463200182921 1013.349121 
526463240182765 1013.398926 
526463280182765 1013.392822 
526463320183026 1013.359375 
526463360182973 1013.380127 
526463400182765 1013.439941 
526463440182817 1013.417725 
526463480182869 1013.407471 
526463520182713 1013.393555 
526463560182922 1013.345215 
526463600182869 1013.339355 
526463640182713 1013.337158 
526463680183025 1013.353516 
526463720182869 1013.347168 
526463760182921 1013.331787 
526463800182817 1013.367188 
526463840182765 1013.351074 
526463880182765 1013.320557 
526463920182922 1013.327881 
526463960183390 1013.380127 
526464000183390 1013.353027 
526464040183390 1013.381592 
526464080183338 1013.376709 
526464120183599 1013.376465 
526464160183338 1013.367676 
526464200183546 1013.385254 
526464240183286 1013.397461 
526464280183598 1013.566650 
526464320183598 1013.399658 
526464360183233 1013.303955 
526464400183598 1013.309570 
