# Created at Thu Nov 07 19:34:58 EST 2019 in Burnaby Canada 
526542007120007 -0.828065 -0.482384 -0.275620 0.075151 
526542027690840 -0.827979 -0.482472 -0.275713 0.075187 
526542048261466 -0.827902 -0.482555 -0.275793 0.075211 
526542068832299 -0.827884 -0.482569 -0.275819 0.075230 
526542089403028 -0.827813 -0.482652 -0.275883 0.075235 
526542109973862 -0.827728 -0.482779 -0.275930 0.075181 
526542130545008 -0.827663 -0.482864 -0.275981 0.075168 
526542151115841 -0.827617 -0.482948 -0.275989 0.075105 
526542171686309 -0.827597 -0.483023 -0.275950 0.074991 
526542192256935 -0.827602 -0.483078 -0.275877 0.074854 
526542212827768 -0.827603 -0.483138 -0.275805 0.074714 
526542233398757 -0.827612 -0.483168 -0.275752 0.074623 
526542253969591 -0.827611 -0.483201 -0.275715 0.074549 
526542274540163 -0.827642 -0.483178 -0.275672 0.074518 
526542295110996 -0.827619 -0.483209 -0.275687 0.074509 
526542315681934 -0.827600 -0.483251 -0.275682 0.074466 
526542336252715 -0.827626 -0.483226 -0.275653 0.074453 
526542356823496 -0.827648 -0.483218 -0.275611 0.074409 
526542377394277 -0.827708 -0.483160 -0.275542 0.074375 
526542397965268 -0.827736 -0.483146 -0.275495 0.074332 
526542418536049 -0.827782 -0.483098 -0.275447 0.074314 
526542439106882 -0.827798 -0.483094 -0.275416 0.074281 
526542459677664 -0.827842 -0.483047 -0.275369 0.074265 
526542480248548 -0.827900 -0.482997 -0.275294 0.074217 
526542500819329 -0.827899 -0.483027 -0.275263 0.074153 
526542521390320 -0.827912 -0.483044 -0.275213 0.074077 
526542541961153 -0.827916 -0.483061 -0.275184 0.074027 
526542562531570 -0.827892 -0.483100 -0.275196 0.074008 
526542583102403 -0.827843 -0.483176 -0.275219 0.073969 
526542603673288 -0.827790 -0.483250 -0.275255 0.073948 
526542624244121 -0.827756 -0.483305 -0.275269 0.073918 
526542644814747 -0.827726 -0.483356 -0.275278 0.073884 
526542665385581 -0.827685 -0.483409 -0.275311 0.073878 
526542685956465 -0.827671 -0.483438 -0.275309 0.073850 
526542706527298 -0.827665 -0.483444 -0.275314 0.073852 
526542727098496 -0.827659 -0.483460 -0.275310 0.073832 
526542747669330 -0.827676 -0.483444 -0.275289 0.073820 
526542768241934 -0.827701 -0.483427 -0.275253 0.073791 
526542788812767 -0.827724 -0.483398 -0.275233 0.073792 
526542809381830 -0.827737 -0.483395 -0.275207 0.073764 
526542829952663 -0.827716 -0.483435 -0.275209 0.073731 
526542850523705 -0.827729 -0.483435 -0.275180 0.073695 
526542871094539 -0.827718 -0.483457 -0.275179 0.073676 
526542891664851 -0.827701 -0.483482 -0.275190 0.073666 
526542912235319 -0.827720 -0.483462 -0.275170 0.073661 
526542932806152 -0.827737 -0.483445 -0.275151 0.073652 
526542953376987 -0.827718 -0.483473 -0.275162 0.073640 
526542973947820 -0.827737 -0.483470 -0.275122 0.073594 
526542994518652 -0.827752 -0.483476 -0.275081 0.073540 
526543015089486 -0.827784 -0.483470 -0.275014 0.073463 
526543035660944 -0.827798 -0.483490 -0.274962 0.073383 
526543056231777 -0.827927 -0.483506 -0.274649 0.072988 
526543076802663 -0.827932 -0.483823 -0.274226 0.072418 
526543097373444 -0.828148 -0.484074 -0.273360 0.071530 
526543117944225 -0.828809 -0.484245 -0.271456 0.069963 
526543138515006 -0.829593 -0.484440 -0.269137 0.068254 
526543159085528 -0.828539 -0.486827 -0.268395 0.066981 
526543179656361 -0.826682 -0.490155 -0.268522 0.065119 
526543200227871 -0.823707 -0.494901 -0.269414 0.063216 
526543220798705 -0.821707 -0.499238 -0.268286 0.059848 
526543241369434 -0.820492 -0.502812 -0.266066 0.056413 
526543261940267 -0.819218 -0.506263 -0.264008 0.053651 
526543282512871 -0.818446 -0.508745 -0.262109 0.051212 
526543303083705 -0.817627 -0.510751 -0.261198 0.048940 
526543323653497 -0.816649 -0.512741 -0.260689 0.047142 
526543344224278 -0.815420 -0.514994 -0.260300 0.045994 
526543364793288 -0.813767 -0.517715 -0.260095 0.045883 
526543385364121 -0.812397 -0.519670 -0.260417 0.046228 
526543405934850 -0.810882 -0.521643 -0.261069 0.046926 
526543426505684 -0.809233 -0.523955 -0.261385 0.047855 
526543447077767 -0.807789 -0.525757 -0.262013 0.049044 
526543467648548 -0.806506 -0.527199 -0.262920 0.049829 
526543488218236 -0.805082 -0.528981 -0.263689 0.049910 
526543508789017 -0.803919 -0.530378 -0.264590 0.049048 
526543529359850 -0.803155 -0.531172 -0.265481 0.048145 
526543549930683 -0.802244 -0.532023 -0.266374 0.048993 
526543570501673 -0.801313 -0.532473 -0.267901 0.050975 
526543591072454 -0.801203 -0.531638 -0.269381 0.053559 
526543611643340 -0.800729 -0.531942 -0.269459 0.057114 
526543632213861 -0.800358 -0.532251 -0.268930 0.061739 
526543652784642 -0.799441 -0.533168 -0.268489 0.067379 
526543673355475 -0.798905 -0.533526 -0.267820 0.073303 
526543693926309 -0.798112 -0.533971 -0.267562 0.079393 
526543714497194 -0.797122 -0.534453 -0.268022 0.084377 
526543735067975 -0.795975 -0.534845 -0.269184 0.088912 
526543755640528 -0.795469 -0.534808 -0.269366 0.093016 
526543776211361 -0.794698 -0.534740 -0.270042 0.097907 
526543796782350 -0.794855 -0.533188 -0.270517 0.103615 
526543817353184 -0.796088 -0.529665 -0.271422 0.109680 
526543837922507 -0.796964 -0.526370 -0.272849 0.115481 
526543858493340 -0.797399 -0.523456 -0.274780 0.121012 
526543879063704 -0.797819 -0.520366 -0.276651 0.127152 
526543899634538 -0.799450 -0.515697 -0.277777 0.133328 
526543920205476 -0.801331 -0.510465 -0.278367 0.140732 
526543940776309 -0.802215 -0.505798 -0.280431 0.148253 
526543961347038 -0.803313 -0.498984 -0.284002 0.158259 
526543981917871 -0.804201 -0.492996 -0.286376 0.167940 
526544002488808 -0.804510 -0.486786 -0.290110 0.177873 
526544023059590 -0.803925 -0.480255 -0.295398 0.189209 
526544043630267 -0.803178 -0.472766 -0.301238 0.201627 
526544064201100 -0.803394 -0.463824 -0.306748 0.212912 
526544084771830 -0.806280 -0.453184 -0.308876 0.221659 
526544105342663 -0.809756 -0.441846 -0.310286 0.229761 
526544125914121 -0.814776 -0.432448 -0.308103 0.232814 
526544146484903 -0.819637 -0.424466 -0.304683 0.234929 
526544167056985 -0.823414 -0.417777 -0.303192 0.235640 
526544187627818 -0.827684 -0.409344 -0.302825 0.235953 
526544208197819 -0.832416 -0.400514 -0.301924 0.235614 
526544228768652 -0.836313 -0.391584 -0.302386 0.236232 
526544249339694 -0.839348 -0.383856 -0.302616 0.237851 
526544269910528 -0.842243 -0.378103 -0.301989 0.237628 
526544290481204 -0.844827 -0.370638 -0.303438 0.238369 
526544311052037 -0.847686 -0.361293 -0.306647 0.238461 
526544331622454 -0.848904 -0.355622 -0.309115 0.239465 
526544352192923 -0.849664 -0.351721 -0.310426 0.240830 
526544372763756 -0.850719 -0.348845 -0.310353 0.241384 
526544393334903 -0.859429 -0.346115 -0.300102 0.226989 
526544413905736 -0.857152 -0.345276 -0.307501 0.226975 
526544434476152 -0.854625 -0.347796 -0.312300 0.226105 
526544455046986 -0.849858 -0.355995 -0.321020 0.218987 
526544475617663 -0.843580 -0.363807 -0.332998 0.212437 
526544496188548 -0.840635 -0.366138 -0.339136 0.210385 
526544516759381 -0.838848 -0.367464 -0.343912 0.207435 
526544537330162 -0.836556 -0.365651 -0.356637 0.198202 
526544557901048 -0.835313 -0.360412 -0.367638 0.192866 
526544578471882 -0.838000 -0.352441 -0.371053 0.189371 
526544599044485 -0.837715 -0.348250 -0.379274 0.181953 
526544619615318 -0.829303 -0.349414 -0.399162 0.175602 
526544640183704 -0.825373 -0.353106 -0.409906 0.161408 
526544660754590 -0.826014 -0.354799 -0.413365 0.144734 
526544681328079 -0.823352 -0.351415 -0.422346 0.142207 
526544701898965 -0.831936 -0.341263 -0.415237 0.137840 
526544722469434 -0.843767 -0.326602 -0.405332 0.130743 
526544743040267 -0.851646 -0.313556 -0.399732 0.128829 
526544763610215 -0.853057 -0.302301 -0.401752 0.139654 
526544784181048 -0.853561 -0.297435 -0.403463 0.142070 
526544804752610 -0.852365 -0.297926 -0.405132 0.143462 
526544825323444 -0.851152 -0.297235 -0.406842 0.147212 
526544845893600 -0.848003 -0.300653 -0.408975 0.152441 
526544866464433 -0.846085 -0.304774 -0.409153 0.154423 
526544887035215 -0.847163 -0.299895 -0.412592 0.148813 
526544907606048 -0.847450 -0.295716 -0.418406 0.138990 
526544928177454 -0.849726 -0.288725 -0.423092 0.124885 
526544948748288 -0.848933 -0.289493 -0.427443 0.113138 
526544969318131 -0.849910 -0.287423 -0.430980 0.096422 
526544989889016 -0.850818 -0.287079 -0.432651 0.080667 
526545010460788 -0.851864 -0.287031 -0.432866 0.067590 
526545031031621 -0.854352 -0.281611 -0.432992 0.057406 
526545051601465 -0.857811 -0.275890 -0.430089 0.055394 
526545072172454 -0.860201 -0.268012 -0.430188 0.056230 
526545092743287 -0.863333 -0.258809 -0.429455 0.056948 
526545113314329 -0.868253 -0.248669 -0.425669 0.055738 
526545133885215 -0.872917 -0.239604 -0.421442 0.054706 
526545154455371 -0.879979 -0.219645 -0.418465 0.047747 
526545175026204 -0.887328 -0.198683 -0.414316 0.038955 
526545195597298 -0.893148 -0.176222 -0.412659 0.030736 
526545216168131 -0.900462 -0.142937 -0.410306 0.019663 
526545236740005 -0.907530 -0.099463 -0.408021 0.003870 
526545257310839 0.912340 0.049777 0.406077 0.016118 
526545277882246 0.913183 -0.008639 0.405540 0.039486 
526545298453079 0.910389 -0.069834 0.402926 0.062976 
526545319023652 0.905930 -0.106373 0.402820 0.075574 
526545339594485 0.903216 -0.112838 0.407421 0.074009 
526545360164277 0.901220 -0.121281 0.410134 0.069877 
526545380735110 0.900046 -0.136045 0.408928 0.064698 
526545401306048 0.896396 -0.156288 0.410449 0.059826 
526545421876882 0.890775 -0.173198 0.414767 0.067009 
526545442448027 0.888877 -0.167814 0.420382 0.070817 
526545463018912 0.887979 -0.162978 0.423225 0.076243 
526545483589538 0.886168 -0.154887 0.429128 0.081031 
526545504160371 0.883385 -0.148326 0.436690 0.083264 
526545524731204 0.879137 -0.146338 0.446348 0.080476 
526545545302090 0.875411 -0.148283 0.453598 0.076921 
526545565872870 0.874849 -0.146110 0.456430 0.070445 
526545586443703 0.876062 -0.145211 0.456030 0.058870 
526545607014486 0.876365 -0.150877 0.455837 0.037859 
526545627585319 0.879454 -0.158955 0.448580 0.008416 
526545648156151 -0.887085 0.156088 -0.434373 0.006043 
526545668727037 -0.890591 0.152390 -0.428234 0.015542 
526545689297870 -0.895349 0.137833 -0.422845 0.023539 
526545709868704 -0.899404 0.114553 -0.421092 0.025129 
526545730439694 -0.902198 0.082107 -0.422688 0.025157 
526545751010527 -0.901697 0.012198 -0.430744 0.035397 
526545771581360 -0.896705 -0.037575 -0.439543 0.036205 
526545792152141 -0.895174 -0.078489 -0.437279 0.035924 
526545812723026 -0.896332 -0.087519 -0.433576 0.030672 
526545833293808 -0.901348 -0.078764 -0.424935 0.028235 
526545853864641 -0.901227 -0.088312 -0.422598 0.037446 
526545874435526 -0.895570 -0.121845 -0.425155 0.048496 
526545895006412 -0.892945 -0.142207 -0.424310 0.048863 
526545915577193 -0.886502 -0.172860 -0.425601 0.055658 
526545936148026 -0.878648 -0.200799 -0.428522 0.063458 
526545956719068 -0.871687 -0.216016 -0.434791 0.066745 
526545977289953 -0.859282 -0.253286 -0.436277 0.084521 
526545997860631 -0.840756 -0.294144 -0.442174 0.105311 
526546018431464 -0.813319 -0.349371 -0.445414 0.134384 
526546039001672 -0.790152 -0.390470 -0.445862 0.156204 
526546059572506 -0.769714 -0.424855 -0.443084 0.175259 
526546080143443 -0.744804 -0.464262 -0.436856 0.197193 
526546100714328 -0.718736 -0.504227 -0.424737 0.220844 
526546121285058 -0.709010 -0.518894 -0.416282 0.234014 
526546141855891 -0.696212 -0.540384 -0.398984 0.253154 
526546162426828 -0.676318 -0.569335 -0.376801 0.276536 
526546182997714 -0.629905 -0.622579 -0.347176 0.308356 
526546203568496 -0.588462 -0.662919 -0.323911 0.330656 
526546224139329 -0.551056 -0.696161 -0.297981 0.350577 
526546244710215 -0.535431 -0.712076 -0.274680 0.361679 
526546265281048 -0.526811 -0.720409 -0.257690 0.370240 
526546285852090 -0.525283 -0.725290 -0.243820 0.372269 
526546306422923 -0.523203 -0.731566 -0.231097 0.371031 
526546326993599 -0.520247 -0.737427 -0.221479 0.369448 
526546347564433 -0.510563 -0.745614 -0.217002 0.369183 
526546368135162 -0.501604 -0.753154 -0.214575 0.367573 
526546388706047 -0.492244 -0.762594 -0.207769 0.364661 
526546409276777 -0.482871 -0.769138 -0.200927 0.367276 
526546429847610 -0.465002 -0.778515 -0.191966 0.375282 
526546450418703 -0.451708 -0.786549 -0.186323 0.377603 
526546470989589 -0.436551 -0.797286 -0.181528 0.375242 
526546491560318 -0.438190 -0.800370 -0.178939 0.367937 
526546512131308 -0.446579 -0.797232 -0.176138 0.366011 
526546532702142 -0.448554 -0.797281 -0.176176 0.363461 
526546553272922 -0.446869 -0.798326 -0.178327 0.362192 
526546573843755 -0.447229 -0.797073 -0.184268 0.361534 
526546594414485 -0.441135 -0.798794 -0.191496 0.361466 
526546614985318 -0.430476 -0.803351 -0.198485 0.360446 
526546635556152 -0.418990 -0.808427 -0.205225 0.358853 
526546656126985 -0.406300 -0.813633 -0.212545 0.357416 
526546676698078 -0.396885 -0.817115 -0.218902 0.356212 
526546697268912 -0.388543 -0.820264 -0.223610 0.355248 
526546717839745 -0.382280 -0.822503 -0.228136 0.353984 
526546738410578 -0.379417 -0.822472 -0.231180 0.355160 
526546758981360 -0.379151 -0.819941 -0.234665 0.358989 
526546779552193 -0.385016 -0.816035 -0.231823 0.363465 
526546800122974 -0.393788 -0.813279 -0.224169 0.365044 
526546820693860 -0.409007 -0.809529 -0.217223 0.360819 
526546841265005 -0.427118 -0.800582 -0.211338 0.363284 
526546861835838 -0.447616 -0.789654 -0.205853 0.365664 
526546882406881 -0.472267 -0.776156 -0.199520 0.367067 
526546902977714 -0.503156 -0.757839 -0.190711 0.368978 
526546923547974 -0.529995 -0.739953 -0.184228 0.370991 
526546944118860 -0.547253 -0.728171 -0.180161 0.371245 
526546964689797 -0.554803 -0.722517 -0.179887 0.371218 
526546985260630 -0.561293 -0.718580 -0.178797 0.369627 
526547005831308 -0.568053 -0.715084 -0.175078 0.367857 
526547026402141 -0.572837 -0.712825 -0.171282 0.366607 
526547046973338 -0.577083 -0.711018 -0.168914 0.364550 
526547067544172 -0.579241 -0.709093 -0.171546 0.363646 
526547088114745 -0.580196 -0.709167 -0.175063 0.360288 
526547108685578 -0.579087 -0.710595 -0.177804 0.357908 
526547129256516 -0.575932 -0.712974 -0.181462 0.356430 
526547149827349 -0.573999 -0.712598 -0.185214 0.358365 
526547170398183 -0.574805 -0.710482 -0.188210 0.359712 
526547190969016 -0.575980 -0.708241 -0.189964 0.361324 
526547211539900 -0.577496 -0.705781 -0.190510 0.363423 
526547232110006 -0.579108 -0.703440 -0.191020 0.365127 
526547252680839 -0.582022 -0.698451 -0.191406 0.369838 
526547273252401 -0.587614 -0.689881 -0.192593 0.376407 
526547293823235 -0.593370 -0.682274 -0.193947 0.380525 
526547314394016 -0.600030 -0.674119 -0.194846 0.384139 
526547334964849 -0.607471 -0.664465 -0.195499 0.388902 
526547355535943 -0.612338 -0.657342 -0.195419 0.393388 
526547376106776 -0.618956 -0.649610 -0.195436 0.395860 
526547396677453 -0.626021 -0.641032 -0.196829 0.398038 
526547417248339 -0.631805 -0.632150 -0.200663 0.401177 
526547437819172 -0.637343 -0.621939 -0.206092 0.405599 
526547458390058 -0.642813 -0.610313 -0.211726 0.411682 
526547478960995 -0.646761 -0.603266 -0.215848 0.413739 
526547499531828 -0.648119 -0.601373 -0.213118 0.415779 
526547520102661 -0.646033 -0.603042 -0.210386 0.417994 
526547540673494 -0.642957 -0.606882 -0.204822 0.419939 
526547561244380 -0.649420 -0.600241 -0.187242 0.427675 
526547581815214 -0.667785 -0.569539 -0.178536 0.444761 
526547602386046 -0.663099 -0.570803 -0.160273 0.456943 
526547622956880 -0.651669 -0.585831 -0.141058 0.460687 
526547643527662 -0.647819 -0.599642 -0.104785 0.458017 
526547664098495 -0.636811 -0.610200 -0.066318 0.466615 
526547684669588 -0.625034 -0.618736 -0.039204 0.474301 
526547705240421 -0.611800 -0.615753 -0.026101 0.495850 
526547725811307 -0.596202 -0.607374 -0.015564 0.524783 
526547746382141 -0.580260 -0.595058 -0.008228 0.556000 
526547766952869 -0.553763 -0.596443 0.002804 0.581029 
526547787523703 -0.515665 -0.589210 0.036539 0.620956 
526547808094641 -0.467375 -0.603126 0.067898 0.642799 
526547828665526 -0.422585 -0.629423 0.077874 0.647445 
526547849236255 -0.383150 -0.654165 0.063116 0.649061 
526547869807088 -0.347621 -0.672309 0.028761 0.652942 
526547890378130 -0.316270 -0.685403 -0.017543 0.655659 
526547910948964 -0.290507 -0.691034 -0.072645 0.657876 
526547931519849 -0.267944 -0.690579 -0.135757 0.657934 
526547952090525 -0.244423 -0.687108 -0.206712 0.652235 
526547972661359 -0.216638 -0.684167 -0.280103 0.637594 
526547993232192 -0.190342 -0.678516 -0.347885 0.618354 
526548013803078 -0.166359 -0.660644 -0.402790 0.611257 
526548034374068 -0.141498 -0.632067 -0.440566 0.621588 
526548054944953 -0.116124 -0.601954 -0.467353 0.636983 
526548075515005 -0.093051 -0.579313 -0.492039 0.643145 
526548096085838 -0.076137 -0.565580 -0.519566 0.635904 
526548116657400 -0.059668 -0.554088 -0.546375 0.625220 
526548137228234 -0.040562 -0.537208 -0.571036 0.619419 
526548157799067 -0.019494 -0.512447 -0.592794 0.620978 
526548178369900 0.001674 -0.483267 -0.610165 0.627812 
526548198940838 0.021421 -0.454426 -0.622864 0.636458 
526548219511723 0.036997 -0.427579 -0.633832 0.643478 
526548240082506 0.048275 -0.401467 -0.643398 0.650025 
526548260653339 0.061469 -0.369099 -0.649455 0.661964 
526548281224328 0.075858 -0.330624 -0.652926 0.677216 
526548301795162 0.090319 -0.289610 -0.655958 0.691150 
526548322365942 0.105939 -0.251476 -0.656344 0.703385 
526548342936775 0.116020 -0.228556 -0.653160 0.712519 
526548363507766 0.117760 -0.224855 -0.649524 0.716723 
526548384078599 0.116744 -0.232430 -0.647426 0.716371 
526548404649850 0.120329 -0.234029 -0.647167 0.715491 
526548425220683 0.130936 -0.232967 -0.646635 0.714454 
526548445791411 0.146797 -0.239906 -0.643034 0.712322 
526548466362297 0.158869 -0.251994 -0.637435 0.710589 
526548486932817 0.162244 -0.258823 -0.631083 0.713037 
526548507503702 0.164787 -0.248105 -0.621612 0.724492 
526548528074536 0.164583 -0.232977 -0.609483 0.739706 
526548548645421 0.163384 -0.224095 -0.597190 0.752630 
526548569216150 0.165528 -0.220542 -0.587439 0.760840 
526548589787036 0.169501 -0.223505 -0.581003 0.764035 
526548610358130 0.171706 -0.235092 -0.578011 0.762333 
526548630929016 0.176988 -0.248828 -0.573448 0.760209 
526548651499640 0.182297 -0.260316 -0.572285 0.755972 
526548672070577 0.186056 -0.266734 -0.571588 0.753341 
526548692641411 0.188891 -0.268069 -0.568840 0.754242 
526548713212192 0.190598 -0.268396 -0.565429 0.756258 
526548733783025 0.193097 -0.267444 -0.560521 0.759608 
526548754353859 0.196942 -0.264264 -0.554524 0.764121 
526548774924692 0.201539 -0.260037 -0.544542 0.771515 
526548795495630 0.203410 -0.257695 -0.536147 0.777665 
526548816066463 0.203244 -0.257733 -0.529590 0.782177 
526548836637348 0.203324 -0.258248 -0.523254 0.786240 
526548857208182 0.204208 -0.258452 -0.516223 0.790579 
526548877779223 0.205860 -0.258722 -0.508319 0.795171 
526548898349952 0.207711 -0.259930 -0.500949 0.798963 
526548918920838 0.210327 -0.261541 -0.493383 0.802454 
526548939491723 0.213868 -0.262740 -0.485471 0.805944 
526548960062557 0.217436 -0.263847 -0.477840 0.809182 
526548980633442 0.220352 -0.265300 -0.471285 0.811758 
526549001204223 0.223477 -0.266422 -0.463706 0.814895 
526549021775109 0.227103 -0.267023 -0.454484 0.818882 
526549042345838 0.230563 -0.267418 -0.445292 0.822827 
526549062916724 0.233800 -0.267074 -0.436472 0.826741 
526549083488338 0.236744 -0.265580 -0.427687 0.830966 
526549104059223 0.239375 -0.263560 -0.419318 0.835110 
526549124630005 0.242182 -0.261154 -0.410438 0.839456 
526549145200838 0.244869 -0.258816 -0.402740 0.843121 
526549165771827 0.247975 -0.256130 -0.394734 0.846812 
526549186342661 0.250257 -0.253639 -0.387392 0.850274 
526549206913442 0.252489 -0.250886 -0.379096 0.854162 
526549227484276 0.254259 -0.249107 -0.372685 0.856974 
526549248055473 0.256320 -0.247124 -0.365722 0.859929 
526549268626358 0.258729 -0.244885 -0.357637 0.863242 
526549289196880 0.271681 -0.230947 -0.310765 0.881067 
526549309767765 0.280426 -0.220958 -0.276801 0.892143 
526549330338754 0.288780 -0.209778 -0.242134 0.902203 
526549350909640 0.296243 -0.198461 -0.210306 0.910288 
526549371480473 0.300477 -0.191338 -0.199256 0.912907 
526549392051255 0.307008 -0.188251 -0.192436 0.912839 
526549412622140 0.312816 -0.188244 -0.185690 0.912266 
526549433193077 0.313878 -0.188302 -0.180398 0.912951 
526549453763963 0.312745 -0.185758 -0.175044 0.914901 
526549474334900 0.311639 -0.182920 -0.168432 0.917089 
526549494905786 0.312734 -0.180240 -0.160924 0.918594 
526549515476254 0.314821 -0.180522 -0.154983 0.918847 
