# Created at Thu Nov 07 17:54:11 EST 2019 in Burnaby Canada 
520495126099531 0.003398 0.000764 0.006779 
520495146666875 0.003398 0.000764 0.006779 
520495167233801 0.003398 0.000764 0.006779 
520495187800886 0.003398 0.000764 0.006779 
520495208367969 0.003398 0.000764 0.006779 
520495228935051 0.003398 0.000764 0.006779 
520495249503229 0.003398 0.000764 0.006779 
520495270069947 0.003398 0.000764 0.006779 
520495290636406 0.003398 0.000764 0.006779 
520495311203438 0.003398 0.000764 0.006779 
520495331770572 0.003398 0.000764 0.006779 
520495352337708 0.003398 0.000764 0.006779 
520495372904635 0.003398 0.000764 0.006779 
520495393471770 0.003398 0.000764 0.006779 
520495414038699 0.003398 0.000764 0.006779 
520495434605989 0.003398 0.000764 0.006779 
520495455172917 0.003398 0.000764 0.006779 
520495475740104 0.003398 0.000764 0.006779 
520495496307343 0.003398 0.000764 0.006779 
520495516874218 0.003398 0.000764 0.006779 
520495537441355 0.003398 0.000764 0.006779 
520495558008385 0.003398 0.000764 0.006779 
520495578575573 0.003398 0.000764 0.006779 
520495599142605 0.003398 0.000764 0.006779 
520495619709688 0.003398 0.000764 0.006779 
520495640276719 0.003398 0.000764 0.006779 
520495660844010 0.003398 0.000764 0.006779 
520495681410990 0.003398 0.000764 0.006779 
520495701978333 0.003398 0.000764 0.006779 
520495722545313 0.003398 0.000764 0.006779 
520495743112395 0.003398 0.000764 0.006779 
520495763679427 0.003398 0.000764 0.006779 
520495784246615 0.003398 0.000764 0.006779 
520495804813489 0.003398 0.000764 0.006779 
520495825380937 0.003398 0.000764 0.006779 
520495845947708 0.003398 0.000764 0.006779 
520495866515000 0.003398 0.000764 0.006779 
520495887081823 0.003398 0.000764 0.006779 
520495907649479 0.003398 0.000764 0.006779 
520495928216197 0.003398 0.000764 0.006779 
520495948784167 0.003398 0.000764 0.006779 
520495969350833 0.003398 0.000764 0.006779 
520495989917552 0.003398 0.000764 0.006779 
520496010484583 0.003398 0.000764 0.006779 
520496031051771 0.003398 0.000764 0.006779 
520496051619218 0.003398 0.000764 0.006779 
520496072187916 0.003398 0.000764 0.006779 
520496092753697 0.003398 0.000764 0.006779 
520496113320000 0.003398 0.000764 0.006779 
520496133887135 0.003398 0.000764 0.006779 
520496154454374 0.003398 0.000764 0.006779 
520496175021354 0.003398 0.000764 0.006779 
520496195588384 0.003398 0.000764 0.006779 
520496216155572 0.003398 0.000764 0.006779 
520496236722604 0.003398 0.000764 0.006779 
520496257292812 0.003398 0.000764 0.006779 
520496277860625 0.003398 0.000764 0.006779 
520496298424843 0.003398 0.000764 0.006779 
520496318991666 0.003398 0.000764 0.006779 
520496339559635 0.003398 0.000764 0.006779 
520496360126666 0.003398 0.000764 0.006779 
520496380693802 0.003398 0.000764 0.006779 
520496401260677 0.003398 0.000764 0.006779 
520496421827448 0.003398 0.000764 0.006779 
520496442394532 0.003398 0.000764 0.006779 
520496462961770 0.003398 0.000764 0.006779 
520496483528385 0.003398 0.000764 0.006779 
520496504097187 0.003398 0.000764 0.006779 
520496524663593 0.003398 0.000764 0.006779 
520496545230520 0.003398 0.000764 0.006779 
520496565797291 0.003398 0.000764 0.006779 
520496586364583 0.003398 0.000764 0.006779 
520496606930573 0.003398 0.000764 0.006779 
520496627498489 0.003398 0.000764 0.006779 
520496648064791 0.003398 0.000764 0.006779 
520496668632239 0.003398 0.000764 0.006779 
520496689201561 0.003398 0.000764 0.006779 
520496709767135 0.003398 0.000764 0.006779 
520496730335103 0.003398 0.000764 0.006779 
520496750900832 0.003398 0.000764 0.006779 
520496771467604 0.003398 0.000764 0.006779 
520496792034791 0.003398 0.000764 0.006779 
520496812601771 0.003398 0.000764 0.006779 
520496833169218 0.003398 0.000764 0.006779 
520496853736041 0.003398 0.000764 0.006779 
520496874303333 0.003398 0.000764 0.006779 
520496894870572 0.003398 0.000764 0.006779 
520496915437343 0.003398 0.000764 0.006779 
520496936004583 0.003398 0.000764 0.006779 
520496956571666 0.003398 0.000764 0.006779 
520496977141146 0.003398 0.000764 0.006779 
520496997707656 0.003398 0.000764 0.006779 
520497018277135 0.003398 0.000764 0.006779 
520497038843646 0.003398 0.000764 0.006779 
520497059408228 0.003398 0.000764 0.006779 
520497079975156 0.003398 0.000764 0.006779 
520497100543124 0.003398 0.000764 0.006779 
520497121109479 0.003398 0.000764 0.006779 
520497141675832 0.003398 0.000764 0.006779 
520497162243019 0.003398 0.000764 0.006779 
520497182810104 0.003398 0.000764 0.006779 
520497203377343 0.003398 0.000764 0.006779 
520497223944687 0.003398 0.000764 0.006779 
520497244511926 0.003398 0.000764 0.006779 
520497265079478 0.003398 0.000764 0.006779 
520497285645989 0.003398 0.000764 0.006779 
520497306213541 0.003398 0.000764 0.006779 
520497326780572 0.003398 0.000764 0.006779 
520497347347656 0.003398 0.000764 0.006779 
520497367914635 0.003398 0.000764 0.006779 
520497388482082 0.003398 0.000764 0.006779 
520497409049582 0.003398 0.000764 0.006779 
520497429615729 0.003398 0.000764 0.006779 
520497450183281 0.003398 0.000764 0.006779 
520497470750729 0.003398 0.000764 0.006779 
520497491319061 0.003398 0.000764 0.006779 
520497511885781 0.003398 0.000764 0.006779 
520497532452343 0.003398 0.000764 0.006779 
520497553020259 0.003398 0.000764 0.006779 
520497573586302 0.003398 0.000764 0.006779 
520497594152916 0.003398 0.000764 0.006779 
520497614720312 0.003398 0.000764 0.006779 
520497635287447 0.003398 0.000764 0.006779 
520497655854583 0.003398 0.000764 0.006779 
520497676422551 0.003398 0.000764 0.006779 
520497696990102 0.003398 0.000764 0.006779 
520497717556457 0.003398 0.000764 0.006779 
520497738123905 0.003398 0.000764 0.006779 
520497758690885 0.003398 0.000764 0.006779 
520497779258071 0.003398 0.000764 0.006779 
520497799824427 0.003398 0.000764 0.006779 
520497820392187 0.003398 0.000764 0.006779 
520497840959166 0.003398 0.000764 0.006779 
520497861526614 0.003398 0.000764 0.006779 
520497882093748 0.003398 0.000764 0.006779 
520497902660677 0.003398 0.000764 0.006779 
520497923227707 0.003398 0.000764 0.006779 
520497943795833 0.003398 0.000764 0.006779 
520497964362446 0.003398 0.000764 0.006779 
520497984931145 0.003398 0.000764 0.006779 
520498005497656 0.003398 0.000764 0.006779 
520498026065051 0.003398 0.000764 0.006779 
520498046631978 0.003398 0.000764 0.006779 
520498067198748 0.003398 0.000764 0.006779 
520498087766457 0.003398 0.000764 0.006779 
520498108332551 0.003398 0.000764 0.006779 
520498128901145 0.003398 0.000764 0.006779 
520498149466718 0.003398 0.000764 0.006779 
520498170033905 0.003398 0.000764 0.006779 
520498190601092 0.003398 0.000764 0.006779 
520498211168593 0.003398 0.000764 0.006779 
520498231736196 0.003398 0.000764 0.006779 
520498252302290 0.003398 0.000764 0.006779 
520498272869842 0.003398 0.000764 0.006779 
520498293436874 0.003398 0.000764 0.006779 
520498314004113 0.003398 0.000764 0.006779 
520498334571509 0.003398 0.000764 0.006779 
520498355138801 0.003398 0.000764 0.006779 
520498375705936 0.003398 0.000764 0.006779 
520498396272655 0.003398 0.000764 0.006779 
520498416840311 0.003398 0.000764 0.006779 
520498437407083 0.003398 0.000764 0.006779 
520498457975155 0.003398 0.000764 0.006779 
520498478542291 0.003398 0.000764 0.006779 
520498499109999 0.003398 0.000764 0.006779 
520498519676352 0.003398 0.000764 0.006779 
520498540243748 0.003398 0.000764 0.006779 
520498560811040 0.003398 0.000764 0.006779 
520498581377864 0.003398 0.000764 0.006779 
520498601945259 0.003398 0.000764 0.006779 
520498622511978 0.003398 0.000764 0.006779 
520498643079113 0.003398 0.000764 0.006779 
520498663647239 0.003398 0.000764 0.006779 
520498684214165 0.003398 0.000764 0.006779 
520498704781353 0.003398 0.000764 0.006779 
520498725349217 0.003398 0.000764 0.006779 
520498745915624 0.003398 0.000764 0.006779 
520498766482551 0.003398 0.000764 0.006779 
520498787050154 0.003398 0.000764 0.006779 
520498807618748 0.003398 0.000764 0.006779 
520498828183852 0.003398 0.000764 0.006779 
520498848751197 0.003398 0.000764 0.006779 
520498869317185 0.003398 0.000764 0.006779 
520498889884530 0.003398 0.000764 0.006779 
520498910452186 0.003398 0.000764 0.006779 
520498931017708 0.003398 0.000764 0.006779 
520498951586405 0.003398 0.000764 0.006779 
520498972153593 0.003398 0.000764 0.006779 
520498992721509 0.003398 0.000764 0.006779 
520499013288540 0.003398 0.000764 0.006779 
520499033856404 0.003398 0.000764 0.006779 
520499054422447 0.003398 0.000764 0.006779 
520499074988696 0.003398 0.000764 0.006779 
520499095555676 0.003398 0.000764 0.006779 
520499116122811 0.003398 0.000764 0.006779 
520499136690206 0.003398 0.000764 0.006779 
520499157257239 0.003398 0.000764 0.006779 
520499177824582 0.003398 0.000764 0.006779 
520499198391405 0.003398 0.000764 0.006779 
520499218959269 0.003398 0.000764 0.006779 
520499239525832 0.003398 0.000764 0.006779 
520499260093852 0.003398 0.000764 0.006779 
520499280660780 0.003398 0.000764 0.006779 
520499301228488 0.003398 0.000764 0.006779 
520499321795728 0.003398 0.000764 0.006779 
520499342362238 0.003398 0.000764 0.006779 
520499362929217 0.003398 0.000764 0.006779 
520499383496874 0.003398 0.000764 0.006779 
520499404063958 0.003398 0.000764 0.006779 
520499424630623 0.003398 0.000764 0.006779 
520499445201249 0.003398 0.000764 0.006779 
520499465765363 0.003398 0.000764 0.006779 
520499486332968 0.003398 0.000764 0.006779 
520499506899165 0.003398 0.000764 0.006779 
520499527466510 0.003398 0.000764 0.006779 
520499548033957 0.003398 0.000764 0.006779 
520499568600988 0.003398 0.000764 0.006779 
520499589168019 0.003398 0.000764 0.006779 
520499609735311 0.003398 0.000764 0.006779 
520499630302186 0.003398 0.000764 0.006779 
520499650869425 0.003398 0.000764 0.006779 
520499671437186 0.003398 0.000764 0.006779 
520499692003800 0.003398 0.000764 0.006779 
520499712570779 0.003398 0.000764 0.006779 
520499733138227 0.003398 0.000764 0.006779 
520499753706248 0.003398 0.000764 0.006779 
520499774272602 0.003398 0.000764 0.006779 
520499794840363 0.003398 0.000764 0.006779 
520499815407550 0.003398 0.000764 0.006779 
520499835974322 0.003398 0.000764 0.006779 
520499856541978 0.003398 0.000764 0.006779 
520499877109217 0.003398 0.000764 0.006779 
520499897675988 0.003398 0.000764 0.006779 
520499918243072 0.003398 0.000764 0.006779 
520499938810780 0.003398 0.000764 0.006779 
520499959377551 0.003398 0.000764 0.006779 
520499979945102 0.003398 0.000764 0.006779 
520500000511821 0.003398 0.000764 0.006779 
520500021080259 0.003398 0.000764 0.006779 
520500041647654 0.003398 0.000764 0.006779 
520500062214634 0.003398 0.000764 0.006779 
520500082782029 0.003398 0.000764 0.006779 
520500103349113 0.003398 0.000764 0.006779 
520500123915623 0.003398 0.000764 0.006779 
520500144482446 0.003398 0.000764 0.006779 
520500165049738 0.003398 0.000764 0.006779 
520500185616925 0.003398 0.000764 0.006779 
520500206183748 0.003398 0.000764 0.006779 
520500226750676 0.003398 0.000764 0.006779 
520500247318071 0.003398 0.000764 0.006779 
520500267885155 0.003398 0.000764 0.006779 
520500288452498 0.003398 0.000764 0.006779 
520500309021144 0.003398 0.000764 0.006779 
520500329586821 0.003398 0.000764 0.006779 
520500350154374 0.003398 0.000764 0.006779 
520500370721352 0.003398 0.000764 0.006779 
520500391287863 0.003398 0.000764 0.006779 
520500411854477 0.003398 0.000764 0.006779 
520500432421873 0.003398 0.000764 0.006779 
520500452989061 0.003398 0.000764 0.006779 
520500473556872 0.003398 0.000764 0.006779 
520500494125467 0.003398 0.000764 0.006779 
520500514692393 0.003398 0.000764 0.006779 
520500535259373 0.003398 0.000764 0.006779 
520500555826768 0.003398 0.000764 0.006779 
520500576392134 0.003398 0.000764 0.006779 
520500596959113 0.003398 0.000764 0.006779 
520500617526613 0.003398 0.000764 0.006779 
520500638093384 0.003398 0.000764 0.006779 
520500658661405 0.003398 0.000764 0.006779 
520500679227290 0.003398 0.000764 0.006779 
520500699795571 0.003398 0.000764 0.006779 
520500720362654 0.003398 0.000764 0.006779 
520500740932290 0.003398 0.000764 0.006779 
520500761498852 0.003398 0.000764 0.006779 
520500782066665 0.003398 0.000764 0.006779 
520500802633175 0.003398 0.000764 0.006779 
520500823198956 0.003398 0.000764 0.006779 
