# Created at Thu Nov 07 17:54:11 EST 2019 in Burnaby Canada 
520495126099531 0.003018 -0.008364 0.021197 
520495146666875 0.005447 -0.008351 0.025469 
520495167233801 0.001884 -0.000471 0.016712 
520495187800886 0.008014 -0.007697 0.014483 
520495208367969 0.010333 -0.010154 0.010982 
520495228935051 -0.002755 -0.012646 0.017597 
520495249503229 -0.005261 -0.012625 0.003907 
520495270069322 -0.005523 -0.007958 0.004328 
520495290636406 0.000360 -0.009583 0.000669 
520495311203438 0.014477 -0.011188 0.005725 
520495331770572 0.004938 -0.012489 0.009367 
520495352337708 0.000167 -0.008077 0.013791 
520495372904635 -0.006755 -0.011695 0.018047 
520495393471770 0.000484 -0.017322 0.014108 
520495414038699 0.013332 -0.012599 0.015052 
520495434605989 0.010999 -0.011723 0.014109 
520495455173020 0.012913 -0.002390 0.004369 
520495475740104 0.004137 -0.015087 0.016592 
520495496307343 0.000936 -0.013591 0.024765 
520495516874218 -0.000710 -0.014576 0.001871 
520495537441823 0.008891 -0.008470 0.009251 
520495558008385 0.016817 -0.014607 0.014986 
520495578576250 -0.007644 -0.017069 0.001270 
520495599142605 -0.000945 -0.012205 -0.002380 
520495619709740 0.003748 -0.009011 0.003615 
520495640276719 0.002796 -0.013035 0.011027 
520495660843958 -0.005344 -0.013856 0.015379 
520495681410990 0.001701 -0.022010 0.019444 
520495701978594 0.017018 -0.016508 0.017094 
520495722545313 0.000190 -0.013152 0.010725 
520495743112292 -0.005622 -0.012424 0.010440 
520495763679427 -0.002236 -0.013229 0.009826 
520495784246615 -0.011563 -0.000497 0.032291 
520495804813489 0.034983 -0.052300 0.028653 
520495825380573 0.038295 -0.038429 0.090539 
520495845947708 -0.107164 0.048159 0.164739 
520495866515000 -0.531136 0.120950 0.254748 
520495887081823 -0.736251 0.378614 0.231020 
520495907649479 0.036765 0.343379 -0.110145 
520495928216197 0.925480 -0.133255 -0.191337 
520495948784167 1.150835 -0.459389 0.123418 
520495969350833 0.549114 -0.144293 0.294511 
520495989917552 -0.208891 0.139711 0.116869 
520496010484583 -0.484350 0.158264 -0.023019 
520496031051771 -0.296495 0.032288 -0.252752 
520496051619218 -0.050781 -0.104768 -0.429078 
520496072187916 -0.090544 -0.186142 -0.400025 
520496092753697 -0.284371 -0.197668 -0.351632 
520496113320000 -0.364985 -0.188900 -0.347383 
520496133887135 -0.225441 -0.224713 -0.206794 
520496154454218 -0.036042 -0.259708 -0.077425 
520496175021301 0.063374 -0.224051 -0.013612 
520496195588384 0.051741 -0.111021 0.056146 
520496216155624 0.000095 0.049062 0.085891 
520496236722604 0.027735 0.188323 0.138378 
520496257292812 0.144835 0.188352 0.131289 
520496277860625 0.234200 -0.063577 0.211485 
520496298424843 0.428555 0.302439 0.397184 
520496318991666 0.139691 0.281355 0.185002 
520496339559635 0.045877 0.854859 0.698547 
520496360126666 -0.373885 -0.183876 0.117099 
520496380693802 -0.185333 -0.143740 0.197690 
520496401260677 0.308357 -0.448689 0.079738 
520496421827238 1.142649 -0.613576 -0.498870 
520496442394532 1.102533 -0.343719 0.317323 
520496462961458 -0.247573 -0.005963 0.019498 
520496483528385 -0.761588 0.175661 -0.244754 
520496504097187 -0.637531 0.154334 0.426541 
520496524663593 -0.186038 0.224991 0.139462 
520496545230520 -0.725175 0.353215 -0.296831 
520496565797291 -1.050620 0.230870 0.039388 
520496586364583 -0.822043 0.048628 -0.228581 
520496606930573 -0.381757 0.020162 -0.277429 
520496627498489 -0.026539 0.058491 -0.240662 
520496648064791 0.222733 0.084348 0.139095 
520496668632239 0.565844 -0.426169 -0.294877 
520496689201561 0.474184 -0.675954 0.299822 
520496709767135 -0.032669 -0.034042 -0.096213 
520496730335103 -0.232867 -0.031731 -0.116379 
520496750900520 0.086965 -0.137280 -0.008530 
520496771467604 0.467813 0.294443 0.055243 
520496792034791 0.175035 0.348096 0.022272 
520496812601771 -0.393796 0.161065 -0.285625 
520496833169218 -0.417953 -0.206944 -0.396077 
520496853736041 0.170871 -0.401275 -0.086674 
520496874303333 0.215224 -0.072905 0.082381 
520496894870468 -0.449650 0.445753 0.031679 
520496915437343 -0.836270 0.485838 -0.192001 
520496936004583 0.070701 -0.044663 -0.156345 
520496956571666 1.448418 -0.881284 -0.008620 
520496977140729 1.143931 -0.614420 0.114988 
520496997707656 0.362307 -0.114255 -0.000800 
520497018277135 -0.691124 -0.034492 0.769117 
520497038843646 -0.522315 0.386710 -0.179717 
520497059410155 0.126353 0.081445 -0.016418 
520497079975156 0.496148 0.057737 -0.057047 
520497100543124 0.431149 -0.349520 0.222518 
520497121109479 0.390994 -1.371001 -0.549689 
520497141675885 -0.515319 -3.012630 0.274887 
520497162243019 0.202309 0.345531 0.731064 
520497182810208 0.692105 1.612039 -0.058364 
520497203377343 0.261534 1.030975 0.417489 
520497223944948 -0.064636 0.206298 0.434978 
520497244511926 0.073567 -0.311104 -0.177272 
520497265079478 -0.239593 0.528394 -0.173176 
520497285645989 -0.333598 0.547504 -0.510485 
520497306213541 -0.294747 0.062834 -0.262553 
520497326780572 -0.067729 0.051370 0.262418 
520497347347656 -0.192157 -0.322975 0.601225 
520497367914635 -0.162615 -0.816875 -0.297522 
520497388482082 -0.115231 -1.022048 -0.428806 
520497409049582 0.098778 -1.282845 -0.004752 
520497429615729 0.343484 -1.447383 0.565903 
520497450183281 0.446901 -0.769364 0.632112 
520497470751926 -0.338313 -0.161562 -0.460812 
520497491319061 -0.786728 0.103051 -0.549340 
520497511885781 -0.661923 -1.073062 -0.152133 
520497532452343 -1.301124 -2.630728 0.698679 
520497553020259 -0.523041 -1.181024 2.243290 
520497573586302 1.652936 -0.251025 0.093785 
520497594152916 0.892190 -0.631907 -0.765251 
520497614726145 1.018738 -0.449409 0.132810 
520497635287447 1.977244 -0.526912 0.460594 
520497655854843 1.760521 -0.286925 -0.798427 
520497676422551 0.426447 -1.178564 -1.697109 
520497696990102 -1.011274 -2.264092 -2.399007 
520497717556457 0.091272 -1.118942 -5.695138 
520497738124009 2.770607 1.380481 -7.644734 
520497758690885 3.287953 1.722333 -4.280839 
520497779257499 2.011701 -0.091889 -2.630663 
520497799824427 0.115100 -1.089875 -1.286589 
520497820393333 1.503221 0.613945 -2.786284 
520497840959166 3.387069 2.867368 -5.072061 
520497861526614 4.976650 4.735555 -4.095479 
520497882093748 6.273677 6.217929 -2.234846 
520497902660416 6.473906 6.167087 -0.631858 
520497923227707 5.651411 4.313126 1.412314 
520497943795833 4.112254 1.629220 2.240536 
520497964362446 0.069057 -1.305860 3.718859 
520497984931145 -1.882160 -1.874429 3.679820 
520498005497656 -0.998847 -1.566684 0.749670 
520498026064947 1.366349 -1.115662 -1.447847 
520498046631978 1.176839 -3.857619 -2.322712 
520498067198748 -3.927363 -5.627788 -0.238108 
520498087766457 -2.997694 -5.099509 -1.862919 
520498108332551 0.659804 -1.541562 -5.956946 
520498128901145 2.533606 -0.015290 -6.130400 
520498149466718 3.805645 -0.907427 -4.735161 
520498170033905 4.860194 -3.058640 -4.245736 
520498190601405 1.167859 -7.263550 -3.309072 
520498211168593 -5.363732 -8.063846 -1.460641 
520498231736196 -2.904826 -1.522244 -3.027497 
520498252302290 5.130458 1.973962 -3.161189 
520498272869842 6.060339 1.447702 0.096426 
520498293436874 4.140562 -0.964188 0.967505 
520498314004113 3.665960 -4.207636 6.226892 
520498334571509 2.499249 -5.548102 5.563781 
520498355138801 -0.207347 -5.592400 2.228287 
520498375705519 0.046423 -3.960996 -2.631238 
520498396272655 -0.754635 -3.180830 -3.847951 
520498416840415 -0.463360 -2.340856 -0.524159 
520498437407083 3.868059 -0.126102 0.499471 
520498457975676 5.911317 0.507346 -1.543948 
520498478542291 4.597373 -1.082379 -2.083577 
520498499109999 2.084825 -1.233407 -1.335965 
520498519676352 0.717422 -0.663303 0.268775 
520498540243853 -0.510614 -0.103548 2.364278 
520498560811040 -2.179494 0.525477 2.720663 
520498581378228 -2.865940 1.898623 2.247277 
520498601945259 -0.765046 0.944616 1.567855 
520498622511978 0.807129 -0.334338 0.547501 
520498643079113 0.547543 -0.307482 0.672712 
520498663647239 -0.333573 -0.154869 0.391019 
520498684214165 -1.058391 -0.211958 -0.316477 
520498704781353 -1.228439 0.073355 -1.062213 
520498725349217 -1.012069 0.363187 -1.211638 
520498745915624 -0.706878 0.142694 -0.704574 
520498766482551 -0.384641 -0.060851 -0.468637 
520498787050154 -0.259154 0.015764 -0.580218 
520498807618748 0.097714 0.249705 -0.489280 
520498828183852 0.378462 0.165738 -0.328179 
520498848751197 0.106443 -0.148723 -0.002992 
520498869317185 -0.241222 -0.382920 0.348083 
520498889884530 -0.551840 -0.259369 0.239103 
520498910452186 -0.539856 -0.206890 -0.080582 
520498931017708 -0.208630 -0.161123 -0.450848 
520498951586405 -0.111111 0.047174 -0.587321 
520498972153593 -0.355360 0.055285 -0.560998 
520498992721509 -0.601863 -0.155964 -0.425554 
520499013288540 -0.306942 -0.391428 0.138624 
520499033856404 0.007990 -0.367275 0.446654 
520499054422447 -0.236333 -0.155266 0.137081 
520499074988696 -0.471008 -0.107765 -0.190626 
520499095555676 -0.334192 -0.001965 -0.368439 
520499116122811 0.043388 0.222999 -0.303318 
520499136690206 0.198799 0.390926 -0.122347 
520499157257239 0.233977 0.394278 0.329342 
520499177824582 0.263736 0.238873 0.886613 
520499198391405 0.075194 -0.015993 0.815249 
520499218958749 -0.274089 -0.101973 0.161239 
520499239525832 -0.379031 -0.045596 -0.334491 
520499260093852 -0.201203 0.057381 -0.299339 
520499280660780 -0.066701 0.019679 -0.123537 
520499301228175 -0.047077 -0.061129 0.034469 
520499321795728 0.119779 0.023800 0.252130 
520499342362238 0.219565 0.074853 0.340259 
520499362929217 -0.015465 0.012253 0.075796 
520499383496874 -0.304708 0.004588 -0.297302 
520499404063958 -0.300431 -0.021462 -0.253781 
520499424632238 -0.152632 -0.070223 0.116957 
520499445201249 -0.169844 -0.085559 0.322122 
520499465765363 -0.281874 -0.095234 0.202281 
520499486332968 -0.308181 -0.029370 -0.145521 
520499506899322 -0.190972 0.066203 -0.212994 
520499527466510 -0.026569 0.157949 0.126463 
520499548033957 0.149835 -0.003154 0.382423 
520499568600988 0.062470 -0.029671 0.385784 
520499589168019 -0.102965 0.026164 0.194527 
520499609735311 -0.182714 0.029790 0.031206 
520499630302186 -0.063812 0.032022 -0.024824 
520499650869425 0.182285 0.097924 0.104133 
520499671437186 0.200610 0.094778 0.011832 
520499692003800 -0.020592 0.002828 -0.205698 
520499712571040 -0.110138 -0.064534 -0.141454 
520499733138227 -0.095531 -0.144274 -0.022920 
520499753706248 -0.149040 -0.148620 -0.064078 
520499774272602 -0.062558 0.001167 -0.068621 
520499794840363 0.127190 0.141581 0.178732 
520499815407550 0.072902 0.037391 0.198678 
520499835974322 -0.172956 -0.055694 0.041985 
520499856541978 -0.279359 -0.021731 -0.074527 
520499877109217 -0.111765 0.025045 -0.039376 
520499897676248 0.062314 0.101695 0.001684 
520499918243072 0.129999 0.103378 0.157299 
520499938810780 0.016088 -0.063940 0.150433 
520499959377551 -0.223907 -0.173794 -0.054574 
520499979945102 -0.341136 -0.179679 -0.197347 
520500000511821 -0.190136 -0.063446 -0.187067 
520500021080259 -0.021928 0.047646 -0.127236 
520500041647654 0.120857 0.117041 0.054889 
520500062214634 0.209703 0.105306 0.190325 
520500082782029 0.007655 0.029557 0.110421 
520500103348957 -0.187406 -0.020687 -0.030463 
520500123915623 -0.159523 -0.015304 0.062263 
520500144482446 -0.003277 -0.038564 0.170910 
520500165049738 -0.053352 -0.052485 0.059093 
520500185616925 -0.046206 0.000746 0.012536 
520500206183748 0.091099 0.067019 0.081249 
520500226750676 0.077065 0.063568 0.082725 
520500247318071 -0.103614 -0.001056 -0.079803 
520500267885155 -0.197052 -0.063087 -0.089611 
520500288452498 -0.053988 -0.035100 -0.009349 
520500309021144 0.092756 -0.008648 0.036455 
520500329586821 0.055604 0.011322 -0.019447 
520500350154374 -0.046537 0.033413 -0.113787 
520500370721352 -0.109034 0.002526 -0.144772 
520500391287342 -0.096607 -0.012186 -0.065382 
520500411854477 0.008040 0.022694 -0.020430 
520500432421873 0.126864 0.067270 0.007845 
520500452989061 0.042953 0.005095 0.020465 
520500473556872 -0.142079 -0.094988 -0.019906 
520500494125467 -0.206028 -0.045154 -0.033612 
520500514692393 -0.078314 0.001786 0.079911 
520500535259373 0.017928 0.013863 0.084146 
520500555826768 -0.002120 0.009196 -0.014373 
520500576392134 0.056257 0.075367 0.040916 
520500596959113 0.111512 0.078516 0.116478 
520500617526613 -0.030357 -0.009410 -0.020266 
520500638093384 -0.124928 -0.028152 0.079512 
520500658661405 0.051886 -0.032593 0.344203 
520500679227290 -0.073019 -0.049441 0.057486 
520500699795676 -0.214279 -0.082616 -0.353724 
520500720362654 -0.078260 0.046789 -0.317186 
520500740932290 0.326462 0.281999 0.232403 
520500761498852 0.344631 0.108065 0.342095 
520500782066665 -0.474754 -0.146803 -0.369290 
520500802633175 -0.845602 0.039306 -0.424932 
520500823198956 -0.295668 -0.192508 0.397120 
