# Created at Thu Nov 07 17:54:11 EST 2019 in Burnaby Canada 
520495130917291 -35.879189 -35.727097 24.367916 
520495150919427 -37.415112 -36.490067 25.151066 
520495170917187 -35.881199 -35.725388 24.060417 
520495190917448 -36.577709 -33.305466 24.376286 
520495210917448 -37.238697 -35.185593 23.766388 
520495230917447 -36.640095 -35.454086 23.299137 
520495250918333 -36.013317 -34.865891 23.754747 
520495270934844 -36.027733 -35.147202 22.678377 
520495290916926 -34.755074 -33.546722 24.819778 
520495310916094 -36.487858 -35.890366 24.988737 
520495330916718 -37.054916 -34.034103 24.072897 
520495350917448 -36.465042 -34.882309 24.527908 
520495370920520 -36.803429 -36.329376 24.991497 
520495390918176 -35.085075 -34.707352 25.437237 
520495410916511 -35.097134 -34.697098 23.592236 
520495430916042 -37.839989 -35.061539 24.387325 
520495450916615 -34.803043 -35.414032 24.818996 
520495470916979 -36.467052 -34.880600 24.220406 
520495490916927 -35.684685 -34.437988 25.750736 
520495510916718 -36.774567 -34.886139 23.762096 
520495530917031 -36.455982 -34.449692 24.220587 
520495550917135 -35.110558 -35.419571 24.360687 
520495570925833 -37.558632 -35.914444 24.230278 
520495590925886 -36.467052 -34.880600 24.220406 
520495610921511 -34.810425 -35.701309 24.818878 
520495630916667 -35.087082 -34.705643 25.129738 
520495650916666 -34.803043 -35.414032 24.818996 
520495670916823 -34.357033 -35.979874 25.429348 
520495690916615 -36.312119 -34.732056 24.065247 
520495710917083 -36.052574 -36.593857 24.522778 
520495730916771 -37.364788 -34.331192 24.383217 
520495750916615 -36.309090 -34.294296 22.835426 
520495770917239 -35.539799 -34.280884 24.058077 
520495790916823 -36.455982 -34.449692 24.220587 
520495810917812 -34.202744 -35.096893 22.353237 
520495830917239 -36.467052 -34.880600 24.220406 
520495850916614 -36.015675 -35.157455 24.523376 
520495870916719 -34.188675 -35.108856 24.505737 
520495890918594 -37.235683 -35.188156 24.227638 
520495910917396 -35.256088 -34.842224 23.132397 
520495930917760 -35.705803 -34.860352 24.213057 
520495950918646 -35.723232 -35.139099 22.675438 
520495970917396 -36.495552 -35.590256 22.682606 
520495990917187 -35.861759 -35.448364 25.905537 
520496010916197 -36.776577 -34.884430 23.454597 
520496030917083 -36.488518 -35.596237 23.758858 
520496050917603 -35.841942 -33.997437 23.292387 
520496070918125 -35.530407 -33.995316 24.365696 
520496090917551 -36.587757 -33.296921 22.838787 
520496110917291 -35.069622 -33.546280 23.285217 
520496130916770 -35.828865 -33.568237 23.600067 
520496150916927 -37.099857 -35.463669 22.842297 
520496170919635 -35.298359 -36.567627 23.439177 
520496190917915 -36.479458 -35.163620 23.451538 
520496210935467 -37.198437 -33.458481 23.152107 
520496230916614 -35.852337 -34.282150 22.831017 
520496250916146 -37.247742 -35.177902 22.382637 
520496270924791 -35.567307 -35.431717 24.365097 
520496290920937 -36.768177 -34.157684 21.917397 
520496311239739 -37.406715 -35.763321 23.613867 
520496330917448 -37.422150 -36.484085 24.074818 
520496350918020 -36.472076 -34.876328 23.451656 
520496370918281 -37.099857 -35.463669 22.842297 
520496390917395 -35.263470 -35.129517 23.132277 
520496410917448 -35.865417 -34.711365 22.523336 
520496430919479 -35.718208 -35.143372 23.444187 
520496450917709 -35.556236 -35.000793 24.365276 
520496470954844 -34.326820 -34.244217 23.277567 
520496490917656 -35.100510 -35.428116 25.898186 
520496510918697 -36.617985 -35.472900 26.681637 
520496530926978 -36.343319 -36.026535 24.372208 
520496550917864 -35.235626 -34.125732 23.440197 
520496570975833 -36.603195 -34.017685 23.299736 
520496590917760 -36.629025 -35.023163 23.299316 
520496610916406 -36.795029 -35.602631 23.454296 
520496630917551 -37.382893 -34.756134 23.306787 
520496650920156 -37.863117 -35.482208 22.542147 
520496671179739 -38.032467 -35.912064 21.620937 
520496690966509 -37.281269 -35.883270 20.076088 
520496710917448 -36.791653 -34.871597 21.148346 
520496730918540 -37.396950 -34.303833 19.463217 
520496750917917 -36.664558 -35.726822 20.685268 
520496770917864 -37.132721 -36.463150 21.765625 
520496790917342 -36.660194 -35.436981 20.224136 
520496810917135 -39.229992 -34.787628 20.249426 
520496830918437 -37.278912 -35.591705 19.307457 
520496850916979 -40.464104 -35.686996 21.183327 
520496870917239 -38.362095 -35.898788 17.780127 
520496890916874 -39.276283 -36.509598 19.941208 
520496910917030 -38.323196 -34.904404 19.779297 
520496930916301 -39.522057 -33.632095 17.639097 
520496951129010 -37.577370 -35.164612 18.541828 
520496970953073 -38.914425 -34.348602 20.246666 
520496990918542 -36.787617 -34.434708 20.072277 
520497010924375 -38.126682 -33.617004 21.469616 
520497031105468 -39.797070 -33.371704 21.024656 
520497050967188 -37.494884 -33.033096 22.693977 
520497070964530 -40.397682 -33.101486 21.184406 
520497090917552 -38.263168 -33.047348 21.625076 
520497110917238 -38.596859 -34.351624 22.242477 
520497130917291 -37.224266 -34.463974 23.151688 
520497150917551 -37.179989 -32.740280 23.152407 
520497170916978 -40.380600 -33.116028 23.798157 
520497190917135 -39.742424 -32.243973 24.868887 
520497210916614 -38.693100 -32.495209 23.474728 
520497230917187 -40.199833 -31.961990 23.643417 
520497250917030 -39.758862 -32.963882 25.176086 
520497270918228 -38.664597 -31.785553 25.012527 
520497290916614 -39.420837 -32.250412 27.479698 
520497310918906 -37.842327 -30.349426 28.695778 
520497330917082 -39.041203 -29.517426 28.246647 
520497350917239 -38.430538 -29.796173 29.624397 
520497370918958 -39.613647 -28.390472 29.329258 
520497391011666 -36.450630 -30.037659 30.835167 
520497411012135 -39.149532 -28.531372 31.016037 
520497430920624 -40.781700 -27.437927 33.031437 
520497450916979 -41.044273 -26.013901 33.803726 
520497470916718 -42.119099 -26.915207 35.812408 
520497490918280 -40.701225 -25.304703 36.876087 
520497510917083 -39.026157 -25.847519 39.165928 
520497530917291 -40.459782 -23.028061 41.488075 
520497550917811 -41.906834 -20.931046 44.578674 
520497570917604 -42.942360 -18.783432 40.746117 
520497590917604 -47.042713 -18.608063 41.247177 
520497610916770 -49.818058 -14.234741 41.738216 
520497630916614 -50.639294 -10.227722 40.057468 
520497650917447 -54.221832 -7.303345 39.171509 
520497670917655 -52.918964 -3.967209 39.161125 
520497690917551 -50.286434 -2.174683 39.136856 
520497710917447 -51.092594 1.819504 39.762356 
520497730924061 -48.442303 3.743698 41.890648 
520497750941822 -46.892323 4.054398 44.951065 
520497770941562 -45.241062 2.944687 45.856915 
520497790925780 -45.241062 2.944687 45.856915 
520497810917031 -47.561714 1.447540 45.878365 
520497830917916 -49.847473 1.388504 45.592918 
520497850918280 -49.028862 3.561646 45.893967 
520497870917551 -49.346443 3.124329 45.589226 
520497890917655 -50.999039 4.381943 43.914684 
520497910924426 -52.015812 1.656708 38.848618 
520497930917343 -53.548695 -2.791565 31.479988 
520497951133957 -52.943356 -6.601715 22.861017 
520497970918280 -54.044308 -12.044144 15.641307 
520497990919113 -54.835396 -17.189484 8.111277 
520498010918906 -50.996578 -19.624405 -0.076774 
520498030919166 -49.320492 -24.291122 -4.555143 
520498050919009 -45.331154 -28.188293 -7.364013 
520498070918853 -42.869324 -31.681381 -12.618003 
520498090929582 -38.370552 -33.115967 -16.967766 
520498110917499 -33.539112 -33.685760 -20.397602 
520498130918905 -30.374039 -34.013702 -23.657402 
520498150976040 -28.502113 -37.539200 -25.984264 
520498170917186 -25.067444 -39.737473 -27.249035 
520498190917342 -17.832224 -41.976395 -28.858116 
520498210918228 -15.100107 -42.189926 -29.038445 
520498230918801 -14.214777 -43.022308 -29.970123 
520498250917030 -12.377037 -42.395737 -30.602528 
520498270917707 -11.636248 -43.091965 -30.917675 
520498290917708 -10.066437 -40.890045 -32.161476 
520498310918281 -6.905411 -42.095184 -32.654137 
520498330917968 -4.359432 -43.751740 -32.372345 
520498350918020 -1.007923 -43.664352 -32.097183 
520498370918280 2.760406 -45.438950 -30.597214 
520498390922186 1.229160 -46.499466 -27.969185 
520498410917967 0.017509 -47.124390 -24.728912 
520498430917968 -1.202847 -47.448349 -23.948524 
520498450920781 0.153645 -47.987305 -23.808247 
520498470918749 -0.338982 -48.996399 -25.341755 
520498490918176 5.819794 -45.957321 -26.168106 
520498510919166 6.702797 -46.200607 -29.713295 
520498530918540 8.591869 -43.416031 -30.959793 
520498550919947 8.042839 -46.448105 -30.974644 
520498570918592 8.171288 -47.010910 -32.360104 
520498590920571 5.588402 -46.790787 -32.642490 
520498610986561 5.567253 -48.093811 -30.798031 
520498630918019 5.272141 -47.816315 -30.487473 
520498650918019 4.039726 -48.130035 -31.552082 
520498670919998 3.858292 -49.430252 -30.936153 
520498690918280 5.376408 -50.119919 -28.798653 
520498710919478 5.524307 -49.965393 -30.030064 
520498730919425 5.412289 -49.122986 -27.260731 
520498750918644 4.502495 -48.563309 -28.942924 
520498770918489 4.499481 -48.560745 -29.404175 
520498790918592 5.242939 -49.552826 -28.181942 
520498810929738 5.287216 -47.829132 -28.181225 
520498830926926 4.621552 -49.411713 -30.636005 
520498851310155 3.263031 -49.311356 -29.392715 
520498870917394 3.419991 -48.724197 -30.931442 
520498890917186 3.878750 -48.713760 -30.628353 
520498910930206 2.963554 -49.323730 -28.621025 
520498930916249 3.258663 -49.601212 -28.931583 
520498951124842 5.448200 -47.245407 -29.104954 
520498970917968 4.042728 -48.572906 -29.399765 
520498990919999 4.165787 -49.865021 -28.786774 
520499010919113 4.673527 -47.988129 -28.329155 
520499030918332 5.397213 -49.110153 -29.566982 
520499050917863 4.486053 -49.283218 -28.635723 
520499070917290 4.518589 -48.136673 -28.173992 
520499090916873 4.040718 -48.571198 -29.707264 
520499110924790 3.756680 -47.862808 -29.396523 
520499130916353 3.485374 -47.018463 -27.701973 
520499150916979 2.977638 -48.895386 -28.159592 
520499170916979 2.974625 -48.892822 -28.620846 
520499190930207 4.190285 -48.711639 -29.555042 
520499211224374 3.914631 -47.716812 -29.090435 
520499230919634 1.900490 -49.207581 -28.764423 
520499250917290 3.281479 -48.593155 -29.392414 
520499270916821 3.151028 -48.028625 -28.314453 
520499290917655 3.410583 -49.450089 -29.547993 
520499310918331 4.014889 -49.576691 -29.707684 
520499330917811 2.347851 -49.481003 -29.076454 
520499350917603 3.151028 -48.028625 -28.314453 
520499370917029 3.775131 -47.144608 -29.396225 
520499390918019 3.182903 -46.587952 -29.082603 
520499410917708 2.347851 -49.481003 -29.076454 
520499430917915 2.967590 -48.886841 -29.697094 
520499450920728 3.738232 -48.581009 -29.396824 
520499470917759 1.932365 -47.766907 -29.532574 
520499490918436 3.160416 -47.743057 -28.006832 
520499510917759 1.843803 -51.214279 -29.534012 
520499530916926 3.286503 -48.597427 -28.623665 
520499550918019 4.221138 -47.710419 -28.785873 
520499571160468 2.712727 -47.322586 -28.309746 
520499590964269 3.734211 -48.577591 -30.011822 
520499610917499 2.206684 -48.613815 -30.765873 
520499630917863 3.760712 -47.425919 -30.472595 
520499650916977 3.291527 -48.601715 -27.854916 
520499670918436 3.761703 -47.867081 -28.627773 
520499690917238 4.600746 -50.421463 -29.867676 
520499710917967 3.300587 -48.169083 -28.162235 
520499730919321 3.259010 -49.307938 -30.007713 
520499750926873 3.272087 -48.878738 -29.700035 
520499770917550 3.940117 -47.004608 -28.013882 
520499790918279 1.005768 -48.660736 -28.140362 
520499810918384 2.661396 -49.480621 -27.695644 
520499830918280 1.157345 -48.802917 -27.680641 
520499850918072 3.297920 -47.873245 -29.699612 
520499870918123 3.136597 -48.750259 -27.699753 
520499890918175 4.037346 -49.302231 -27.401314 
520499910917707 3.399513 -49.880997 -29.548172 
520499931057915 2.518219 -48.611694 -29.692562 
520499951058019 4.922676 -50.134628 -28.332996 
520499970965519 1.399788 -51.090485 -28.145794 
520499990918644 1.914574 -48.779236 -28.302994 
520500010917446 2.961544 -49.322021 -28.928524 
520500030919790 3.893826 -48.726578 -28.322105 
520500050918956 4.211750 -47.996002 -29.093494 
520500070918800 3.302597 -48.170807 -27.854733 
520500090918800 3.415607 -49.454361 -28.779243 
520500110920727 1.930008 -48.058472 -28.763943 
520500130918436 3.119511 -48.735718 -30.313503 
520500150919217 3.426006 -49.169632 -28.317875 
520500170917811 3.439430 -48.447159 -29.086327 
520500190917654 1.885056 -49.928345 -28.303474 
520500210918123 2.988049 -48.170349 -29.389294 
520500230917238 2.949139 -49.605042 -29.697392 
520500250919894 3.276096 -49.322479 -27.393963 
520500270918071 1.783115 -48.213867 -27.378784 
520500290984686 2.412247 -47.334106 -27.691803 
520500310986144 2.977638 -48.895386 -28.159592 
520500330917811 2.499767 -49.329895 -29.692863 
520500350918019 3.273079 -49.319916 -27.855213 
520500370917967 2.668777 -49.193329 -27.695522 
520500390917550 2.982666 -48.899673 -27.390842 
520500410916612 2.517872 -48.904968 -28.616436 
520500430956664 1.727104 -50.074326 -28.609566 
520500450917082 2.336781 -49.911911 -29.076633 
520500470917341 3.130550 -49.185440 -26.931183 
520500490918852 2.343815 -49.917908 -28.000381 
520500510918801 3.249603 -50.033829 -28.624264 
520500530918123 3.273739 -49.614044 -26.625332 
520500550922029 3.089283 -50.911682 -26.470654 
520500570918435 3.089283 -50.911682 -26.470654 
520500590916509 2.502438 -49.625732 -28.155483 
520500610917238 1.005768 -48.660736 -28.140362 
520500630923072 2.968578 -49.328018 -27.852276 
520500650927603 3.141968 -48.461258 -28.007133 
520500670928436 3.884422 -49.452484 -26.938652 
520500690974582 1.753593 -49.362976 -27.379265 
520500710927185 3.247246 -50.325409 -27.855633 
520500730918071 1.450115 -48.931610 -28.913643 
520500750922655 1.167740 -48.518188 -27.219273 
520500770919008 1.909550 -48.774963 -29.071747 
520500790918383 3.263687 -49.605484 -28.162834 
520500810921821 0.960468 -50.823898 -26.603764 
520500830918436 2.948116 -50.044495 -28.160072 
