# Created at Thu Nov 07 17:54:11 EST 2019 in Burnaby Canada 
520413180185781 1013.134033 
520413220185260 1013.160156 
520413260185313 1013.112061 
520413300186042 1013.088379 
520413340185104 1013.117432 
520413380185469 1013.140625 
520413420185208 1013.127441 
520413460185261 1013.132080 
520413500185209 1013.125732 
520413540185260 1013.123047 
520413580185573 1013.183594 
520413620185261 1013.122070 
520413660185312 1013.160889 
520413700185313 1013.145020 
520413740185364 1013.133789 
520413780185313 1013.151855 
520413820185313 1013.145752 
520413860185156 1013.120605 
520413900185208 1013.028809 
520413940185208 1013.072266 
520413980185781 1013.035645 
520414020185468 1013.167725 
520414060185104 1013.141357 
520414100185833 1013.166260 
520414140185364 1013.093994 
520414180185208 1013.157471 
520414220185312 1013.070557 
520414260185260 1013.152588 
520414300186614 1013.093018 
520414340185833 1013.384766 
520414380185676 1013.384033 
520414420186510 1013.456543 
520414460186406 1013.113037 
520414500185677 1013.141846 
520414540186822 1013.127930 
520414580186406 1013.127930 
520414620186041 1013.941895 
520414660185312 1013.085449 
520414700185416 1013.249023 
520414740185781 1013.605469 
520414780186510 1013.599609 
520414820185260 1013.868164 
520414860185207 1013.604736 
520414900185260 1013.027588 
520414940185207 1013.249756 
520414980185208 1013.330566 
520415020189426 1013.072998 
520415060188489 1012.924561 
520415100185780 1012.802490 
520415140185885 1012.647217 
520415180185572 1012.544189 
520415220185260 1012.598389 
520415260185103 1012.711914 
520415300188646 1012.790527 
520415340185781 1012.842529 
520415380185260 1012.925537 
520415420186457 1013.006836 
520415460185260 1012.979980 
520415500185208 1013.101318 
520415540185833 1013.027344 
520415580186874 1012.999756 
520415620185260 1012.993164 
520415660185468 1013.007080 
520415700185937 1013.117920 
520415740185936 1013.039063 
520415780186093 1012.951172 
520415820186145 1013.102539 
520415860185624 1013.100586 
520415900185676 1013.076904 
520415940185988 1013.170898 
520415980185989 1013.262939 
520416020186926 1013.212891 
520416060186874 1013.116699 
520416100185885 1013.069580 
520416140186510 1013.090576 
520416180186561 1013.126953 
520416220185728 1013.110840 
520416260186822 1013.110596 
520416300186093 1013.167725 
520416340186093 1013.279297 
520416380186301 1013.165527 
520416420187082 1013.013428 
520416460185936 1013.072510 
520416500187394 1013.058105 
520416540186874 1013.098877 
520416580187707 1013.151611 
520416620188123 1013.138916 
520416660186092 1013.079102 
520416700186613 1013.062500 
520416740187915 1013.041016 
520416780186874 1013.094238 
520416820186821 1013.075439 
520416860186613 1013.128906 
520416900185155 1013.142334 
520416940185936 1013.124756 
520416980186718 1013.133545 
520417020186769 1013.117920 
520417060187134 1013.135498 
520417100185571 1013.166992 
520417140185884 1013.130859 
520417180185363 1013.103271 
520417220185207 1013.158936 
520417260185884 1013.106201 
520417300185988 1013.081055 
520417340186561 1013.111084 
520417380186040 1013.116699 
520417420185831 1013.076660 
520417460185936 1013.132080 
520417500186301 1013.102539 
520417540185311 1013.120361 
520417580185415 1013.114502 
520417620185155 1013.111816 
520417660186405 1013.134766 
520417700186978 1013.152344 
520417740185363 1013.127197 
520417780185831 1013.101318 
520417820185728 1013.122559 
520417860186092 1013.104736 
520417900186092 1013.113281 
520417940185988 1013.095215 
520417980185988 1013.079834 
520418020186040 1013.095459 
520418060187603 1013.119873 
520418100186873 1013.122070 
520418140185779 1013.144531 
520418180186196 1013.109375 
520418220185780 1013.118408 
520418260186248 1013.094971 
520418300185727 1013.118408 
520418340186144 1013.113037 
520418380185831 1013.114014 
520418420185259 1013.123047 
520418460185155 1013.121826 
520418500185258 1013.107666 
520418540187030 1013.129883 
520418580187289 1013.120361 
520418620185258 1013.119385 
520418660185206 1013.102295 
520418700185936 1013.129395 
520418740185831 1013.153809 
520418780185779 1013.051514 
520418820185780 1013.070068 
520418860185727 1013.141602 
