# Created at Thu Nov 07 19:34:19 EST 2019 in Burnaby Canada 
526502804241168 0.000000 0.000000 0.000000 
526502824812054 0.000000 0.000000 0.000000 
526502845382887 0.000000 0.000000 0.000000 
526502865954190 0.000000 0.000000 0.000000 
526502886525023 0.000000 0.000000 0.000000 
526502907095387 0.000000 0.000000 0.000000 
526502927666273 0.000000 0.000000 0.000000 
526502948237157 0.000000 0.000000 0.000000 
526502968808043 0.000000 0.000000 0.000000 
526502989378877 0.000000 0.000000 0.000000 
526503009949970 0.000000 0.000000 0.000000 
526503030520543 0.000000 0.000000 0.000000 
526503051091429 0.000000 0.000000 0.000000 
526503071662210 0.000000 0.000000 0.000000 
526503092233303 0.000000 0.000000 0.000000 
526503112803928 0.000000 0.000000 0.000000 
526503133374761 0.000000 0.000000 0.000000 
526503153945491 0.000000 0.000000 0.000000 
526503174516637 0.000000 0.000000 0.000000 
526503195087366 0.000000 0.000000 0.000000 
526503215658042 0.000000 0.000000 0.000000 
526503236228877 0.000000 0.000000 0.000000 
526503256799761 0.000000 0.000000 0.000000 
526503277370700 0.000000 0.000000 0.000000 
526503297941689 0.000000 0.000000 0.000000 
526503318512626 0.000000 0.000000 0.000000 
526503339083096 0.000000 0.000000 0.000000 
526503359653929 0.000000 0.000000 0.000000 
526503380224762 0.000000 0.000000 0.000000 
526503400795648 0.000000 0.000000 0.000000 
526503421366532 0.000000 0.000000 0.000000 
526503441937365 0.000000 0.000000 0.000000 
526503462508460 0.000000 0.000000 0.000000 
526503483079345 0.000000 0.000000 0.000000 
526503503649241 0.000000 0.000000 0.000000 
526503524220075 0.000000 0.000000 0.000000 
526503544791793 0.000000 0.000000 0.000000 
526503565362626 0.000000 0.000000 0.000000 
526503585933304 0.000000 0.000000 0.000000 
526503606504137 0.000000 0.000000 0.000000 
526503627074970 0.000000 0.000000 0.000000 
526503647645804 0.000000 0.000000 0.000000 
526503668216688 0.000000 0.000000 0.000000 
526503688787470 0.000000 0.000000 0.000000 
526503709358304 0.000000 0.000000 0.000000 
526503729929710 0.000000 0.000000 0.000000 
526503750500179 0.000000 0.000000 0.000000 
526503771071324 0.000000 0.000000 0.000000 
526503791641844 0.000000 0.000000 0.000000 
526503812213095 0.000000 0.000000 0.000000 
526503832783355 0.000000 0.000000 0.000000 
526503853354761 0.000000 0.000000 0.000000 
526503873925699 0.000000 0.000000 0.000000 
526503894496532 0.000000 0.000000 0.000000 
526503915066792 0.000000 0.000000 0.000000 
526503935637678 0.000000 0.000000 0.000000 
526503956208511 0.000000 0.000000 0.000000 
526503976780282 0.000000 0.000000 0.000000 
526503997350647 0.000000 0.000000 0.000000 
526504017921792 0.000000 0.000000 0.000000 
526504038491949 0.000000 0.000000 0.000000 
526504059062835 0.000000 0.000000 0.000000 
526504079633668 0.000000 0.000000 0.000000 
526504100205126 0.000000 0.000000 0.000000 
526504120776011 0.000000 0.000000 0.000000 
526504141346948 0.000000 0.000000 0.000000 
526504161917834 0.000000 0.000000 0.000000 
526504182488771 0.000000 0.000000 0.000000 
526504203059657 0.000000 0.000000 0.000000 
526504223630438 0.000000 0.000000 0.000000 
526504244201323 0.000000 0.000000 0.000000 
526504264771689 0.000000 0.000000 0.000000 
526504285342574 0.000000 0.000000 0.000000 
526504305913563 0.000000 0.000000 0.000000 
526504326484449 0.000000 0.000000 0.000000 
526504347054865 0.000000 0.000000 0.000000 
526504367625699 0.000000 0.000000 0.000000 
526504388196480 0.000000 0.000000 0.000000 
526504408768251 0.000000 0.000000 0.000000 
526504429338824 0.000000 0.000000 0.000000 
526504449910074 0.000000 0.000000 0.000000 
526504470481896 0.000000 0.000000 0.000000 
526504491050908 0.000000 0.000000 0.000000 
526504511622366 0.000000 0.000000 0.000000 
526504532193355 0.000000 0.000000 0.000000 
526504552764033 0.000000 0.000000 0.000000 
526504573334240 0.000000 0.000000 0.000000 
526504593905179 0.000000 0.000000 0.000000 
526504614476063 0.000000 0.000000 0.000000 
526504635046896 0.000000 0.000000 0.000000 
526504655617782 0.000000 0.000000 0.000000 
526504676192261 0.000000 0.000000 0.000000 
526504696765074 0.000000 0.000000 0.000000 
526504717335386 0.000000 0.000000 0.000000 
526504737903511 0.000000 0.000000 0.000000 
526504758475855 0.000000 0.000000 0.000000 
526504779047469 0.000000 0.000000 0.000000 
526504799618354 0.000000 0.000000 0.000000 
526504820186219 0.000000 0.000000 0.000000 
526504840757052 0.000000 0.000000 0.000000 
526504861326428 0.000000 0.000000 0.000000 
526504881897261 0.000000 0.000000 0.000000 
526504902468719 0.000000 0.000000 0.000000 
526504923039553 0.000000 0.000000 0.000000 
526504943609865 0.000000 0.000000 0.000000 
526504964180751 0.000000 0.000000 0.000000 
526504984752157 0.000000 0.000000 0.000000 
526505005323042 0.000000 0.000000 0.000000 
526505025893928 0.000000 0.000000 0.000000 
526505046464813 0.000000 0.000000 0.000000 
526505067035230 0.000000 0.000000 0.000000 
526505087606064 0.000000 0.000000 0.000000 
526505108177782 0.000000 0.000000 0.000000 
526505128747730 0.000000 0.000000 0.000000 
526505149318616 0.000000 0.000000 0.000000 
526505169890229 0.000000 0.000000 0.000000 
526505190461376 0.000000 0.000000 0.000000 
526505211031792 0.000000 0.000000 0.000000 
526505231602729 0.000000 0.000000 0.000000 
526505252173042 0.000000 0.000000 0.000000 
526505272743980 0.000000 0.000000 0.000000 
526505293315022 0.000000 0.000000 0.000000 
526505313885386 0.000000 0.000000 0.000000 
526505334456479 0.000000 0.000000 0.000000 
526505355027261 0.000000 0.000000 0.000000 
526505375599083 0.000000 0.000000 0.000000 
526505396169657 0.000000 0.000000 0.000000 
526505416739917 0.000000 0.000000 0.000000 
526505437311063 0.000000 0.000000 0.000000 
526505457882314 0.000000 0.000000 0.000000 
526505478453094 0.000000 0.000000 0.000000 
526505499023147 0.000000 0.000000 0.000000 
526505519594032 0.000000 0.000000 0.000000 
526505540166583 0.000000 0.000000 0.000000 
526505560737469 0.000000 0.000000 0.000000 
526505581307313 0.000000 0.000000 0.000000 
526505601878199 0.000000 0.000000 0.000000 
526505622448563 0.000000 0.000000 0.000000 
526505643019396 0.000000 0.000000 0.000000 
526505663591688 0.000000 0.000000 0.000000 
526505684162573 0.000000 0.000000 0.000000 
526505704734136 0.000000 0.000000 0.000000 
526505725305022 0.000000 0.000000 0.000000 
526505745875021 0.000000 0.000000 0.000000 
526505766445907 0.000000 0.000000 0.000000 
526505787017729 0.000000 0.000000 0.000000 
526505807588614 0.000000 0.000000 0.000000 
526505828157417 0.000000 0.000000 0.000000 
526505848730281 0.000000 0.000000 0.000000 
526505869300959 0.000000 0.000000 0.000000 
526505889870021 0.000000 0.000000 0.000000 
526505910440959 0.000000 0.000000 0.000000 
526505931011584 0.000000 0.000000 0.000000 
526505951582885 0.000000 0.000000 0.000000 
526505972153772 0.000000 0.000000 0.000000 
526505992724604 0.000000 0.000000 0.000000 
526506013295802 0.000000 0.000000 0.000000 
526506033866063 0.000000 0.000000 0.000000 
526506054438042 0.000000 0.000000 0.000000 
526506075008667 0.000000 0.000000 0.000000 
526506095579344 0.000000 0.000000 0.000000 
526506116149864 0.000000 0.000000 0.000000 
526506136721063 0.000000 0.000000 0.000000 
526506157291844 0.000000 0.000000 0.000000 
526506177863147 0.000000 0.000000 0.000000 
526506198433563 0.000000 0.000000 0.000000 
526506219004708 0.000000 0.000000 0.000000 
526506239575594 0.000000 0.000000 0.000000 
526506260145438 0.000000 0.000000 0.000000 
526506280716324 0.000000 0.000000 0.000000 
526506301288145 0.000000 0.000000 0.000000 
526506321859030 0.000000 0.000000 0.000000 
526506342430542 0.000000 0.000000 0.000000 
526506363001427 0.000000 0.000000 0.000000 
526506383571375 0.000000 0.000000 0.000000 
526506404142208 0.000000 0.000000 0.000000 
526506424713667 0.000000 0.000000 0.000000 
526506445284553 0.000000 0.000000 0.000000 
526506465854187 0.000000 0.000000 0.000000 
526506486425073 0.000000 0.000000 0.000000 
526506506997937 0.000000 0.000000 0.000000 
526506527568823 0.000000 0.000000 0.000000 
526506548138562 0.000000 0.000000 0.000000 
526506568709448 0.000000 0.000000 0.000000 
526506589280073 0.000000 0.000000 0.000000 
526506609851167 0.000000 0.000000 0.000000 
526506630422209 0.000000 0.000000 0.000000 
526506650992989 0.000000 0.000000 0.000000 
526506671563666 0.000000 0.000000 0.000000 
526506692135750 0.000000 0.000000 0.000000 
526506712706583 0.000000 0.000000 0.000000 
526506733276480 0.000000 0.000000 0.000000 
526506753847313 0.000000 0.000000 0.000000 
526506774418197 0.000000 0.000000 0.000000 
526506794988406 0.000000 0.000000 0.000000 
526506815560021 0.000000 0.000000 0.000000 
526506836130542 0.000000 0.000000 0.000000 
526506856701896 0.000000 0.000000 0.000000 
526506877272780 0.000000 0.000000 0.000000 
526506897844031 0.000000 0.000000 0.000000 
526506918414292 0.000000 0.000000 0.000000 
526506938985073 0.000000 0.000000 0.000000 
526506959555906 0.000000 0.000000 0.000000 
526506980127104 0.000000 0.000000 0.000000 
526507000697990 0.000000 0.000000 0.000000 
526507021268510 0.000000 0.000000 0.000000 
526507041839396 0.000000 0.000000 0.000000 
526507062411323 0.000000 0.000000 0.000000 
526507082982208 0.000000 0.000000 0.000000 
526507103552000 0.000000 0.000000 0.000000 
526507124122833 0.000000 0.000000 0.000000 
526507144693719 0.000000 0.000000 0.000000 
526507165264604 0.000000 0.000000 0.000000 
526507185835697 0.000000 0.000000 0.000000 
526507206406583 0.000000 0.000000 0.000000 
526507226979396 0.000000 0.000000 0.000000 
526507247550282 0.000000 0.000000 0.000000 
526507268119603 0.000000 0.000000 0.000000 
526507288689760 0.000000 0.000000 0.000000 
526507309261010 0.000000 0.000000 0.000000 
526507329832260 0.000000 0.000000 0.000000 
526507350402677 0.000000 0.000000 0.000000 
526507370973667 0.000000 0.000000 0.000000 
526507391544761 0.000000 0.000000 0.000000 
526507412115176 0.000000 0.000000 0.000000 
526507432686374 0.000000 0.000000 0.000000 
526507453256688 0.000000 0.000000 0.000000 
526507473827572 0.000000 0.000000 0.000000 
526507494398407 0.000000 0.000000 0.000000 
526507514971531 0.000000 0.000000 0.000000 
526507535540176 0.000000 0.000000 0.000000 
526507556110959 0.000000 0.000000 0.000000 
526507576682833 0.000000 0.000000 0.000000 
526507597252573 0.000000 0.000000 0.000000 
526507617823770 0.000000 0.000000 0.000000 
526507638394187 0.000000 0.000000 0.000000 
526507658965490 0.000000 0.000000 0.000000 
526507679536323 0.000000 0.000000 0.000000 
526507700107468 0.000000 0.000000 0.000000 
526507720678354 0.000000 0.000000 0.000000 
526507741250697 0.000000 0.000000 0.000000 
526507761821583 0.000000 0.000000 0.000000 
526507782391426 0.000000 0.000000 0.000000 
526507802962311 0.000000 0.000000 0.000000 
526507823532261 0.000000 0.000000 0.000000 
526507844103146 0.000000 0.000000 0.000000 
526507864673979 0.000000 0.000000 0.000000 
526507885244812 0.000000 0.000000 0.000000 
526507905815801 0.000000 0.000000 0.000000 
526507926386687 0.000000 0.000000 0.000000 
526507946957572 0.000000 0.000000 0.000000 
526507967528406 0.000000 0.000000 0.000000 
526507988099968 0.000000 0.000000 0.000000 
526508008670593 0.000000 0.000000 0.000000 
526508029241114 0.000000 0.000000 0.000000 
526508049812573 0.000000 0.000000 0.000000 
526508070383094 0.000000 0.000000 0.000000 
526508090953562 0.000000 0.000000 0.000000 
526508111524447 0.000000 0.000000 0.000000 
526508132095853 0.000000 0.000000 0.000000 
526508152666478 0.000000 0.000000 0.000000 
526508173237572 0.000000 0.000000 0.000000 
526508193808822 0.000000 0.000000 0.000000 
526508214378770 0.000000 0.000000 0.000000 
526508234951375 0.000000 0.000000 0.000000 
526508255521583 0.000000 0.000000 0.000000 
526508276091790 0.000000 0.000000 0.000000 
526508296662729 0.000000 0.000000 0.000000 
526508317232259 0.000000 0.000000 0.000000 
526508337804291 0.000000 0.000000 0.000000 
526508358374759 0.000000 0.000000 0.000000 
526508378946583 0.000000 0.000000 0.000000 
526508399517469 0.000000 0.000000 0.000000 
526508420087937 0.000000 0.000000 0.000000 
526508440658822 0.000000 0.000000 0.000000 
526508461229031 0.000000 0.000000 0.000000 
526508481799916 0.000000 0.000000 0.000000 
526508502371687 0.000000 0.000000 0.000000 
526508522942520 0.000000 0.000000 0.000000 
526508543512884 0.000000 0.000000 0.000000 
526508564083718 0.000000 0.000000 0.000000 
526508584654082 0.000000 0.000000 0.000000 
526508605224915 0.000000 0.000000 0.000000 
526508625796739 0.000000 0.000000 0.000000 
526508646367624 0.000000 0.000000 0.000000 
526508666938197 0.000000 0.000000 0.000000 
526508687509082 0.000000 0.000000 0.000000 
526508708080176 0.000000 0.000000 0.000000 
526508728650645 0.000000 0.000000 0.000000 
526508749221531 0.000000 0.000000 0.000000 
526508769791896 0.000000 0.000000 0.000000 
526508790362989 0.000000 0.000000 0.000000 
526508810933874 0.000000 0.000000 0.000000 
526508831504500 0.000000 0.000000 0.000000 
526508852075541 0.000000 0.000000 0.000000 
526508872646373 0.000000 0.000000 0.000000 
526508893217260 0.000000 0.000000 0.000000 
526508913787988 0.000000 0.000000 0.000000 
526508934359031 0.000000 0.000000 0.000000 
526508954929551 0.000000 0.000000 0.000000 
526508975500748 0.000000 0.000000 0.000000 
526508996071582 0.000000 0.000000 0.000000 
526509016642729 0.000000 0.000000 0.000000 
526509037213145 0.000000 0.000000 0.000000 
526509057784343 0.000000 0.000000 0.000000 
526509078355176 0.000000 0.000000 0.000000 
526509098926010 0.000000 0.000000 0.000000 
526509119496843 0.000000 0.000000 0.000000 
526509140067468 0.000000 0.000000 0.000000 
526509160638302 0.000000 0.000000 0.000000 
526509181209238 0.000000 0.000000 0.000000 
526509201780071 0.000000 0.000000 0.000000 
526509222351426 0.000000 0.000000 0.000000 
526509242922259 0.000000 0.000000 0.000000 
526509263492573 0.000000 0.000000 0.000000 
526509284063406 0.000000 0.000000 0.000000 
526509304634447 0.000000 0.000000 0.000000 
526509325205281 0.000000 0.000000 0.000000 
526509345776009 0.000000 0.000000 0.000000 
526509366346842 0.000000 0.000000 0.000000 
526509386917936 0.000000 0.000000 0.000000 
526509407488769 0.000000 0.000000 0.000000 
526509428059656 0.000000 0.000000 0.000000 
526509448630644 0.000000 0.000000 0.000000 
526509469201218 0.000000 0.000000 0.000000 
526509489772208 0.000000 0.000000 0.000000 
526509510342885 0.000000 0.000000 0.000000 
526509530913978 0.000000 0.000000 0.000000 
526509551484656 0.000000 0.000000 0.000000 
526509572055697 0.000000 0.000000 0.000000 
526509592626426 0.000000 0.000000 0.000000 
526509613197937 0.000000 0.000000 0.000000 
526509633768040 0.000000 0.000000 0.000000 
526509654339134 0.000000 0.000000 0.000000 
526509674909134 0.000000 0.000000 0.000000 
526509695480540 0.000000 0.000000 0.000000 
526509716051478 0.000000 0.000000 0.000000 
526509736623249 0.000000 0.000000 0.000000 
526509757193561 0.000000 0.000000 0.000000 
526509777764447 0.000000 0.000000 0.000000 
526509798334863 0.000000 0.000000 0.000000 
526509818906062 0.000000 0.000000 0.000000 
526509839476895 0.000000 0.000000 0.000000 
526509860047467 0.000000 0.000000 0.000000 
526509880618301 0.000000 0.000000 0.000000 
526509901189134 0.000000 0.000000 0.000000 
526509921759968 0.000000 0.000000 0.000000 
526509942331009 0.000000 0.000000 0.000000 
526509962901842 0.000000 0.000000 0.000000 
526509983472677 0.000000 0.000000 0.000000 
526510004043562 0.000000 0.000000 0.000000 
526510024614498 0.000000 0.000000 0.000000 
