# Created at Thu Nov 07 19:34:18 EST 2019 in Burnaby Canada 
526502804241168 6.222263 -2.358187 -7.346292 
526502824812054 6.209095 -2.398887 -7.342701 
526502845382887 6.194731 -2.413251 -7.365445 
526502865954190 6.192337 -2.434798 -7.381006 
526502886525023 6.174380 -2.471907 -7.358263 
526502907095387 6.167198 -2.531759 -7.342701 
526502927666273 6.157622 -2.571262 -7.353475 
526502948237157 6.169592 -2.567671 -7.359460 
526502968808043 6.143257 -2.574853 -7.369036 
526502989378877 6.142060 -2.560489 -7.377415 
526503009949970 6.124104 -2.548518 -7.378613 
526503030520543 6.102558 -2.558095 -7.376218 
526503051091429 6.094178 -2.556897 -7.407341 
526503071662210 6.081011 -2.555700 -7.386992 
526503092233303 6.055873 -2.667026 -7.422903 
526503112803928 6.073829 -2.803490 -7.626401 
526503133374761 6.260568 -2.923195 -7.803565 
526503153945491 6.274933 -2.998609 -7.904117 
526503174516637 6.286903 -3.184151 -8.168665 
526503195087366 6.126498 -3.186545 -8.311114 
526503215658042 5.955321 -2.821445 -8.130359 
526503236228877 6.139667 -2.396493 -7.687451 
526503256799761 6.488008 -2.576050 -7.755683 
526503277370700 5.988838 -2.388113 -7.765259 
526503297941689 5.785340 -1.308375 -7.548594 
526503318512626 5.618950 -0.986369 -7.761668 
526503339083096 5.223924 -0.919334 -8.101630 
526503359653929 5.399890 -0.889408 -7.935241 
526503380224762 6.027144 -0.817585 -7.847856 
526503400795648 6.254583 -0.932501 -7.571337 
526503421366532 6.306056 -0.946866 -7.762865 
526503441937365 6.040311 -0.423755 -7.708998 
526503462508460 5.772172 -0.227439 -7.713786 
526503483079345 5.852375 -0.405800 -7.774836 
526503503649241 5.660847 -0.288489 -7.770048 
526503524220075 5.203573 0.046685 -7.823915 
526503544791793 5.006061 0.143646 -7.822718 
526503565362626 5.336446 0.355524 -7.826309 
526503585933304 5.646482 0.248986 -8.129162 
526503606504137 5.433407 0.338765 -8.112404 
526503627074970 5.162874 0.327992 -7.840673 
526503647645804 5.110204 0.342356 -7.576125 
526503668216688 5.057533 0.144843 -7.693436 
526503688787470 5.912227 0.111326 -8.436804 
526503709358304 6.614895 0.002394 -8.724095 
526503729929710 5.981656 -0.323203 -8.639106 
526503750500179 5.489669 -0.265745 -8.281187 
526503771071324 5.360387 -0.266942 -7.935240 
526503791641844 5.398693 -0.241804 -7.561761 
526503812213095 5.547127 -0.374676 -7.832294 
526503832783355 5.591418 -0.405800 -8.087265 
526503853354761 5.738655 -0.477623 -8.112404 
526503873925699 5.660847 -0.539869 -8.473913 
526503894496532 5.560294 -0.477623 -8.579252 
526503915066792 5.677606 -0.535081 -8.690578 
526503935637678 5.439392 -0.124493 -8.442789 
526503956208511 5.398693 -0.336371 -8.240488 
526503976780282 5.551915 -0.317218 -8.473913 
526503997350647 5.838010 -0.254972 -8.056142 
526504017921792 5.773369 -0.529096 -8.005867 
526504038491949 5.441787 -0.676333 -8.035792 
526504059062835 5.207165 -1.157547 -8.256050 
526504079633668 5.359190 -1.175503 -8.367375 
526504100205126 5.472909 -0.906166 -7.458815 
526504120776011 5.233500 -0.779279 -8.089660 
526504141346948 4.800168 -0.108931 -7.479164 
526504161917834 5.911030 -1.036645 -7.653934 
526504182488771 5.165268 -0.782870 -7.430085 
526504203059657 5.651270 -1.040236 -8.879713 
526504223630438 6.381470 -1.146773 -8.005867 
526504244201323 5.720699 -0.459667 -7.124838 
526504264771689 5.119781 -0.299262 -7.594081 
526504285342574 5.514807 -0.132872 -8.035792 
526504305913563 5.249062 -1.344287 -8.651076 
526504326484449 7.043438 -1.678263 -7.955590 
526504347054865 5.964897 -1.238946 -7.845462 
526504367625699 6.015173 0.561416 -7.582111 
526504388196480 4.553576 1.076147 -7.238557 
526504408768251 5.561491 -0.734988 -7.719771 
526504429338824 6.425761 0.014365 -6.945281 
526504449910074 5.826039 -0.695486 -6.582574 
526504470481896 4.925858 -0.831949 -6.420973 
526504491050908 5.620147 -1.811136 -7.665904 
526504511622366 6.509554 -3.425955 -7.589293 
526504532193355 7.799974 -5.243076 -7.637175 
526504552764033 7.183494 -2.452754 -6.863881 
526504573334240 7.436070 -2.304320 -7.521061 
526504593905179 8.889289 -2.001467 -6.213883 
526504614476063 8.686988 -6.924931 -8.551721 
526504635046896 7.786806 0.908560 -5.349613 
526504655617782 5.969686 -1.296404 -6.652003 
526504676192261 6.768117 0.563810 -5.824842 
526504696765074 5.058730 -1.872185 -7.213419 
526504717335386 6.479629 -9.663779 -10.888361 
526504737903511 7.542608 3.651000 -4.717571 
526504758475855 9.905583 -2.823839 -5.908636 
526504779047469 8.754023 -2.883692 -7.201449 
526504799618354 8.189014 -3.011776 -8.236897 
526504820186219 5.241879 -1.242537 -5.853571 
526504840757052 6.435338 -2.315094 -5.956518 
526504861326428 8.931185 -3.045294 -6.245007 
526504881897261 8.092053 -2.537745 -7.045833 
526504902468719 7.579717 -2.805884 -7.273272 
526504923039553 8.514612 -2.282773 -6.869866 
526504943609865 9.493799 -3.175772 -7.269681 
526504964180751 9.706873 -5.709926 -7.863417 
526504984752157 6.326406 -1.371819 -4.589487 
526505005323042 3.330191 2.463528 -8.464336 
526505025893928 4.634975 -1.574120 -5.658452 
526505046464813 2.312699 5.125766 -4.894735 
526505067035230 4.956982 0.104143 -6.994359 
526505087606064 8.931185 -2.078078 -6.837546 
526505108177782 5.253850 -1.159941 -7.268484 
526505128747730 6.698689 -0.833146 -7.202646 
526505149318616 5.389116 -0.810402 -7.549790 
526505169890229 4.265087 -0.361509 -7.556973 
526505190461376 6.880640 -0.867861 -7.128429 
526505211031792 12.634855 -2.239679 -6.228248 
526505231602729 10.839282 -3.992160 -8.242882 
526505252173042 8.907245 -5.235894 -9.158625 
526505272743980 7.007527 -5.739852 -7.797579 
526505293315022 8.344631 -5.021622 -7.700618 
526505313885386 10.313778 -6.787270 -5.135342 
526505334456479 5.672817 2.635903 -7.370233 
526505355027261 5.979261 2.062516 -5.526777 
526505375599083 5.674014 -3.113525 -5.810478 
526505396169657 3.931110 0.434529 -6.011582 
526505416739917 5.290958 3.999342 -7.889752 
526505437311063 6.030735 -0.057458 -7.110473 
526505457882314 6.282115 -1.732131 -6.989571 
526505478453094 6.280918 -1.169517 -6.702280 
526505499023147 6.355135 -1.979920 -7.606051 
526505519594032 6.909369 -2.056531 -7.355868 
526505540166583 6.013976 -1.276055 -7.045833 
526505560737469 6.527510 -1.461597 -7.528244 
526505581307313 6.557436 -1.930841 -7.859826 
526505601878199 5.694364 -1.717766 -7.217010 
526505622448563 4.691236 0.146040 -6.717841 
526505643019396 2.902845 4.478162 -5.794916 
526505663591688 7.003936 4.905508 -5.454954 
526505684162573 8.628332 0.843920 -6.114529 
526505704734136 4.911494 -2.607173 -5.991232 
526505725305022 6.307253 -4.832489 -7.738925 
526505745875021 9.359729 -3.424758 -7.030271 
526505766445907 7.316366 -7.468391 -7.562958 
526505787017729 11.687990 -3.058461 -5.793719 
526505807588614 6.282115 -0.548249 -6.550254 
526505828157417 5.210756 -0.342356 -6.719038 
526505848730281 4.186082 -0.750550 -7.157158 
526505869300959 8.087266 -2.787928 -6.174381 
526505889870021 9.450705 -3.905972 -5.117386 
526505910440959 10.489744 -2.151098 -4.295013 
526505931011584 8.587632 0.560219 -4.935434 
526505951582885 7.097306 -4.110668 -6.618486 
526505972153772 6.829166 -1.872185 -3.446305 
526505992724604 5.554309 -1.815924 -6.867473 
526506013295802 5.827236 -0.289686 -2.586823 
526506033866063 16.750313 -11.230718 -8.212955 
526506054438042 4.812139 -2.852569 -7.619219 
526506075008667 6.076223 -4.087924 -7.302001 
526506095579344 4.375216 -6.054676 -4.678069 
526506116149864 7.232573 -3.619877 -4.945011 
526506136721063 7.600066 -3.951460 -5.164071 
526506157291844 4.828897 -5.383131 -7.128429 
526506177863147 3.224851 -5.596206 -8.341041 
526506198433563 6.768117 -5.162874 -6.887822 
526506219004708 7.440859 -5.001272 -5.413057 
526506239575594 7.219405 -4.633778 -5.828433 
526506260145438 6.893807 -4.612231 -6.994359 
526506280716324 7.391780 -5.322082 -6.753753 
526506301288145 7.606052 -5.902651 -7.128429 
526506321859030 6.252189 -6.407805 -6.835152 
526506342430542 5.093445 -5.940956 -5.808084 
526506363001427 3.877243 -4.795380 -6.977601 
526506383571375 5.154494 -4.034056 -5.445377 
526506404142208 5.806887 -3.932307 -6.383864 
526506424713667 6.414988 -4.190870 -2.874115 
526506445284553 4.103485 -6.533495 -5.373554 
526506465854187 6.112134 -5.498048 -8.531371 
526506486425073 7.906511 -2.870524 -8.987448 
526506506997937 9.042511 -1.432868 -6.736994 
526506527568823 8.098039 -1.960767 -5.518397 
526506548138562 7.661116 -2.893268 -5.644088 
526506568709448 7.685057 -2.395296 -7.610840 
526506589280073 7.491135 -3.436729 -7.699421 
526506609851167 9.590759 -3.738385 -5.045563 
526506630422209 8.074099 -4.020889 -6.990768 
526506650992989 4.467388 -4.834883 -7.201449 
526506671563666 0.280110 -5.711123 -6.426958 
526506692135750 2.402478 -4.664902 -5.679999 
526506712706583 6.768117 -3.350541 -7.379809 
526506733276480 6.476037 -4.120244 -6.298874 
526506753847313 5.901453 -4.293816 -5.726684 
526506774418197 6.598136 -3.659380 -5.889483 
526506794988406 7.470785 -5.313703 -6.965631 
526506815560021 6.572998 -4.772635 -6.527511 
526506836130542 6.160016 -6.255780 -5.525580 
526506856701896 5.100627 -4.514073 -6.409002 
526506877272780 5.843995 -4.060391 -5.565083 
526506897844031 8.788736 -1.516662 -5.269411 
526506918414292 7.928058 -1.686642 -5.335249 
526506938985073 8.986250 -2.094836 -4.606246 
526506959555906 10.483759 -2.048151 -8.075295 
526506980127104 8.636711 -2.468316 -6.898596 
526507000697990 8.860559 -4.029268 -3.497778 
526507021268510 10.578325 -5.252653 -3.974204 
526507041839396 8.403287 -4.566743 -5.731472 
526507062411323 7.522258 -1.908097 -5.554309 
526507082982208 9.494995 -2.734061 -5.252653 
526507103552000 11.677217 -3.260763 -4.104682 
526507124122833 12.901798 -2.754411 -4.759468 
526507144693719 8.415257 -1.001930 -5.004864 
526507165264604 2.904042 -4.311771 -4.613428 
526507185835697 4.566743 -4.796576 -5.006061 
526507206406583 7.045833 -5.814069 -4.761862 
526507226979396 3.781479 -13.416529 -4.494920 
526507247550282 2.341429 -5.602191 -7.175114 
526507268119603 16.307404 0.781673 -4.996484 
526507288689760 12.749773 0.592539 -7.900526 
526507309261010 7.335519 -3.847317 -5.665635 
526507329832260 2.204965 -9.195733 -5.604586 
526507350402677 5.373555 -4.461403 -6.188745 
526507370973667 5.022819 -6.699885 -7.475573 
526507391544761 4.135805 -9.529710 -3.554040 
526507412115176 5.924197 -8.537356 -2.023014 
526507432686374 5.168859 -12.394249 2.210950 
526507453256688 9.637445 -7.175114 -27.590790 
526507473827572 10.057610 -4.497314 -4.766651 
526507494398407 11.198397 -7.066183 -6.477234 
526507514971531 12.148854 -7.852644 -7.427691 
526507535540176 15.617903 -4.676872 -4.445841 
526507556110959 16.412745 -2.987835 -2.170250 
526507576682833 15.350961 -1.625593 -4.953390 
526507597252573 15.049305 1.035448 -6.668762 
526507617823770 13.643969 1.903309 -3.984977 
526507638394187 11.418653 1.856624 -0.809205 
526507658965490 10.040850 1.961964 1.177896 
526507679536323 10.101900 2.638297 2.026605 
526507700107468 9.449508 2.281576 1.988299 
526507720678354 7.194267 -0.138858 0.714638 
526507741250697 3.609104 -1.630381 1.328725 
526507761821583 0.342356 -1.972737 3.433137 
526507782391426 -1.073753 -0.082596 3.285901 
526507802962311 0.726609 1.803953 1.412518 
526507823532261 3.993357 2.918406 2.334246 
526507844103146 4.753483 3.415182 3.059658 
526507864673979 2.652661 3.592345 3.130284 
526507885244812 3.357723 2.449163 3.379271 
526507905815801 3.617483 3.080008 4.948602 
526507926386687 4.984513 3.564813 4.295013 
526507946957572 5.296944 3.030929 8.149512 
526507967528406 4.903114 1.706992 8.919215 
526507988099968 5.168859 4.581108 7.811944 
526508008670593 8.466730 4.818124 3.870061 
526508029241114 3.415182 2.877707 -2.529365 
526508049812573 0.143646 4.935434 10.789006 
526508070383094 1.181488 5.586629 8.598406 
526508090953562 7.856235 9.662582 4.212417 
526508111524447 10.354477 11.377954 4.221993 
526508132095853 9.527316 10.437074 7.637175 
526508152666478 7.878979 8.938368 10.355675 
526508173237572 5.900257 8.015443 6.957251 
526508193808822 4.056800 7.511485 5.281382 
526508214378770 2.119974 6.618486 5.487274 
526508234951375 1.630381 6.094178 6.678339 
526508255521583 1.588485 5.421437 9.171793 
526508276091790 1.347878 5.162874 10.216816 
526508296662729 1.079739 5.337643 9.386065 
526508317232259 1.131212 6.264159 8.615164 
526508337804291 1.383789 6.533495 7.224193 
526508358374759 1.086921 6.697491 7.419312 
526508378946583 0.590145 6.229445 8.600800 
526508399517469 0.736185 5.378343 9.965437 
526508420087937 1.362242 5.263426 10.135417 
526508440658822 1.724948 5.860754 9.211294 
526508461229031 1.474765 5.511215 7.681466 
526508481799916 2.469513 5.505230 8.861756 
526508502371687 3.208092 5.220332 9.832563 
526508522942520 2.476695 5.085066 7.446844 
526508543512884 -0.614086 4.759468 5.964897 
526508564083718 -2.444375 7.497120 5.228711 
526508584654082 -2.669420 8.440395 6.011582 
526508605224915 -2.255241 7.857432 6.746570 
526508625796739 -1.744101 7.123641 6.701082 
526508646367624 -1.086921 6.878245 6.370697 
526508666938197 -0.480017 7.288834 6.896202 
526508687509082 0.264548 7.060197 6.790861 
526508708080176 0.907363 7.343898 6.951266 
526508728650645 1.193458 7.412129 7.220602 
526508749221531 0.560219 6.962039 7.378613 
526508769791896 1.130015 6.865078 7.310380 
526508790362989 0.655983 7.239755 7.340307 
526508810933874 0.561416 7.304395 6.425761 
526508831504500 0.383056 7.536623 5.969686 
526508852075541 0.327992 7.687451 5.518397 
526508872646373 0.168784 7.687451 5.733867 
526508893217260 0.146040 7.571337 6.480825 
526508913787988 0.067035 7.583308 6.810014 
526508934359031 -0.162799 7.652737 6.728615 
526508954929551 -0.217863 7.679072 6.646018 
526508975500748 -0.373479 7.778427 6.746571 
526508996071582 -0.393829 7.845462 6.559831 
526509016642729 -0.375874 7.943620 6.320420 
526509037213145 -0.266942 7.832294 6.622077 
526509057784343 -0.260957 7.834688 6.577786 
526509078355176 -0.238213 7.682663 6.412593 
526509098926010 -0.191528 7.580914 6.276130 
526509119496843 0.047882 7.517470 6.301268 
526509140067468 0.354327 7.465997 6.339573 
526509160638302 0.428544 7.585702 6.327603 
526509181209238 0.538672 7.498318 6.307253 
526509201780071 0.460864 7.515076 6.387455 
526509222351426 0.572190 7.594081 6.443717 
526509242922259 0.542263 7.470785 6.436534 
526509263492573 0.386647 7.439662 6.685521 
526509284063406 0.611692 7.382204 6.807620 
526509304634447 0.621269 7.424100 6.836349 
526509325205281 0.584160 7.219405 6.966827 
526509345776009 0.463258 7.324745 6.806423 
526509366346842 0.585357 7.662313 6.575392 
526509386917936 0.569795 7.501908 6.562225 
526509407488769 0.362706 7.343898 6.509554 
526509428059656 0.180754 6.929719 6.628062 
526509448630644 0.104143 7.610840 6.715447 
526509469201218 0.216666 7.747303 6.219869 
526509489772208 0.383056 7.714983 6.185154 
526509510342885 0.690697 7.789200 6.298874 
526509530913978 0.921728 7.738924 6.432943 
526509551484656 1.047418 7.798777 6.405411 
526509572055697 1.102482 7.746106 6.406608 
526509592626426 1.037842 7.669496 6.437732 
526509613197937 0.925319 7.602460 6.488008 
526509633768040 0.764915 7.566549 6.417381 
526509654339134 0.652392 7.573731 6.489204 
526509674909134 0.556628 7.509091 6.537086 
526509695480540 0.453682 7.487544 6.430549 
526509716051478 0.502761 7.495923 6.339573 
526509736623249 0.560219 7.525849 6.661580 
526509757193561 0.734988 7.440859 6.938098 
526509777764447 0.401012 7.606052 6.428155 
526509798334863 0.533884 7.521061 6.107346 
526509818906062 0.559022 7.777230 6.057070 
526509839476895 0.594934 7.677875 6.363515 
526509860047467 0.615283 7.774836 6.380273 
526509880618301 0.606904 7.663510 6.606516 
526509901189134 0.593736 7.645555 6.490401 
526509921759968 0.442908 7.585702 6.417381 
526509942331009 0.513534 7.592884 6.458081 
526509962901842 0.447696 7.462406 6.217474 
526509983472677 0.831949 7.658722 6.642427 
526510004043562 0.914546 7.464800 6.486811 
526510024614498 0.802023 7.512682 6.492796 
