# Created at Thu Nov 07 19:34:18 EST 2019 in Burnaby Canada 
526502788813043 6.072967 -2.504203 -7.281375 
526502809383981 6.075799 -2.498273 -7.281050 
526502829954762 6.077724 -2.495257 -7.280477 
526502850525596 6.079314 -2.493831 -7.279639 
526502871096898 6.080097 -2.492930 -7.279294 
526502891667522 6.080073 -2.493856 -7.278996 
526502912238096 6.078417 -2.496658 -7.279419 
526502932809137 6.076349 -2.500624 -7.279784 
526502953379865 6.074227 -2.504140 -7.280346 
526502973950752 6.071805 -2.507018 -7.281375 
526502994521585 6.069252 -2.509270 -7.282730 
526503015092678 6.066689 -2.510193 -7.284545 
526503035663252 6.064142 -2.511039 -7.286374 
526503056234137 6.061097 -2.512303 -7.288472 
526503076804918 6.057013 -2.512766 -7.291707 
526503097376012 6.051229 -2.509540 -7.297617 
526503117946636 6.039795 -2.496998 -7.311379 
526503138517469 6.027229 -2.467760 -7.331648 
526503159088200 6.011801 -2.417665 -7.360947 
526503179659345 5.978845 -2.344062 -7.411422 
526503200230074 5.920696 -2.249037 -7.487161 
526503220800751 5.854433 -2.133694 -7.572539 
526503241371585 5.835405 -1.991577 -7.625750 
526503261942469 5.832574 -1.844937 -7.664703 
526503282513408 5.822209 -1.721470 -7.701221 
526503303084397 5.807724 -1.592091 -7.739895 
526503323655023 5.789452 -1.442536 -7.782784 
526503344225804 5.753958 -1.310162 -7.832358 
526503364796897 5.714693 -1.184007 -7.881041 
526503385367471 5.687420 -1.058040 -7.918598 
526503405938876 5.669367 -0.938198 -7.946600 
526503426509240 5.650222 -0.823592 -7.972896 
526503447080075 5.630849 -0.716169 -7.996939 
526503467651168 5.605551 -0.616020 -8.023011 
526503488222209 5.583385 -0.523113 -8.045033 
526503508791950 5.562988 -0.443124 -8.063944 
526503529363772 5.533335 -0.376919 -8.087678 
526503549934501 5.505403 -0.325865 -8.108930 
526503570505387 5.490283 -0.290824 -8.120506 
526503591076012 5.483423 -0.263952 -8.126057 
526503611646949 5.480814 -0.253948 -8.128135 
526503632217679 5.484838 -0.263075 -8.125131 
526503652788668 5.489396 -0.287998 -8.121205 
526503673359397 5.493315 -0.333779 -8.116801 
526503693930178 5.495842 -0.373179 -8.113374 
526503714501012 5.496899 -0.391476 -8.111796 
526503735072419 5.495590 -0.401391 -8.112198 
526503755642887 5.497251 -0.415953 -8.110339 
526503776214032 5.504738 -0.435231 -8.104248 
526503796784553 5.519664 -0.466551 -8.092343 
526503817355803 5.536174 -0.503387 -8.078847 
526503837926063 5.557538 -0.536187 -8.062051 
526503858497470 5.588542 -0.562247 -8.038810 
526503879068407 5.617807 -0.578233 -8.017248 
526503899639240 5.644963 -0.583574 -7.997763 
526503920209501 5.663928 -0.581160 -7.984519 
526503940780386 5.676017 -0.580558 -7.975974 
526503961351220 5.688554 -0.591356 -7.966244 
526503981922990 5.695872 -0.605143 -7.959977 
526504002493355 5.698071 -0.618410 -7.957382 
526504023064501 5.688199 -0.630452 -7.963499 
526504043634657 5.667463 -0.640466 -7.977471 
526504064205491 5.633541 -0.650642 -8.000641 
526504084777470 5.611367 -0.660235 -8.015425 
526504105347834 5.611773 -0.685488 -8.013021 
526504125918511 5.594119 -0.716730 -8.022626 
526504146489657 5.586554 -0.769132 -8.023045 
526504167060699 5.626972 -0.802565 -7.991461 
526504187631480 5.667395 -0.850481 -7.957871 
526504208202990 5.683041 -0.901552 -7.941073 
526504228773146 5.701128 -0.955220 -7.921810 
526504249343564 5.729174 -1.019170 -7.893558 
526504269914397 5.756203 -1.092797 -7.863989 
526504290485385 5.791450 -1.161665 -7.828156 
526504311056272 5.879329 -1.188439 -7.758317 
526504331626688 5.962008 -1.253018 -7.684712 
526504352197574 6.027756 -1.335933 -7.619176 
526504372768564 6.082780 -1.431607 -7.557822 
526504393339188 6.122091 -1.550179 -7.502489 
526504413910960 6.148440 -1.674790 -7.454002 
526504434481532 6.218120 -1.775905 -7.372349 
526504455052782 6.330320 -1.883437 -7.249146 
526504475624605 6.432299 -2.026308 -7.119691 
526504496193616 6.504614 -2.186877 -7.005567 
526504516765075 6.536023 -2.323400 -6.931999 
526504537336063 6.529289 -2.396257 -6.913518 
526504557906741 6.578661 -2.378665 -6.872668 
526504578476949 6.630100 -2.310990 -6.846277 
526504599047887 6.738932 -2.205635 -6.774389 
526504619618771 6.821556 -2.132343 -6.714900 
526504640189605 6.919194 -2.065499 -6.635423 
526504660760490 6.987588 -1.988833 -6.586998 
526504681334970 7.090215 -1.908647 -6.500486 
526504701907782 7.144683 -1.806823 -6.469875 
526504722478094 7.124356 -1.712887 -6.517664 
526504743047678 7.172765 -1.711302 -6.464771 
526504763619032 7.235451 -1.750398 -6.383945 
526504784190177 7.288871 -1.773281 -6.316504 
526504804758042 7.299783 -1.758273 -6.308093 
526504825328927 7.248971 -1.756640 -6.366870 
526504845898199 7.168663 -1.803198 -6.444311 
526504866469136 7.097492 -1.873724 -6.502703 
526504887040854 7.049632 -1.912782 -6.543267 
526504907611428 6.977450 -1.936188 -6.613377 
526504928182001 6.932451 -1.902598 -6.670205 
526504948752573 6.914488 -1.729547 -6.735645 
526504969324188 6.653405 -1.498874 -7.046699 
526504989894865 6.510444 -1.489311 -7.180979 
526505010465856 6.378959 -1.387950 -7.317982 
526505031036636 6.252017 -1.325727 -7.438085 
526505051607364 6.231387 -1.374356 -7.446566 
526505072177939 6.235347 -1.472835 -7.424392 
526505092749188 6.411811 -1.514116 -7.264057 
526505113320491 6.593511 -1.525265 -7.097153 
526505133890438 6.742233 -1.515462 -6.958164 
526505154461324 6.889111 -1.426882 -6.831877 
526505175032938 6.966029 -1.381043 -6.762955 
526505195604084 6.997749 -1.411920 -6.723717 
526505216174553 7.121511 -1.373556 -6.600593 
526505236745438 7.249175 -1.288005 -6.477722 
526505257315750 7.264413 -1.201141 -6.477342 
526505277886689 7.237444 -1.262574 -6.495820 
526505298457730 6.960676 -1.491727 -6.744935 
526505319028094 6.746738 -1.713281 -6.907719 
526505339599188 6.649896 -1.754924 -6.990673 
526505360169969 6.620768 -1.730876 -7.024236 
526505380741792 6.570579 -1.762201 -7.063466 
526505401312365 6.503822 -1.854784 -7.101441 
526505421882625 6.468787 -1.873998 -7.128345 
526505442453772 6.454290 -1.881443 -7.139517 
526505463025022 6.456172 -1.899586 -7.133008 
526505483595177 6.477645 -1.902837 -7.112644 
526505504165855 6.479599 -1.908650 -7.109307 
526505524737885 6.491909 -1.903378 -7.099483 
526505545309292 6.518039 -1.898119 -7.076913 
526505565879188 6.532337 -1.889264 -7.066090 
526505586450021 6.519860 -1.856452 -7.086283 
526505607020595 6.490018 -1.884785 -7.106169 
526505627591271 6.427909 -1.964989 -7.140812 
526505648164084 6.474137 -1.959529 -7.100436 
526505668734396 6.776490 -1.803870 -6.855335 
526505689305437 7.315507 -1.561745 -6.341505 
526505709876845 7.545876 -1.507056 -6.079386 
526505730446844 7.622180 -1.492803 -5.987011 
526505751017730 7.658016 -1.433234 -5.955754 
526505771589708 7.716935 -1.432974 -5.879277 
526505792160437 7.801808 -1.402935 -5.773557 
526505812729448 7.791564 -1.429393 -5.780896 
526505833300125 7.747388 -1.534508 -5.813231 
526505853872990 7.703561 -1.719807 -5.819604 
526505874443667 7.685848 -1.881765 -5.792849 
526505895012729 7.670392 -2.038051 -5.760367 
526505915583668 7.713505 -2.148905 -5.661664 
526505936154292 7.780062 -2.228442 -5.538508 
526505956725594 7.805449 -2.336418 -5.457701 
526505977296480 7.755663 -2.541256 -5.437104 
526505997867312 7.592511 -2.869673 -5.503557 
526506018438511 7.157354 -3.408534 -5.772743 
526506039008771 6.977933 -3.627769 -5.858168 
526506059580750 6.788599 -3.810065 -5.963951 
526506080151375 6.537126 -3.971171 -6.137278 
526506100722052 6.304161 -4.157120 -6.256701 
526506121292573 6.153066 -4.312536 -6.301762 
526506141863771 6.115304 -4.371093 -6.298173 
526506162434553 6.132604 -4.382154 -6.273618 
526506183005386 6.134228 -4.389184 -6.267113 
526506203576271 6.169166 -4.379871 -6.239273 
526506224147417 6.203170 -4.386896 -6.200501 
526506244717260 6.272361 -4.391106 -6.127484 
526506265288147 6.337302 -4.375270 -6.071737 
526506285859969 6.393220 -4.349770 -6.031303 
526506306430853 6.422562 -4.320757 -6.020975 
526506327002157 6.408853 -4.313216 -6.040956 
526506347573250 6.341202 -4.371775 -6.070183 
526506368143043 6.196852 -4.483592 -6.137331 
526506388714083 6.039807 -4.617253 -6.194521 
526506409285229 5.973600 -4.720714 -6.180724 
526506429856376 6.059487 -4.839707 -6.002520 
526506450426426 6.055483 -5.015244 -5.860787 
526506470996896 5.963853 -5.132350 -5.853360 
526506491569760 5.826420 -5.114897 -6.005084 
526506512140645 5.760419 -5.013838 -6.152186 
526506532710959 5.787707 -4.856735 -6.251796 
526506553281270 5.897162 -4.643509 -6.311234 
526506573852157 6.051646 -4.334382 -6.384441 
526506594422781 6.184538 -3.980991 -6.486416 
526506614993875 6.375452 -3.600314 -6.523937 
526506635564917 6.505400 -3.232984 -6.587714 
526506656135697 6.521042 -2.975798 -6.692608 
526506676706375 6.507044 -2.915518 -6.732646 
526506697278458 6.490106 -2.963580 -6.728009 
526506717849292 6.484568 -2.989243 -6.721993 
526506738419188 6.504175 -3.024018 -6.687407 
526506758990021 6.553863 -3.094465 -6.606176 
526506779560906 6.610816 -3.190663 -6.502860 
526506800131114 6.695892 -3.268850 -6.375738 
526506820702730 6.809166 -3.320889 -6.227146 
526506841273250 6.975921 -3.376705 -6.008725 
526506861844603 7.085144 -3.459489 -5.831214 
526506882415489 7.157903 -3.553320 -5.684076 
526506902986739 7.320487 -3.683955 -5.386031 
526506923557001 7.385846 -3.781554 -5.226809 
526506944127781 7.476728 -3.860774 -5.036203 
526506964698875 7.514655 -3.929826 -4.925122 
526506985269813 7.517752 -3.989409 -4.872207 
526507005840854 7.555853 -4.032231 -4.777089 
526507026411219 7.628963 -4.013709 -4.675409 
526507046984395 7.674407 -3.973918 -4.634853 
526507067554031 7.726728 -3.910799 -4.601490 
526507088123927 7.801988 -3.762956 -4.597776 
526507108694708 7.944391 -3.521182 -4.545143 
526507129265907 8.127296 -3.149385 -4.494309 
526507149836427 8.224650 -2.804804 -4.545172 
526507170407260 8.193292 -2.668133 -4.682033 
526507190978406 8.116994 -2.662808 -4.816041 
526507211551895 8.015580 -2.775148 -4.921323 
526507232122105 7.849201 -3.129341 -4.976712 
526507252691270 7.554972 -3.593305 -5.116731 
526507273262311 7.338228 -3.899029 -5.207530 
526507293832469 7.183952 -4.077093 -5.285690 
526507314403718 7.015947 -4.319282 -5.318899 
526507334974969 6.703946 -4.744229 -5.359084 
526507355545385 6.524539 -4.972912 -5.373168 
526507376116375 6.320343 -5.110614 -5.486828 
526507396687469 6.301766 -5.447587 -5.175126 
526507417257884 6.407175 -5.934603 -4.460828 
526507437829083 6.448260 -6.532446 -3.452170 
526507458399396 6.566490 -6.674006 -2.917061 
526507478970280 6.657585 -6.738033 -2.538871 
526507499541115 6.836479 -6.643391 -2.301804 
526507520114239 7.102326 -6.347473 -2.331724 
526507540682885 7.471615 -5.863284 -2.442798 
526507561253667 7.925223 -5.276643 -2.349098 
526507581825541 8.418678 -4.556033 -2.130445 
526507602395281 8.890783 -3.659895 -1.931199 
526507622966478 9.305720 -2.637889 -1.617247 
526507643536896 9.612379 -1.593814 -1.110100 
526507664108198 9.783688 -0.548960 -0.385343 
526507684679499 9.776568 0.567452 0.516821 
526507705250177 9.548787 1.789094 1.337977 
526507725821687 9.160197 2.985107 1.830382 
526507746393406 8.720933 3.959602 2.106484 
526507766963302 8.269265 4.632999 2.514948 
526507787534134 7.821730 5.022724 3.124609 
526507808105072 7.373172 5.235769 3.793868 
526507828674969 6.827570 5.402184 4.513433 
526507849246011 6.226483 5.517591 5.192060 
526507869816687 5.649065 5.564563 5.770104 
526507890387677 5.146457 5.537919 6.246265 
526507910958510 4.629884 5.462625 6.700321 
526507931530020 3.970131 5.463247 7.110653 
526507952100281 2.999563 5.671216 7.416894 
526507972671999 1.997988 5.991217 7.502251 
526507993242676 0.969818 6.321947 7.433897 
526508013813302 0.376702 6.613527 7.231165 
526508034383822 0.777383 6.705759 7.113288 
526508054955281 1.067372 6.882641 6.903649 
526508075525802 1.434508 6.952461 6.765786 
526508096096270 1.941241 6.943592 6.647444 
526508116667156 2.515463 6.927667 6.469178 
526508137238561 2.921299 6.962688 6.257586 
526508157809186 2.913292 6.955736 6.269039 
526508178380281 2.695375 6.881714 6.445723 
526508198951530 2.417798 6.743626 6.696876 
526508219521479 2.210601 6.576190 6.930899 
526508240094083 2.101967 6.422585 7.106512 
526508260664291 2.014016 6.316576 7.225994 
526508281234499 1.907185 6.249146 7.313085 
526508301805437 1.800837 6.200401 7.381220 
526508322374967 1.691572 6.155681 7.444230 
526508342946999 1.598088 6.082129 7.524907 
526508363517467 1.482185 5.968957 7.638395 
526508384089292 1.319167 5.834444 7.771066 
526508404660228 1.167582 5.753068 7.855530 
526508425230645 1.075046 5.781572 7.847808 
526508445801479 1.027807 5.897810 7.767228 
526508466371739 0.980506 6.014609 7.683326 
526508486943354 0.787050 6.125267 7.617877 
526508507514395 0.403717 6.240092 7.554379 
526508528084916 -0.049902 6.360674 7.463894 
526508548655593 -0.318780 6.496890 7.338882 
526508569226062 -0.390946 6.614752 7.229288 
526508589796790 -0.373485 6.704091 7.147451 
526508610368458 -0.276388 6.764615 7.094645 
526508630939447 -0.114946 6.809340 7.056207 
526508651510333 0.070077 6.840910 7.026195 
526508672080905 0.199160 6.858152 7.006888 
526508692652259 0.249693 6.862332 7.001174 
526508713222885 0.236515 6.865456 6.998570 
526508733793353 0.204558 6.909924 6.955681 
526508754364239 0.172537 7.002859 6.862986 
526508774934604 0.131930 7.114022 6.748606 
526508795505697 0.094702 7.228793 6.626158 
526508816076583 0.072137 7.325024 6.519908 
526508836647208 0.051494 7.381958 6.455573 
526508857218249 0.025610 7.391012 6.445362 
526508877789082 0.001160 7.367979 6.471730 
526508898359968 -0.017681 7.340443 6.502921 
526508918930697 -0.027253 7.320194 6.525673 
526508939501739 -0.023283 7.308105 6.539224 
526508960072259 -0.005327 7.308097 6.539271 
526508980643457 0.020985 7.321637 6.524077 
526509001214290 0.051084 7.335125 6.508741 
526509021785437 0.074855 7.338945 6.504204 
526509042355854 0.099994 7.350272 6.491063 
526509062927051 0.123540 7.366188 6.472588 
526509083497780 0.145016 7.377061 6.459747 
526509104068718 0.170844 7.386745 6.448039 
526509124639499 0.204307 7.401803 6.429772 
526509145210177 0.234839 7.416164 6.412156 
526509165781114 0.258496 7.422134 6.404334 
526509186351946 0.271991 7.417713 6.408895 
526509206922780 0.282206 7.404359 6.423879 
526509227494134 0.296360 7.386250 6.444057 
526509248064396 0.318981 7.367084 6.464881 
526509268635281 0.342585 7.349591 6.483558 
526509289206062 0.363342 7.328747 6.505985 
526509309777156 0.389304 7.311815 6.523511 
526509330347937 0.421579 7.300578 6.534081 
526509350918717 0.428646 7.286953 6.548813 
526509371489759 0.425908 7.285998 6.550056 
526509392060644 0.433154 7.299596 6.534422 
526509412631635 0.455178 7.331451 6.497155 
526509433202364 0.473044 7.354864 6.469358 
526509453773352 0.470606 7.367832 6.454762 
526509474343927 0.481903 7.381786 6.437965 
526509494914916 0.502426 7.396824 6.419109 
526509515485593 0.533143 7.403711 6.408683 
526509536056687 0.559266 7.405643 6.404222 
526509556627364 0.582986 7.408757 6.398502 
526509577198406 0.605475 7.413312 6.391134 
526509597769134 0.614678 7.415748 6.387427 
526509618340645 0.614065 7.412917 6.390772 
526509638910749 0.611295 7.409267 6.395270 
526509659481842 0.606377 7.404350 6.401428 
526509680051842 0.599601 7.398378 6.408969 
526509700623249 0.590892 7.394497 6.414254 
526509721194186 0.585186 7.389686 6.420318 
526509741765958 0.570789 7.381322 6.431227 
526509762336269 0.534937 7.404887 6.407174 
526509782907155 0.531866 7.469461 6.332035 
526509803477572 0.548626 7.525527 6.263853 
526509824048770 0.555263 7.539983 6.245857 
526509844619499 0.544771 7.524489 6.265435 
526509865190176 0.534008 7.492826 6.304188 
526509885761009 0.523379 7.453767 6.351205 
526509906331843 0.535598 7.421162 6.388261 
526509926903249 0.565863 7.407530 6.401460 
526509947473717 0.593710 7.420664 6.383701 
526509968044811 0.650642 7.441904 6.353354 
526509988615385 0.684674 7.446742 6.344104 
526510009186373 0.695334 7.431673 6.360593 
