# Created at Thu Nov 07 19:34:18 EST 2019 in Burnaby Canada 
526502799098460 -0.012954 0.005757 0.008995 
526502819669293 -0.004402 0.001481 0.013576 
526502840240179 0.001096 0.003009 0.015714 
526502860811481 0.002623 0.003314 0.016325 
526502881382315 0.007815 0.001176 0.015104 
526502901952679 0.011175 -0.007071 0.014187 
526502922523564 0.011786 -0.011652 0.014493 
526502943094449 0.009648 -0.015928 0.011438 
526502963665335 0.009037 -0.012874 0.006246 
526502984236168 0.005066 -0.015623 0.005635 
526503004807002 0.002317 -0.013179 0.003497 
526503025377835 0.000485 -0.013179 0.002581 
526503045948720 0.003845 -0.012263 0.000748 
526503066519502 0.006594 -0.016539 -0.004139 
526503087090595 0.006594 -0.033338 -0.025213 
526503107661219 -0.022423 -0.066630 -0.060338 
526503128232053 -0.112831 -0.074266 -0.083246 
526503148802783 -0.245694 -0.086789 -0.113178 
526503169373928 -0.408794 -0.157343 -0.114094 
526503189944658 -0.601828 -0.279822 -0.131809 
526503210515334 -0.727971 -0.396802 -0.143721 
526503231086168 -0.815325 -0.310060 -0.207251 
526503251657053 -0.818685 -0.142072 -0.286969 
526503272227939 -0.740799 -0.149097 -0.343169 
526503292798981 -0.625041 -0.199188 -0.362105 
526503313369918 -0.585334 -0.182084 -0.379210 
526503333940387 -0.605187 -0.225760 -0.320261 
526503354511221 -0.618016 -0.271270 -0.224966 
526503375082054 -0.615572 -0.236145 -0.212138 
526503395652939 -0.567925 -0.173226 -0.264367 
526503416223824 -0.490650 -0.174448 -0.312014 
526503436794657 -0.446057 -0.165285 -0.339198 
526503457365751 -0.387109 -0.174448 -0.337671 
526503477936585 -0.352900 -0.186054 -0.319039 
526503498506533 -0.301893 -0.147570 -0.320567 
526503519077366 -0.266158 -0.169255 -0.241765 
526503539649085 -0.248137 -0.197355 -0.146776 
526503560219918 -0.173306 -0.123440 -0.098823 
526503580790543 -0.089923 -0.064187 -0.108902 
526503601361429 -0.041970 -0.037003 -0.095157 
526503621932262 0.055157 0.001176 -0.052702 
526503642503095 0.141595 0.028359 -0.042012 
526503663073980 0.239638 0.032025 0.001054 
526503683644761 0.284537 0.018586 0.012355 
526503704215596 0.235973 0.006674 -0.075915 
526503724787002 0.174887 -0.027840 -0.134253 
526503745357418 0.154423 -0.007987 -0.115927 
526503765928616 0.169389 0.021334 -0.100655 
526503786499136 0.228337 0.065011 -0.107986 
526503807070334 0.325465 0.088835 -0.151968 
526503827640647 0.319662 0.088835 -0.147386 
526503848212053 0.317829 0.146256 -0.199615 
526503868782990 0.313553 0.162139 -0.258564 
526503889353824 0.230170 0.172218 -0.238711 
526503909924084 0.188937 0.144729 -0.251844 
526503930494969 0.138540 0.061346 -0.217025 
526503951065803 0.164807 0.083643 -0.172432 
526503971637573 0.169389 0.068676 -0.111345 
526503992207939 0.149841 0.030497 -0.076526 
526504012778564 0.133653 -0.029367 -0.064309 
526504033349240 0.085090 -0.093814 -0.024297 
526504053920127 0.043245 -0.160092 0.029764 
526504074490960 -0.010511 -0.187276 0.070692 
526504095062417 0.037137 -0.024786 0.060918 
526504115633303 0.117465 -0.000962 0.102457 
526504136204240 0.144954 -0.102366 0.152243 
526504156775126 0.204514 0.143813 0.132084 
526504177346063 0.166335 0.194820 0.050839 
526504197916896 0.274152 0.227807 0.059697 
526504218487730 0.260713 0.084559 0.086880 
526504239058563 0.311110 0.173134 0.032819 
526504259628980 0.397242 0.128847 0.088713 
526504280199814 0.374945 0.236359 0.126586 
526504300770855 0.315080 0.313328 0.164460 
526504321341688 0.043245 0.712222 0.206304 
526504341912157 0.231697 0.535988 0.211497 
526504362482990 0.412513 0.362197 0.241124 
526504383053720 0.443362 0.400681 0.355050 
526504403625543 0.515138 0.215589 0.495854 
526504424196115 0.470545 0.462073 0.347109 
526504444767366 0.480014 0.643195 0.267085 
526504465339136 0.600659 0.887846 0.297934 
526504485908459 0.688929 0.665797 0.471420 
526504506479606 0.623261 0.563782 0.467754 
526504527050125 0.344707 0.152670 0.420412 
526504547621325 -0.007762 0.332265 0.092989 
526504568191532 -0.138181 0.141369 -0.133031 
526504588762470 0.083257 0.404041 -0.767414 
526504609333355 0.100056 0.352118 -0.740536 
526504629904136 -0.244166 0.634643 -0.380737 
526504650475073 -0.105195 0.412899 -0.351110 
526504671049501 -0.093588 0.503612 -0.388678 
526504691622365 0.107692 0.510332 -0.713353 
526504712192678 0.334933 -0.292345 -0.832166 
526504732760803 0.040191 0.082726 -0.670897 
526504753333146 0.187715 0.456576 0.043814 
526504773904761 0.319967 0.411677 -0.021854 
526504794475646 0.196267 0.198485 -0.216720 
526504815043458 0.156561 -0.190941 -0.260702 
526504835614344 0.265295 -0.526000 -0.080497 
526504856183719 0.273236 -0.566012 0.178510 
526504876754553 0.108913 -0.346101 0.238069 
526504897326011 -0.123826 -0.413296 0.381317 
526504917896844 -0.276542 -0.378782 0.212718 
526504938467157 -0.283567 -0.326553 -0.337671 
526504959037990 -0.344654 -1.014081 -1.493121 
526504979609449 -0.101224 -2.057133 -0.473283 
526505000180282 -0.315638 -0.811274 -0.373712 
526505020751219 -0.071597 -1.062034 -0.497717 
526505041322105 0.055463 -0.433149 -0.046899 
526505061892470 0.099445 0.085475 0.733786 
526505082463355 0.073178 0.575389 0.615278 
526505103035022 -0.399937 1.669753 0.449123 
526505123605021 -0.042581 0.949238 0.219743 
526505144175908 -0.111303 1.012462 -0.213054 
526505164747469 -0.216067 0.874712 -0.415861 
526505185318667 0.009342 0.323102 0.032513 
526505205889085 0.229559 0.441304 -0.089354 
526505226460021 0.282399 0.851194 -0.826973 
526505247030334 0.397852 0.425116 -0.969305 
526505267601220 0.297365 -0.428262 -0.713963 
526505288172313 0.200849 -0.095035 0.706297 
526505308742678 -0.298228 -2.507035 2.320202 
526505329313719 0.087228 -0.603275 0.331226 
526505349884552 -0.140014 -0.333883 0.372765 
526505370456375 -0.055715 -0.231869 0.058475 
526505391026896 0.214288 -0.403827 0.310151 
526505411597209 0.118993 -0.216903 0.400254 
526505432168355 0.021560 -0.086483 0.158962 
526505452739605 0.065542 -0.027229 0.154075 
526505473310386 0.004761 0.137093 0.043814 
526505493880438 0.044773 0.069287 0.033430 
526505514451324 -0.009594 0.038744 -0.012691 
526505535023823 -0.027309 0.126709 0.003497 
526505555594708 -0.044719 0.189322 0.011744 
526505576164605 -0.047163 -0.010736 -0.079275 
526505596735438 -0.060907 -0.165590 -0.053619 
526505617305803 0.063404 -0.183000 0.425605 
526505637876688 -0.108554 -0.007071 0.600617 
526505658448979 -0.421012 1.061637 0.069776 
526505679019813 -0.569452 3.220738 -0.903942 
526505699591428 -0.665968 2.863993 -0.273530 
526505720162314 0.099445 1.158459 -0.193812 
526505740732313 -0.227979 0.435501 -0.143721 
526505761303146 -0.176971 0.215895 -0.231686 
526505781875021 -0.347403 0.584246 0.112842 
526505802445906 -0.213929 0.517967 -0.029184 
526505823014656 0.159004 -0.343657 0.268002 
526505843587573 -0.108554 0.084864 1.246912 
526505864158250 -0.601522 0.220782 1.356257 
526505884727261 -0.426815 0.312411 1.408181 
526505905298199 0.014840 0.291337 0.851988 
526505925868875 -0.093588 0.827065 0.610391 
526505946440125 -0.140930 0.474901 0.687666 
526505967011011 0.014229 0.644416 0.921016 
526505987581896 0.049659 -0.155511 1.410319 
526506008152573 1.286050 -1.912358 2.334862 
526506028723354 1.493133 -1.822561 1.437808 
526506049295334 -0.078928 -0.637483 1.195905 
526506069865958 -0.238363 -0.881829 1.574336 
526506090436636 -0.641534 -0.796613 1.763093 
526506111007104 -0.468659 -0.229731 1.802189 
526506131578302 -0.132989 -0.186360 1.013867 
526506152149084 -0.004707 0.211619 0.194087 
526506172720438 -0.103668 0.211924 0.186146 
526506193290855 -0.242639 0.334403 0.158657 
526506213862000 -0.179109 0.385715 0.154992 
526506234432885 -0.027615 0.439777 0.067638 
526506255002730 0.050881 0.460241 -0.065836 
526506275573563 -0.060296 0.389686 -0.114094 
526506296145385 -0.086258 0.286144 -0.134864 
526506316716270 -0.194686 0.075091 -0.035904 
526506337287781 -0.129629 -0.096257 0.235626 
526506357858667 0.116855 -0.473466 0.507155 
526506378428614 0.264378 -0.555016 0.738978 
526506398999500 0.283621 -0.673830 0.675448 
526506419570959 0.282704 0.726883 0.518456 
526506440141845 0.666633 0.793468 0.590538 
526506460711479 0.574698 0.276676 0.702326 
526506481282364 0.171222 -0.840901 0.239596 
526506501855229 -0.040138 -1.256595 -0.404560 
526506522426114 -0.117107 -0.917259 -0.829722 
526506542995854 -0.095421 -0.555933 -1.306197 
526506563566688 -0.215761 -0.353736 -1.817490 
526506584137312 -0.485763 -0.398940 -2.158964 
526506604708459 -0.445141 -0.283487 -2.362993 
526506625279500 -0.229506 -0.249584 -2.710575 
526506645850281 -0.161089 -0.654893 -2.282359 
526506666420906 -0.145817 -0.516226 -1.129962 
526506686992989 -0.086563 0.103190 0.068860 
526506707563823 -0.090229 0.083948 0.304653 
526506728133771 -0.206904 0.229334 0.404224 
526506748704605 -0.271961 0.521022 0.603977 
526506769275489 -0.056631 0.759870 0.682473 
526506789845645 0.086922 0.757732 0.540753 
526506810417261 -0.033113 0.972756 0.453399 
526506830987833 -0.164449 1.439151 0.435684 
526506851558771 -0.175444 1.544220 0.556024 
526506872130072 -0.191327 1.079352 0.701410 
526506892701270 0.016367 1.234817 0.594203 
526506913271532 0.224367 2.003896 0.868482 
526506933842312 0.173054 0.747958 0.473252 
526506954413198 0.206346 0.943129 0.355661 
526506974984396 0.009648 0.626701 0.594203 
526506995555281 -0.043803 0.397933 0.410639 
526507016125802 0.333101 0.543013 -0.075915 
526507036696635 0.248191 0.245827 -0.397230 
526507057268563 0.156255 0.264459 -0.349277 
526507077839448 0.148009 -0.071822 -0.706328 
526507098409239 0.022476 0.204594 -1.136071 
526507118980125 0.206652 0.236970 -1.982424 
526507139551010 0.158393 -0.060827 -2.359328 
526507160121896 0.134570 -0.681465 -1.528246 
526507180692989 0.270182 -0.873277 -0.529788 
526507201263875 0.396631 -0.740719 -0.138223 
526507221836688 1.215189 -1.193370 0.713322 
526507242407521 -0.740494 -0.008598 2.771936 
526507262976843 0.898761 -1.323790 1.852890 
526507283547052 1.031319 -0.896490 1.137568 
526507304118302 1.247565 -1.299661 0.358410 
526507324689552 2.433559 -1.653657 0.753334 
526507345259968 2.264350 -1.745286 0.511737 
526507365830959 1.833690 -1.940458 -0.377988 
526507386402052 2.200514 -1.299966 -0.114400 
526507406972416 3.403307 1.127305 0.293353 
526507427543614 5.812557 1.284297 0.363297 
526507448113926 4.337014 1.726258 0.087186 
526507468684864 3.503183 -0.022342 -0.635162 
526507489255646 4.497671 -1.708634 -1.662942 
526507509828771 2.421647 -1.652740 -2.015105 
526507530397468 0.379832 -0.981095 -2.840384 
526507550968250 0.364866 -0.462470 -3.479654 
526507571540073 0.430534 0.861884 -3.950936 
526507592109812 -0.748741 1.587897 -4.330283 
526507612681062 -1.903275 2.200594 -4.757582 
526507633251479 -2.393188 2.838032 -4.925875 
526507653822729 -2.414569 3.527392 -4.911520 
526507674393615 -2.068819 4.192013 -5.178163 
526507694964760 -1.602424 4.404594 -5.899899 
526507715535593 -1.423746 3.143158 -6.485413 
526507736107989 -1.391676 1.358823 -6.195558 
526507756678874 -1.132058 1.198776 -4.972301 
526507777248718 -0.683684 2.626672 -3.327548 
526507797819551 -0.664747 3.487992 -2.027628 
526507818389552 -1.080746 3.849013 -1.731664 
526507838960438 -1.422219 3.927203 -1.984562 
526507859531218 -1.347388 3.802281 -1.770759 
526507880102104 -1.172070 3.284574 -1.242667 
526507900673093 -1.206889 3.044809 -0.961058 
526507921243926 -0.994919 3.412855 -0.847132 
526507941814812 -0.219732 4.442163 -1.600634 
526507962385697 1.054532 5.065856 -2.286940 
526507982957260 1.870036 5.554852 -1.413098 
526508003527885 2.007175 5.104340 -1.313833 
526508024098405 1.031014 -1.077611 -1.494038 
526508044669239 0.776588 -3.474645 -0.876148 
526508065240333 1.256728 -1.346697 0.517845 
526508085810854 0.402739 -1.951759 1.421925 
526508106381687 0.166946 -2.554988 1.172998 
526508126953144 0.124185 -3.420888 0.355050 
526508147523770 0.121742 -1.553475 -0.251233 
526508168094812 -0.598773 0.380217 -0.705106 
526508188666113 -1.196505 1.065608 -0.991296 
526508209236062 -1.567605 0.859135 -1.038638 
526508229808614 -1.486971 0.181686 -0.951590 
526508250378875 -1.169627 -0.178724 -0.843772 
526508270949082 -0.700788 0.030192 -0.713658 
526508291519968 -0.473241 0.195125 -0.554528 
526508312089551 -0.342516 0.306914 -0.460455 
526508332661530 -0.456442 0.287061 -0.439380 
526508353232051 -0.702926 0.288282 -0.417999 
526508373803875 -0.924364 0.570807 -0.401201 
526508394374708 -0.788141 0.843864 -0.249706 
526508414945229 -0.162005 0.651747 -0.098517 
526508435516114 0.533159 0.335014 -0.159909 
526508456086322 0.768647 0.027443 -0.242681 
526508476657208 0.646474 0.301111 -0.477253 
526508497228926 0.676101 1.123029 -1.020617 
526508517799812 0.705117 1.544526 -1.691652 
526508538370176 0.862720 1.188392 -1.702648 
526508558941009 0.939689 0.093722 -1.004430 
526508579511374 0.688319 -0.564179 -0.701746 
526508600082207 0.476959 -0.886105 -0.435409 
526508620654031 0.338599 -1.150304 -0.202059 
526508641224864 0.244831 -1.323484 0.013271 
526508661795488 0.170611 -1.018357 0.151632 
526508682366322 0.061877 -0.438647 0.216384 
526508702937468 -0.002875 0.053405 0.158351 
526508723507936 0.129377 0.167637 -0.058811 
526508744078823 0.481846 0.022862 -0.222523 
526508764649187 0.757652 -0.048610 -0.341947 
526508785220281 0.834926 -0.078237 -0.364549 
526508805791166 0.801634 -0.126800 -0.330340 
526508826361791 0.588442 -0.084040 -0.233824 
526508846932833 0.228643 -0.041279 -0.191674 
526508867503613 -0.096948 0.040577 -0.158993 
526508888074551 -0.233476 0.006979 -0.135169 
526508908645280 -0.186134 -0.035781 -0.142194 
526508929216322 -0.115274 -0.128633 -0.136391 
526508949786843 -0.057242 -0.219652 -0.120203 
526508970358040 0.055768 -0.308532 -0.107375 
526508990928873 0.111662 -0.343046 -0.106458 
526509011500021 0.051187 -0.317695 -0.080191 
526509032070437 0.029196 -0.266688 -0.063087 
526509052641322 0.107081 -0.247446 -0.046899 
526509073212468 0.101278 -0.220568 -0.032238 
526509093783249 0.060044 -0.179335 0.007773 
526509114354135 0.090587 -0.192774 0.038927 
526509134924708 0.114411 -0.181778 0.058475 
526509155495593 0.082341 -0.153373 0.057253 
526509176066530 0.006594 -0.057773 0.059697 
526509196637363 -0.071597 0.011866 0.076496 
526509217208665 -0.119855 0.005452 0.071609 
526509237779551 -0.149788 -0.047693 0.065805 
526509258349864 -0.132378 -0.130465 0.049007 
526509278920698 -0.133295 -0.078847 0.062140 
526509299491739 -0.118328 -0.051969 0.064889 
526509320062572 -0.063350 -0.146348 0.021823 
526509340633301 -0.032502 -0.107558 0.034040 
526509361204134 -0.040138 0.048518 0.017853 
526509381775228 0.014840 0.045769 0.005941 
526509402346061 0.153201 -0.121913 -0.035293 
526509422916947 0.238722 -0.255082 -0.036514 
526509443487936 0.186493 -0.113667 0.006857 
526509464058510 0.103110 -0.017455 0.062140 
526509484629499 0.059433 -0.074571 0.114980 
526509505200177 0.026141 -0.125273 0.107650 
526509525771270 -0.012038 -0.059300 0.101236 
526509546341948 -0.016619 -0.035476 0.061529 
526509566912624 0.005983 -0.055635 0.009606 
526509587483717 -0.001959 -0.021426 -0.012385 
526509608054760 -0.024561 0.038744 -0.034987 
526509628625280 -0.035556 0.054627 -0.034682 
526509649196113 -0.047773 0.030192 -0.028879 
526509669766426 -0.051744 0.027749 -0.026435 
526509690337832 -0.041970 0.022862 -0.019105 
526509710908717 -0.036167 0.015837 -0.005055 
526509731480541 -0.075262 0.031719 -0.000779 
526509752050800 0.040191 0.251325 -0.008415 
526509772621739 0.412819 0.066538 -0.068279 
526509793192155 0.517582 -0.125579 -0.030711 
526509813763353 0.255521 -0.099922 0.015714 
526509834334187 -0.052355 0.072647 0.031902 
526509854904759 -0.215456 0.142286 0.037095 
526509875475592 -0.293952 0.140148 0.026405 
526509896046426 -0.288454 0.063179 0.019991 
526509916617259 -0.192548 -0.180862 0.016325 
526509937188249 -0.018757 -0.239199 -0.021243 
526509957759134 0.140678 -0.456362 -0.055757 
526509978329968 0.095474 -0.449031 -0.017883 
526509998900854 -0.036778 -0.108169 0.019685 
526510019471790 -0.109776 0.062568 0.030070 
