# Created at Thu Nov 07 19:34:18 EST 2019 in Burnaby Canada 
526502788813043 0.125031 0.126341 0.044081 
526502809383981 0.079326 0.180076 0.020696 
526502829954762 0.051737 0.145609 0.037234 
526502850525544 0.044606 0.117638 0.026251 
526502871096898 0.029597 0.104693 -0.001809 
526502891667262 0.027348 0.078049 0.003729 
526502912238096 -0.001392 0.029127 0.033241 
526502932809137 0.014044 -0.020793 0.029811 
526502953379865 0.010175 -0.031582 0.017253 
526502973950752 0.000767 -0.031105 0.018167 
526502994521585 0.006624 -0.034675 -0.002820 
526503015092678 -0.023962 -0.006346 0.003406 
526503035663252 -0.031693 -0.005680 0.004704 
526503056234137 -0.037791 -0.020124 0.000371 
526503076804918 -0.057100 0.002884 -0.017295 
526503097376012 -0.037836 -0.055547 0.002769 
526503117946636 -0.048312 -0.204009 -0.078185 
526503138517469 0.002957 -0.375632 -0.310149 
526503159088200 0.213303 -0.493767 -0.369664 
526503179659345 0.229083 -0.709070 -0.480422 
526503200230074 0.120530 -0.911204 -0.623951 
526503220800751 -0.013402 -0.864051 -0.552946 
526503241371585 0.181364 -0.550766 0.014634 
526503261942469 0.236923 -0.572919 0.092775 
526503282513408 0.372359 -0.783956 0.102974 
526503303084397 -0.107555 -0.259819 0.319535 
526503323655022 -0.196367 0.421522 0.306466 
526503344225804 -0.529768 0.464115 0.112336 
526503364796897 -0.663164 0.319242 -0.017878 
526503385367471 -0.056437 0.240554 0.206362 
526503405938876 0.405208 0.024573 0.402205 
526503426509240 0.518576 -0.180077 0.563773 
526503447080023 0.457135 0.040439 0.381058 
526503467651168 0.177565 0.366463 0.523591 
526503488222209 0.051658 0.234268 0.472754 
526503508791950 0.122547 0.106939 0.488298 
526503529363772 -0.188089 0.197189 0.466198 
526503549934501 -0.618412 0.471699 0.419127 
526503570505127 -0.454912 0.541142 0.538099 
526503591076012 -0.099864 0.672869 0.297038 
526503611646949 0.055015 0.451967 0.104955 
526503632217679 -0.355904 0.614439 0.333264 
526503652788668 -0.462616 0.668496 0.558403 
526503673359397 -0.569162 0.594130 0.789194 
526503693930178 -0.234495 0.459478 0.194266 
526503714501012 0.825262 0.522576 -0.387139 
526503735072419 0.777700 0.231194 -0.433742 
526503755642887 0.056064 0.072519 -0.187089 
526503776214032 -0.221437 0.211843 0.126513 
526503796784553 -0.254090 0.200559 0.555939 
526503817355803 -0.186550 0.249940 0.619772 
526503837926063 -0.099924 0.149250 0.210228 
526503858497470 -0.016364 0.106365 0.089207 
526503879068407 0.031322 -0.004194 -0.099952 
526503899639240 -0.223121 0.149738 -0.386032 
526503920209501 -0.157170 0.111458 -0.500018 
526503940780386 -0.170315 0.253377 -0.484841 
526503961351220 -0.404074 0.372074 -0.112387 
526503981922990 -0.374439 0.274811 -0.293532 
526504002493355 -0.107617 0.369770 -0.220386 
526504023064501 0.059646 0.258713 0.182741 
526504043635022 -0.118707 0.022288 0.086289 
526504064205491 -0.519978 -0.186517 0.098836 
526504084777470 -0.459224 -0.596881 -0.340742 
526504105347834 -0.264518 -0.306731 0.350583 
526504125918511 -0.332256 -0.185317 0.488486 
526504146489657 -1.075442 0.448375 0.082566 
526504167060542 -0.107334 0.561073 0.960095 
526504187631480 -0.065808 -0.276144 0.529056 
526504208202990 -0.532200 0.280873 -0.063779 
526504228773146 0.287517 -0.674438 -0.644141 
526504249343564 0.360260 0.420011 0.524302 
526504269914397 -0.549902 0.701463 0.841792 
526504290485438 -0.640201 0.927990 0.161236 
526504311056272 -0.508504 1.338114 -0.238911 
526504331626792 -0.062888 -1.244897 -0.588008 
526504352197574 0.269456 -0.016959 -0.521972 
526504372768564 0.196831 1.075130 0.010352 
526504393339188 -1.057390 2.722129 0.398757 
526504413910960 -1.761271 1.671062 -0.143845 
526504434481532 0.345174 1.700516 0.310618 
526504455052782 -0.295209 1.273896 0.548592 
526504475624605 -1.187550 1.654118 0.999308 
526504496193616 -1.619292 0.826840 0.064815 
526504516765075 -0.278452 -0.256353 -0.818584 
526504537336063 0.086131 -2.412371 -0.676541 
526504557906741 0.938218 -1.899262 -0.632402 
526504578476949 0.397639 1.621509 0.368950 
526504599047887 1.832104 -0.914993 -0.055558 
526504619618771 1.319354 -1.396104 -0.315769 
526504640189605 2.563087 -2.446386 -0.581288 
526504660760490 -1.938817 3.626719 1.003512 
526504681334970 0.163768 0.047498 -0.002240 
526504701907782 -1.339963 2.092298 0.453104 
526504722478094 -2.509411 -0.805063 -1.152129 
526504743046220 0.928338 -3.524976 -2.522399 
526504763619396 0.563169 0.920783 0.986444 
526504784190177 2.165257 -0.557910 0.043463 
526504804758042 1.278887 -2.300853 -1.453980 
526504825328927 -0.806198 0.395376 -0.587005 
526504845898303 -1.738936 -0.010110 0.766891 
526504866469136 0.384669 -0.940085 0.445019 
526504887040854 1.899048 -0.947900 0.030582 
526504907611428 0.355503 -0.359610 -0.462033 
526504928181584 1.108734 -0.549649 -0.215026 
526504948752573 1.631659 -0.901951 -0.286739 
526504969324188 4.242609 -3.254524 -0.403769 
526504989894865 -0.148860 -3.676446 1.267598 
526505010465855 0.245929 4.368538 1.109520 
526505031036636 -3.144061 0.799001 1.508283 
526505051607364 -4.247594 3.314126 1.036192 
526505072177939 -2.232946 5.263544 1.713696 
526505092749188 0.717408 -0.895994 0.064942 
526505113320491 0.222435 0.345324 -0.958900 
526505133890438 -1.103430 0.573501 1.103729 
526505154461324 -0.584060 0.464233 -0.431717 
526505175032938 -2.212718 0.986585 -0.678413 
526505195604084 -2.407835 0.854189 -0.787374 
526505216174553 2.698401 -0.441577 0.355432 
526505236745438 5.454132 -1.473614 -0.245567 
526505257315803 1.858552 -3.269269 -2.545984 
526505277886689 0.502091 -5.092691 -2.425034 
526505298457730 0.536864 -2.626038 0.663779 
526505319028094 2.875965 -5.911509 -2.323390 
526505339599188 1.417785 0.419432 2.752922 
526505360169969 -1.740197 5.636302 1.382485 
526505380741792 -0.275528 0.524881 0.971304 
526505401312365 -2.170407 -0.314364 1.628005 
526505421882625 -2.273295 4.682445 0.283669 
526505442453772 -0.592597 4.703444 -0.437544 
526505463025022 -0.494428 0.093544 0.328196 
526505483595177 -0.190121 0.735562 0.355839 
526505504165855 -0.501391 0.410514 0.242571 
526505524737885 0.249067 -0.342432 -0.487112 
526505545309292 -0.265996 0.434769 0.095644 
526505565879188 -0.334513 0.563113 -0.009903 
526505586450021 -0.070280 0.239167 -0.553267 
526505607020595 -0.375504 -0.150880 -0.465584 
526505627591271 -1.248777 1.071293 0.438537 
526505648164084 -2.882122 3.964217 0.640975 
526505668734396 -2.989417 7.620877 1.237741 
526505689305801 1.825068 4.110982 1.953540 
526505709876845 -1.761208 0.805934 -0.479662 
526505730446844 -1.980584 -2.190847 -0.873221 
526505751017730 0.755751 -4.360463 -2.925865 
526505771589708 0.341079 -2.973971 -0.131625 
526505792160437 1.836671 -2.962024 -0.758523 
526505812729448 0.979924 -2.322315 -0.850432 
526505833300125 -1.950703 2.775764 -0.113453 
526505853872990 -4.472724 0.462737 -0.946796 
526505874443667 0.530107 1.068912 -0.509110 
526505895012729 -2.518336 -2.138772 -0.893307 
526505915583668 4.491893 -0.582556 1.985148 
526505936154292 2.074165 1.524622 0.494995 
526505956725594 -0.404830 0.690265 -0.022798 
526505977296480 -1.433942 -0.578858 1.011407 
526505997867312 -0.914051 -0.397421 -2.015331 
526506018438511 -3.283056 3.273533 2.661832 
526506039008771 6.799438 0.856794 3.238301 
526506059580750 3.061529 -7.446008 -5.720315 
526506080151375 -1.602802 4.092267 0.196295 
526506100722052 -1.086843 -2.679497 0.406632 
526506121292573 -0.449771 -0.655768 1.838344 
526506141863771 1.416897 1.360807 1.258401 
526506162434553 0.483988 -0.025543 0.082779 
526506183005855 -3.354681 -1.820487 -1.657879 
526506203576271 -0.446660 -0.535351 -1.304129 
526506224147417 0.568311 -0.590577 0.219032 
526506244717260 1.064364 -0.654097 0.393819 
526506265288147 0.736092 0.228948 0.505008 
526506285860333 0.346179 -0.536412 -1.212956 
526506306430853 1.293000 -1.319473 -0.719706 
526506327002365 0.416679 -1.686052 -1.141773 
526506347573250 -0.928183 -1.958428 -0.149669 
526506368143198 -1.737055 -0.823358 0.382495 
526506388714083 -2.200643 0.301975 -0.371347 
526506409285229 -0.267966 0.924240 -0.154762 
526506429856376 -0.004090 0.873423 2.037486 
526506450426426 -0.811340 -0.087119 2.615298 
526506470996896 -1.193386 -1.267649 -1.293690 
526506491569760 0.986481 0.950498 -3.442070 
526506512140645 3.059032 3.099825 -1.371585 
526506532710438 2.138955 3.417395 0.300587 
526506553281270 2.137784 2.208680 0.946337 
526506573852157 1.807153 1.832105 -0.179747 
526506594422781 1.083350 1.180708 -1.316287 
526506614993875 1.528804 -0.317762 0.172423 
526506635564917 3.642030 -0.032944 1.359246 
526506656135697 -0.646648 -1.476683 -0.712069 
526506676706375 -4.506875 -2.548167 0.037921 
526506697278406 -6.189044 -2.402536 1.029438 
526506717849292 -1.341500 -0.611878 -0.033605 
526506738419188 0.161340 -0.580865 -0.068755 
526506758990021 -0.336694 -1.179129 0.785998 
526506779560906 -0.959038 -0.596273 1.116508 
526506800131114 0.762015 -1.450023 -0.165121 
526506820702730 -0.265235 -1.299011 -0.755251 
526506841273250 -0.395175 -2.383675 0.246433 
526506861844604 -2.566581 -2.081517 0.144015 
526506882415489 -1.151972 -0.799092 -0.719103 
526506902986739 -0.492522 1.110032 0.713398 
526506923557053 0.074940 2.629549 2.003342 
526506944127781 1.761374 1.693780 -2.506002 
526506964698927 3.612983 2.440329 -0.197022 
526506985269813 0.564259 1.257361 -2.815103 
526507005840854 1.215484 1.121228 -1.343192 
526507026411219 2.139760 -0.495645 1.463923 
526507046984395 2.221059 -1.287994 -0.040677 
526507067554031 -0.748195 0.813200 -0.651850 
526507088123979 1.044256 1.912189 -2.119450 
526507108694708 1.885304 0.254067 1.013365 
526507129265907 4.540907 0.435113 0.435582 
526507149836427 3.159408 0.589209 -0.840545 
526507170407468 -3.371941 0.981146 0.721549 
526507190978406 -5.415312 -2.661228 -0.063123 
526507211551895 -1.561448 -1.719409 -0.291532 
526507232122105 -1.241501 -5.792930 0.384182 
526507252691270 -9.704668 -9.794605 -0.590032 
526507273262311 5.707347 4.730172 -0.325754 
526507293832469 7.067524 3.804981 -0.514674 
526507314403718 3.856158 5.021770 -3.207477 
526507334974969 -2.947596 -3.454408 1.390057 
526507355545385 -3.578086 -1.803598 -1.116530 
526507376116583 -0.517073 0.578719 -1.015180 
526507396687469 -2.232993 -2.620970 -1.568994 
526507417257884 -1.241089 -3.048949 1.027820 
526507437829083 -1.011306 -4.181744 3.921390 
526507458399396 -0.140086 -3.785193 -5.277059 
526507478970280 3.542358 0.799291 -17.348511 
526507499541115 4.033427 2.499308 -1.696754 
526507520114239 3.480392 -1.759182 -5.306369 
526507540682885 6.561666 -0.222366 -3.740805 
526507561253667 8.219350 1.526864 -0.275237 
526507581825541 7.036431 2.436099 -0.857607 
526507602395281 5.881215 3.523644 -4.520270 
526507622966478 4.913962 4.467134 -3.917061 
526507643536896 2.453857 3.597916 -1.172029 
526507664108198 0.343327 2.326684 0.830766 
526507684679499 -0.279487 1.805416 1.055041 
526507705250177 0.139422 0.820847 0.882400 
526507725821687 -1.115492 -1.886688 -0.587667 
526507746393406 -3.475379 -5.284736 -1.627372 
526507766963302 -6.835260 -6.752799 -0.002141 
526507787534134 -8.884250 -6.361672 0.496056 
526507808104187 -7.879217 -4.555516 -1.723788 
526507828674969 -4.743182 -2.909753 -2.922670 
526507849246011 -1.417401 -2.543292 -2.571342 
526507869816687 -2.063266 -1.894585 -2.555266 
526507890387677 -2.537285 -2.772261 -3.481257 
526507910958510 -1.027709 -2.919663 -2.509796 
526507931529447 -0.116523 -2.072537 -2.591511 
526507952100281 2.268081 -1.995953 -1.511714 
526507972671999 3.831692 -4.439663 1.505318 
526507993242676 2.725736 -3.217088 1.045633 
526508013813302 7.534448 -1.470828 -1.435024 
526508034383822 5.766880 -3.202650 -7.713784 
526508054955281 -0.043584 -2.890623 -2.578938 
526508075525802 -1.719422 -2.029170 4.788897 
526508096096270 2.770642 0.350357 -1.856307 
526508116667156 6.992833 4.280008 -1.868580 
526508137238561 7.508176 3.825266 -1.200921 
526508157809186 5.533389 2.884438 3.593612 
526508178380281 4.281660 1.106435 2.140866 
526508198951530 2.542505 1.153637 -0.815987 
526508219521479 0.698340 0.293565 -1.845942 
526508240094083 -0.376675 -0.133766 -1.255083 
526508260664291 -0.444236 -0.631579 0.460752 
526508281234499 -0.400643 -1.197950 2.732239 
526508301805437 -0.745040 -0.992404 2.298031 
526508322374967 -0.587049 -0.510220 1.590724 
526508342946999 -0.303330 0.298458 0.207756 
526508363517467 -0.221519 0.587393 -0.646452 
526508384089292 -0.507664 0.652221 0.018459 
526508404659812 -0.636974 -0.058237 1.395093 
526508425230645 -0.066160 -0.716029 2.223472 
526508445801010 0.584392 -0.379918 2.001617 
526508466371739 0.596468 -0.247844 0.357628 
526508486943459 1.240901 -0.857812 0.356557 
526508507514395 2.349771 -1.045135 2.187229 
526508528084916 3.295955 -1.147217 0.918465 
526508548655593 1.331824 -1.895797 -0.849221 
526508569226062 -1.437010 -0.850635 -1.770154 
526508589796790 -2.445935 1.563664 -1.895745 
526508610368510 -2.123064 1.282729 -0.650404 
526508630939447 -1.781809 0.641833 -0.426411 
526508651510333 -1.677573 -0.106463 -0.670413 
526508672080905 -0.861715 0.146083 -0.401103 
526508692652259 -0.473685 0.244864 -0.253973 
526508713222885 0.368053 0.137679 -0.198528 
526508733793353 0.990595 0.477924 0.001734 
526508754364239 0.681919 0.077420 0.268506 
526508774934604 0.650112 -0.317481 0.616158 
526508795505697 0.857884 -0.336511 0.616590 
526508816076583 0.573155 -0.168499 0.189386 
526508836647208 0.333167 -0.073357 -0.292718 
526508857218196 0.396562 0.137151 -0.896033 
526508877789082 0.195139 0.212622 -0.970283 
526508898359968 0.185528 0.199552 -0.578596 
526508918930697 0.216791 0.135474 0.181644 
526508939501739 -0.094877 0.180458 0.119292 
526508960072259 -0.196895 0.249147 0.020418 
526508980643457 -0.315777 0.290743 0.044595 
526509001214290 -0.404997 0.372678 0.117635 
526509021785437 -0.512932 0.438830 -0.250567 
526509042355854 -0.421160 0.412106 -0.115882 
526509062927051 -0.363695 0.412562 0.074080 
526509083497780 -0.392700 0.247800 -0.074913 
526509104068718 -0.412946 0.112500 -0.208862 
526509124639499 -0.179984 0.096385 -0.257014 
526509145210177 -0.111620 -0.072002 -0.161974 
526509165780957 0.131312 -0.038060 -0.163174 
526509186351946 0.200222 0.004025 -0.209281 
526509206922780 0.177899 -0.026157 -0.197687 
526509227494134 0.262883 0.056903 -0.090065 
526509248064708 0.243506 0.106316 -0.143508 
526509268635281 0.116604 -0.061213 -0.037757 
526509289206269 0.094211 -0.005352 0.142025 
526509309777156 0.220911 -0.043703 0.204252 
526509330347937 0.201101 -0.072551 0.252932 
526509350918717 0.041858 -0.228066 0.285316 
526509371489759 0.112720 0.150951 -0.022347 
526509392060644 0.181842 0.148256 -0.058547 
526509412631479 0.006321 0.024175 -0.126870 
526509433202364 -0.233984 -0.421346 0.025774 
526509453773352 -0.386975 -0.240667 0.167133 
526509474343927 -0.222686 0.249580 -0.085479 
526509494914916 -0.325956 0.207007 -0.366890 
526509515485593 0.018689 0.241498 -0.256104 
526509536056687 0.246917 0.233159 -0.127095 
526509556627364 0.392504 0.231061 -0.083798 
526509577198406 0.489017 0.228394 -0.073789 
526509597769134 0.437583 0.175894 -0.119744 
526509618340645 0.361406 0.093897 -0.008999 
526509638910749 0.228951 0.037675 -0.060336 
526509659481842 0.081989 0.032600 -0.086352 
526509680051842 0.002623 0.024601 0.024891 
526509700623249 -0.116434 -0.044820 -0.057721 
526509721194186 -0.121123 -0.043585 -0.145822 
526509741765958 -0.058533 0.048364 -0.099919 
526509762336269 0.097142 -0.076931 0.478908 
526509782907155 0.004523 -0.114845 0.118701 
526509803477624 -0.072162 -0.046716 -0.120562 
526509824048770 0.018510 -0.063520 -0.296956 
526509844619499 0.007628 0.115026 -0.138500 
526509865190176 0.071150 0.114842 -0.068816 
526509885760957 0.080477 0.145740 0.059508 
526509906331843 0.064233 0.077659 0.086187 
526509926903249 -0.065907 0.089335 -0.109027 
526509947473717 -0.143410 0.056948 0.009879 
526509968044811 -0.202015 -0.099780 -0.224525 
526509988615385 -0.059555 0.054675 0.003066 
526510009186373 0.204709 -0.026864 0.144732 
