# Created at Thu Nov 07 19:34:19 EST 2019 in Burnaby Canada 
526502810921793 40.773468 185.543625 -10.365678 
526502830915283 40.773468 185.543625 -10.365678 
526502850921168 40.773468 185.543625 -10.365678 
526502870922262 40.773468 185.543625 -10.365678 
526502890922835 40.773468 185.543625 -10.365678 
526502910921898 40.773468 185.543625 -10.365678 
526502930921533 40.773468 185.543625 -10.365678 
526502951129397 40.773468 185.543625 -10.365678 
526502970922001 40.773468 185.543625 -10.365678 
526502990921845 40.773468 185.543625 -10.365678 
526503010922262 40.773468 185.543625 -10.365678 
526503030922106 40.773468 185.543625 -10.365678 
526503050922262 40.773468 185.543625 -10.365678 
526503070921845 40.773468 185.543625 -10.365678 
526503090921741 40.773468 185.543625 -10.365678 
526503110922105 40.773468 185.543625 -10.365678 
526503130915594 40.773468 185.543625 -10.365678 
526503150915491 40.773468 185.543625 -10.365678 
526503170921950 40.773468 185.543625 -10.365678 
526503190922001 40.773468 185.543625 -10.365678 
526503210922522 40.773468 185.543625 -10.365678 
526503230915647 40.773468 185.543625 -10.365678 
526503250922262 40.773468 185.543625 -10.365678 
526503270922053 40.773468 185.543625 -10.365678 
526503290922158 40.773468 185.543625 -10.365678 
526503310922053 40.773468 185.543625 -10.365678 
526503330921689 40.773468 185.543625 -10.365678 
526503350922002 40.773468 185.543625 -10.365678 
526503370922158 40.773468 185.543625 -10.365678 
526503390921898 40.773468 185.543625 -10.365678 
526503410921741 40.773468 185.543625 -10.365678 
526503430922001 40.773468 185.543625 -10.365678 
526503450922417 40.773468 185.543625 -10.365678 
526503470922262 40.773468 185.543625 -10.365678 
526503490915908 40.773468 185.543625 -10.365678 
526503510914971 40.773468 185.543625 -10.365678 
526503530921168 40.773468 185.543625 -10.365678 
526503550922158 40.773468 185.543625 -10.365678 
526503570921845 40.773468 185.543625 -10.365678 
526503590921793 40.773468 185.543625 -10.365678 
526503610922366 40.773468 185.543625 -10.365678 
526503630922054 40.773468 185.543625 -10.365678 
526503650921793 40.773468 185.543625 -10.365678 
526503670923042 40.773468 185.543625 -10.365678 
526503690922105 40.773468 185.543625 -10.365678 
526503710921793 40.773468 185.543625 -10.365678 
526503730922002 40.773468 185.543625 -10.365678 
526503750921689 40.773468 185.543625 -10.365678 
526503770921585 40.773468 185.543625 -10.365678 
526503790921688 40.773468 185.543625 -10.365678 
526503810921688 40.773468 185.543625 -10.365678 
526503830921688 40.773468 185.543625 -10.365678 
526503850915334 40.773468 185.543625 -10.365678 
526503870916011 40.773468 185.543625 -10.365678 
526503890922053 40.773468 185.543625 -10.365678 
526503910921793 40.773468 185.543625 -10.365678 
526503930921792 40.773468 185.543625 -10.365678 
526503951122938 40.773468 185.543625 -10.365678 
526503970921897 40.773468 185.543625 -10.365678 
526503990922990 40.773468 185.543625 -10.365678 
526504010922314 40.773468 185.543625 -10.365678 
526504030922157 40.773468 185.543625 -10.365678 
526504050921584 40.773468 185.543625 -10.365678 
526504070921325 40.773468 185.543625 -10.365678 
526504090921793 40.773468 185.543625 -10.365678 
526504110922105 40.773468 185.543625 -10.365678 
526504130922105 40.773468 185.543625 -10.365678 
526504150922521 40.773468 185.543625 -10.365678 
526504170922626 40.773468 185.543625 -10.365678 
526504190916063 40.773468 185.543625 -10.365678 
526504210922052 40.773468 185.543625 -10.365678 
526504230922000 40.773468 185.543625 -10.365678 
526504250959136 40.773468 185.543625 -10.365678 
526504270916324 40.773468 185.543625 -10.365678 
526504290922730 40.773468 185.543625 -10.365678 
526504310915751 40.773468 185.543625 -10.365678 
526504330922626 40.773468 185.543625 -10.365678 
526504350921792 40.773468 185.543625 -10.365678 
526504370921584 40.773468 185.543625 -10.365678 
526504390921688 40.773468 185.543625 -10.365678 
526504410921376 40.773468 185.543625 -10.365678 
526504430916011 40.773468 185.543625 -10.365678 
526504450921897 40.773468 185.543625 -10.365678 
526504470923615 40.773468 185.543625 -10.365678 
526504490923667 40.773468 185.543625 -10.365678 
526504510922939 40.773468 185.543625 -10.365678 
526504530922002 40.773468 185.543625 -10.365678 
526504550922522 40.773468 185.543625 -10.365678 
526504570915960 40.773468 185.543625 -10.365678 
526504591307366 40.773468 185.543625 -10.365678 
526504610921845 40.773468 185.543625 -10.365678 
526504630915542 40.773468 185.543625 -10.365678 
526504650921896 40.773468 185.543625 -10.365678 
526504670915646 40.773468 185.543625 -10.365678 
526504690925595 40.773468 185.543625 -10.365678 
526504710927626 40.773468 185.543625 -10.365678 
526504730927157 40.773468 185.543625 -10.365678 
526504750924032 40.773468 185.543625 -10.365678 
526504770925438 40.773468 185.543625 -10.365678 
526504790926896 40.773468 185.543625 -10.365678 
526504810926271 40.773468 185.543625 -10.365678 
526504830919188 40.773468 185.543625 -10.365678 
526504850923354 40.773468 185.543625 -10.365678 
526504870922001 40.773468 185.543625 -10.365678 
526504890921740 40.773468 185.543625 -10.365678 
526504910922261 40.773468 185.543625 -10.365678 
526504930916167 40.773468 185.543625 -10.365678 
526504951297782 40.773468 185.543625 -10.365678 
526504970921844 40.773468 185.543625 -10.365678 
526504990922417 40.773468 185.543625 -10.365678 
526505010922261 40.773468 185.543625 -10.365678 
526505030916219 40.773468 185.543625 -10.365678 
526505050922261 40.773468 185.543625 -10.365678 
526505070921845 40.773468 185.543625 -10.365678 
526505090922053 40.773468 185.543625 -10.365678 
526505110923251 40.773468 185.543625 -10.365678 
526505130922886 40.773468 185.543625 -10.365678 
526505150921689 40.773468 185.543625 -10.365678 
526505170922939 40.773468 185.543625 -10.365678 
526505190923042 40.773468 185.543625 -10.365678 
526505210922522 40.773468 185.543625 -10.365678 
526505230922834 40.773468 185.543625 -10.365678 
526505250922104 40.773468 185.543625 -10.365678 
526505270921220 40.773468 185.543625 -10.365678 
526505290915334 40.773468 185.543625 -10.365678 
526505311288563 40.773468 185.543625 -10.365678 
526505330921480 40.773468 185.543625 -10.365678 
526505350922469 40.773468 185.543625 -10.365678 
526505370921896 40.773468 185.543625 -10.365678 
526505390922677 40.773468 185.543625 -10.365678 
526505410922209 40.773468 185.543625 -10.365678 
526505430915542 40.773468 185.543625 -10.365678 
526505450922053 40.773468 185.543625 -10.365678 
526505470922418 40.773468 185.543625 -10.365678 
526505490922469 40.773468 185.543625 -10.365678 
526505510921844 40.773468 185.543625 -10.365678 
526505530921792 40.773468 185.543625 -10.365678 
526505550923198 40.773468 185.543625 -10.365678 
526505570923510 40.773468 185.543625 -10.365678 
526505590922678 40.773468 185.543625 -10.365678 
526505610922626 40.773468 185.543625 -10.365678 
526505630921480 40.773468 185.543625 -10.365678 
526505650915907 40.773468 185.543625 -10.365678 
526505671281063 40.773468 185.543625 -10.365678 
526505690923094 40.773468 185.543625 -10.365678 
526505710917730 40.773468 185.543625 -10.365678 
526505730924189 40.773468 185.543625 -10.365678 
526505750916740 40.773468 185.543625 -10.365678 
526505770923355 40.773468 185.543625 -10.365678 
526505790923927 40.773468 185.543625 -10.365678 
526505810923562 40.773468 185.543625 -10.365678 
526505830915281 40.773468 185.543625 -10.365678 
526505850921844 40.773468 185.543625 -10.365678 
526505870923459 40.773468 185.543625 -10.365678 
526505890923250 40.773468 185.543625 -10.365678 
526505910922991 40.773468 185.543625 -10.365678 
526505930921584 40.773468 185.543625 -10.365678 
526505951129396 40.773468 185.543625 -10.365678 
526505970921791 40.773468 185.543625 -10.365678 
526505990922573 40.773468 185.543625 -10.365678 
526506010916271 40.773468 185.543625 -10.365678 
526506031282261 40.773468 185.543625 -10.365678 
526506050922000 40.773468 185.543625 -10.365678 
526506070923094 40.773468 185.543625 -10.365678 
526506090922833 40.773468 185.543625 -10.365678 
526506110922156 40.773468 185.543625 -10.365678 
526506130922156 40.773468 185.543625 -10.365678 
526506150922729 40.773468 185.543625 -10.365678 
526506170922417 40.773468 185.543625 -10.365678 
526506190922574 40.773468 185.543625 -10.365678 
526506210922469 40.773468 185.543625 -10.365678 
526506230916219 40.773468 185.543625 -10.365678 
526506250922729 40.773468 185.543625 -10.365678 
526506270921636 40.773468 185.543625 -10.365678 
526506290921584 40.773468 185.543625 -10.365678 
526506310923093 40.773468 185.543625 -10.365678 
526506330922208 40.773468 185.543625 -10.365678 
526506350922834 40.773468 185.543625 -10.365678 
526506370917417 40.773468 185.543625 -10.365678 
526506391261010 40.773468 185.543625 -10.365678 
526506410922416 40.773468 185.543625 -10.365678 
526506430918667 40.773468 185.543625 -10.365678 
526506450923147 40.773468 185.543625 -10.365678 
526506470922833 40.773468 185.543625 -10.365678 
526506490921583 40.773468 185.543625 -10.365678 
526506510923770 40.773468 185.543625 -10.365678 
526506530923198 40.773468 185.543625 -10.365678 
526506550922468 40.773468 185.543625 -10.365678 
526506570922624 40.773468 185.543625 -10.365678 
526506590922260 40.773468 185.543625 -10.365678 
526506610922208 40.773468 185.543625 -10.365678 
526506630916636 40.773468 185.543625 -10.365678 
526506650922781 40.773468 185.543625 -10.365678 
526506670922573 40.773468 185.543625 -10.365678 
526506690922573 40.773468 185.543625 -10.365678 
526506710917364 40.773468 185.543625 -10.365678 
526506730917885 40.773468 185.543625 -10.365678 
526506751246688 40.773468 185.543625 -10.365678 
526506770922417 40.773468 185.543625 -10.365678 
526506790916947 40.773468 185.543625 -10.365678 
526506810922312 40.773468 185.543625 -10.365678 
526506830916740 40.773468 185.543625 -10.365678 
526506850922208 40.773468 185.543625 -10.365678 
526506870923094 40.773468 185.543625 -10.365678 
526506890922676 40.773468 185.543625 -10.365678 
526506910923197 40.773468 185.543625 -10.365678 
526506930922782 40.773468 185.543625 -10.365678 
526506951130021 40.773468 185.543625 -10.365678 
526506970922521 40.773468 185.543625 -10.365678 
526506990922938 40.773468 185.543625 -10.365678 
526507010922313 40.773468 185.543625 -10.365678 
526507030916166 40.773468 185.543625 -10.365678 
526507050922416 40.773468 185.543625 -10.365678 
526507070923354 40.773468 185.543625 -10.365678 
526507090916948 40.773468 185.543625 -10.365678 
526507111234448 40.773468 185.543625 -10.365678 
526507130917677 40.773468 185.543625 -10.365678 
526507150922104 40.773468 185.543625 -10.365678 
526507170922417 40.773468 185.543625 -10.365678 
526507190916270 40.773468 185.543625 -10.365678 
526507210922364 40.773468 185.543625 -10.365678 
526507230924344 40.773468 185.543625 -10.365678 
526507250924813 40.773468 185.543625 -10.365678 
526507270922572 40.773468 185.543625 -10.365678 
526507290922780 40.773468 185.543625 -10.365678 
526507310922312 40.773468 185.543625 -10.365678 
526507330922364 40.773468 185.543625 -10.365678 
526507350922052 40.773468 185.543625 -10.365678 
526507370922729 40.773468 185.543625 -10.365678 
526507390922781 40.773468 185.543625 -10.365678 
526507410922990 40.773468 185.543625 -10.365678 
526507430926635 40.773468 185.543625 -10.365678 
526507450916010 40.773468 185.543625 -10.365678 
526507471225020 40.773468 185.543625 -10.365678 
526507490921843 40.773468 185.543625 -10.365678 
526507510922104 40.773468 185.543625 -10.365678 
526507530918562 40.773468 185.543625 -10.365678 
526507550922312 40.773468 185.543625 -10.365678 
526507570922261 40.773468 185.543625 -10.365678 
526507590923771 40.773468 185.543625 -10.365678 
526507610922104 40.773468 185.543625 -10.365678 
526507630916530 40.773468 185.543625 -10.365678 
526507650921635 40.773468 185.543625 -10.365678 
526507670922677 40.773468 185.543625 -10.365678 
526507690922990 40.773468 185.543625 -10.365678 
526507710915802 40.773468 185.543625 -10.365678 
526507730916062 40.773468 185.543625 -10.365678 
526507750917416 40.773468 185.543625 -10.365678 
526507770923874 40.773468 185.543625 -10.365678 
526507790923041 40.773468 185.543625 -10.365678 
526507810916843 40.773468 185.543625 -10.365678 
526507831233563 40.773468 185.543625 -10.365678 
526507850968875 40.773468 185.543625 -10.365678 
526507870915749 40.773468 185.543625 -10.365678 
526507890921999 40.773468 185.543625 -10.365678 
526507910916062 40.773468 185.543625 -10.365678 
526507930921999 40.773468 185.543625 -10.365678 
526507951129083 40.773468 185.543625 -10.365678 
526507970922208 40.773468 185.543625 -10.365678 
526507990922728 40.773468 185.543625 -10.365678 
526508010922780 40.773468 185.543625 -10.365678 
526508030916791 40.773468 185.543625 -10.365678 
526508050922260 40.773468 185.543625 -10.365678 
526508070922312 40.773468 185.543625 -10.365678 
526508090923458 40.773468 185.543625 -10.365678 
526508110921635 40.773468 185.543625 -10.365678 
526508130926635 40.773468 185.543625 -10.365678 
526508150915801 40.773468 185.543625 -10.365678 
526508170915488 40.773468 185.543625 -10.365678 
526508191199603 40.773468 185.543625 -10.365678 
526508210964447 40.773468 185.543625 -10.365678 
526508230915854 40.773468 185.543625 -10.365678 
526508250923093 40.773468 185.543625 -10.365678 
526508270916583 40.773468 185.543625 -10.365678 
526508290921999 40.773468 185.543625 -10.365678 
526508310922677 40.773468 185.543625 -10.365678 
526508330921165 40.773468 185.543625 -10.365678 
526508350922416 40.773468 185.543625 -10.365678 
526508370921894 40.773468 185.543625 -10.365678 
526508390916531 40.773468 185.543625 -10.365678 
526508410923042 40.773468 185.543625 -10.365678 
526508430916270 40.773468 185.543625 -10.365678 
526508450922677 40.773468 185.543625 -10.365678 
526508470915593 40.773468 185.543625 -10.365678 
526508490915958 40.773468 185.543625 -10.365678 
526508510916166 40.773468 185.543625 -10.365678 
526508530916843 40.773468 185.543625 -10.365678 
526508551213874 40.773468 185.543625 -10.365678 
526508570962936 40.773468 185.543625 -10.365678 
526508590915697 40.773468 185.543625 -10.365678 
526508610921738 40.773468 185.543625 -10.365678 
526508630915385 40.773468 185.543625 -10.365678 
526508650922572 40.773468 185.543625 -10.365678 
526508670922259 40.773468 185.543625 -10.365678 
526508690922311 40.773468 185.543625 -10.365678 
526508710923562 40.773468 185.543625 -10.365678 
526508730916374 40.773468 185.543625 -10.365678 
526508750922208 40.773468 185.543625 -10.365678 
526508770922364 40.773468 185.543625 -10.365678 
526508790921999 40.773468 185.543625 -10.365678 
526508810922103 40.773468 185.543625 -10.365678 
526508830915906 40.773468 185.543625 -10.365678 
526508850921687 40.773468 185.543625 -10.365678 
526508870922155 40.773468 185.543625 -10.365678 
526508890915696 40.773468 185.543625 -10.365678 
526508911175280 40.773468 185.543625 -10.365678 
526508930963665 40.773468 185.543625 -10.365678 
526508951129343 40.773468 185.543625 -10.365678 
526508970921426 40.773468 185.543625 -10.365678 
526508990915592 40.773468 185.543625 -10.365678 
526509010921738 40.773468 185.543625 -10.365678 
526509030915542 40.773468 185.543625 -10.365678 
526509050921843 40.773468 185.543625 -10.365678 
526509070922364 40.773468 185.543625 -10.365678 
526509090921739 40.773468 185.543625 -10.365678 
526509110921999 40.773468 185.543625 -10.365678 
526509130918874 40.773468 185.543625 -10.365678 
526509150915802 40.773468 185.543625 -10.365678 
526509170922208 40.773468 185.543625 -10.365678 
526509190915644 40.773468 185.543625 -10.365678 
526509210915644 40.773468 185.543625 -10.365678 
526509230919030 40.773468 185.543625 -10.365678 
526509250915853 40.773468 185.543625 -10.365678 
526509271168666 40.773468 185.543625 -10.365678 
526509290970021 40.773468 185.543625 -10.365678 
526509310922156 40.773468 185.543625 -10.365678 
526509330922052 40.773468 185.543625 -10.365678 
526509350915488 40.773468 185.543625 -10.365678 
526509370921738 40.773468 185.543625 -10.365678 
526509390921634 40.773468 185.543625 -10.365678 
526509410921738 40.773468 185.543625 -10.365678 
526509430921999 40.773468 185.543625 -10.365678 
526509450921843 40.773468 185.543625 -10.365678 
526509470921635 40.773468 185.543625 -10.365678 
526509490921895 40.773468 185.543625 -10.365678 
526509510921896 40.773468 185.543625 -10.365678 
526509530921271 40.773468 185.543625 -10.365678 
526509550921427 40.773468 185.543625 -10.365678 
526509570922104 40.773468 185.543625 -10.365678 
526509590921738 40.773468 185.543625 -10.365678 
526509610922363 40.773468 185.543625 -10.365678 
526509631183457 40.773468 185.543625 -10.365678 
526509650968717 40.773468 185.543625 -10.365678 
526509670921477 40.773468 185.543625 -10.365678 
526509690921061 40.773468 185.543625 -10.365678 
526509710921843 40.773468 185.543625 -10.365678 
526509730921895 40.773468 185.543625 -10.365678 
526509750922520 40.773468 185.543625 -10.365678 
526509770922571 40.773468 185.543625 -10.365678 
526509790922312 40.773468 185.543625 -10.365678 
526509810922103 40.773468 185.543625 -10.365678 
526509830915853 40.773468 185.543625 -10.365678 
526509850921635 40.773468 185.543625 -10.365678 
526509870922415 40.773468 185.543625 -10.365678 
526509890921582 40.773468 185.543625 -10.365678 
526509910921322 40.773468 185.543625 -10.365678 
526509930921843 40.773468 185.543625 -10.365678 
526509951129551 40.773468 185.543625 -10.365678 
526509970914759 40.773468 185.543625 -10.365678 
526509991161010 40.773468 185.543625 -10.365678 
526510010968197 40.773468 185.543625 -10.365678 
526510030915071 40.773468 185.543625 -10.365678 
