# Created at Thu Nov 07 19:34:18 EST 2019 in Burnaby Canada 
526502810921793 -24.228527 7.670364 35.858570 
526502830915283 -23.473322 7.255417 36.619789 
526502850921168 -21.384407 6.174133 34.599979 
526502870922262 -25.131302 7.783722 36.943699 
526502890922835 -22.902903 5.689865 36.920750 
526502910921898 -22.268747 6.565338 37.376480 
526502930921533 -22.981682 8.705673 36.308479 
526502951129397 -23.785202 6.960037 36.622608 
526502970922001 -22.233858 8.003448 37.069576 
526502990921845 -23.621206 7.541214 36.160130 
526503010922262 -22.891832 6.120789 36.920929 
526503030922106 -24.995823 7.214905 36.634487 
526503050922262 -22.089317 7.867279 36.453049 
526503070921845 -22.564516 7.136932 36.457161 
526503090921741 -23.451859 7.971054 37.081337 
526503110922105 -21.845192 5.725067 35.680458 
526503130915594 -22.690607 7.991302 37.073986 
526503150915491 -23.782188 6.957474 37.083858 
526503170921950 -23.325768 7.116684 36.464508 
526503190922001 -22.877417 6.402084 37.997299 
526503210922522 -23.033373 5.814072 39.689777 
526503230915647 -22.105097 6.853256 37.990128 
526503250922262 -22.171516 4.267731 37.989048 
526503270922053 -21.895863 3.272919 37.524437 
526503290922158 -22.681606 2.099274 38.300056 
526503310922053 -22.393217 1.240402 39.219257 
526503330921689 -22.872782 0.220215 39.684498 
526503350922002 -24.128014 -1.101532 39.080719 
526503370922158 -25.201832 -2.003708 41.243149 
526503390921898 -23.529423 -1.810364 40.304539 
526503410921741 -24.904053 -2.576996 42.469967 
526503430922001 -23.910423 -5.276093 42.151039 
526503450922417 -23.921494 -5.707016 42.150860 
526503470922262 -24.241413 -5.995560 40.923679 
526503490915908 -22.122993 -6.368073 40.595417 
526503510914971 -24.705198 -6.001709 39.851837 
526503530921168 -23.808828 -7.283859 42.302479 
526503550922158 -22.579758 -6.820541 42.290897 
526503570921845 -23.388979 -8.708115 42.297466 
526503590921793 -22.330608 -8.967026 42.287056 
526503610922366 -23.359457 -7.558990 42.297947 
526503630922054 -23.368517 -7.991623 42.605267 
526503650921793 -24.146193 -8.291458 41.228748 
526503670923042 -22.933922 -9.281631 44.291569 
526503690922105 -23.412453 -9.422043 41.528419 
526503710921793 -23.412453 -9.422043 41.528419 
526503730922002 -22.520086 -10.260437 41.672989 
526503750921689 -21.688414 -8.098389 43.972790 
526503770921585 -20.674637 -9.493622 41.655647 
526503790921688 -23.695818 -8.567444 41.377968 
526503810921688 -24.772982 -9.319977 42.464207 
526503830921688 -22.484207 -9.263504 43.210907 
526503850915334 -23.383953 -8.712387 43.066216 
526503870916011 -23.624372 -5.986191 42.147797 
526503890922053 -25.000668 -6.457840 42.929596 
526503910921793 -23.965773 -7.430695 42.150139 
526503930921792 -24.570078 -7.304108 42.309830 
526503951122938 -24.866177 -6.585464 40.775566 
526503970921897 -24.242434 -6.435028 42.460995 
526503990922990 -24.130758 -7.570694 40.767799 
526504010922314 -24.675707 -5.733246 43.234459 
526504030922157 -25.748493 -5.755615 42.168499 
526504050921584 -24.999649 -6.018372 41.392277 
526504070921325 -26.017414 -3.739075 39.712280 
526504090921793 -23.920473 -5.267548 40.613537 
526504110922105 -26.488262 -4.619919 40.946327 
526504130922105 -23.797413 -6.559677 41.226528 
526504150922521 -24.496279 -4.431305 42.311028 
526504170922626 -24.063002 -5.133087 41.537567 
526504190916063 -24.199488 -4.563446 41.693027 
526504210922052 -24.212566 -4.992645 41.385349 
526504230922000 -24.524778 -5.140961 40.773228 
526504250959136 -25.273624 -4.878220 41.549446 
526504270916324 -22.951952 -2.941574 39.990677 
526504290922730 -23.253439 -2.952255 40.454868 
526504310915751 -23.497547 -0.369690 39.536388 
526504330922626 -23.846327 -2.101471 39.538609 
526504350921792 -24.678978 1.181366 38.933807 
526504370921584 -24.489498 2.474762 39.547878 
526504390921688 -22.847942 1.666870 37.840099 
526504410921376 -24.051857 2.062820 38.313290 
526504430916011 -23.384836 3.937805 39.845688 
526504450921897 -25.201082 4.907501 37.557499 
526504470923615 -23.422382 3.235840 36.924137 
526504490923667 -24.708422 6.797241 35.708870 
526504510922939 -25.028688 6.215424 35.557819 
526504530922002 -25.290916 7.932724 35.253979 
526504550922522 -24.708078 7.090500 34.632736 
526504570915960 -24.241608 7.241165 35.550888 
526504591307366 -24.390152 7.821075 33.861347 
526504610921845 -25.463598 8.092804 31.565510 
526504630915542 -26.521322 7.617310 34.496868 
526504650921896 -27.059238 4.885406 32.808887 
526504670915646 -27.705812 3.286591 33.275356 
526504690925595 -27.547863 3.432587 33.581448 
526504710927626 -29.050892 4.549759 32.059128 
526504730927157 -30.929237 1.902802 34.381939 
526504750924032 -29.721962 1.797546 33.293869 
526504770925438 -29.876553 1.942261 32.372898 
526504790926896 -31.406433 1.614487 32.387478 
526504810926271 -30.186077 1.938446 31.607090 
526504830919188 -30.271893 4.960236 29.918568 
526504850923354 -29.420794 2.395615 30.523670 
526504870922001 -29.649828 4.965317 31.911438 
526504890921740 -29.334587 5.551407 31.293739 
526504910922261 -29.179998 5.406677 32.214710 
526504930916167 -28.413378 5.715912 31.899979 
526504951297782 -26.261087 6.342056 32.802139 
526504970921844 -26.990807 7.469223 33.117470 
526504990922417 -25.536737 4.925903 32.794189 
526505010922261 -23.983727 5.674347 34.624786 
526505030916219 -22.900892 5.688156 37.228249 
526505050922261 -20.818369 3.878387 37.053139 
526505070921845 -21.348873 6.877792 37.214027 
526505090922053 -21.079262 5.447769 37.517990 
526505110923251 -22.533663 8.138123 37.226330 
526505130922886 -23.787212 6.961746 36.315109 
526505150921689 -24.422028 6.380402 34.629498 
526505170922939 -25.975384 5.338699 33.875027 
526505190923042 -25.035723 6.221405 34.481567 
526505210922522 -25.811058 5.772797 34.027489 
526505230922834 -27.352009 5.014099 34.041889 
526505250922104 -25.809032 6.211411 32.643917 
526505270921220 -28.281242 5.296768 30.514580 
526505290915334 -27.526382 4.588547 32.351929 
526505311288563 -27.817459 5.302917 31.586418 
526505330921480 -25.054832 5.797318 33.251389 
526505350922469 -22.279787 7.015076 33.994156 
526505370921896 -23.358633 6.117203 35.387836 
526505390922677 -23.454872 7.973618 36.620090 
526505410922209 -22.246262 7.720444 36.300709 
526505430915542 -21.941761 7.728546 36.297768 
526505450922053 -23.008532 7.260727 37.845379 
526505470922418 -21.299223 8.890442 36.907368 
526505490922469 -19.931658 8.782394 37.047829 
526505510921844 -20.994724 8.898529 36.904427 
526505530921792 -23.281487 8.840347 36.465229 
526505550923198 -22.222788 8.434372 37.069759 
526505570923510 -22.524603 8.570770 36.919006 
526505590922678 -23.440788 8.401978 37.081516 
526505610922626 -23.028978 6.984558 35.846508 
526505630921480 -21.858572 10.886917 36.606590 
526505650915907 -21.143612 9.185196 36.291019 
526505671281063 -21.779793 7.871109 37.218861 
526505690923094 -23.928722 7.535690 35.701820 
526505710917730 -26.286919 5.336578 32.801720 
526505730924189 -29.212862 4.407196 31.138039 
526505750916740 -28.885204 5.716599 29.598137 
526505770923355 -29.672283 4.690872 29.605068 
526505790923927 -32.129074 4.056641 28.705849 
526505810923562 -32.945671 1.881790 28.712299 
526505830915281 -33.197178 3.736740 29.484768 
526505850921844 -34.412823 3.995895 28.727898 
526505870923459 -32.428547 4.044266 29.477539 
526505890923250 -32.034813 7.645935 29.014851 
526505910922991 -29.618942 6.847183 29.298470 
526505930921584 -30.785957 8.679520 29.772259 
526505951129396 -31.974094 10.089508 28.708366 
526505970921791 -30.456963 9.841034 29.001049 
526505990922573 -31.190357 11.264877 27.625248 
526506010916271 -30.705769 12.280777 27.928757 
526506031282261 -26.831764 14.819641 28.661777 
526506050922000 -27.232517 16.227646 31.588039 
526506070923094 -27.040024 17.518478 32.663357 
526506090922833 -24.329388 16.149002 33.712547 
526506110922156 -24.329388 16.149002 33.712547 
526506130922156 -25.854902 16.111069 33.265999 
526506150922729 -24.908854 17.722229 32.027840 
526506170922417 -21.819918 19.233643 33.075287 
526506190922574 -21.042227 19.973816 32.760738 
526506210922469 -22.772657 17.921722 32.161068 
526506230916219 -22.733088 19.062302 33.699047 
526506250922729 -23.026503 19.925430 32.011101 
526506270921636 -24.246841 20.041824 31.100418 
526506290921584 -24.314253 17.897476 29.254517 
526506310923093 -25.742836 21.153015 30.654350 
526506330922208 -26.275053 18.563019 29.273930 
526506350922834 -24.752897 18.310257 30.335358 
526506370917417 -25.648277 19.151215 29.729538 
526506391261010 -25.207310 18.149323 31.262207 
526506410922416 -24.713987 19.744949 30.643459 
526506430918667 -23.633793 20.935226 28.327400 
526506450923147 -25.965183 18.860107 28.963608 
526506470922833 -25.141203 21.322235 28.957279 
526506490921583 -26.643257 21.557907 30.970848 
526506510923770 -24.831678 21.326065 29.723087 
526506530923198 -25.559057 22.304459 30.960857 
526506550922468 -27.998402 22.389267 29.908188 
526506570922624 -26.969883 21.128296 29.282360 
526506590922260 -26.689188 20.569519 27.895428 
526506610922208 -28.823372 20.368332 28.069698 
526506630916636 -27.959522 18.379959 28.367538 
526506650922781 -28.928703 16.348114 27.760517 
526506670922573 -31.879833 13.678802 29.017368 
526506690922573 -30.181652 8.552948 29.612568 
526506710917364 -30.565622 10.974136 31.155499 
526506730917885 -30.737988 10.546860 29.773041 
526506751246688 -32.428848 9.635345 30.711349 
526506770922417 -31.672279 9.953125 28.859116 
526506790916947 -31.588428 12.817383 30.397816 
526506810922312 -31.623617 12.406967 26.707638 
526506830916740 -31.406298 14.704117 27.629627 
526506850922208 -31.540771 15.272079 28.092587 
526506870923094 -32.754093 14.942154 29.949230 
526506890922676 -33.833267 14.191330 30.727970 
526506910923197 -30.025023 13.850525 32.689789 
526506930922782 -30.674599 12.694626 31.003937 
526506951130021 -30.515297 13.133011 30.387646 
526506970922521 -29.711103 15.024857 29.612328 
526506990922938 -30.351963 14.008286 28.695290 
526507010922313 -28.692303 13.625351 28.063938 
526507030916166 -29.585688 14.024261 29.456688 
526507050922416 -29.139332 13.751709 28.990910 
526507070923354 -30.475021 15.300430 28.082298 
526507090916948 -29.626595 13.031601 27.150017 
526507111234448 -30.509897 14.302643 26.698128 
526507130917677 -31.446213 13.270279 27.167778 
526507150922104 -30.884178 11.418320 27.314869 
526507170922417 -30.989479 8.278763 23.623549 
526507190916270 -30.538443 7.708664 25.002647 
526507210922364 -30.798664 9.424225 25.006310 
526507230924344 -28.817072 9.328125 25.909637 
526507250924813 -29.641006 12.750336 26.073647 
526507270922572 -28.075249 14.075027 27.596989 
526507290922780 -29.401234 15.321945 29.302010 
526507310922312 -26.370003 14.387207 31.117188 
526507330922364 -25.824692 17.846725 31.114216 
526507350922052 -24.945362 22.463440 31.108788 
526507370922729 -24.680462 20.450317 32.950008 
526507390922781 -24.137163 23.911530 32.639538 
526507410922990 -22.606607 24.385529 32.163769 
526507430926635 -24.687107 26.633911 30.955307 
526507450916010 -25.571072 28.199051 29.273537 
526507471225020 -27.595863 33.335632 25.298779 
526507490921843 -28.942623 34.453415 24.389988 
526507510922104 -28.295689 36.785812 21.156319 
526507530918562 -28.560272 38.211548 21.621109 
526507550922312 -31.770603 37.697296 21.344299 
526507570922261 -33.041958 35.068237 23.353729 
526507590923771 -35.698292 32.708862 21.994007 
526507610922104 -38.108807 28.792908 17.863188 
526507630916530 -41.860744 25.403122 15.898338 
526507650921635 -44.348732 18.911057 10.075188 
526507670922677 -46.158978 14.431610 6.860748 
526507690922990 -47.229424 9.697113 1.486338 
526507710915802 -48.927994 4.082016 -3.421303 
526507730916062 -48.056072 -1.595901 -10.506494 
526507750917416 -46.737858 -9.307678 -11.293183 
526507770923874 -44.904842 -14.267899 -13.928142 
526507790923041 -44.511154 -16.550583 -14.548512 
526507810916843 -40.972172 -19.731461 -19.197674 
526507831233563 -41.472153 -20.147156 -24.113441 
526507850968875 -40.283298 -20.089966 -28.583954 
526507870915749 -35.459911 -21.093231 -31.552723 
526507890921999 -34.728828 -21.487656 -34.481506 
526507910916062 -32.196903 -22.691910 -38.043282 
526507930921999 -28.846039 -21.870071 -40.689075 
526507951129083 -23.791233 -19.707504 -43.965492 
526507970922208 -18.823322 -21.287277 -45.859726 
526507990922728 -14.008322 -22.576965 -48.982365 
526508010922780 -8.014938 -26.295822 -48.581535 
526508030916791 -4.676853 -26.930908 -47.537926 
526508050922260 -4.849892 -27.504379 -48.459194 
526508070922312 -8.200760 -28.326218 -45.813404 
526508090923458 -8.967737 -29.369064 -42.731476 
526508110921635 -10.800093 -29.266312 -44.097523 
526508130926635 -13.179077 -27.471497 -42.689476 
526508150915801 -14.872292 -28.674576 -40.982533 
526508170915488 -17.035997 -30.024872 -40.808746 
526508191199603 -14.835392 -27.238174 -40.981934 
526508210964447 -13.699232 -30.071716 -42.224892 
526508230915854 -14.723387 -28.520889 -42.060196 
526508250923093 -13.316551 -26.460648 -44.378838 
526508270916583 -14.052317 -25.768677 -43.294933 
526508290921999 -11.815172 -26.842514 -45.931217 
526508310922677 -12.724325 -27.017303 -44.692455 
526508330921165 -12.246439 -26.142441 -44.850254 
526508350922416 -10.412718 -25.512466 -46.097652 
526508370921894 -12.678019 -24.855026 -46.075302 
526508390916531 -8.588734 -25.461304 -46.576546 
526508410923042 -9.488792 -24.322800 -49.027245 
526508430916270 -8.708431 -23.878448 -47.804417 
526508450922677 -9.329178 -24.471786 -47.337524 
526508470915593 -7.843578 -25.867691 -47.352825 
526508490915958 -7.693008 -26.008987 -47.046856 
526508510916166 -7.693008 -26.008987 -47.046856 
526508530916843 -6.498482 -26.690491 -47.827663 
526508551213874 -4.127895 -29.212097 -47.698513 
526508570962936 -3.239567 -30.487381 -46.477871 
526508590915697 -0.771362 -29.128983 -46.654606 
526508610921738 0.410084 -30.239700 -47.743092 
526508630915385 -0.255302 -33.290298 -44.509727 
526508650922572 -1.145657 -32.453613 -44.346794 
526508670922259 -1.967625 -34.917450 -44.032967 
526508690922311 -2.869381 -34.364639 -44.485157 
526508710923562 -4.799671 -32.991150 -42.620441 
526508730916374 -3.663166 -35.531433 -44.939533 
526508750922208 -4.098797 -35.121216 -43.397442 
526508770922364 -5.136707 -34.145782 -43.079235 
526508790921999 -4.372440 -34.128113 -42.625332 
526508810922103 -1.027325 -34.769180 -40.505474 
526508830915906 -3.500877 -35.976273 -41.712437 
526508850921687 -3.320118 -34.822235 -41.867172 
526508870922155 -3.676277 -36.841309 -41.865074 
526508890915696 -2.146744 -36.806793 -40.803524 
526508911175280 -2.898605 -36.541458 -40.488556 
526508930963665 -5.191742 -36.887787 -40.774124 
526508951129343 -2.954597 -37.961609 -43.410404 
526508970921426 -2.750698 -36.386932 -41.719967 
526508990915592 -3.215851 -37.125839 -40.178356 
526509010921738 -2.456596 -36.663559 -42.184277 
526509030915542 -5.517033 -37.465317 -41.693924 
526509050921843 -4.003590 -37.857452 -41.401306 
526509070922364 -4.283596 -36.712158 -42.166637 
526509090921739 -4.433163 -36.571701 -42.318855 
526509110921999 -4.425121 -36.578537 -41.088852 
526509130918874 -5.485161 -36.024643 -42.462074 
526509150915802 -3.692719 -37.561218 -41.557873 
526509170922208 -5.496571 -36.748825 -41.386127 
526509190915644 -4.753769 -37.446777 -41.393776 
526509210915644 -5.541874 -38.911972 -39.849525 
526509230919030 -5.499603 -37.186584 -40.156303 
526509250915853 -5.544540 -38.616150 -41.386906 
526509271168666 -5.507641 -37.179749 -41.386307 
526509290970021 -6.411751 -36.918488 -41.069862 
526509310922156 -5.793690 -36.469650 -41.383064 
526509330922052 -6.577759 -37.497940 -40.914886 
526509350915488 -3.975735 -36.413361 -42.784454 
526509370921738 -5.163559 -35.590744 -41.542332 
526509390921634 -7.428856 -34.933304 -41.519985 
526509410921738 -5.167919 -35.880600 -41.081203 
526509430921999 -6.557297 -36.781448 -40.607086 
526509450921843 -7.029484 -37.514359 -40.141724 
526509470921635 -7.050949 -38.229996 -40.603275 
526509490921895 -6.751144 -38.364685 -40.760025 
526509510921896 -5.803082 -36.755219 -41.690685 
526509530921271 -7.463085 -36.665527 -39.983204 
526509550921427 -7.622700 -36.516541 -41.672924 
526509570922104 -6.716251 -36.926575 -41.066921 
526509590921738 -6.404716 -36.924469 -39.993614 
526509610922363 -5.529469 -38.628967 -39.080650 
526509631183457 -5.710880 -39.048553 -41.846863 
526509650968717 -4.454987 -38.020920 -40.013203 
526509670921477 -6.433220 -37.634125 -41.531414 
526509690921061 -5.103226 -39.324768 -40.930367 
526509710921843 -5.483505 -36.759933 -39.387375 
526509730921895 -5.074726 -38.615112 -39.392567 
526509750922520 -5.210194 -37.605988 -40.774422 
526509770922571 -5.687401 -38.334625 -41.077812 
526509790922312 -7.187088 -37.367081 -41.523945 
526509810922103 -6.305134 -38.930511 -40.149673 
526509830915853 -5.702854 -39.495697 -38.925793 
526509850921635 -5.516045 -37.906494 -39.849106 
526509870922415 -5.843357 -38.922638 -39.385334 
526509890921582 -6.265877 -37.202560 -40.917706 
526509910921322 -6.422821 -37.349396 -41.070042 
526509930921843 -7.493942 -37.666748 -40.752373 
526509951129551 -6.215897 -35.336945 -40.609425 
526509970914759 -6.383915 -35.914719 -40.761944 
526509991161010 -7.475494 -36.948547 -40.752075 
526510010968197 -6.704506 -36.349442 -41.527935 
526510030915071 -7.507366 -38.389221 -39.983925 
