# Created at Thu Nov 07 19:34:19 EST 2019 in Burnaby Canada 
526502768242210 -0.860421 -0.362018 -0.252295 0.254884 
526502788813043 -0.858705 -0.365886 -0.251558 0.255874 
526502809383877 -0.862273 -0.357373 -0.254346 0.253136 
526502829955231 -0.861607 -0.358936 -0.254049 0.253492 
526502850526065 -0.860292 -0.362017 -0.253254 0.254370 
526502871096429 -0.859839 -0.363066 -0.253004 0.254654 
526502891667262 -0.860888 -0.360552 -0.253727 0.253962 
526502912238147 -0.859518 -0.363834 -0.252612 0.255030 
526502932809032 -0.856319 -0.371327 -0.250183 0.257376 
526502953379918 -0.857446 -0.368755 -0.250770 0.256749 
526502973950752 -0.854231 -0.376214 -0.248335 0.259004 
526502994521585 -0.854544 -0.375595 -0.248340 0.258866 
526503015092418 -0.855871 -0.372685 -0.249063 0.257990 
526503035663200 -0.858208 -0.367397 -0.250497 0.256417 
526503056234085 -0.855446 -0.373927 -0.248347 0.258293 
526503076804969 -0.854942 -0.375298 -0.247706 0.258589 
526503097375803 -0.853811 -0.378261 -0.246567 0.259094 
526503117946533 -0.855901 -0.374446 -0.247369 0.256967 
526503138517366 -0.857410 -0.372368 -0.247918 0.254414 
526503159088356 -0.859677 -0.369132 -0.249060 0.250330 
526503179659241 -0.863240 -0.364272 -0.250162 0.244012 
526503200229918 -0.868440 -0.357144 -0.250872 0.235211 
526503220800752 -0.873804 -0.350083 -0.251373 0.225210 
526503241371689 -0.875799 -0.348970 -0.253301 0.216872 
526503261942522 -0.877357 -0.347901 -0.256156 0.208789 
526503282513668 -0.878999 -0.346431 -0.258246 0.201633 
526503303084137 -0.880073 -0.346548 -0.259851 0.194558 
526503323654971 -0.879566 -0.350963 -0.260721 0.187652 
526503344225804 -0.880792 -0.351489 -0.261213 0.180080 
526503364796637 -0.882859 -0.349830 -0.261824 0.172124 
526503385367522 -0.884450 -0.348547 -0.262984 0.164631 
526503405938407 -0.885009 -0.349174 -0.264168 0.158276 
526503426509501 -0.885406 -0.350087 -0.265159 0.152269 
526503447080335 -0.885998 -0.350340 -0.266127 0.146444 
526503467650231 -0.886576 -0.350773 -0.266616 0.140913 
526503488221116 -0.887296 -0.350554 -0.267243 0.135642 
526503508792835 -0.887644 -0.351049 -0.267612 0.131289 
526503529363668 -0.888992 -0.349358 -0.267538 0.126755 
526503549934293 -0.890292 -0.347592 -0.267262 0.123007 
526503570505127 -0.890859 -0.346989 -0.267201 0.120719 
526503591076012 -0.892542 -0.343048 -0.267870 0.118034 
526503611646845 -0.893013 -0.341976 -0.268060 0.117151 
526503632217678 -0.893386 -0.340774 -0.268263 0.117340 
526503652788511 -0.894047 -0.338742 -0.268310 0.118083 
526503673359346 -0.894388 -0.337508 -0.267834 0.120098 
526503693930179 -0.895140 -0.335247 -0.267547 0.121457 
526503714501168 -0.895450 -0.334300 -0.267396 0.122118 
526503735072002 -0.895927 -0.333048 -0.267314 0.122213 
526503755642886 -0.895825 -0.333181 -0.267120 0.123023 
526503776213719 -0.895925 -0.332445 -0.267275 0.123945 
526503796784345 -0.896072 -0.331134 -0.267698 0.125471 
526503817355230 -0.896148 -0.329887 -0.268104 0.127333 
526503837926740 -0.895691 -0.329829 -0.268681 0.129461 
526503858497574 -0.894883 -0.330227 -0.269840 0.131609 
526503879067782 -0.893926 -0.331153 -0.271008 0.133374 
526503899638667 -0.893371 -0.331150 -0.272393 0.134275 
526503920209501 -0.893051 -0.330994 -0.273496 0.134546 
526503940780334 -0.893004 -0.330461 -0.274248 0.134634 
526503961351689 -0.893149 -0.329318 -0.274912 0.135122 
526503981922522 -0.893288 -0.328456 -0.275195 0.135727 
526504002492938 -0.893804 -0.326844 -0.275323 0.135956 
526504023063825 -0.894082 -0.326562 -0.274609 0.136252 
526504043634658 -0.895225 -0.324515 -0.273604 0.135657 
526504064206115 -0.897014 -0.321380 -0.272038 0.134447 
526504084777001 -0.898850 -0.317399 -0.271249 0.133233 
526504105347938 -0.899719 -0.314732 -0.271232 0.133726 
526504125918823 -0.901207 -0.311234 -0.270251 0.133881 
526504146489761 -0.902590 -0.307234 -0.269554 0.135201 
526504167060646 -0.902115 -0.306007 -0.271410 0.137425 
526504187631428 -0.901821 -0.304068 -0.273149 0.140182 
526504208202313 -0.901983 -0.302173 -0.273476 0.142579 
526504228772678 -0.902198 -0.299899 -0.273970 0.145053 
526504249343564 -0.901730 -0.298903 -0.274660 0.148669 
526504269914553 -0.901545 -0.296930 -0.275315 0.152479 
526504290485438 -0.900838 -0.295999 -0.276346 0.156550 
526504311055855 -0.899735 -0.293327 -0.281312 0.159058 
526504331626740 -0.899037 -0.289038 -0.285735 0.162924 
526504352197470 -0.897731 -0.287312 -0.288507 0.168208 
526504372768303 -0.895848 -0.287746 -0.290093 0.174655 
526504393339813 -0.894388 -0.287385 -0.290600 0.181746 
526504413910647 -0.893777 -0.284976 -0.290723 0.188234 
526504434482886 -0.890810 -0.286953 -0.292774 0.195954 
526504455053719 -0.887291 -0.286911 -0.297638 0.204470 
526504475623356 -0.883853 -0.286018 -0.301639 0.214501 
526504496194189 -0.881226 -0.283946 -0.304010 0.224485 
526504516765075 -0.880010 -0.281099 -0.304604 0.231911 
526504537335908 -0.880387 -0.278228 -0.303920 0.234822 
526504557906168 -0.879386 -0.277647 -0.307252 0.234920 
526504578477054 -0.876198 -0.285202 -0.309266 0.235142 
526504599047834 -0.870944 -0.294709 -0.314770 0.235631 
526504619618719 -0.868161 -0.297759 -0.320024 0.234990 
526504640193251 -0.864769 -0.300811 -0.326125 0.235223 
526504660764084 -0.861677 -0.305544 -0.330211 0.234770 
526504681336376 -0.857921 -0.308874 -0.336866 0.234710 
526504701907209 -0.853375 -0.318783 -0.339207 0.234663 
526504722476844 -0.852623 -0.324566 -0.338051 0.231113 
526504743048459 -0.852356 -0.321093 -0.341965 0.231188 
526504763619344 -0.849773 -0.321522 -0.344997 0.235556 
526504784190177 -0.847081 -0.323275 -0.347389 0.239309 
526504804758042 -0.847067 -0.322645 -0.348508 0.238578 
526504825327417 -0.848219 -0.324259 -0.344953 0.237460 
526504845898251 -0.850128 -0.325348 -0.338910 0.237848 
526504866469709 -0.852620 -0.323397 -0.333888 0.238690 
526504887040542 -0.854400 -0.321892 -0.330735 0.238748 
526504907610855 -0.857633 -0.318831 -0.326843 0.236612 
526504928181688 -0.859391 -0.318643 -0.324785 0.233300 
526504948753146 -0.857947 -0.327643 -0.324356 0.226652 
526504969324032 -0.860984 -0.343495 -0.309352 0.212178 
526504989894917 -0.864124 -0.345569 -0.300876 0.208196 
526505010465803 -0.864480 -0.354666 -0.293275 0.202180 
526505031036168 -0.864498 -0.363154 -0.285502 0.198120 
526505051607053 -0.865068 -0.362390 -0.283572 0.199795 
526505072178772 -0.865149 -0.360633 -0.282244 0.204450 
526505092749605 -0.862684 -0.355163 -0.292525 0.209918 
526505113319606 -0.859454 -0.350988 -0.303569 0.214457 
526505133890439 -0.855398 -0.350802 -0.312301 0.218405 
526505154462365 -0.850570 -0.353354 -0.321872 0.219248 
526505175033251 -0.848404 -0.353589 -0.327207 0.219365 
526505195603719 -0.846608 -0.355063 -0.328064 0.222620 
526505216174604 -0.839280 -0.363517 -0.333855 0.228045 
526505236744918 -0.830397 -0.375118 -0.339991 0.232668 
526505257315803 -0.825594 -0.385547 -0.339865 0.232893 
526505277886376 -0.828296 -0.380947 -0.338217 0.233269 
526505298457209 -0.841699 -0.368019 -0.320804 0.230627 
526505319028250 -0.851640 -0.356238 -0.307248 0.231091 
526505339599136 -0.853821 -0.356951 -0.300727 0.230518 
526505360170594 -0.852392 -0.362717 -0.298004 0.230341 
526505380741480 -0.852747 -0.364636 -0.294039 0.231094 
526505401312053 -0.854557 -0.363050 -0.288886 0.233393 
526505421882886 -0.853797 -0.366708 -0.285552 0.234554 
526505442454084 -0.850920 -0.374099 -0.282556 0.236956 
526505463024136 -0.849687 -0.376449 -0.281625 0.238758 
526505483594969 -0.846807 -0.381526 -0.281296 0.241306 
526505504167521 -0.844279 -0.386868 -0.279747 0.243449 
526505524738406 -0.841928 -0.391318 -0.279241 0.245054 
526505545308303 -0.839743 -0.394530 -0.279835 0.246719 
526505565879188 -0.837423 -0.398739 -0.279564 0.248140 
526505586449500 -0.835419 -0.404197 -0.278012 0.247809 
526505607020386 -0.835248 -0.405802 -0.275290 0.248801 
526505627592677 -0.836913 -0.404545 -0.270523 0.250474 
526505648163511 -0.834729 -0.406509 -0.272524 0.252407 
526505668735126 -0.822291 -0.416368 -0.289352 0.258362 
526505689306011 -0.805059 -0.418576 -0.324230 0.267485 
526505709875959 -0.797253 -0.417553 -0.339084 0.273971 
526505730446844 -0.796016 -0.414261 -0.345010 0.275165 
526505751018719 -0.796800 -0.410814 -0.349764 0.272041 
526505771589604 -0.797865 -0.403945 -0.355620 0.271615 
526505792158354 -0.797116 -0.398717 -0.363254 0.271435 
526505812729240 -0.799297 -0.394800 -0.363332 0.270640 
526505833301948 -0.801468 -0.392481 -0.358967 0.273406 
526505853872782 -0.809849 -0.375316 -0.357939 0.274157 
526505874441897 -0.815809 -0.360290 -0.358486 0.275925 
526505895012782 -0.820904 -0.346141 -0.359170 0.278029 
526505915583875 -0.819066 -0.343213 -0.360759 0.284935 
526505936154708 -0.816713 -0.339655 -0.364752 0.290811 
526505956725594 -0.816948 -0.332958 -0.366784 0.295304 
526505977296479 -0.819555 -0.324876 -0.362811 0.301916 
526505997867052 -0.826143 -0.313195 -0.350990 0.310165 
526506018437938 -0.834639 -0.312580 -0.315055 0.326209 
526506039009604 -0.835053 -0.318386 -0.298242 0.335213 
526506059580489 -0.844341 -0.301936 -0.290509 0.333958 
526506080150802 -0.852335 -0.294004 -0.276236 0.332836 
526506100721687 -0.861961 -0.275728 -0.266925 0.331283 
526506121292782 -0.867240 -0.263049 -0.260844 0.332656 
526506141863667 -0.867586 -0.261556 -0.258448 0.334794 
526506162434553 -0.866974 -0.261193 -0.259462 0.335878 
526506183005646 -0.868846 -0.254243 -0.262153 0.334278 
526506203576531 -0.868782 -0.251658 -0.265328 0.333896 
526506224146376 -0.867854 -0.250932 -0.267545 0.335085 
526506244717261 -0.864643 -0.254571 -0.270206 0.338487 
526506265289083 -0.861490 -0.259629 -0.272293 0.341004 
526506285859968 -0.859443 -0.262427 -0.274853 0.341972 
526506306431479 -0.858467 -0.264611 -0.276114 0.341726 
526506327002365 -0.858833 -0.265345 -0.275098 0.341054 
526506347572312 -0.860842 -0.261619 -0.271782 0.341528 
526506368143198 -0.863909 -0.258026 -0.263211 0.343225 
526506388714657 -0.866982 -0.253327 -0.254152 0.345795 
526506409285490 -0.867753 -0.249268 -0.250628 0.349366 
526506429855125 -0.863555 -0.245592 -0.255808 0.358496 
526506450426010 -0.860832 -0.240386 -0.255764 0.368467 
526506470998875 -0.862187 -0.234673 -0.251439 0.371941 
526506491569760 -0.864789 -0.241482 -0.240547 0.368731 
526506512139499 -0.864494 -0.257534 -0.231133 0.364559 
526506532710385 -0.861490 -0.276746 -0.226795 0.360293 
526506553281010 -0.856639 -0.296569 -0.227984 0.355303 
526506573851896 -0.850694 -0.319117 -0.232531 0.347007 
526506594423198 -0.845041 -0.341498 -0.237321 0.336101 
526506614994031 -0.836106 -0.365452 -0.245846 0.327004 
526506635564604 -0.825550 -0.392871 -0.250110 0.318693 
526506656135489 -0.821236 -0.408412 -0.250918 0.309535 
526506676707521 -0.824851 -0.403597 -0.253375 0.304190 
526506697278406 -0.831345 -0.389741 -0.256461 0.301985 
526506717848303 -0.834444 -0.382661 -0.258166 0.301038 
526506738419136 -0.837210 -0.374223 -0.261530 0.301063 
526506758989343 -0.840276 -0.361604 -0.267357 0.302818 
526506779560229 -0.841904 -0.350360 -0.272711 0.306716 
526506800131531 -0.842295 -0.340016 -0.279839 0.310835 
526506820702417 -0.843071 -0.326692 -0.290368 0.313353 
526506841273718 -0.841983 -0.312127 -0.304744 0.317445 
526506861844603 -0.842215 -0.296620 -0.315968 0.320711 
526506882415230 -0.841965 -0.284433 -0.323808 0.324563 
526506902986010 -0.836974 -0.272187 -0.337290 0.334102 
526506923556896 -0.831989 -0.272559 -0.340191 0.343187 
526506944128094 -0.827127 -0.269510 -0.346543 0.350903 
526506964698927 -0.822606 -0.272820 -0.346833 0.358602 
526506985269448 -0.821670 -0.270687 -0.347250 0.361945 
526507005840333 -0.818742 -0.270600 -0.349374 0.366571 
526507026412261 -0.813170 -0.277731 -0.351394 0.371675 
526507046983146 -0.809632 -0.284266 -0.352027 0.373852 
526507067552937 -0.806046 -0.291376 -0.353175 0.375043 
526507088123823 -0.801053 -0.304524 -0.354328 0.374206 
526507108694708 -0.792612 -0.321719 -0.359815 0.372552 
526507129265542 -0.780410 -0.346564 -0.367189 0.368817 
526507149836635 -0.771515 -0.369463 -0.369930 0.362508 
526507170407520 -0.769921 -0.382020 -0.365037 0.357814 
526507190980334 -0.774743 -0.381213 -0.360637 0.352691 
526507211551219 -0.777439 -0.382762 -0.350992 0.354806 
526507232120541 -0.788630 -0.363049 -0.341871 0.359697 
526507252691426 -0.809814 -0.324164 -0.331915 0.359098 
526507273261999 -0.808878 -0.333506 -0.308734 0.373060 
526507293832833 -0.804893 -0.348772 -0.288911 0.383452 
526507314403614 -0.798799 -0.364840 -0.266337 0.397337 
526507334974500 -0.799030 -0.367135 -0.238358 0.412248 
526507355545698 -0.795869 -0.374896 -0.219262 0.421864 
526507376116583 -0.790963 -0.392591 -0.195690 0.426562 
526507396687312 -0.781274 -0.391751 -0.186180 0.448864 
526507417258197 -0.760305 -0.386491 -0.180672 0.489815 
526507437828562 -0.727837 -0.382446 -0.165548 0.544593 
526507458399395 -0.711204 -0.378045 -0.168743 0.568152 
526507478972468 -0.677408 -0.412995 -0.139899 0.592437 
526507499543354 -0.644578 -0.449309 -0.117414 0.607334 
526507520111948 -0.624337 -0.478632 -0.115019 0.606536 
526507540682782 -0.602228 -0.511732 -0.122388 0.600394 
526507561253510 -0.571692 -0.541238 -0.137784 0.601037 
526507581824395 -0.539880 -0.563163 -0.165810 0.603229 
526507602395177 -0.509523 -0.582108 -0.204433 0.599786 
526507622966427 -0.478171 -0.594819 -0.252161 0.594944 
526507643537313 -0.446608 -0.597612 -0.305996 0.591411 
526507664108458 -0.411508 -0.591868 -0.363143 0.590322 
526507684679291 -0.366752 -0.582359 -0.421540 0.590470 
526507705251687 -0.316447 -0.575885 -0.478469 0.582482 
526507725822572 -0.273218 -0.576219 -0.529422 0.559496 
526507746392364 -0.240863 -0.578432 -0.570237 0.531254 
526507766963249 -0.210407 -0.572278 -0.602229 0.515312 
526507787533250 -0.176921 -0.556227 -0.625199 0.518109 
526507808104136 -0.145061 -0.534344 -0.643174 0.528924 
526507828674916 -0.112741 -0.507118 -0.662978 0.539055 
526507849245802 -0.082387 -0.478007 -0.682711 0.546468 
526507869816791 -0.053565 -0.450486 -0.695978 0.556604 
526507890387624 -0.031064 -0.424928 -0.705848 0.565906 
526507910958510 -0.007813 -0.397892 -0.711356 0.579304 
526507931529395 0.021979 -0.370101 -0.717616 0.589550 
526507952100958 0.069474 -0.342078 -0.724595 0.594238 
526507972671791 0.121336 -0.320576 -0.728266 0.593412 
526507993242103 0.179727 -0.297783 -0.719952 0.600577 
526508013812937 0.216036 -0.290932 -0.715480 0.597307 
526508034384031 0.198025 -0.313224 -0.722689 0.583436 
526508054954916 0.191761 -0.333526 -0.720241 0.577271 
526508075525437 0.180706 -0.349837 -0.714602 0.578190 
526508096096270 0.164197 -0.366216 -0.704009 0.585916 
526508116667468 0.142762 -0.387018 -0.695741 0.588031 
526508137238301 0.127595 -0.405797 -0.691082 0.584340 
526508157809811 0.126184 -0.405519 -0.693426 0.582058 
526508178380697 0.130824 -0.392740 -0.699242 0.582838 
526508198952312 0.137436 -0.373719 -0.703565 0.588593 
526508219523198 0.139203 -0.356714 -0.708718 0.592534 
526508240092780 0.136788 -0.344903 -0.713906 0.593860 
526508260663613 0.135271 -0.336569 -0.718238 0.593765 
526508281233249 0.135202 -0.329935 -0.723444 0.591179 
526508301804134 0.136979 -0.323881 -0.726270 0.590652 
526508322375748 0.139724 -0.317690 -0.727749 0.591550 
526508342947312 0.144168 -0.309115 -0.722992 0.600788 
526508363518406 0.148728 -0.297372 -0.716964 0.612709 
526508384088927 0.154535 -0.282674 -0.710061 0.626120 
526508404659812 0.160424 -0.271558 -0.704714 0.635530 
526508425230020 0.168213 -0.267540 -0.697333 0.643315 
526508445800906 0.175239 -0.270690 -0.694494 0.643193 
526508466372624 0.182950 -0.273476 -0.690175 0.644515 
526508486943510 0.195040 -0.271212 -0.688852 0.643341 
526508507513874 0.212824 -0.263704 -0.692464 0.636914 
526508528084707 0.233569 -0.254740 -0.696605 0.628724 
526508548655072 0.249175 -0.252454 -0.696822 0.623392 
526508569225905 0.257456 -0.255196 -0.694009 0.622047 
526508589797728 0.262365 -0.258352 -0.688180 0.625162 
526508610368562 0.262665 -0.263213 -0.683306 0.628347 
526508630939186 0.261176 -0.268367 -0.675318 0.635384 
526508651510072 0.256082 -0.276018 -0.672648 0.637009 
526508672081166 0.253138 -0.280480 -0.669043 0.640026 
526508692652051 0.255177 -0.279149 -0.660101 0.649020 
526508713222521 0.257881 -0.276893 -0.655252 0.653813 
526508733793406 0.262601 -0.276405 -0.651083 0.656301 
526508754363978 0.268673 -0.279106 -0.648234 0.655521 
526508774934864 0.277158 -0.281248 -0.642318 0.656894 
526508795505489 0.286126 -0.283358 -0.635511 0.658761 
526508816076375 0.293811 -0.285048 -0.628827 0.661060 
526508836647311 0.300514 -0.283811 -0.620579 0.666352 
526508857218196 0.306317 -0.278474 -0.609992 0.675671 
526508877788978 0.309765 -0.272175 -0.601219 0.684472 
526508898359811 0.311981 -0.266667 -0.594168 0.691752 
526508918930541 0.313339 -0.262872 -0.589097 0.696909 
526508939501374 0.314258 -0.260450 -0.584775 0.701032 
526508960072571 0.315939 -0.258404 -0.578483 0.706235 
526508980643405 0.317904 -0.257491 -0.572291 0.710717 
526509001214135 0.318958 -0.257706 -0.568244 0.713409 
526509021784968 0.321025 -0.255579 -0.560691 0.719200 
526509042356166 0.322655 -0.254837 -0.555213 0.722974 
526509062926999 0.324548 -0.254281 -0.549775 0.726469 
526509083497833 0.326898 -0.252551 -0.542496 0.731474 
526509104068458 0.329194 -0.250744 -0.534727 0.736767 
526509124639291 0.331314 -0.249808 -0.527510 0.741323 
526509145210228 0.333816 -0.248270 -0.519318 0.746484 
526509165781061 0.335859 -0.246310 -0.511807 0.751388 
526509186352415 0.337640 -0.243385 -0.504312 0.756593 
526509206923249 0.338906 -0.240033 -0.497122 0.761838 
526509227493562 0.338748 -0.238105 -0.493165 0.765077 
526509248064396 0.338597 -0.236083 -0.488136 0.768987 
526509268635437 0.338240 -0.234573 -0.483928 0.772258 
526509289206270 0.337852 -0.232687 -0.479464 0.775775 
526509309776999 0.337182 -0.231736 -0.476113 0.778410 
526509330347832 0.336521 -0.231535 -0.473166 0.780551 
526509350918925 0.337464 -0.228521 -0.466741 0.784888 
526509371489759 0.340140 -0.224377 -0.457514 0.790342 
526509392060645 0.343181 -0.221505 -0.448698 0.794879 
526509412631479 0.346218 -0.221067 -0.442107 0.797373 
526509433202208 0.346301 -0.224121 -0.444841 0.794960 
526509453773041 0.345991 -0.226249 -0.448744 0.792294 
526509474343875 0.347911 -0.225195 -0.443699 0.794592 
526509494914708 0.350124 -0.223896 -0.436957 0.797717 
526509515485645 0.352757 -0.220932 -0.426033 0.803273 
526509536056479 0.354727 -0.218276 -0.416787 0.807968 
526509556627415 0.357241 -0.214816 -0.405867 0.813330 
526509577198249 0.359960 -0.211121 -0.394423 0.818711 
526509597769030 0.362569 -0.207064 -0.383908 0.823579 
526509618339863 0.364172 -0.203814 -0.376838 0.826941 
526509638910124 0.365811 -0.200286 -0.369455 0.830404 
526509659480957 0.367061 -0.197191 -0.363411 0.833256 
526509680052467 0.367687 -0.195039 -0.359806 0.835049 
526509700623301 0.368152 -0.193464 -0.357573 0.836168 
526509721194550 0.368627 -0.191753 -0.354742 0.837558 
526509741765384 0.369201 -0.189181 -0.351265 0.839353 
526509762335905 0.371553 -0.187812 -0.350633 0.838887 
526509782907051 0.375994 -0.189168 -0.349105 0.837239 
526509803477885 0.379940 -0.190468 -0.345750 0.836555 
526509824048457 0.381952 -0.188846 -0.340321 0.838231 
526509844619290 0.382214 -0.185646 -0.335669 0.840699 
526509865190124 0.381679 -0.181375 -0.329823 0.844181 
526509885760957 0.380111 -0.178030 -0.326456 0.846905 
526509906331999 0.378398 -0.176365 -0.323592 0.849117 
526509926902832 0.377413 -0.176568 -0.321382 0.850351 
526509947473718 0.377359 -0.179226 -0.323093 0.849170 
526509968044552 0.377716 -0.182756 -0.322676 0.848417 
526509988615488 0.377874 -0.183717 -0.320391 0.849005 
