# Created at Thu Nov 07 19:55:25 EST 2019 in Burnaby Canada 
527769122981830 0.000000 0.000000 0.000000 
527769143551518 0.000000 0.000000 0.000000 
527769164119019 0.000000 0.000000 0.000000 
527769184687716 0.000000 0.000000 0.000000 
527769205256466 0.000000 0.000000 0.000000 
527769225825268 0.000000 0.000000 0.000000 
527769246393809 0.000000 0.000000 0.000000 
527769266962975 0.000000 0.000000 0.000000 
527769287532507 0.000000 0.000000 0.000000 
527769308100267 0.000000 0.000000 0.000000 
527769328668861 0.000000 0.000000 0.000000 
527769349237923 0.000000 0.000000 0.000000 
527769369806309 0.000000 0.000000 0.000000 
527769390375268 0.000000 0.000000 0.000000 
527769410943913 0.000000 0.000000 0.000000 
527769431512663 0.000000 0.000000 0.000000 
527769452081830 0.000000 0.000000 0.000000 
527769472650267 0.000000 0.000000 0.000000 
527769493218965 0.000000 0.000000 0.000000 
527769513787872 0.000000 0.000000 0.000000 
527769534356153 0.000000 0.000000 0.000000 
527769554924799 0.000000 0.000000 0.000000 
527769575493653 0.000000 0.000000 0.000000 
527769596062454 0.000000 0.000000 0.000000 
527769616631153 0.000000 0.000000 0.000000 
527769637199798 0.000000 0.000000 0.000000 
527769657769069 0.000000 0.000000 0.000000 
527769678337246 0.000000 0.000000 0.000000 
527769698906361 0.000000 0.000000 0.000000 
527769719474955 0.000000 0.000000 0.000000 
527769740043653 0.000000 0.000000 0.000000 
527769760612195 0.000000 0.000000 0.000000 
527769781181310 0.000000 0.000000 0.000000 
527769801749799 0.000000 0.000000 0.000000 
527769822318705 0.000000 0.000000 0.000000 
527769842887195 0.000000 0.000000 0.000000 
527769863456205 0.000000 0.000000 0.000000 
527769884024590 0.000000 0.000000 0.000000 
527769904593445 0.000000 0.000000 0.000000 
527769925162090 0.000000 0.000000 0.000000 
527769945730893 0.000000 0.000000 0.000000 
527769966299643 0.000000 0.000000 0.000000 
527769986868601 0.000000 0.000000 0.000000 
527770007437142 0.000000 0.000000 0.000000 
527770028006570 0.000000 0.000000 0.000000 
527770048574903 0.000000 0.000000 0.000000 
527770069144226 0.000000 0.000000 0.000000 
527770089712194 0.000000 0.000000 0.000000 
527770110281100 0.000000 0.000000 0.000000 
527770130849746 0.000000 0.000000 0.000000 
527770151418913 0.000000 0.000000 0.000000 
527770171987090 0.000000 0.000000 0.000000 
527770192556257 0.000000 0.000000 0.000000 
527770213124485 0.000000 0.000000 0.000000 
527770233694850 0.000000 0.000000 0.000000 
527770254263183 0.000000 0.000000 0.000000 
527770274831464 0.000000 0.000000 0.000000 
527770295399954 0.000000 0.000000 0.000000 
527770315968860 0.000000 0.000000 0.000000 
527770336537715 0.000000 0.000000 0.000000 
527770357106413 0.000000 0.000000 0.000000 
527770377674798 0.000000 0.000000 0.000000 
527770398242976 0.000000 0.000000 0.000000 
527770418812454 0.000000 0.000000 0.000000 
527770439380580 0.000000 0.000000 0.000000 
527770459949590 0.000000 0.000000 0.000000 
527770480518496 0.000000 0.000000 0.000000 
527770501087350 0.000000 0.000000 0.000000 
527770521655736 0.000000 0.000000 0.000000 
527770542224642 0.000000 0.000000 0.000000 
527770562793236 0.000000 0.000000 0.000000 
527770583362194 0.000000 0.000000 0.000000 
527770603930580 0.000000 0.000000 0.000000 
527770624499434 0.000000 0.000000 0.000000 
527770645068079 0.000000 0.000000 0.000000 
527770665636830 0.000000 0.000000 0.000000 
527770686205580 0.000000 0.000000 0.000000 
527770706776100 0.000000 0.000000 0.000000 
527770727346309 0.000000 0.000000 0.000000 
527770747913496 0.000000 0.000000 0.000000 
527770768482662 0.000000 0.000000 0.000000 
527770789051100 0.000000 0.000000 0.000000 
527770809619902 0.000000 0.000000 0.000000 
527770830188652 0.000000 0.000000 0.000000 
527770850756777 0.000000 0.000000 0.000000 
527770871324902 0.000000 0.000000 0.000000 
527770891893652 0.000000 0.000000 0.000000 
527770912461986 0.000000 0.000000 0.000000 
527770933030684 0.000000 0.000000 0.000000 
527770953599746 0.000000 0.000000 0.000000 
527770974170683 0.000000 0.000000 0.000000 
527770994737715 0.000000 0.000000 0.000000 
527771015309225 0.000000 0.000000 0.000000 
527771035876881 0.000000 0.000000 0.000000 
527771056445631 0.000000 0.000000 0.000000 
527771077013860 0.000000 0.000000 0.000000 
527771097582558 0.000000 0.000000 0.000000 
527771118150996 0.000000 0.000000 0.000000 
527771138718444 0.000000 0.000000 0.000000 
527771159286986 0.000000 0.000000 0.000000 
527771179855839 0.000000 0.000000 0.000000 
527771200424433 0.000000 0.000000 0.000000 
527771220993912 0.000000 0.000000 0.000000 
527771241561933 0.000000 0.000000 0.000000 
527771262131256 0.000000 0.000000 0.000000 
527771282700110 0.000000 0.000000 0.000000 
527771303268808 0.000000 0.000000 0.000000 
527771323837507 0.000000 0.000000 0.000000 
527771344406100 0.000000 0.000000 0.000000 
527771364974798 0.000000 0.000000 0.000000 
527771385544070 0.000000 0.000000 0.000000 
527771406112194 0.000000 0.000000 0.000000 
527771426680997 0.000000 0.000000 0.000000 
527771447249642 0.000000 0.000000 0.000000 
527771467818548 0.000000 0.000000 0.000000 
527771488387142 0.000000 0.000000 0.000000 
527771508955892 0.000000 0.000000 0.000000 
527771529524746 0.000000 0.000000 0.000000 
527771550094069 0.000000 0.000000 0.000000 
527771570662611 0.000000 0.000000 0.000000 
527771591231829 0.000000 0.000000 0.000000 
527771611800110 0.000000 0.000000 0.000000 
527771632369017 0.000000 0.000000 0.000000 
527771652937819 0.000000 0.000000 0.000000 
527771673508340 0.000000 0.000000 0.000000 
527771694075371 0.000000 0.000000 0.000000 
527771714645058 0.000000 0.000000 0.000000 
527771735212662 0.000000 0.000000 0.000000 
527771755781256 0.000000 0.000000 0.000000 
527771776350527 0.000000 0.000000 0.000000 
527771796918756 0.000000 0.000000 0.000000 
527771817487819 0.000000 0.000000 0.000000 
527771838056464 0.000000 0.000000 0.000000 
527771858625787 0.000000 0.000000 0.000000 
527771879194224 0.000000 0.000000 0.000000 
527771899765424 0.000000 0.000000 0.000000 
527771920333444 0.000000 0.000000 0.000000 
527771940901517 0.000000 0.000000 0.000000 
527771961470579 0.000000 0.000000 0.000000 
527771982039225 0.000000 0.000000 0.000000 
527772002607455 0.000000 0.000000 0.000000 
527772023177403 0.000000 0.000000 0.000000 
527772043745787 0.000000 0.000000 0.000000 
527772064314694 0.000000 0.000000 0.000000 
527772084883808 0.000000 0.000000 0.000000 
527772105452402 0.000000 0.000000 0.000000 
527772126020944 0.000000 0.000000 0.000000 
527772146589433 0.000000 0.000000 0.000000 
527772167158444 0.000000 0.000000 0.000000 
527772187730162 0.000000 0.000000 0.000000 
527772208294954 0.000000 0.000000 0.000000 
527772228864329 0.000000 0.000000 0.000000 
527772249432714 0.000000 0.000000 0.000000 
527772270002402 0.000000 0.000000 0.000000 
527772290570943 0.000000 0.000000 0.000000 
527772311139277 0.000000 0.000000 0.000000 
527772331708287 0.000000 0.000000 0.000000 
527772352276308 0.000000 0.000000 0.000000 
527772372845215 0.000000 0.000000 0.000000 
527772393415892 0.000000 0.000000 0.000000 
527772413983079 0.000000 0.000000 0.000000 
527772434551672 0.000000 0.000000 0.000000 
527772455120631 0.000000 0.000000 0.000000 
527772475689172 0.000000 0.000000 0.000000 
527772496259068 0.000000 0.000000 0.000000 
527772516827037 0.000000 0.000000 0.000000 
527772537395683 0.000000 0.000000 0.000000 
527772557963755 0.000000 0.000000 0.000000 
527772578532975 0.000000 0.000000 0.000000 
527772599101672 0.000000 0.000000 0.000000 
527772619670422 0.000000 0.000000 0.000000 
527772640239224 0.000000 0.000000 0.000000 
527772660809849 0.000000 0.000000 0.000000 
527772681377870 0.000000 0.000000 0.000000 
527772701946360 0.000000 0.000000 0.000000 
527772722514798 0.000000 0.000000 0.000000 
527772743083652 0.000000 0.000000 0.000000 
527772763651933 0.000000 0.000000 0.000000 
527772784221203 0.000000 0.000000 0.000000 
527772804789589 0.000000 0.000000 0.000000 
527772825359068 0.000000 0.000000 0.000000 
527772845927609 0.000000 0.000000 0.000000 
527772866496620 0.000000 0.000000 0.000000 
527772887067141 0.000000 0.000000 0.000000 
527772907634329 0.000000 0.000000 0.000000 
527772928204016 0.000000 0.000000 0.000000 
527772948771828 0.000000 0.000000 0.000000 
527772969339953 0.000000 0.000000 0.000000 
527772989908860 0.000000 0.000000 0.000000 
527773010477767 0.000000 0.000000 0.000000 
527773031048652 0.000000 0.000000 0.000000 
527773051616777 0.000000 0.000000 0.000000 
527773072186255 0.000000 0.000000 0.000000 
527773092753652 0.000000 0.000000 0.000000 
527773113322402 0.000000 0.000000 0.000000 
527773133890474 0.000000 0.000000 0.000000 
527773154458964 0.000000 0.000000 0.000000 
527773175029641 0.000000 0.000000 0.000000 
527773195598963 0.000000 0.000000 0.000000 
527773216167089 0.000000 0.000000 0.000000 
527773236735578 0.000000 0.000000 0.000000 
527773257304953 0.000000 0.000000 0.000000 
527773277872140 0.000000 0.000000 0.000000 
527773298440578 0.000000 0.000000 0.000000 
527773319009850 0.000000 0.000000 0.000000 
527773339579173 0.000000 0.000000 0.000000 
527773360147974 0.000000 0.000000 0.000000 
527773380716777 0.000000 0.000000 0.000000 
527773401285631 0.000000 0.000000 0.000000 
527773421853130 0.000000 0.000000 0.000000 
527773442421777 0.000000 0.000000 0.000000 
527773462991620 0.000000 0.000000 0.000000 
527773483560579 0.000000 0.000000 0.000000 
527773504128027 0.000000 0.000000 0.000000 
527773524696985 0.000000 0.000000 0.000000 
527773545267088 0.000000 0.000000 0.000000 
527773565835630 0.000000 0.000000 0.000000 
527773586404953 0.000000 0.000000 0.000000 
527773606973443 0.000000 0.000000 0.000000 
527773627545318 0.000000 0.000000 0.000000 
527773648109745 0.000000 0.000000 0.000000 
527773668678547 0.000000 0.000000 0.000000 
527773689247141 0.000000 0.000000 0.000000 
527773709816516 0.000000 0.000000 0.000000 
527773730384901 0.000000 0.000000 0.000000 
527773750953912 0.000000 0.000000 0.000000 
527773771522870 0.000000 0.000000 0.000000 
527773792091464 0.000000 0.000000 0.000000 
527773812660005 0.000000 0.000000 0.000000 
527773833229537 0.000000 0.000000 0.000000 
527773853797713 0.000000 0.000000 0.000000 
527773874369693 0.000000 0.000000 0.000000 
527773894938495 0.000000 0.000000 0.000000 
527773915506567 0.000000 0.000000 0.000000 
527773936074484 0.000000 0.000000 0.000000 
527773956643338 0.000000 0.000000 0.000000 
527773977211255 0.000000 0.000000 0.000000 
527773997779589 0.000000 0.000000 0.000000 
527774018348964 0.000000 0.000000 0.000000 
527774038917766 0.000000 0.000000 0.000000 
527774059487141 0.000000 0.000000 0.000000 
527774080055943 0.000000 0.000000 0.000000 
527774100623443 0.000000 0.000000 0.000000 
527774121191568 0.000000 0.000000 0.000000 
527774141760422 0.000000 0.000000 0.000000 
527774162329380 0.000000 0.000000 0.000000 
527774182898183 0.000000 0.000000 0.000000 
527774203466881 0.000000 0.000000 0.000000 
527774224035734 0.000000 0.000000 0.000000 
527774244604484 0.000000 0.000000 0.000000 
527774265173130 0.000000 0.000000 0.000000 
527774285741932 0.000000 0.000000 0.000000 
527774306310630 0.000000 0.000000 0.000000 
527774326879484 0.000000 0.000000 0.000000 
527774347450735 0.000000 0.000000 0.000000 
527774368018027 0.000000 0.000000 0.000000 
527774388586777 0.000000 0.000000 0.000000 
527774409155475 0.000000 0.000000 0.000000 
527774429724641 0.000000 0.000000 0.000000 
527774450293182 0.000000 0.000000 0.000000 
527774470861516 0.000000 0.000000 0.000000 
527774491429953 0.000000 0.000000 0.000000 
527774511999120 0.000000 0.000000 0.000000 
527774532567401 0.000000 0.000000 0.000000 
527774553136776 0.000000 0.000000 0.000000 
527774573704953 0.000000 0.000000 0.000000 
527774594273963 0.000000 0.000000 0.000000 
527774614842505 0.000000 0.000000 0.000000 
527774635410682 0.000000 0.000000 0.000000 
527774655980056 0.000000 0.000000 0.000000 
527774676548911 0.000000 0.000000 0.000000 
527774697117869 0.000000 0.000000 0.000000 
527774717686254 0.000000 0.000000 0.000000 
527774738255162 0.000000 0.000000 0.000000 
527774758824120 0.000000 0.000000 0.000000 
527774779393130 0.000000 0.000000 0.000000 
527774799961620 0.000000 0.000000 0.000000 
527774820530735 0.000000 0.000000 0.000000 
527774841099120 0.000000 0.000000 0.000000 
527774861667922 0.000000 0.000000 0.000000 
527774882236828 0.000000 0.000000 0.000000 
527774902805526 0.000000 0.000000 0.000000 
527774923374120 0.000000 0.000000 0.000000 
527774943943078 0.000000 0.000000 0.000000 
527774964511620 0.000000 0.000000 0.000000 
527774985080942 0.000000 0.000000 0.000000 
527775005649432 0.000000 0.000000 0.000000 
527775026218234 0.000000 0.000000 0.000000 
527775046786880 0.000000 0.000000 0.000000 
527775067355786 0.000000 0.000000 0.000000 
527775087924483 0.000000 0.000000 0.000000 
527775108493650 0.000000 0.000000 0.000000 
527775129061984 0.000000 0.000000 0.000000 
527775149630942 0.000000 0.000000 0.000000 
527775170199745 0.000000 0.000000 0.000000 
527775190768547 0.000000 0.000000 0.000000 
527775211337089 0.000000 0.000000 0.000000 
527775231906411 0.000000 0.000000 0.000000 
527775252474589 0.000000 0.000000 0.000000 
527775273044693 0.000000 0.000000 0.000000 
527775293612192 0.000000 0.000000 0.000000 
527775314181464 0.000000 0.000000 0.000000 
527775334750161 0.000000 0.000000 0.000000 
527775355318546 0.000000 0.000000 0.000000 
527775375888234 0.000000 0.000000 0.000000 
527775396456150 0.000000 0.000000 0.000000 
527775417026098 0.000000 0.000000 0.000000 
527775437595682 0.000000 0.000000 0.000000 
527775458163286 0.000000 0.000000 0.000000 
527775478732140 0.000000 0.000000 0.000000 
527775499300577 0.000000 0.000000 0.000000 
527775519869536 0.000000 0.000000 0.000000 
527775540439587 0.000000 0.000000 0.000000 
527775561008807 0.000000 0.000000 0.000000 
527775581577088 0.000000 0.000000 0.000000 
527775602146202 0.000000 0.000000 0.000000 
527775622713962 0.000000 0.000000 0.000000 
527775643282922 0.000000 0.000000 0.000000 
527775663852297 0.000000 0.000000 0.000000 
527775684419797 0.000000 0.000000 0.000000 
527775704990057 0.000000 0.000000 0.000000 
527775725556672 0.000000 0.000000 0.000000 
527775746127609 0.000000 0.000000 0.000000 
527775766696411 0.000000 0.000000 0.000000 
527775787264952 0.000000 0.000000 0.000000 
527775807834744 0.000000 0.000000 0.000000 
527775828401099 0.000000 0.000000 0.000000 
527775848969692 0.000000 0.000000 0.000000 
527775869538755 0.000000 0.000000 0.000000 
527775890107193 0.000000 0.000000 0.000000 
527775910676828 0.000000 0.000000 0.000000 
527775931245004 0.000000 0.000000 0.000000 
527775951813703 0.000000 0.000000 0.000000 
527775972383858 0.000000 0.000000 0.000000 
527775992953494 0.000000 0.000000 0.000000 
527776013521567 0.000000 0.000000 0.000000 
527776034089639 0.000000 0.000000 0.000000 
527776054657765 0.000000 0.000000 0.000000 
527776075226775 0.000000 0.000000 0.000000 
527776095797295 0.000000 0.000000 0.000000 
