# Created at Thu Nov 07 19:55:25 EST 2019 in Burnaby Canada 
527769117839642 9.525046 -1.500184 -1.786990 
527769138408393 9.524787 -1.498786 -1.789545 
527769158976831 9.524844 -1.498021 -1.789878 
527769179545424 9.524590 -1.497245 -1.791877 
527769200114278 9.524406 -1.496967 -1.793086 
527769220683080 9.524936 -1.496745 -1.790465 
527769241251622 9.524649 -1.496379 -1.792289 
527769261820788 9.523704 -1.496950 -1.796830 
527769282390320 9.522730 -1.497324 -1.801673 
527769302958080 9.522218 -1.497570 -1.804175 
527769323526674 9.522309 -1.497121 -1.804066 
527769344095736 9.522134 -1.497195 -1.804927 
527769364664122 9.521832 -1.497192 -1.806520 
527769385233081 9.521755 -1.496726 -1.807308 
527769405801726 9.522041 -1.496706 -1.805820 
527769426370476 9.522672 -1.496727 -1.802478 
527769446939643 9.523333 -1.496396 -1.799252 
527769467508080 9.523995 -1.495736 -1.796293 
527769488076778 9.524465 -1.495313 -1.794154 
527769508645685 9.525029 -1.494633 -1.791723 
527769529213966 9.525451 -1.493569 -1.790365 
527769549782612 9.526140 -1.492508 -1.787584 
527769570351466 9.526943 -1.491455 -1.784184 
527769590920267 9.527675 -1.490961 -1.780686 
527769611488965 9.528598 -1.490416 -1.776200 
527769632057611 9.529469 -1.490044 -1.771824 
527769652626934 9.530115 -1.490344 -1.768095 
527769673195058 9.530423 -1.489785 -1.766908 
527769693764225 9.530857 -1.489569 -1.764745 
527769714332767 9.530951 -1.489441 -1.764348 
527769734901881 9.530513 -1.489272 -1.766856 
527769755470007 9.529904 -1.490035 -1.769492 
527769776039069 9.529727 -1.490167 -1.770336 
527769796607611 9.529914 -1.489702 -1.769721 
527769817176309 9.529928 -1.489728 -1.769622 
527769837745007 9.530114 -1.489341 -1.768947 
527769858314017 9.530377 -1.489089 -1.767736 
527769878882402 9.530594 -1.488799 -1.766814 
527769899451257 9.530445 -1.489217 -1.767269 
527769920019902 9.530439 -1.489391 -1.767150 
527769940588705 9.530354 -1.489626 -1.767418 
527769961157455 9.530276 -1.489878 -1.767619 
527769981726413 9.530094 -1.490388 -1.768173 
527770002294954 9.529998 -1.490200 -1.768852 
527770022864382 9.529962 -1.490151 -1.769084 
527770043432715 9.529901 -1.489892 -1.769636 
527770064002038 9.529695 -1.488922 -1.771560 
527770084570006 9.529260 -1.486033 -1.776318 
527770105138913 9.529080 -1.480100 -1.782225 
527770125707559 9.529956 -1.471299 -1.784828 
527770146276726 9.530411 -1.463984 -1.788407 
527770166844903 9.529492 -1.461680 -1.795178 
527770187414070 9.526029 -1.461683 -1.813463 
527770207982298 9.522438 -1.459633 -1.833852 
527770228552663 9.519267 -1.457847 -1.851654 
527770249120424 9.515750 -1.456860 -1.870412 
527770269689277 9.510962 -1.457394 -1.894197 
527770290258027 9.505646 -1.460089 -1.918652 
527770310826673 9.499931 -1.463010 -1.944558 
527770331395476 9.494549 -1.466256 -1.968257 
527770351964226 9.489876 -1.462919 -1.993113 
527770372532142 9.483107 -1.450476 -2.034006 
527770393100789 9.478873 -1.446377 -2.056537 
527770413669747 9.456217 -1.415025 -2.179004 
527770434238393 9.422844 -1.383528 -2.338003 
527770454808757 9.433204 -1.403742 -2.283545 
527770475376309 9.433799 -1.422952 -2.269148 
527770495945059 9.425646 -1.411480 -2.309831 
527770516513549 9.405035 -1.408692 -2.394008 
527770537082455 9.380652 -1.424725 -2.478692 
527770557651049 9.357340 -1.421189 -2.567257 
527770578219590 9.342608 -1.435380 -2.612613 
527770598788393 9.336948 -1.447012 -2.626394 
527770619357247 9.331614 -1.454118 -2.641382 
527770639925892 9.335600 -1.470809 -2.617953 
527770660494643 9.325505 -1.505323 -2.634265 
527770681063393 9.280560 -1.522969 -2.778875 
527770701633913 9.265580 -1.518730 -2.830702 
527770722204122 9.260122 -1.544795 -2.834454 
527770742771309 9.284001 -1.545136 -2.755044 
527770763340475 9.312996 -1.552826 -2.650890 
527770783908913 9.321577 -1.554446 -2.619596 
527770804477663 9.322909 -1.547945 -2.618704 
527770825046465 9.324922 -1.562643 -2.602761 
527770845614538 9.304701 -1.605874 -2.648414 
527770866182715 9.269279 -1.641793 -2.748701 
527770886751465 9.224115 -1.706250 -2.859159 
527770907319799 9.203051 -1.764034 -2.891788 
527770927888497 9.210530 -1.840752 -2.819248 
527770948457559 9.152738 -2.018106 -2.885312 
527770969026986 9.042391 -2.242573 -3.062093 
527770989595528 8.953179 -2.407717 -3.195914 
527771010165945 8.918267 -2.482421 -3.236121 
527771030734694 8.880674 -2.518840 -3.310508 
527771051303444 8.865728 -2.504488 -3.361068 
527771071871673 8.881063 -2.492229 -3.329552 
527771092440371 8.889963 -2.485494 -3.310783 
527771113008809 8.884676 -2.488463 -3.322722 
527771133576257 8.876516 -2.493788 -3.340489 
527771154144799 8.868944 -2.515700 -3.344172 
527771174713549 8.884256 -2.518449 -3.301181 
527771195282246 8.927781 -2.484941 -3.207831 
527771215851100 8.999708 -2.426104 -3.047891 
527771236419694 9.062305 -2.350348 -2.919055 
527771256988756 9.090032 -2.267261 -2.898488 
527771277557923 9.106833 -2.234718 -2.870889 
527771298126204 9.142653 -2.199459 -2.782927 
527771318695319 9.173521 -2.118163 -2.744135 
527771339264121 9.203178 -2.033736 -2.708469 
527771359832610 9.193863 -2.033185 -2.740336 
527771380401882 9.195905 -2.046815 -2.723282 
527771400970006 9.190351 -2.029557 -2.754764 
527771421538809 9.179836 -2.016830 -2.798821 
527771442107402 9.165797 -2.015263 -2.845571 
527771462676360 9.158343 -2.021936 -2.864774 
527771483244954 9.160510 -2.027499 -2.853891 
527771503813704 9.160654 -2.048529 -2.838365 
527771524382558 9.166159 -2.064804 -2.808651 
527771544951829 9.179640 -2.083697 -2.750057 
527771565520423 9.213920 -2.125661 -2.599161 
527771586089641 9.266550 -2.185829 -2.350235 
527771606657922 9.313468 -2.235287 -2.105511 
527771627227245 9.341459 -2.261086 -1.948081 
527771647795579 9.365564 -2.269989 -1.817621 
527771668364590 9.398372 -2.292530 -1.607888 
527771688933704 9.429254 -2.337060 -1.340787 
527771709502871 9.451142 -2.395564 -1.052408 
527771730070267 9.458473 -2.450799 -0.837401 
527771750639069 9.458499 -2.487375 -0.721225 
527771771207767 9.455769 -2.529569 -0.600088 
527771791776569 9.449555 -2.585148 -0.439649 
527771812345579 9.435052 -2.658252 -0.289605 
527771832914277 9.396400 -2.799527 -0.201735 
527771853483443 9.377480 -2.856226 -0.274294 
527771874052037 9.366204 -2.893772 -0.265859 
527771894622870 9.358720 -2.920070 -0.240713 
527771915191256 9.351109 -2.945261 -0.229332 
527771935759329 9.346120 -2.961718 -0.220571 
527771956328339 9.337063 -2.991383 -0.203157 
527771976897298 9.313174 -3.062272 -0.240117 
527771997465215 9.290554 -3.127980 -0.267810 
527772018035110 9.287968 -3.130256 -0.324900 
527772038603599 9.302650 -3.081184 -0.370677 
527772059172506 9.324264 -3.012004 -0.395367 
527772079741620 9.346950 -2.938024 -0.415855 
527772100310162 9.368058 -2.868776 -0.424266 
527772120878757 9.388359 -2.806697 -0.389312 
527772141447194 9.403560 -2.764768 -0.315469 
527772162016257 9.420772 -2.709960 -0.274905 
527772182587975 9.435780 -2.656836 -0.278690 
527772203152767 9.449088 -2.611703 -0.253245 
527772223722142 9.463651 -2.563454 -0.195989 
527772244290475 9.475334 -2.521739 -0.171070 
527772264860215 9.477589 -2.511854 -0.190505 
527772285428756 9.468435 -2.544293 -0.213747 
527772305997037 9.444688 -2.635103 -0.156530 
527772326566099 9.395741 -2.808861 -0.027362 
527772347134068 9.327674 -3.026053 0.088916 
527772367702975 9.265033 -3.211464 0.126662 
527772388273704 9.168242 -3.477291 0.148885 
527772408840839 9.029958 -3.815881 0.263271 
527772429409484 8.894873 -4.117340 0.314863 
527772449978443 8.720718 -4.475343 0.301245 
527772470546932 8.451516 -4.960591 0.367151 
527772491116568 8.137937 -5.430868 0.670863 
527772511684850 7.849649 -5.775198 1.095669 
527772532252819 7.663221 -5.971734 1.335605 
527772552821568 7.571171 -6.085128 1.348693 
527772573390735 7.482623 -6.186777 1.380049 
527772593959485 7.395850 -6.277977 1.434849 
527772614527870 7.332984 -6.341808 1.476212 
527772635097037 7.260963 -6.419394 1.496729 
527772655666360 7.193650 -6.492992 1.504279 
527772676235682 7.143001 -6.563493 1.438226 
527772696804120 7.139433 -6.583868 1.360724 
527772717372610 7.146933 -6.590036 1.289632 
527772737941464 7.111904 -6.639953 1.225651 
527772758509745 7.046900 -6.721643 1.153739 
527772779078756 6.960689 -6.819569 1.101212 
527772799647401 6.927299 -6.859951 1.060189 
527772820216880 6.948622 -6.840392 1.046941 
527772840785422 6.919218 -6.858041 1.123420 
527772861354381 6.817372 -6.942332 1.223862 
527772881924902 6.715582 -7.014800 1.365261 
527772902492142 6.642266 -7.053423 1.516544 
527772923061829 6.558975 -7.090562 1.695333 
527772943629641 6.471107 -7.122778 1.887116 
527772964197766 6.441262 -7.120049 1.996358 
527772984766620 6.483849 -7.059351 2.072596 
527773005335579 6.524547 -6.988787 2.181179 
527773025906464 6.510456 -6.975275 2.264926 
527773046474589 6.501106 -6.981170 2.273601 
527773067044015 6.519126 -6.993543 2.182143 
527773087611412 6.419177 -7.123659 2.053787 
527773108180214 6.271013 -7.266227 2.011643 
527773128748026 6.196250 -7.363176 1.886933 
527773149316777 6.182863 -7.424930 1.677206 
527773169887402 6.174025 -7.456334 1.566813 
527773190456724 6.142448 -7.470293 1.623403 
527773211025110 6.109145 -7.467689 1.755662 
527773231593391 6.090343 -7.478812 1.773551 
527773252162766 6.017525 -7.585535 1.555456 
527773272729901 5.799979 -7.821897 1.161267 
527773293298495 5.454906 -8.115416 0.744599 
527773313867662 5.226701 -8.291398 0.323579 
527773334436933 4.884960 -8.502081 -0.148834 
527773355005734 4.575686 -8.640676 -0.756452 
527773375574589 4.332259 -8.699016 -1.314931 
527773396143443 4.324116 -8.649498 -1.630523 
527773416710890 4.663701 -8.454470 -1.715289 
527773437279537 5.285217 -8.096812 -1.636617 
527773457849172 6.024763 -7.603046 -1.437465 
527773478418392 6.771267 -6.994988 -1.179175 
527773498985840 7.457601 -6.306616 -0.883840 
527773519554746 8.112901 -5.480061 -0.565824 
527773540124901 8.744003 -4.435890 -0.188872 
527773560693443 9.262595 -3.199040 0.375316 
527773581262766 9.541177 -1.862685 1.291018 
527773601831204 9.503917 -0.477113 2.370300 
527773622403131 9.179793 0.921815 3.324461 
527773642967557 8.599001 2.308361 4.110845 
527773663536307 7.872265 3.535029 4.658478 
527773684104901 7.186507 4.394241 5.021470 
527773704674328 6.535621 4.922911 5.405644 
527773725242713 5.860864 5.189301 5.906929 
527773745811672 5.113083 5.249450 6.516905 
527773766380630 4.260151 5.178090 7.156037 
527773786949276 3.753968 4.982298 7.566691 
527773807517818 3.724936 4.774724 7.713447 
527773828087298 3.663972 4.725357 7.772818 
527773848655526 3.271342 4.884059 7.849501 
527773869227506 2.648331 5.161199 7.906880 
527773889796308 2.029717 5.438248 7.904183 
527773910364328 1.658283 5.675770 7.823434 
527773930932506 1.520199 5.858301 7.716197 
527773951501151 1.381601 5.988333 7.642083 
527773972069641 1.208959 6.065439 7.610470 
527773992637401 1.026932 6.089902 7.617669 
527774013207453 0.818705 6.067059 7.661000 
527774033775526 0.601382 6.005447 7.729382 
527774054344797 0.433775 5.920567 7.805711 
527774074913755 0.332761 5.818283 7.887157 
527774095481255 0.276547 5.685666 7.985432 
527774116049380 0.206288 5.534211 8.093228 
527774136618182 0.071608 5.391863 8.191036 
527774157187140 -0.123600 5.241080 8.287713 
527774177755996 -0.390760 5.062692 8.389688 
527774198324694 -0.696138 4.831748 8.505292 
527774218893339 -1.025676 4.550490 8.626204 
527774239462245 -1.401783 4.252019 8.725006 
527774260030943 -1.838190 3.964865 8.779025 
527774280599745 -2.347338 3.712339 8.768064 
527774301168443 -2.844848 3.508984 8.704267 
527774321737297 -3.217287 3.379717 8.625368 
527774342308495 -3.438922 3.367885 8.544094 
527774362875839 -3.514482 3.457572 8.477263 
527774383444589 -3.483129 3.578803 8.439808 
527774404013235 -3.360360 3.678769 8.446598 
527774424582453 -3.208390 3.758935 8.470362 
527774445150994 -2.973253 3.889270 8.497278 
527774465719276 -2.641144 4.113908 8.501205 
527774486287765 -2.219188 4.438681 8.458351 
527774506856932 -1.731107 4.851461 8.344877 
527774527425161 -1.188728 5.333735 8.143009 
527774547994589 -0.573312 5.853175 7.847423 
527774568562766 0.063746 6.377312 7.449578 
527774589131776 0.598084 6.831795 7.009940 
527774609700318 0.919243 7.123402 6.677014 
527774630268443 1.003612 7.207486 6.573834 
527774650838963 0.863389 7.102300 6.706883 
527774671406724 0.589656 6.851721 6.991180 
527774691975266 0.326804 6.539579 7.300513 
527774712544067 0.155353 6.273844 7.535592 
527774733113026 0.086393 6.126748 7.656753 
527774753681932 0.124600 6.090095 7.685415 
527774774250682 0.244032 6.118683 7.659801 
527774794819432 0.387553 6.185008 7.600386 
527774815388234 0.536252 6.264653 7.525752 
527774835956880 0.682353 6.334870 7.454810 
527774856525577 0.796182 6.382307 7.402881 
527774877094640 0.839642 6.407296 7.376446 
527774897663234 0.832852 6.418143 7.367781 
527774918231932 0.838108 6.421061 7.364641 
527774938800786 0.886593 6.429573 7.351527 
527774959369433 0.957996 6.460938 7.314978 
527774979938703 1.028486 6.507936 7.263566 
527775000507245 1.080136 6.540054 7.227129 
527775021076047 1.115075 6.543795 7.218432 
527775041644641 1.153424 6.532897 7.222275 
527775062213599 1.210190 6.522356 7.222514 
527775082782244 1.267339 6.522636 7.212451 
527775103351463 1.306303 6.537076 7.192399 
527775123919745 1.318308 6.562268 7.167223 
527775144488755 1.316033 6.587256 7.144684 
527775165057557 1.313369 6.603021 7.130609 
527775185626359 1.318557 6.607227 7.125752 
527775206194901 1.329047 6.608127 7.122969 
527775226764223 1.337410 6.619130 7.111177 
527775247332401 1.336213 6.647805 7.084604 
527775267902453 1.321788 6.681849 7.055221 
527775288470004 1.309459 6.707927 7.032739 
527775309039224 1.305172 6.719472 7.022507 
527775329607973 1.296185 6.709592 7.033609 
527775350176306 1.274902 6.684958 7.060902 
527775370746724 1.248756 6.666050 7.083415 
527775391313910 1.225586 6.667303 7.086281 
527775411883911 1.210869 6.681320 7.075603 
527775432453495 1.208699 6.695646 7.062419 
527775453021932 1.229935 6.718622 7.036886 
527775473589953 1.260966 6.744908 7.006179 
527775494158390 1.278892 6.763380 6.985092 
527775514727349 1.290945 6.771832 6.974678 
527775535297400 1.305416 6.777842 6.966141 
527775555866620 1.316268 6.780815 6.961205 
527775576434693 1.315688 6.778560 6.963510 
527775597004015 1.299046 6.770719 6.974255 
527775617571775 1.279987 6.760491 6.987688 
527775638140734 1.272582 6.754487 6.994844 
527775658709588 1.273598 6.752432 6.996642 
527775679277609 1.267590 6.753230 6.996964 
527775699846567 1.254619 6.750932 7.001516 
527775720414484 1.236560 6.750660 7.004991 
527775740984536 1.225160 6.752505 7.005216 
527775761554223 1.235149 6.759344 6.996862 
527775782122764 1.254610 6.768998 6.984054 
527775802692556 1.258334 6.765717 6.986562 
527775823258911 1.237245 6.750613 7.004915 
527775843827504 1.204018 6.743224 7.017809 
527775864396567 1.195792 6.755692 7.007217 
527775884965006 1.246613 6.772409 6.982178 
527775905534641 1.317368 6.778376 6.963372 
527775926102817 1.362531 6.764439 6.968232 
527775946671516 1.363394 6.727975 7.003278 
527775967241671 1.333347 6.660788 7.072940 
527775987811307 1.270189 6.583443 7.156485 
527776008379380 1.170938 6.502398 7.246939 
527776028947452 1.084149 6.447330 7.309374 
527776049515526 1.049600 6.415111 7.342689 
527776070084588 1.072736 6.407712 7.345805 
527776090655108 1.137809 6.419371 7.325807 
