# Created at Thu Nov 07 19:55:25 EST 2019 in Burnaby Canada 
527769128124017 -0.018631 -0.000611 -0.000305 
527769148692456 -0.018937 -0.009163 -0.002749 
527769169261206 -0.020159 -0.009468 0.005803 
527769189829903 -0.029627 -0.021686 0.009163 
527769210398705 -0.011606 0.010079 0.010079 
527769230967247 -0.011912 -0.007330 0.011912 
527769251536413 -0.013744 -0.023518 0.011912 
527769272105945 -0.010690 -0.033292 0.008858 
527769292673913 -0.005803 -0.025351 0.008552 
527769313242299 -0.003054 -0.010079 0.009163 
527769333811361 -0.005498 -0.006414 0.011912 
527769354379747 -0.007636 -0.008552 0.010079 
527769374948654 -0.005192 -0.003971 0.007025 
527769395517351 0.000611 0.004276 0.003360 
527769416086101 0.005192 0.014966 0.003971 
527769436655268 0.004276 0.014661 0.001833 
527769457223392 0.007330 0.012217 -0.000305 
527769477792403 0.004581 0.012828 -0.001222 
527769498361310 0.000305 0.013744 -0.001833 
527769518929591 -0.003665 0.009163 -0.000305 
527769539498237 -0.003054 0.006414 0.000611 
527769560066987 -0.002138 0.015272 0.001833 
527769580635892 -0.003054 0.012217 0.002138 
527769601204590 0.001222 0.018937 0.004887 
527769621773236 0.000305 0.018631 0.002138 
527769642341986 -0.005498 0.012828 0.010079 
527769662910736 -0.005803 0.012828 0.004276 
527769683479642 -0.002443 0.011301 0.000611 
527769704048392 -0.007025 0.005498 0.002138 
527769724617142 -0.010996 -0.010079 0.005498 
527769745185632 -0.006720 -0.013134 0.004581 
527769765754382 -0.003054 -0.017715 0.008247 
527769786323236 0.000305 -0.010690 0.004276 
527769806891934 0.002138 -0.004887 0.003360 
527769827460632 0.002138 -0.000611 0.004581 
527769848029382 0.000000 0.001527 0.004276 
527769868598027 -0.001833 0.006414 0.005498 
527769889166777 -0.002443 -0.002138 0.005498 
527769909735527 -0.000916 -0.002138 0.003360 
527769930304382 -0.001527 -0.002749 0.007330 
527769950873080 0.000916 -0.005498 0.007330 
527769971442038 -0.001833 -0.009163 0.007025 
527769992010579 0.000305 -0.010690 0.004887 
527770012580007 0.000611 -0.004581 0.002749 
527770033148340 -0.000611 -0.003054 0.003360 
527770053717663 -0.002138 -0.007025 0.001833 
527770074285631 -0.008858 -0.017410 -0.002749 
527770094854538 -0.011912 -0.029322 -0.014355 
527770115423184 -0.000916 -0.018326 -0.029016 
527770135992351 0.022297 -0.009163 -0.027489 
527770156560528 0.022907 -0.044593 -0.022907 
527770177129695 0.011912 -0.078191 0.007025 
527770197697923 0.020769 -0.127060 -0.003971 
527770218268288 0.011606 -0.122478 -0.010996 
527770238836204 0.010690 -0.117897 -0.007025 
527770259404954 0.006109 -0.132252 -0.007025 
527770279973652 0.009774 -0.134390 -0.008247 
527770300542298 0.011912 -0.139277 0.003054 
527770321111048 0.001527 -0.139277 0.012217 
527770341679851 -0.009468 -0.111483 0.017104 
527770362248601 -0.031460 -0.175929 -0.056810 
527770382816466 -0.121562 -0.168599 -0.046426 
527770403385164 -0.171958 -0.209527 0.008552 
527770423954018 -0.581849 -0.849407 -0.056505 
527770444522768 -0.107818 -0.104458 0.003971 
527770465091934 0.253509 0.107207 0.074831 
527770485660684 -0.035736 -0.120035 0.096822 
527770506229174 -0.340863 -0.351553 0.035430 
527770526797924 -0.145080 -0.477391 0.112399 
527770547366674 -0.030543 -0.419359 0.071166 
527770567935424 0.008858 -0.346055 0.012217 
527770588504018 0.026267 -0.179594 -0.002443 
527770609072768 0.007636 -0.121257 0.021686 
527770629641517 0.064752 -0.006720 0.052840 
527770650210267 0.192422 0.260228 0.055589 
527770670779018 -0.215024 -0.554360 0.203418 
527770691350111 -0.255647 -0.418442 0.028711 
527770711919747 0.008858 -0.143859 0.088881 
527770732486934 0.092241 0.128892 0.075136 
527770753056100 0.285885 0.526871 -0.079718 
527770773624538 0.246789 0.295659 -0.023824 
527770794193288 -0.018937 0.056505 -0.023213 
527770814761830 -0.015577 0.032681 0.029627 
527770835330163 0.103847 0.069028 0.130725 
527770855898340 -0.201585 -0.509461 0.262366 
527770876467090 -0.172264 -0.518013 0.309098 
527770897035424 -0.190895 -0.508239 0.432798 
527770917604122 0.176845 0.338724 0.251371 
527770938173392 0.216246 -0.093768 0.576962 
527770958744121 0.001833 -0.639881 1.117272 
527770979311153 -0.305432 -0.888503 1.211650 
527770999879903 -0.186314 -0.379958 0.717766 
527771020450319 0.051924 -0.287412 0.357356 
527771041019069 -0.128282 -0.435547 0.127976 
527771061587298 -0.012217 0.024435 -0.090408 
527771082156048 0.125227 0.147524 -0.104763 
527771102724434 0.064752 -0.054672 -0.017715 
527771123293184 0.066890 -0.060781 -0.001222 
527771143860372 0.090713 -0.137750 0.049175 
527771164429174 0.136528 0.065973 0.043982 
527771184997871 0.143859 0.306349 -0.133474 
527771205566621 0.136528 0.682947 -0.320093 
527771226135319 0.263588 0.821308 -0.454178 
527771246704121 0.097127 0.307265 -0.504574 
527771267273548 -0.000916 0.052534 -0.310930 
527771287842298 0.141415 0.372017 -0.182649 
527771308410892 0.108734 0.282525 -0.338114 
527771328979694 -0.083078 0.347277 -0.467617 
527771349548235 -0.233656 -0.120646 -0.165850 
527771370117455 0.063530 -0.007025 0.113315 
527771390685631 0.045204 0.001527 -0.036041 
527771411254434 -0.149662 -0.242513 -0.027794 
527771431823027 -0.240070 -0.167071 0.028711 
527771452391985 -0.015272 -0.239459 0.041233 
527771472960579 -0.143859 0.076969 0.038790 
527771493529329 -0.246178 0.096517 0.174402 
527771514098183 -0.129503 0.121562 0.155160 
527771534667454 0.023824 0.247095 0.091324 
527771555236048 0.115759 0.447153 0.119729 
527771575805266 0.370489 0.999680 0.186008 
527771596373495 0.401338 1.267544 0.195171 
527771616942870 0.240375 0.990517 0.156076 
527771637511204 0.121868 0.653625 0.059559 
527771658081778 0.239459 0.842688 0.044593 
527771678648757 0.408363 1.154229 0.123089 
527771699218496 0.461814 1.319773 0.201280 
527771719787246 0.481056 1.299004 0.257479 
527771740354694 0.265726 0.729983 0.214108 
527771760923444 0.162490 0.565050 0.180205 
527771781492194 0.219911 0.654847 0.243430 
527771802060944 0.281914 0.785877 0.283747 
527771822629902 0.220217 0.563217 0.588874 
527771843198652 -0.290161 0.067806 0.584903 
527771863767662 -0.221133 -0.102014 0.199753 
527771884336412 0.025351 0.125227 0.180511 
527771904906881 0.035736 0.069333 0.161574 
527771925475631 0.041844 0.038179 0.113926 
527771946043964 0.058032 0.057116 0.116675 
527771966612766 -0.031154 0.013134 0.228463 
527771987180840 -0.214414 -0.120646 0.443793 
527772007749642 -0.207999 -0.218995 0.209221 
527772028319172 -0.250760 -0.171348 -0.112399 
527772048888131 -0.182038 -0.121868 -0.295353 
527772069457193 -0.080023 -0.101098 -0.361326 
527772090025578 -0.044288 -0.090103 -0.358272 
527772110594382 0.021075 0.041539 -0.343306 
527772131162819 0.160047 0.261145 -0.270002 
527772151731882 0.119119 0.290772 -0.253814 
527772172303548 -0.013744 0.090713 -0.284358 
527772192868392 -0.078496 0.029322 -0.238543 
527772213437715 0.008552 0.266948 -0.251371 
527772234006100 0.099876 0.181121 -0.241902 
527772254575006 -0.019548 0.031154 -0.148135 
527772275144329 -0.183565 -0.094073 0.046426 
527772295712662 -0.116675 0.051924 0.307265 
527772316281724 0.160352 0.475558 0.643241 
527772336849745 0.321315 0.591317 1.117577 
527772357418600 0.375682 0.272446 0.979216 
527772377988651 0.269391 0.013439 1.106887 
527772398556464 0.125838 0.330478 1.635590 
527772419125109 -0.023824 0.547640 1.684765 
527772439693859 0.087659 -0.029932 1.710421 
527772460262557 0.318871 -0.061392 2.372599 
527772480831359 0.118202 0.866206 2.814254 
527772501400422 -0.392786 2.740950 2.416886 
527772521969225 -0.530841 2.616333 1.645364 
527772542537193 0.049785 0.662483 1.031445 
527772563105943 0.550389 -0.455705 0.861930 
527772583675058 0.291077 0.111177 0.757778 
527772604243860 -0.075136 0.348193 0.506712 
527772624812662 -0.102014 0.242513 0.455400 
527772645381412 -0.149967 0.230296 0.503047 
527772665951255 -0.226631 -0.000916 0.490219 
527772686520057 -0.010385 -0.538477 0.373849 
527772707088235 -0.045204 -0.415999 0.085521 
527772727656985 0.289550 -0.768468 0.285579 
527772748225318 0.854600 -1.247691 0.558330 
527772768794120 1.182023 -1.608101 0.810007 
527772789363026 0.835968 -1.122159 0.659428 
527772809932453 0.385456 -0.620944 0.089797 
527772830500994 0.466701 -0.204640 0.067806 
527772851070006 0.611170 -0.002138 0.499993 
527772871640527 0.598647 0.274278 0.689972 
527772892207767 0.610254 0.460592 0.454789 
527772912777402 0.845437 0.312152 0.510072 
527772933345214 1.085812 0.295353 0.592844 
527772953913339 1.237001 -0.186008 0.496938 
527772974482245 1.503949 -1.061378 0.212886 
527772995051204 1.749517 -1.254105 0.017104 
527773015622037 1.609629 -0.895528 0.231823 
527773036190162 1.163086 -0.988379 0.438295 
527773056758599 0.875980 -1.111163 0.238237 
527773077327037 1.222340 -2.619693 1.014952 
527773097895839 1.502422 -1.882380 1.460272 
527773118463859 0.905302 -1.529300 1.197906 
527773139032349 0.266337 -1.605352 0.685696 
527773159601152 0.130114 -1.382692 0.445931 
527773180172349 0.460592 -0.717155 0.288023 
527773200741151 1.081536 -0.497244 0.381180 
527773221308964 1.411403 -1.171028 0.402560 
527773241877766 1.445917 -2.574795 0.833830 
527773262445526 0.200364 -2.917490 1.466075 
527773283014328 -0.869566 -2.306320 2.149939 
527773303583235 -0.844215 -2.433380 1.670715 
527773324152037 -0.899804 -2.502407 2.248899 
527773344721359 -1.761734 -2.322202 1.705229 
527773365290161 -2.228435 -1.966068 1.575115 
527773385859016 -1.938274 -1.062905 0.730289 
527773406427818 -1.055880 -0.117897 -0.809090 
527773426995162 -0.442877 0.649960 -2.555858 
527773447563964 -0.083383 1.339321 -3.696342 
527773468133964 -0.014355 1.824958 -4.330726 
527773488702767 0.122478 1.832900 -4.624552 
527773509270371 0.460592 1.521969 -4.882947 
527773529840526 1.014646 1.322828 -5.660273 
527773550409016 1.556178 1.612683 -6.434238 
527773570978339 1.625511 3.243997 -6.749139 
527773591546829 1.110247 5.044827 -6.874672 
527773612118756 0.360716 5.384772 -7.202400 
527773632683130 -0.131030 4.694190 -7.564643 
527773653251932 0.036346 4.012770 -7.703310 
527773673820526 0.249538 2.843575 -6.507236 
527773694389433 -0.048564 2.365268 -4.722595 
527773714958286 -0.597426 2.821890 -3.557676 
527773735527297 -1.716530 3.006371 -2.988350 
527773756096255 -2.418719 3.798662 -3.143510 
527773776664901 -2.715294 3.018893 -2.874424 
527773797233390 -2.385121 0.203113 -1.956600 
527773817802610 -1.576642 -1.054963 -1.497229 
527773838371151 -0.536034 0.131947 -2.048535 
527773858943079 0.418137 1.766315 -2.593426 
527773879511881 1.028696 2.509432 -2.454760 
527773900079953 1.155145 1.856418 -1.974009 
527773920648755 1.043968 0.386983 -1.468213 
527773941216724 0.713490 -0.380874 -1.442252 
527773961785526 0.408363 -0.112705 -1.513417 
527773982353026 0.167071 0.239764 -1.167057 
527774002921776 -0.071166 0.658818 -0.750753 
527774023491151 -0.291688 1.085812 -0.402865 
527774044059953 -0.461203 1.214094 -0.069333 
527774064629328 -0.571464 0.974024 0.165239 
527774085198130 -0.749226 0.484110 0.036346 
527774105765005 -0.960279 0.076969 -0.423635 
527774126333755 -0.962112 0.163712 -0.729067 
527774146902765 -0.894917 0.575740 -0.708603 
527774167471568 -0.965777 0.895833 -0.801760 
527774188040267 -1.158505 1.208901 -0.901025 
527774208609069 -1.442557 1.361923 -0.827111 
527774229177870 -1.589775 1.583056 -0.808479 
527774249746568 -1.546710 1.891237 -0.757778 
527774270315318 -1.413236 2.463617 -0.446848 
527774290884172 -1.220202 2.837161 -0.064141 
527774311452870 -0.947451 2.538448 0.102931 
527774332024120 -0.462730 1.714697 0.195782 
527774352591464 0.098960 0.962417 0.421802 
527774373160162 0.401949 0.340863 0.667675 
527774393728860 0.344528 -0.186008 0.798095 
527774414298078 0.200364 -0.528093 0.733649 
527774434866567 0.253814 -0.778547 0.782518 
527774455434848 0.679892 -1.223257 0.937372 
527774476003390 1.250135 -1.658803 1.122464 
527774496572505 1.773646 -1.893375 1.512501 
527774517140786 2.302349 -1.946826 1.906509 
527774537710214 2.761719 -2.122755 2.135583 
527774558278339 3.175886 -2.458120 2.104734 
527774578847401 3.320661 -2.513403 1.704313 
527774599415891 2.767217 -1.871384 1.195157 
527774619984068 1.465464 -0.647822 0.749226 
527774640552870 -0.098655 0.706465 0.409585 
527774661122297 -1.400102 1.781281 0.082161 
527774681691099 -2.161545 1.903760 -0.145386 
527774702259692 -2.114203 1.243110 -0.325896 
527774722828442 -1.436754 0.502436 -0.370795 
527774743397557 -0.569631 -0.102014 -0.287412 
527774763966307 0.015882 -0.619722 -0.091935 
527774784535057 0.329867 -0.874453 0.007636 
527774805103807 0.499382 -0.902247 0.071777 
527774825672505 0.528703 -0.863763 0.145997 
527774846241307 0.415388 -0.795957 0.135307 
527774866810213 0.234877 -0.521984 0.044288 
527774887379015 0.112094 -0.119119 -0.024740 
527774907947505 0.047037 0.040623 -0.004581 
527774928516307 0.034208 -0.134696 0.070555 
527774949085058 0.141110 -0.327424 0.135307 
527774969654328 0.301767 -0.409279 0.124616 
527774990222870 0.319788 -0.321009 0.127976 
527775010791620 0.150884 -0.153327 0.167071 
527775031360266 -0.009774 -0.064141 0.196088 
527775051929224 -0.055894 -0.149967 0.213497 
527775072497869 -0.017410 -0.239764 0.203418 
527775093067088 0.074831 -0.201585 0.160352 
527775113635370 0.163712 -0.074831 0.111788 
527775134204380 0.197615 0.039706 0.069333 
527775154773130 0.156687 0.075136 0.051007 
527775175341984 0.070249 0.038179 0.051618 
527775195910474 0.003360 -0.025045 0.040012 
527775216479848 0.024740 -0.044593 0.031460 
527775237047974 0.137445 -0.008858 0.036652 
527775257617505 0.247400 0.096517 0.047953 
527775278185629 0.230296 0.147524 0.051313 
527775298754849 0.137750 0.049785 0.003665 
527775319323182 -0.009468 -0.002749 -0.031460 
527775339891931 -0.150884 0.086743 -0.009163 
527775360460733 -0.179900 0.145997 -0.012828 
527775381029535 -0.072693 0.131641 -0.032987 
527775401598338 0.060476 0.093462 -0.034819 
527775422169068 0.121562 0.046426 0.005192 
527775442737870 0.168599 -0.056505 0.074831 
527775463305526 0.206167 -0.171042 0.115148 
527775483874328 0.178983 -0.118202 0.137750 
527775504442922 0.104763 -0.020464 0.102320 
527775525011724 0.022602 -0.023824 0.041233 
527775545582193 -0.032681 -0.065057 -0.020769 
527775566150995 -0.055589 -0.055894 -0.054367 
527775586719588 -0.048869 0.026878 -0.048564 
527775607287400 -0.036041 0.095295 -0.021075 
527775627856307 -0.035430 0.045815 -0.009163 
527775648425109 -0.043066 -0.041844 -0.002138 
527775668993182 -0.022907 -0.036041 -0.002443 
527775689561984 0.018631 0.030543 -0.015577 
527775710130109 0.032987 0.076664 -0.012217 
527775730700161 0.044899 0.109345 0.023213 
527775751269796 0.069028 0.018021 0.064752 
527775771838389 0.066584 -0.124006 0.054062 
527775792408129 -0.016493 -0.104152 0.023213 
527775812974535 -0.108428 0.083688 0.024435 
527775833543077 -0.092241 0.218690 0.026573 
527775854112192 0.072998 0.256258 0.014661 
527775874680578 0.180511 -0.037568 0.080940 
527775895250266 0.065363 -0.399200 0.163712 
527775915818390 -0.170126 -0.474336 0.072082 
527775936387141 -0.378736 -0.327729 -0.214414 
527775956957244 -0.572380 -0.106290 -0.415388 
527775977526932 -0.707687 0.030849 -0.462425 
527775998094953 -0.617890 0.324369 -0.338114 
527776018662609 -0.444710 0.511905 -0.165544 
527776039231151 -0.274584 0.407447 0.000305 
527776059800213 -0.097127 0.124006 0.134390 
527776080368963 0.060781 -0.154243 0.215635 
527776100938859 0.143553 -0.314290 0.228158 
