# Created at Thu Nov 07 19:55:25 EST 2019 in Burnaby Canada 
527769117839642 0.000998 -0.031073 -0.014316 
527769138408028 -0.033882 -0.032611 -0.027430 
527769158976831 0.013458 -0.023734 0.012501 
527769179545424 0.040387 0.007934 0.067360 
527769200114278 -0.004751 0.002837 -0.000873 
527769220683080 -0.014999 0.034766 0.064500 
527769241251622 -0.010330 0.036665 0.043458 
527769261820788 0.017760 -0.004590 0.032577 
527769282390320 -0.016490 -0.001922 0.024193 
527769302958080 -0.024567 0.014932 0.016968 
527769323526674 -0.021162 0.039441 0.034604 
527769344095736 -0.008513 0.029862 0.011442 
527769364664122 -0.012578 0.011837 -0.008570 
527769385233081 -0.021529 0.002899 -0.027028 
527769405801726 -0.019026 0.001619 -0.036991 
527769426370476 -0.013351 -0.013973 -0.005727 
527769446939643 -0.005545 -0.010733 -0.004227 
527769467508080 -0.006158 -0.015002 -0.010827 
527769488076778 -0.018220 -0.019082 -0.017857 
527769508645685 -0.003345 -0.019753 -0.020298 
527769529213966 0.003232 -0.005242 -0.007277 
527769549782612 0.005983 0.002084 0.006689 
527769570351466 -0.005344 0.005764 0.009180 
527769590920267 -0.003619 0.001661 -0.008743 
527769611488913 0.008496 0.014294 0.014264 
527769632057611 0.012088 -0.001595 0.014675 
527769652626465 0.026240 -0.003568 0.019415 
527769673195058 -0.031920 -0.009048 -0.031017 
527769693764225 0.014842 -0.024723 -0.011536 
527769714332767 0.009604 -0.015221 0.006082 
527769734901881 0.008495 -0.017731 0.001508 
527769755470007 0.002968 -0.014538 0.001816 
527769776038860 -0.012870 0.002239 0.051612 
527769796607611 -0.010055 -0.000723 0.047285 
527769817176309 -0.013206 -0.004358 0.007597 
527769837745007 -0.008295 0.007171 0.000870 
527769858313704 0.004459 0.004545 -0.003921 
527769878882402 -0.002868 0.001845 -0.004869 
527769899451257 -0.012045 -0.021711 -0.005652 
527769920019902 -0.005953 -0.008383 -0.008185 
527769940588705 -0.003242 0.010972 0.011197 
527769961157455 0.005127 -0.005517 0.017402 
527769981726413 -0.001700 -0.009815 0.027509 
527770002294954 -0.004995 -0.006446 0.011401 
527770022864382 -0.004841 -0.010105 0.002038 
527770043432715 0.004569 -0.007938 -0.006936 
527770064002038 0.004534 -0.010079 -0.007335 
527770084570006 -0.009169 -0.009451 -0.004948 
527770105138913 -0.067813 0.015314 -0.010152 
527770125707559 -0.094130 0.082499 -0.029680 
527770146276726 -0.020618 0.055791 0.000102 
527770166844903 0.139066 -0.006972 0.084333 
527770187414070 0.065454 0.010051 0.060091 
527770207982298 0.038427 -0.011066 0.090471 
527770228552663 0.036397 -0.025973 0.134936 
527770249120632 0.015080 -0.024618 0.135941 
527770269689277 -0.003901 -0.088735 0.065457 
527770290257715 0.011494 -0.122994 0.032938 
527770310826673 0.033954 -0.070756 0.024744 
527770331395319 0.053155 -0.046835 0.020415 
527770351964226 0.037364 -0.029657 -0.003175 
527770372532090 0.201660 -0.170369 -0.060597 
527770393100789 -0.049628 -0.145888 -0.042647 
527770413669538 -0.292981 0.284871 0.243926 
527770434238393 0.014459 0.044070 -0.488118 
527770454808757 0.211493 -0.124765 0.078370 
527770475376309 0.105762 0.227292 0.478799 
527770495945007 -0.104687 0.280545 0.210878 
527770516513549 0.115097 0.015538 0.463756 
527770537082559 0.006624 0.084510 -0.062005 
527770557651049 0.172821 0.161004 -0.280316 
527770578219694 -0.084921 -0.335960 0.044210 
527770598788393 -0.188200 -0.287140 0.430534 
527770619357247 -0.004691 -0.014153 -0.037812 
527770639925892 0.017807 -0.049561 -0.159100 
527770660494643 -0.010249 -0.076628 -0.126669 
527770681063393 0.252850 -0.501234 -0.732666 
527770701635372 0.245839 0.084913 -0.611218 
527770722204122 -0.630363 0.526090 0.620717 
527770742771309 -0.458345 0.606049 0.764072 
527770763340475 0.413030 -0.381795 0.304521 
527770783908913 0.072060 -0.293850 -0.098147 
527770804477663 -0.272812 0.425953 -0.258606 
527770825046465 0.272269 0.129831 0.011616 
527770845614538 0.331678 -0.373011 -0.024107 
527770866182715 0.123145 -0.300356 -0.534704 
527770886751465 0.345990 0.135259 0.026815 
527770907319799 0.149895 0.124690 -0.194750 
527770927888497 0.163086 0.303096 0.657934 
527770948457559 0.128621 -0.840443 0.268093 
527770969026986 0.430366 -1.250541 -0.780212 
527770989595528 0.656821 0.103234 -0.300726 
527771010165631 -0.239044 2.580025 1.285792 
527771030734694 -0.514277 2.471635 0.756963 
527771051303444 -0.918704 0.633979 -0.229912 
527771071871673 -0.649558 -0.334664 0.719600 
527771092440371 -0.703906 0.293084 0.335253 
527771113008809 -0.735894 0.502246 -0.172214 
527771133576101 0.308568 -0.238849 -0.067392 
527771154144799 1.106647 -0.456836 -0.359597 
527771174713444 0.604508 -0.283217 -0.110026 
527771195282246 -0.195795 -0.238335 -0.088806 
527771215850996 -0.479906 -0.224364 0.133648 
527771236419694 -0.025100 -0.639690 -0.428834 
527771256988757 -0.357841 -0.585314 -0.196138 
527771277557923 -0.102088 -0.086817 -0.347402 
527771298126361 0.507321 -0.226010 -0.444118 
527771318695319 -0.872173 -0.040240 0.542223 
527771339264121 -0.368313 0.095273 -0.352621 
527771359832610 -0.087292 0.337485 0.244406 
527771380401882 1.133905 0.426620 -0.239487 
527771400970006 -0.186175 0.100130 -0.230464 
527771421538809 -0.057674 -0.148719 0.303684 
527771442107402 0.028714 0.114169 0.245685 
527771462676360 0.085544 -0.366035 -0.206149 
527771483244954 -0.157296 -0.523181 -0.157332 
527771503813704 0.217657 0.727436 0.488749 
527771524382558 0.153076 0.339427 -0.003362 
527771544951829 -0.116475 -0.090361 -0.092844 
527771565520423 -0.041131 -0.050169 -0.102333 
527771586089641 -0.107576 -0.167783 0.900415 
527771606657922 0.017490 -0.231390 0.614921 
527771627227245 0.004516 0.414891 -0.602979 
527771647795579 -0.038158 0.620304 -1.266794 
527771668364694 -0.014211 0.255387 -0.727824 
527771688934121 -0.095451 -0.143626 0.143075 
527771709502871 0.052993 -0.124829 -0.250032 
527771730070632 0.015150 -0.138085 -0.574704 
527771750639069 -0.060406 0.054678 -1.310267 
527771771207871 0.016171 -0.062798 -0.870557 
527771791776569 -0.243698 -0.251999 -0.217026 
527771812345527 -0.163746 -0.106160 -0.201716 
527771832914277 0.135937 0.142679 -0.646391 
527771853483079 0.479583 -0.873656 -0.885087 
527771874052037 0.226351 0.636869 0.041249 
527771894622975 -0.007819 0.785279 0.633368 
527771915191256 -0.130534 0.471695 -0.366977 
527771935759329 -0.436611 0.357130 -0.215522 
527771956328339 0.007514 0.298517 0.054092 
527771976897298 0.491418 -0.120762 0.114396 
527771997465215 0.659739 -0.816360 -0.392458 
527772018036412 0.424092 0.413350 0.155141 
527772038603599 -0.179725 1.098900 -0.142025 
527772059172506 0.338501 0.399314 0.281694 
527772079741620 0.203572 0.189117 0.427013 
527772100309954 0.038702 0.286332 -0.082778 
527772120878757 0.159385 -0.287491 -0.132584 
527772141447194 0.263895 -0.749598 0.541859 
527772162016257 -0.108617 -0.027323 0.189414 
527772182587975 -0.533087 0.145443 -0.818324 
527772203152767 -0.537219 -0.194266 -0.480315 
527772223722142 0.286310 -0.571885 0.480295 
527772244290475 0.289578 -0.224764 0.128230 
527772264860215 -0.204373 -0.455146 -0.721098 
527772285428756 -0.392706 -0.557763 -0.515571 
527772305997037 -0.150455 -0.341145 0.227156 
527772326566099 0.464229 -0.207100 0.817840 
527772347134068 0.219671 -0.982878 0.091629 
527772367702975 -0.008174 -1.198516 -0.583569 
527772388272089 -0.896782 -1.313372 -0.808420 
527772408840839 -1.954398 -1.878881 0.035563 
527772429409484 0.023700 -1.232896 0.333831 
527772449978548 0.423184 -0.441933 -1.160706 
527772470546932 -1.015225 -1.815152 -0.556114 
527772491115995 -0.723835 -3.028307 -0.238943 
527772511684850 1.919513 -0.723766 -0.098416 
527772532252870 4.042531 2.009861 -0.959037 
527772552821568 2.658437 3.920716 -0.426203 
527772573391048 -0.245640 3.894727 -0.409528 
527772593959485 -0.498279 1.589032 0.348540 
527772614528027 -0.200200 0.790297 0.892271 
527772635097037 0.075176 0.771153 0.977002 
527772655666673 0.349143 0.421204 0.658042 
527772676235682 0.404282 1.425404 -0.158990 
527772696803808 0.281678 2.365185 -0.763977 
527772717372610 1.249512 2.169469 -0.480770 
527772737941464 0.047558 0.193239 0.180297 
527772758509745 -1.284116 -1.909171 1.064524 
527772779079329 -1.096769 -1.837942 0.190999 
527772799647401 0.252872 -0.255381 -0.713197 
527772820216880 2.119764 1.422573 -0.524029 
527772840785422 1.592877 0.667278 0.422609 
527772861354381 -0.921206 -1.209529 -0.007507 
527772881924902 -1.397870 -1.255003 -0.680089 
527772902493027 0.287356 -0.013466 -0.463924 
527772923061829 1.083793 1.113890 -0.917008 
527772943629641 0.736115 -0.024021 -0.776910 
527772964197766 -0.331069 -0.721176 -0.020301 
527772984766620 -0.134923 -0.093320 0.115334 
527773005335579 1.027851 0.683928 0.890420 
527773025906464 0.154406 -0.370346 0.939929 
527773046474589 -1.249559 -0.628064 -0.228321 
527773067044015 0.080518 1.222456 -0.224207 
527773087611412 -2.475034 -1.023573 -1.588891 
527773108180214 -1.038244 -4.947032 -1.267632 
527773128747974 2.388393 -3.060605 -2.320830 
527773149316777 3.626025 -1.221571 -4.410149 
527773169887402 2.617406 -1.034931 -3.106915 
527773190456724 1.876441 -1.123413 1.305652 
527773211024745 0.633397 0.005705 3.909623 
527773231593391 -0.734571 1.216926 3.079298 
527773252162766 -2.536534 3.013796 1.220984 
527773272729901 -3.504346 3.350057 -1.383523 
527773293298860 -3.520779 2.210409 -1.140167 
527773313867662 -2.074798 2.626360 0.332824 
527773334436933 2.595700 -0.499428 -1.852884 
527773355005734 2.902381 0.276134 -4.798366 
527773375574277 2.361753 0.646785 -4.881867 
527773396143443 3.302492 -0.088155 -0.627639 
527773416710474 6.349148 0.859527 3.000934 
527773437279537 8.500002 2.332569 2.719220 
527773457849693 8.018368 1.980680 1.681936 
527773478418392 5.582429 0.448290 1.373783 
527773498985840 2.997184 -0.934583 1.463462 
527773519554746 1.408105 -1.864272 1.753927 
527773540124641 2.363673 -1.727989 2.076712 
527773560693443 3.746912 -1.286774 2.278838 
527773581262766 3.582124 -2.551021 2.297175 
527773601831204 2.804946 -4.248099 0.435964 
527773622403131 2.703998 -5.030861 -4.029383 
527773642967557 1.884262 -5.337098 -7.048848 
527773663536307 0.783920 -6.818480 -6.768058 
527773684104901 -1.374963 -7.433491 -5.178033 
527773704674328 -3.134947 -7.006320 -3.871907 
527773725242713 -2.753144 -5.894516 -2.472015 
527773745811672 -1.081560 -4.252069 -3.223158 
527773766380630 0.640455 -1.529775 -3.399827 
527773786949276 -0.094442 -2.279708 -3.791559 
527773807517818 -1.227674 -4.200592 -3.015670 
527773828087298 0.122092 -1.934737 0.950658 
527773848655526 3.263421 1.066239 4.737181 
527773869227506 4.757813 0.835580 5.471889 
527773889794693 3.299422 -0.979981 3.512616 
527773910364328 1.067892 -2.541760 0.637495 
527773930932506 -0.387741 -2.751007 -1.411521 
527773951501151 0.082462 -1.988699 -1.452906 
527773972069641 1.551033 -1.769107 -0.667183 
527773992637401 1.209361 -2.037043 -0.437665 
527774013207453 0.679664 -2.037737 -0.487239 
527774033775526 0.673497 -1.740060 -0.505225 
527774054344953 0.721026 -1.357362 -1.037917 
527774074913755 0.411467 -0.418257 -1.851717 
527774095480734 0.925667 0.404141 -2.501350 
527774116049380 2.004463 1.377186 -2.228623 
527774136618182 2.453677 1.656654 -0.976090 
527774157187140 1.908108 1.481479 0.233251 
527774177755996 1.856627 1.537540 0.390553 
527774198324694 1.916828 1.295991 0.108644 
527774218893391 1.295036 0.943796 -0.286404 
527774239462245 0.946894 1.234890 0.295736 
527774260030943 0.657976 0.838494 1.125163 
527774280599745 0.165867 -0.164331 1.970296 
527774301168443 -0.505640 -0.984557 2.322130 
527774321737297 -0.844908 -0.705610 1.645993 
527774342308495 -1.088069 -0.220222 0.853371 
527774362875839 -1.484809 -0.075962 0.701920 
527774383444589 -1.558199 -0.680232 -0.182511 
527774404013235 -1.425513 -0.686448 -1.295220 
527774424582453 -1.083834 -0.454728 -1.919765 
527774445150994 -0.557367 -0.501688 -1.297956 
527774465719276 -1.185336 -0.385120 -0.261389 
527774486287765 -1.220479 -1.124164 0.316847 
527774506856932 -1.806382 -1.882005 0.402811 
527774527425161 -2.177812 -2.266560 0.620762 
527774547994589 -1.951312 -2.405248 0.795391 
527774568562766 -1.469715 -2.006772 0.635530 
527774589131776 -0.511723 -1.220585 0.654872 
527774609700318 0.427058 -0.658976 0.098111 
527774630268443 0.909663 0.086000 -1.322700 
527774650838963 1.317422 0.903777 -2.799706 
527774671406724 2.130197 1.558799 -3.648866 
527774691975214 2.142806 1.840483 -3.900736 
527774712544067 1.647616 1.600112 -3.127902 
527774733113026 1.107728 1.039221 -1.223259 
527774753681932 0.687391 0.208926 0.522166 
527774774250526 -0.032586 -0.230532 0.713912 
527774794819432 -0.475221 0.017259 0.605537 
527774815388234 -0.282761 -0.160668 0.952449 
527774835956880 -0.480363 -0.309578 0.945439 
527774856525629 -0.671797 -0.012570 0.548728 
527774877094640 -0.535096 0.387601 0.532367 
527774897663234 -0.116800 0.262775 0.823053 
527774918231932 -0.079171 -0.138855 0.642814 
527774938800786 -0.490700 -0.230669 0.033022 
527774959369433 -0.693073 -0.245967 -0.004658 
527774979938703 -0.466159 -0.262701 0.490767 
527775000507245 -0.324453 -0.288698 0.629584 
527775021076047 -0.375262 -0.189580 0.252843 
527775041644641 -0.370781 -0.002255 -0.088193 
527775062213599 -0.344133 0.065187 -0.224289 
527775082782244 -0.252143 0.152233 -0.070558 
527775103351463 -0.006762 0.172461 0.301558 
527775123919745 0.202239 0.108224 0.563284 
527775144488755 0.286785 0.094455 0.562604 
527775165057557 0.194753 0.099319 0.186930 
527775185626359 0.096168 0.131092 -0.182730 
527775206194901 0.080853 0.209487 -0.330429 
527775226764223 0.083148 0.199387 -0.122421 
527775247332401 0.031493 0.078512 0.310370 
527775267902453 0.024212 -0.041127 0.636527 
527775288470004 0.083159 -0.057631 0.424805 
527775309039224 0.105448 0.113884 -0.138225 
527775329608546 -0.048134 0.221560 -0.501791 
527775350176306 -0.201262 0.120351 -0.405195 
527775370746724 -0.134154 0.070084 -0.072320 
527775391313910 -0.018742 0.078774 0.260289 
527775411883911 -0.017221 -0.052424 0.430485 
527775432453495 -0.150852 -0.080734 0.283744 
527775453021932 -0.280918 -0.135730 0.076730 
527775473589953 -0.317552 -0.099929 -0.064389 
527775494158390 -0.208543 -0.026453 -0.003616 
527775514727349 0.065076 0.080689 0.006402 
527775535297400 0.208462 0.213393 -0.241237 
527775555866620 0.233653 0.206811 -0.316415 
527775576435213 0.169313 0.152561 -0.094001 
527775597004015 0.021013 0.069725 0.268683 
527775617571775 -0.078298 0.009977 0.396687 
527775638140734 -0.163627 0.071281 0.163249 
527775658709119 -0.157401 0.089303 -0.079978 
527775679277609 -0.106000 0.024168 0.048063 
527775699846619 -0.020717 -0.079895 0.354666 
527775720414484 -0.053533 -0.047028 0.321323 
527775740984536 -0.135748 -0.096568 0.245809 
527775761554223 -0.210249 -0.118811 0.066642 
527775782123754 -0.169404 0.034464 -0.230032 
527775802692556 -0.037220 0.096560 -0.305357 
527775823258911 0.018950 0.048992 -0.085114 
527775843827504 0.118852 -0.002879 0.234946 
527775864396567 0.267056 -0.019705 0.432712 
527775884965006 -0.022856 -0.220201 -0.111918 
527775905534641 -0.592425 -0.075635 -0.931696 
527775926102817 -0.250280 0.388112 -1.008508 
527775946671516 0.571164 0.807737 -0.517617 
527775967241671 0.900029 0.747426 -0.300110 
527775987811307 0.566886 0.450528 -0.276411 
527776008379380 0.102400 -0.083981 0.414252 
527776028947452 -0.122332 -0.516486 0.906455 
527776049515526 -0.378256 -0.570227 0.625918 
527776070084588 -0.612262 -0.479508 0.252397 
527776090655108 -0.627754 -0.348148 0.110668 
