# Created at Thu Nov 07 19:55:25 EST 2019 in Burnaby Canada 
527769130926517 -56.798042 -41.041809 -5.835402 
527769151246674 -58.606594 -40.372208 -5.817464 
527769170915685 -57.872192 -41.796921 -4.287912 
527769190915684 -58.470451 -41.235138 -4.896792 
527769211055320 -58.059994 -42.944977 -5.209422 
527769230915424 -58.772598 -40.951691 -5.662482 
527769250915216 -58.791378 -41.522827 -6.277722 
527769270915319 -59.412125 -42.116150 -5.810832 
527769290916830 -57.270905 -41.920944 -4.908853 
527769310922663 -57.154881 -43.207092 -5.372112 
527769330915945 -58.776962 -41.241531 -5.201352 
527769350915736 -58.306458 -40.653976 -5.359272 
527769370915632 -58.020737 -41.216995 -5.977452 
527769390915685 -58.494286 -42.682648 -2.898643 
527769410916049 -59.568726 -41.969711 -7.039302 
527769430915632 -57.092491 -41.058472 -4.294962 
527769445195528 -59.409111 -42.118729 -5.349582 
527769450916309 -59.409111 -42.118729 -5.349582 
527769470915528 -58.647858 -42.098480 -5.356933 
527769490915371 -57.603573 -42.785751 -5.828773 
527769511212612 -57.124371 -42.499146 -3.526812 
527769530964226 -57.286339 -42.641708 -4.447903 
527769550915841 -58.556313 -44.097672 -6.742993 
527769570914903 -57.871174 -41.357452 -5.825233 
527769590915683 -58.389320 -43.959396 -5.053152 
527769610915996 -56.410069 -43.906754 -5.072262 
527769630916048 -57.328262 -44.073837 -5.217253 
527769650915631 -56.488190 -41.185043 -4.454653 
527769670915944 -58.346375 -42.087799 -5.821122 
527769690915632 -56.996910 -42.620773 -6.757092 
527769710922090 -58.508343 -42.230362 -6.742213 
527769730922247 -57.772575 -42.922333 -7.826112 
527769750916257 -58.640480 -41.811188 -5.356812 
527769770915112 -57.884598 -42.079941 -5.056782 
527769790915476 -57.735031 -42.220383 -4.904562 
527769810915476 -58.317528 -41.084885 -5.359452 
527769830918080 -59.102253 -41.819061 -6.121152 
527769850916101 -57.735031 -42.220383 -4.904562 
527769871135006 -58.041199 -41.933487 -6.285253 
527769890963079 -58.030128 -41.502579 -6.285071 
527769910915944 -56.929504 -40.476456 -4.911192 
527769930915944 -58.016060 -41.514557 -4.132572 
527769951123132 -58.052612 -42.657684 -5.209303 
527769970915893 -59.123718 -42.534698 -6.582704 
527769990915788 -58.651894 -42.535370 -4.280862 
527770010917610 -57.129395 -42.494873 -4.295562 
527770030916153 -56.038803 -41.019852 -6.150252 
527770050915371 -57.155224 -43.500366 -4.295982 
527770070916882 -56.366779 -41.741882 -6.916362 
527770090915683 -57.572716 -41.784546 -5.059602 
527770110915528 -57.736698 -41.925385 -6.288192 
527770130918965 -55.779259 -42.881638 -5.692723 
527770150915945 -56.994244 -42.916626 -5.219712 
527770170915111 -56.207508 -42.184158 -4.150513 
527770190915684 -57.751129 -42.647003 -5.673491 
527770210915683 -55.773888 -42.592636 -6.000102 
527770231112298 -56.181332 -40.885422 -5.226223 
527770250963235 -57.574730 -41.782837 -5.367103 
527770270962454 -57.732677 -41.928802 -5.673192 
527770290916256 -57.573063 -42.077820 -3.983473 
527770310916152 -56.808453 -41.766861 -4.605702 
527770330922454 -55.590454 -41.734467 -4.617462 
527770350916413 -55.590454 -41.734467 -4.617462 
527770370916153 -56.320175 -40.607315 -4.302132 
527770390915893 -57.606606 -43.223511 -4.598952 
527770410915112 -57.581463 -42.804565 -2.446273 
527770430915372 -54.684017 -42.584808 -2.320393 
527770445367664 -57.297752 -43.365891 -3.371952 
527770450915216 -57.297752 -43.365891 -3.371952 
527770470918340 -55.752125 -42.904724 -1.541472 
527770490915840 -54.549889 -43.446045 -1.707222 
527770510915424 -54.712875 -44.028046 -1.090993 
527770530925424 -56.376545 -43.201370 -2.765712 
527770550916517 -55.327232 -43.892929 -2.468802 
527770570926726 -55.154194 -43.319443 -1.547532 
527770591045892 -56.837673 -43.943695 -0.609102 
527770611045893 -56.335983 -42.501984 0.617088 
527770630945945 -56.036507 -42.489609 -0.154602 
527770650917402 -57.246124 -42.235596 0.011027 
527770670915788 -57.096214 -42.082779 -0.912882 
527770690915528 -57.199837 -40.513626 0.319248 
527770710917194 -56.015388 -42.067245 1.383078 
527770730918913 -58.006386 -42.697006 1.863198 
527770750917454 -58.462112 -42.269699 0.330288 
527770770917402 -57.222649 -41.521667 0.780078 
527770790916881 -57.702873 -42.247742 0.015438 
527770810917298 -57.100250 -42.519669 0.163187 
527770830919954 -56.189430 -42.639862 0.308058 
527770850916413 -57.283024 -43.671997 0.010427 
527770870915996 -57.836662 -41.093246 -1.673862 
527770890916517 -58.278336 -41.118225 0.636798 
527770910915476 -59.364529 -41.422745 -1.351783 
527770930915580 -57.176357 -39.799698 1.088298 
527770945354954 -59.158638 -40.290100 2.337228 
527770951122559 -59.158638 -40.290100 2.337228 
527770971124746 -60.504723 -39.026093 0.967247 
527770990916049 -59.969151 -36.145432 1.732787 
527771010916413 -62.383026 -35.788696 3.447738 
527771030918913 -61.619102 -36.064285 4.977768 
527771050917767 -63.887421 -35.404266 4.538868 
527771070917454 -62.816643 -35.380203 5.297328 
527771090916621 -61.293797 -35.046432 4.206498 
527771110916725 -62.062431 -35.353958 4.213728 
527771130916517 -62.556755 -36.948730 4.678728 
527771150915163 -63.131195 -35.379745 3.762767 
527771170916101 -61.755589 -35.494644 5.133228 
527771190915058 -61.270668 -34.625763 6.051678 
527771210916048 -62.550362 -36.220261 2.834028 
527771230914954 -61.767647 -35.484375 3.288228 
527771250916465 -61.218681 -37.325226 1.436568 
527771270915892 -60.462799 -37.593979 1.736597 
527771290916308 -61.667046 -37.050949 1.594848 
527771310950579 -61.530560 -37.620621 1.439388 
527771330950579 -60.627785 -37.733963 0.354258 
527771350915684 -60.816261 -39.028214 -0.106062 
527771370916100 -61.762955 -39.904938 -1.788853 
527771390916309 -61.721031 -38.472809 -1.019503 
527771410915319 -60.670727 -39.605560 1.122228 
527771430915684 -59.423210 -38.424042 1.110948 
527771445890527 -62.347160 -39.795456 1.445838 
527771450915527 -62.347160 -39.795456 1.445838 
527771470915631 -60.659657 -39.174637 1.122408 
527771490915892 -60.694202 -40.319489 0.353178 
527771510915788 -60.213978 -39.593414 1.117818 
527771530915579 -61.452782 -40.635559 1.897908 
527771550916621 -62.339104 -39.361984 0.984767 
527771570916517 -60.826653 -39.312943 -0.567432 
527771590916308 -62.175423 -38.193405 -1.783723 
527771610917506 -61.568764 -38.028442 -2.712042 
527771630916777 -62.169037 -37.464951 -3.628423 
527771650916257 -61.431259 -38.158630 -4.404822 
527771670918756 -61.879280 -37.591110 -5.322672 
527771690918027 -62.635143 -36.882034 -7.313773 
527771710917714 -59.769890 -37.515594 -8.725753 
527771730917610 -61.441593 -36.682037 -11.630471 
527771750915267 -60.825531 -35.791183 -13.942241 
527771770915892 -59.728249 -34.615433 -13.644553 
527771790915319 -62.194099 -35.682281 -14.236453 
527771810920215 -60.482117 -34.348389 -13.637082 
527771830915787 -61.726925 -34.504761 -17.161633 
527771850921464 -61.606880 -35.794327 -17.009895 
527771870922193 -63.362091 -32.968414 -17.298553 
527771890918183 -62.593460 -32.660889 -17.305782 
527771910917506 -63.658520 -32.102707 -19.447754 
527771930917350 -63.186695 -32.103378 -17.145912 
527771945379589 -63.043175 -32.679016 -16.225124 
527771951124016 -63.043175 -32.679016 -16.225124 
527771970917662 -62.121288 -32.368301 -16.080070 
527771990915944 -64.805763 -30.140396 -16.513905 
527772010917507 -63.617958 -31.403320 -16.064953 
527772030934901 -64.354713 -30.270187 -16.825871 
527772050934901 -64.505302 -30.569183 -15.440774 
527772070917402 -63.835236 -27.816147 -16.829262 
527772090917558 -63.628010 -31.394775 -17.602451 
527772110917350 -63.712173 -29.108261 -16.216274 
527772130916934 -61.460644 -30.781479 -14.394042 
527772150953287 -59.784199 -30.151245 -16.408722 
527772170917402 -60.538071 -29.884201 -16.401253 
527772190920527 -62.378494 -30.655273 -15.615163 
527772210915996 -62.224564 -30.505875 -15.924073 
527772230916933 -59.948193 -30.732422 -15.946242 
527772250916621 -60.420033 -31.172058 -16.557014 
527772270917559 -61.247028 -33.631622 -17.011932 
527772290916829 -60.094746 -30.594528 -15.637214 
527772310916568 -61.433792 -29.336517 -15.930942 
527772330917193 -59.894508 -28.282837 -17.328972 
527772350915370 -61.253029 -28.182480 -16.085682 
527772370916465 -62.146385 -26.902908 -18.075073 
527772390918288 -62.222149 -23.889664 -18.226093 
527772410916673 -62.361305 -23.024185 -19.608013 
527772430916099 -65.948868 -20.095535 -21.262722 
527772450952193 -66.933441 -16.963806 -21.251114 
527772470916359 -68.207733 -12.825302 -22.927395 
527772490915526 -70.336159 -6.559891 -23.978954 
527772510916100 -66.600937 -1.981644 -29.086124 
527772530916047 -64.663521 3.844193 -34.790115 
527772550918130 -61.410244 6.230057 -35.281273 
527772570915318 -61.371651 8.252106 -37.279186 
527772590916933 -60.691189 11.289902 -38.206303 
527772610922245 -59.915508 12.031769 -38.828354 
527772630915266 -58.106956 11.362167 -38.846294 
527772650917766 -57.618679 12.521729 -38.542721 
527772670917088 -56.334244 15.579971 -40.244473 
527772690917297 -54.069962 14.483047 -38.729504 
527772710916568 -54.484802 15.462708 -36.264671 
527772730916360 -53.869083 16.060287 -37.500313 
527772750944954 -54.937187 15.740387 -36.721394 
527772770944954 -54.808083 14.883453 -36.876976 
527772790916255 -55.118973 14.146896 -35.029335 
527772810927401 -54.295341 16.315765 -33.959534 
527772830916412 -54.179657 14.736374 -33.346664 
527772850916776 -53.880184 14.748734 -34.118355 
527772870916360 -53.935532 12.594131 -34.119255 
527772890918912 -51.787579 13.811050 -36.138103 
527772910916933 -52.679268 14.795670 -36.743862 
527772930918391 -49.816368 13.870544 -37.387215 
527772951123912 -50.476353 11.989594 -37.843361 
527772970916203 -50.476353 11.989594 -37.843361 
527772990916724 -51.884178 10.370544 -37.369545 
527773010916464 -49.783878 9.132767 -37.083160 
527773030918443 -50.275864 7.389252 -35.695724 
527773050917870 -50.435837 6.804657 -34.618244 
527773070918338 -52.599545 5.454346 -34.444454 
527773090916516 -51.404705 4.185425 -32.919254 
527773110916829 -55.033546 4.947510 -32.422363 
527773131286516 -55.469540 4.624130 -28.113075 
527773150916204 -57.025249 3.290863 -28.098915 
527773170915683 -59.756718 2.769958 -24.997635 
527773190918494 -60.661865 2.151428 -21.452801 
527773210918859 -63.638138 -0.936844 -22.348633 
527773230917037 -67.179810 -2.904129 -21.085602 
527773250918235 -69.919327 -3.418228 -19.214325 
527773270917297 -74.053238 -4.828888 -17.637672 
527773290916568 -78.126801 -4.969879 -11.909232 
527773310917714 -82.805328 -4.690155 -7.250983 
527773330916777 -86.253098 -3.361435 -4.602822 
527773350917192 -91.715027 -4.404129 1.753488 
527773370916828 -99.130066 -5.081375 10.435338 
527773390919850 -103.021240 -5.684280 22.465878 
527773410917141 -107.780678 -5.469330 38.041851 
527773430925319 -101.698105 -2.352219 48.287029 
527773445368183 -94.586243 2.292053 47.298767 
527773450920527 -94.586243 2.292053 47.298767 
527773470918131 -84.955536 5.302872 42.441048 
527773490918131 -77.091797 5.558792 34.215858 
527773510915110 -72.155701 4.299637 26.325497 
527773530915735 -67.572433 0.431473 21.204498 
527773550917869 -63.693741 -1.450241 16.860437 
527773570920370 -58.567909 -8.328049 13.423548 
527773590917297 -56.745258 -12.692307 6.945078 
527773610917454 -53.834057 -16.460541 1.686557 
527773630926829 -49.621368 -22.629044 -4.508713 
527773650915942 -42.579994 -31.014557 -11.501622 
527773670917036 -37.386410 -35.454773 -14.168742 
527773690915839 -31.450352 -40.445831 -17.458454 
527773710916203 -26.057898 -43.307083 -19.203884 
527773730915734 -21.229834 -44.607880 -20.327770 
527773750915787 -17.635517 -46.074493 -23.284962 
527773770916151 -15.056311 -45.997940 -24.693707 
527773790915891 -10.677916 -45.995926 -29.810143 
527773810915370 -7.327713 -44.879974 -33.685814 
527773830916620 -4.886356 -44.966507 -32.325645 
527773851190005 -3.465454 -42.918243 -32.491787 
527773870967454 -2.765240 -44.754181 -34.498661 
527773890918964 1.380054 -43.500015 -33.769123 
527773910918442 5.114861 -45.979980 -34.575703 
527773930917974 6.686981 -44.807480 -31.514923 
527773945381255 7.287601 -45.077682 -31.674675 
527773951130630 7.287601 -45.077682 -31.674675 
527773970918026 8.618259 -46.622131 -31.534813 
527773990916255 10.147797 -46.587616 -30.473263 
527774010922922 9.833233 -47.027496 -30.316757 
527774030916828 11.248440 -45.121155 -30.790451 
527774050916932 12.142815 -45.961258 -30.338387 
527774070917089 12.313847 -45.386078 -29.724613 
527774090919224 15.404144 -43.141937 -31.290611 
527774110915682 14.626801 -43.588821 -32.052193 
527774130915995 14.464828 -43.731400 -32.973286 
527774150915734 16.024574 -41.961197 -34.063515 
527774170915578 16.038658 -41.532867 -33.602081 
527774190930683 17.150696 -39.782532 -33.304153 
527774211164694 19.398567 -40.718719 -34.864124 
527774230961933 20.804367 -39.538284 -33.954372 
527774250915682 23.726654 -37.871887 -35.672894 
527774270915370 23.758530 -36.431213 -36.441044 
527774290915109 26.409180 -33.773422 -37.079952 
527774310915526 27.873314 -35.884964 -37.556805 
527774330915318 29.248924 -35.999847 -36.186344 
527774350917714 31.127243 -34.233551 -35.127014 
527774370916829 31.908943 -33.496811 -34.826561 
527774390916985 33.392540 -34.891006 -35.149364 
527774410922714 32.325768 -35.358826 -33.601757 
527774430916412 32.296921 -36.361740 -34.063423 
527774445441619 30.803268 -35.399323 -33.587055 
527774450915734 30.803268 -35.399323 -33.587055 
527774470916568 28.638573 -36.308456 -35.258083 
527774490915213 27.597954 -35.917862 -33.095116 
527774510915943 24.805122 -38.147919 -32.608303 
527774530915578 24.195442 -38.310333 -32.141232 
527774550916099 19.123215 -40.751617 -30.402435 
527774571097974 16.135872 -44.270798 -31.298443 
527774590963234 14.317558 -45.060684 -27.129852 
527774610963807 11.417759 -45.571976 -26.487106 
527774630915891 9.399910 -47.646713 -24.470085 
527774650915682 8.815708 -47.537201 -21.235394 
527774670917245 8.067883 -46.834976 -21.996494 
527774690915161 11.077351 -47.457657 -24.639942 
527774710916359 11.581741 -45.431122 -25.258514 
527774730916463 11.432518 -44.997406 -26.486866 
527774750916099 12.357780 -43.955673 -28.647762 
527774770915942 13.056992 -45.790756 -30.808392 
527774790915526 14.324970 -43.892761 -30.511871 
527774810915995 13.115009 -43.932007 -29.270111 
527774830915682 10.349339 -45.304504 -28.014194 
527774850915682 10.529755 -44.443726 -27.092804 
527774870915995 8.814434 -45.628006 -28.768364 
527774890916203 10.354710 -45.015503 -28.321575 
527774910915474 10.969078 -44.710327 -28.634834 
527774931075995 9.564613 -46.038666 -28.775894 
527774951075943 9.598484 -45.040024 -27.545475 
527774970958235 9.591103 -45.327316 -27.545593 
527774990916150 9.138374 -45.342880 -26.926182 
527775010915943 8.169853 -47.668854 -26.303326 
527775030915318 8.031357 -47.097473 -26.455364 
527775050915370 9.724224 -46.187683 -27.086174 
527775070915265 7.312035 -45.685593 -25.678665 
527775090919744 8.189667 -46.217926 -28.916473 
527775110916255 7.901230 -46.680008 -24.762463 
527775130915057 9.847286 -47.479782 -26.473186 
527775150915422 7.918694 -45.520645 -26.606983 
527775170915890 8.818439 -46.071732 -26.462296 
527775190915630 7.307007 -45.681320 -26.447414 
527775210915109 8.188301 -46.950653 -26.303024 
527775230917244 6.839188 -46.124390 -26.443184 
527775250915526 7.630951 -45.396210 -24.605232 
527775270924016 9.434143 -45.914459 -26.006866 
527775291019588 8.712463 -44.794159 -24.461536 
527775311020058 6.706707 -45.998489 -23.981655 
527775330915526 8.363697 -46.085587 -26.150383 
527775350915473 7.600090 -46.397400 -25.374401 
527775370915473 7.884148 -46.665482 -27.376213 
527775390916515 7.153408 -45.977783 -25.523563 
527775410915629 7.662823 -43.955521 -25.373383 
527775430927297 7.473343 -45.248917 -25.987453 
527775450917557 8.219158 -45.949432 -25.533855 
527775470917921 8.961956 -46.647385 -25.541504 
527775490916359 7.277142 -47.123703 -25.371761 
527775510917870 8.212765 -46.677902 -23.689156 
527775530916255 7.153061 -46.271072 -24.447433 
527775550918443 7.287193 -47.132263 -23.834263 
527775570918547 7.898216 -46.677444 -25.223713 
527775590918546 7.898216 -46.677444 -25.223713 
527775610917400 7.912300 -46.249100 -24.762283 
527775630916880 7.633301 -45.104630 -25.373863 
527775650958859 8.660130 -46.951324 -24.001183 
527775670958494 8.045429 -47.109451 -24.302864 
527775690916463 6.838840 -46.417664 -25.367054 
527775710917348 6.691288 -46.278931 -25.211773 
527775730918495 6.871708 -45.418182 -24.290382 
527775750916359 9.413338 -46.924225 -25.238533 
527775770917400 7.625923 -45.391922 -25.373981 
527775790929223 7.271099 -47.558899 -24.603191 
527775810918390 7.583996 -46.824036 -26.143333 
527775830916411 8.082329 -45.673050 -24.302261 
527775850915942 7.996468 -48.535583 -26.148460 
527775870916099 7.906258 -46.684296 -23.993713 
527775890916099 7.459915 -45.971390 -25.219006 
527775910916932 8.102116 -45.102753 -23.533272 
527775930916046 7.603107 -46.399963 -24.913155 
527775945262088 6.670826 -46.995422 -25.519573 
527775951130161 6.670826 -46.995422 -25.519573 
527775970917400 6.869354 -45.709732 -23.521751 
527775990918234 7.171856 -45.259583 -25.523262 
527776010930734 8.243652 -44.796051 -26.302124 
527776030930056 10.357037 -45.604599 -25.708065 
527776050916151 8.083019 -45.086502 -26.454525 
527776070916150 8.367733 -45.648697 -27.226456 
527776090916307 9.162193 -44.335678 -27.233265 
527776110917609 8.377468 -45.069855 -27.994965 
