# Created at Thu Nov 07 19:55:25 EST 2019 in Burnaby Canada 
527683460182508 1013.311279 
527683500182507 1013.330811 
527683540182455 1013.327393 
527683580182612 1013.327393 
527683620182716 1013.298828 
527683660182871 1013.336914 
527683700182247 1013.318115 
527683740182351 1013.354736 
527683780182455 1013.299072 
527683820182403 1013.331543 
527683860182403 1013.326416 
527683900182403 1013.381836 
527683940182298 1013.260010 
527683980182507 1013.374512 
527684020182402 1013.334229 
527684060182351 1013.352051 
527684100182455 1013.298340 
527684140182351 1013.322754 
527684180182507 1013.315430 
527684220182611 1013.341064 
527684260182299 1013.333984 
527684300182767 1013.337646 
527684340182455 1013.336914 
527684380182194 1013.343506 
527684420182507 1013.329346 
527684460182403 1013.309082 
527684500182402 1013.352783 
527684540184434 1013.299805 
527684580183392 1013.335449 
527684620183965 1013.250732 
527684660183080 1013.356689 
527684700182351 1013.291992 
527684740182559 1013.392578 
527684780182298 1013.404297 
527684820182819 1013.353027 
527684860186361 1013.263916 
527684900182403 1013.396729 
527684940182924 1013.317627 
527684980182350 1013.269043 
527685020184903 1013.323730 
527685060183965 1013.361816 
527685100184017 1013.298096 
527685140184694 1013.337402 
527685180182767 1013.314697 
527685220182298 1013.325928 
527685260182299 1013.280029 
527685300183287 1013.317383 
527685340184121 1013.360352 
527685380184277 1013.557861 
527685420184069 1013.592041 
527685460182455 1013.535645 
527685500182559 1013.487305 
527685540182350 1013.249023 
527685580182559 1013.148438 
527685620183757 1013.183105 
527685660182767 1013.253906 
527685700182350 1013.291504 
527685740182350 1013.641846 
527685780182350 1013.715332 
527685820182350 1013.683594 
527685860183027 1013.579346 
527685900182715 1013.409668 
527685940182298 1013.409668 
527685980182870 1013.521240 
527686020183496 1013.593506 
527686060182298 1013.422119 
527686100182402 1013.217285 
527686140182350 1013.085938 
527686180182402 1013.113770 
527686220183079 1013.307861 
527686260182506 1013.305176 
527686300182714 1013.141357 
527686340184173 1013.212891 
527686380184016 1013.325195 
527686420184225 1013.330566 
527686460183704 1013.308350 
527686500182975 1013.203369 
527686540183183 1013.198730 
527686580182975 1013.226807 
527686620182975 1013.197021 
527686660183287 1013.195801 
527686700182975 1013.205078 
527686740183131 1013.234131 
527686780183392 1013.282471 
527686820183600 1013.312012 
527686860182402 1013.325195 
527686900182662 1013.284424 
527686940182401 1013.285400 
527686980182401 1013.351563 
527687020183652 1013.378174 
527687060182871 1013.363281 
527687100184537 1013.454590 
527687140183965 1013.536621 
527687180182974 1013.469971 
527687220182922 1013.461914 
527687260183130 1013.364502 
527687300182767 1013.244629 
527687340184433 1013.246338 
527687380184485 1013.288818 
527687420183652 1013.321533 
527687460182819 1013.271729 
527687500184016 1013.238525 
527687540183027 1013.296387 
527687580182975 1013.294922 
527687620182818 1013.233887 
527687660183339 1013.260254 
527687700183860 1013.215576 
527687740182245 1013.320313 
527687780182401 1013.287354 
527687820182401 1013.324707 
527687860183756 1013.305420 
527687900184068 1013.307617 
527687940184120 1013.233154 
527687980182505 1013.197021 
527688020183911 1013.258789 
527688060182350 1013.246582 
527688100182245 1013.216309 
527688140182297 1013.299072 
527688180184172 1013.310547 
527688220184537 1013.262451 
527688260184120 1013.232666 
527688300183078 1013.254639 
527688340184067 1013.254395 
527688380184120 1013.253174 
527688420182975 1013.275146 
527688460182297 1013.267822 
527688500182401 1013.293945 
527688540182557 1013.279541 
527688580182714 1013.246826 
527688620182401 1013.245361 
527688660184276 1013.233398 
527688700182870 1013.236816 
527688740183599 1013.210693 
527688780184172 1013.273193 
527688820182453 1013.278564 
527688860182505 1013.238525 
527688900182348 1013.210205 
527688940182349 1013.187988 
527688980182349 1013.227295 
527689020182192 1013.230469 
527689060182349 1013.271240 
527689100182349 1013.206787 
527689140182193 1013.266113 
527689180182296 1013.241455 
527689220182297 1013.260742 
527689260182349 1013.246582 
527689300182453 1013.251709 
527689340182297 1013.228027 
527689380182349 1013.269043 
527689420182557 1013.260010 
527689460182401 1013.276123 
527689500182349 1013.209717 
527689540182296 1013.244629 
527689580182244 1013.268799 
527689620182297 1013.262939 
527689660182297 1013.237061 
527689700182296 1013.237061 
527689740182766 1013.257813 
527689780183755 1013.249268 
527689820182921 1013.233398 
527689860183859 1013.245605 
527689900184224 1013.233398 
527689940183702 1013.272949 
527689980184223 1013.256348 
527690020183546 1013.247314 
527690060183547 1013.205078 
527690100183338 1013.235596 
527690140183078 1013.267578 
527690180183130 1013.265381 
527690220183078 1013.287598 
527690260182869 1013.232422 
527690300182921 1013.225098 
527690340183390 1013.260254 
527690380183442 1013.237305 
527690420184223 1013.237305 
