# Created at Thu Nov 07 18:12:40 EST 2019 in Burnaby Canada 
521605044456347 -2.644282 -3.176969 8.961112 
521605065025045 -2.631114 -3.151831 8.951535 
521605085595566 -2.626326 -3.130284 8.934776 
521605106165931 -2.658647 -3.150634 8.922806 
521605126736347 -2.670617 -3.173378 8.951536 
521605147306972 -2.645479 -3.176969 8.958717 
521605167877389 -2.629918 -3.166196 8.941959 
521605188447858 -2.601188 -3.156619 8.940762 
521605209018327 -2.570065 -3.132678 8.935974 
521605229588847 -2.544927 -3.100358 8.943155 
521605250159316 -2.586824 -3.157816 8.964703 
521605270729888 -2.667026 -3.224851 8.986250 
521605291300357 -2.626326 -3.147043 8.940762 
521605311870879 -2.632311 -3.139861 8.919214 
521605332441347 -2.678997 -3.174575 8.915625 
521605353012076 -2.620341 -3.181757 8.947945 
521605373582493 -2.617947 -3.215275 8.959914 
521605394153171 -2.613159 -3.210486 8.952732 
521605414723431 -2.621538 -3.169787 8.916821 
521605435293899 -2.645479 -3.170984 8.938368 
521605455864472 -2.657450 -3.159013 8.947945 
521605476434941 -2.646676 -3.131481 8.937171 
521605497005358 -2.649070 -3.117116 8.970688 
521605517575098 -2.632311 -3.125496 8.976673 
521605538146190 -2.611962 -3.109934 8.943155 
521605558716763 -2.609568 -3.156619 8.957520 
521605579288274 -2.607173 -3.147043 8.939564 
521605599857702 -2.633509 -3.159013 8.940762 
521605620428482 -2.637100 -3.196122 8.934776 
521605640998847 -2.658647 -3.182954 8.957520 
521605661569733 -2.582036 -3.190136 8.940762 
521605682139733 -2.596400 -3.179363 8.974279 
521605702710410 -2.619144 -3.196122 8.968294 
521605723280669 -2.639494 -3.233230 8.945550 
521605743851816 -2.694558 -3.125496 8.929989 
521605764422076 -2.722090 -3.045294 8.913230 
521605784992337 -2.780746 -3.050082 8.964703 
521605805562858 -2.856160 -3.124299 8.973083 
521605826133534 -2.795110 -3.191334 8.957520 
521605846704055 -2.678997 -3.132678 8.904850 
521605867274264 -2.562883 -3.047688 8.886895 
521605887844785 -2.449163 -3.094373 8.913230 
521605908417077 -2.384522 -3.176969 9.003008 
521605928987597 -2.306714 -3.338571 9.040117 
521605949556816 -2.313896 -3.255974 9.073634 
521605970127337 -2.373749 -3.159013 8.999417 
521605990699212 -2.470710 -3.227245 8.918017 
521606011269733 -2.617947 -3.260763 8.903653 
521606031838743 -2.634706 -3.202107 8.943155 
521606052409160 -2.662238 -3.137466 9.024555 
521606072979159 -2.787928 -3.138663 8.961112 
521606093549576 -2.907633 -3.120708 8.839012 
521606114120201 -2.787928 -3.033323 8.882107 
521606134690878 -2.791519 -3.021353 8.955126 
521606155261190 -2.877707 -3.041702 8.957520 
521606175832024 -2.949530 -3.051279 8.944352 
521606196402284 -2.876510 -3.135072 8.945550 
521606216973951 -2.692164 -3.106343 8.928791 
521606237544159 -2.603582 -3.095570 8.908442 
521606258116295 -2.494651 -3.139861 8.928791 
521606278685357 -2.379734 -3.253580 8.971885 
521606299255566 -2.331852 -3.285901 8.991038 
521606319826086 -2.383325 -3.297871 8.994629 
521606340396919 -2.415646 -3.202107 9.016176 
521606360967753 -2.383325 -3.229639 8.992234 
521606381538378 -2.714908 -3.077614 8.886894 
521606402109785 -3.094373 -3.096767 9.014978 
521606422679680 -2.633509 -3.085993 8.961111 
521606443248586 -2.644282 -3.147043 8.877318 
521606463819472 -2.592809 -3.111131 8.898866 
521606484389472 -2.723288 -3.121905 9.065255 
521606504959888 -2.565277 -2.999806 9.019768 
521606525530409 -2.675406 -3.096767 8.919214 
521606546100722 -2.839401 -3.239216 8.847392 
521606566671243 -2.773563 -3.137466 8.840210 
521606587241763 -2.552109 -2.985441 8.910836 
521606607812180 -2.432405 -3.053673 8.967097 
521606628382857 -2.163068 -2.941150 9.117925 
521606648953378 -2.372552 -2.091245 8.782751 
521606669524628 -2.657450 -3.674942 9.368109 
521606690095149 -1.583696 -3.313433 8.364981 
521606710665826 -2.996214 -4.019692 9.316635 
521606731236243 -2.688573 -4.273466 9.515345 
521606751805826 -2.204965 -3.745567 8.929988 
521606772376346 -2.291152 -3.408000 8.684593 
521606792947231 -2.292349 -3.662971 8.847392 
521606813517752 -2.155886 -3.884425 9.243616 
521606834087909 -2.633509 -2.842992 9.169397 
521606854661138 -2.455148 -3.342162 8.752825 
521606875232545 -1.605243 -3.295477 8.969491 
521606895801294 -1.825500 -3.085993 9.129895 
521606916371972 -2.517395 -3.530099 9.116728 
521606936941919 -1.965555 -3.803026 8.819860 
521606957512492 -1.936826 -1.964358 8.959914 
521606978083482 -1.563347 -4.186082 8.969490 
521606998653795 -2.143915 -3.795844 8.907244 
521607019224263 -1.914082 -3.125496 9.010191 
521607039795044 -0.835540 -3.078811 8.394907 
521607060365201 -1.317951 -3.775494 8.918017 
521607080934472 -1.697416 -3.284704 9.226857 
521607101504941 -1.927249 -3.229639 9.010191 
521607122075096 -1.851835 -5.081475 8.833027 
521607142645721 -1.161138 -4.741512 8.761204 
521607163216190 -1.819515 -3.376876 9.292694 
521607183787961 -1.790786 -4.014904 9.244812 
521607204357857 -1.622002 -5.022820 9.054482 
521607224928378 -1.622002 -3.890410 8.991037 
521607245498898 -1.432868 -3.226048 8.762402 
521607266068794 -1.988299 -3.813799 8.959915 
521607286639315 -2.323473 -3.652198 8.998220 
521607307210930 -2.422828 -4.735528 9.026949 
521607327781451 -2.082866 -4.867203 8.912033 
521607348350826 -2.090048 -4.022086 8.935974 
521607368921347 -2.093639 -4.454220 8.965900 
521607389493065 -2.439587 -3.856893 8.331464 
521607410063586 -2.787928 -3.101555 8.907244 
521607430634316 -2.957909 -5.332855 7.531835 
521607451204837 -1.577711 -5.656058 9.685327 
521607471774992 -2.617947 -1.657913 8.540947 
521607492345513 -3.186545 -2.572459 8.903653 
521607512915356 -2.944741 -4.569138 8.427227 
521607533485929 -3.454684 0.721821 8.174650 
521607554057231 -4.114259 -0.021547 8.526583 
521607574628742 -5.596206 2.301926 8.023822 
521607595198482 -6.057070 -0.740974 8.008261 
521607615769940 -5.495653 -1.794377 8.518204 
521607636339941 -5.818857 -1.504691 8.533766 
521607656910253 -5.835616 1.112059 8.275202 
521607677480825 -4.966558 0.520716 7.845462 
521607698049940 -4.867203 -2.892071 8.385331 
521607718621346 -5.016834 -4.648143 7.917285 
521607739191243 -5.324476 -2.923195 7.335519 
521607759761763 -5.411860 -2.275591 8.487080 
521607780332647 -5.670423 -2.464725 8.689382 
521607800903012 -5.519594 -2.403675 8.542145 
521607821474315 -5.099431 -3.390044 8.129162 
521607842044576 -5.945745 -3.598330 7.409736 
521607862616502 -5.735064 -2.098428 8.172256 
521607883185878 -5.287367 -1.407730 8.406878 
521607903757284 -3.950263 -4.227978 7.579717 
521607924327283 -5.547127 -3.854499 7.372627 
521607944898012 -5.980458 -0.770900 7.754486 
521607965468533 -5.365175 0.740974 8.133950 
521607986039054 -5.544733 2.419237 7.788003 
521608006609627 -5.991232 5.065913 7.936438 
521608027180357 -5.674014 3.431941 7.609643 
521608047750878 -5.857162 -1.753677 8.277596 
521608068320930 -5.537550 -2.531760 7.597672 
521608088891450 -6.160016 0.232228 8.212955 
521608109462336 -6.173183 -0.712244 8.356602 
521608130032909 -5.442984 -1.191064 8.016640 
521608150603742 -5.614161 -1.234158 7.388189 
521608171174263 -5.981656 -0.180754 7.214617 
521608191745565 -7.171523 1.235355 8.198591 
521608212316086 -7.925664 6.655595 6.739388 
521608232885825 -5.593812 5.290958 12.011193 
521608253456346 -6.789664 -1.641155 5.379540 
521608274026503 -6.072631 -0.497973 5.618950 
521608294597492 -6.599333 -2.599991 6.641230 
521608315167649 -6.546663 -1.029462 7.791595 
521608335738429 -5.365176 0.264548 8.641499 
521608356309003 -5.836813 -0.931304 8.473912 
521608376879575 -6.367105 -3.119511 9.121515 
521608397450720 -7.084138 -3.095570 8.111206 
521608418021138 -7.874190 -1.242537 5.708728 
521608438591293 -7.790397 -1.136000 6.631654 
521608459162492 -7.146385 -2.418040 8.424833 
521608479732700 -6.046297 -0.781673 8.821057 
521608500302128 -5.507625 -0.281307 8.712126 
521608520872909 -5.387919 0.679924 9.734406 
521608541444106 -3.836543 2.505424 9.947481 
521608562013221 -2.040969 4.863612 7.318760 
521608582584731 -1.376607 5.861951 7.100897 
521608603155668 -2.058925 5.566279 8.912033 
521608623726398 -2.827431 4.778621 11.368378 
521608644295565 -3.114722 3.971810 10.650148 
521608664865721 -4.159747 3.248792 11.600605 
521608685436242 -5.213150 2.556898 10.273078 
521608706006918 -5.974473 2.127157 6.964433 
521608726577439 -4.618217 2.980653 6.221066 
521608747148325 -4.680463 3.531296 7.117656 
521608767718846 -6.726220 4.631384 7.189479 
521608788289263 -8.136345 5.657255 8.505036 
521608808859784 -4.408733 3.977795 9.077225 
521608829430253 -3.585163 2.051743 9.546469 
521608850000774 -5.014440 1.437656 9.420778 
521608870571867 -6.538284 1.778815 10.190481 
521608891142388 -6.128893 1.838668 10.052820 
521608911712648 -4.962967 1.890141 7.552185 
521608932283169 -4.613428 3.223654 6.446111 
521608952854419 -5.987641 4.097500 7.766457 
521608973424940 -4.184885 3.137466 9.511754 
521608993995200 -2.473104 2.634706 10.065989 
521609014565304 -1.873382 2.925589 10.580719 
521609035135564 -1.991890 2.998609 10.087535 
521609055708480 -2.793913 3.308645 9.326212 
521609076277856 -2.260029 3.758735 8.745643 
521609096847335 -1.969146 3.716838 7.759274 
521609117417805 -2.356990 3.740779 7.840673 
521609137989002 -2.052940 4.018495 10.103096 
521609158559471 -1.964358 3.558828 10.264698 
521609179129784 -2.619144 3.010579 7.172720 
521609199701710 -2.474301 5.016834 6.976404 
521609220271606 -1.435262 5.635709 8.833027 
521609240841450 -1.556164 4.312969 8.211759 
521609261412856 -1.924855 3.877243 8.724096 
521609281981918 -1.438853 4.505694 10.725562 
521609302553794 -1.541800 4.967755 8.998220 
521609323123117 -2.037378 4.869596 7.078153 
521609343694055 -1.824303 5.766187 6.504766 
521609364267699 -1.159941 6.587363 6.763329 
521609384836242 -0.223848 6.805226 8.223729 
521609405406763 -0.897787 5.918212 8.949141 
521609425978273 -0.885817 6.090587 7.598869 
521609446547336 -0.707456 6.519131 6.446111 
521609467118168 0.135267 6.369500 6.075026 
521609487688689 -0.998339 6.754950 7.626401 
521609508259627 -1.517859 6.177972 7.722165 
521609528830147 -1.094103 6.179169 6.192336 
521609549399209 -0.520716 6.771708 5.920606 
521609569969730 -1.394562 5.978065 6.233036 
521609590542648 -2.011043 6.248598 6.479628 
521609611113169 -1.944008 6.096572 6.754950 
521609631681710 -1.757268 6.189942 6.259371 
521609652252231 -1.477159 6.832758 5.656058 
521609672822752 -1.322740 7.001542 5.974473 
521609693393272 -1.930841 6.539481 7.122444 
521609713964106 -2.269606 6.412593 7.276863 
521609734534262 -2.050545 6.556239 6.643624 
521609755104679 -1.947599 6.756147 6.101361 
521609775675669 -1.096497 7.658722 5.756611 
521609796245720 -1.217399 7.500711 6.270144 
521609816816814 -1.048615 7.462406 7.460011 
521609837386971 -1.946402 6.841137 6.851911 
521609857958428 -1.570529 7.294819 5.957715 
521609878528636 -0.239410 8.071704 4.968952 
521609899099939 -0.919334 7.725757 5.696758 
521609919670199 -1.887747 7.041044 6.862684 
521609940243846 -1.905703 6.926127 7.145187 
521609960813845 -1.513070 7.130823 6.156425 
521609981381606 -0.445302 7.934043 4.651734 
521610001952127 -0.002394 8.844997 5.550718 
521610022522335 -0.780476 7.712589 7.044636 
521610043092283 -1.859018 6.920143 7.116459 
521610063663168 -1.358651 7.647948 5.724290 
521610084233272 -0.074217 8.386528 5.249062 
521610104803689 -0.136464 8.308720 6.094178 
521610125374210 -0.907363 7.691042 6.898596 
521610145945408 -1.475962 7.288834 6.772905 
521610166515981 -1.456809 7.451632 6.495190 
521610187087751 -0.938487 7.687451 5.720699 
521610207658324 -0.161602 8.104025 5.360387 
521610228227751 -0.383056 7.944817 6.364712 
521610248798324 -1.441247 7.231375 6.334785 
521610269368220 -1.441247 7.460011 5.626132 
521610289938793 -0.737382 7.863418 6.075026 
521610310509940 -0.706259 7.549790 7.543805 
521610331080460 -1.626790 7.017103 6.370697 
521610351651657 -1.582499 8.195000 3.963430 
521610372222178 -0.561416 7.498317 5.931380 
521610392791918 -0.870255 7.625204 6.441322 
521610413362439 -1.267675 7.068576 7.139203 
521610433932856 -2.042166 7.060197 5.963700 
521610454503741 -1.667490 7.366642 6.046296 
521610475073846 -0.770900 7.327139 7.440859 
