# Created at Thu Nov 07 18:12:40 EST 2019 in Burnaby Canada 
521605049597596 -2.615842 -3.163904 8.906036 
521605070167597 -2.616122 -3.164217 8.905842 
521605090737962 -2.615627 -3.163960 8.906079 
521605111308535 -2.615191 -3.164259 8.906101 
521605131879577 -2.615554 -3.165080 8.905703 
521605152449576 -2.615514 -3.165834 8.905446 
521605173020149 -2.615166 -3.166225 8.905410 
521605193590462 -2.615575 -3.166326 8.905253 
521605214161035 -2.613368 -3.166678 8.905776 
521605234731452 -2.610982 -3.166555 8.906520 
521605255301972 -2.607615 -3.166101 8.907667 
521605275872492 -2.608354 -3.167379 8.906997 
521605296442962 -2.611318 -3.168259 8.905815 
521605317013483 -2.611531 -3.168439 8.905688 
521605337583950 -2.612149 -3.168485 8.905491 
521605358154680 -2.612992 -3.169143 8.905010 
521605378725045 -2.612733 -3.168367 8.905362 
521605399295775 -2.612753 -3.167877 8.905530 
521605419865983 -2.612499 -3.167403 8.905773 
521605440436504 -2.613156 -3.167013 8.905719 
521605461007024 -2.613813 -3.166729 8.905628 
521605481577545 -2.613966 -3.166454 8.905681 
521605502147910 -2.613106 -3.164891 8.906488 
521605522717702 -2.613309 -3.162741 8.907192 
521605543288742 -2.612674 -3.160800 8.908067 
521605563859367 -2.611642 -3.159956 8.908669 
521605584430826 -2.610397 -3.159947 8.909037 
521605605000306 -2.609397 -3.160745 8.909046 
521605625571035 -2.609617 -3.161361 8.908764 
521605646141451 -2.610622 -3.162018 8.908237 
521605666712285 -2.610973 -3.161326 8.908379 
521605687282337 -2.611416 -3.162468 8.907845 
521605707852962 -2.612573 -3.162100 8.907636 
521605728423274 -2.614657 -3.163432 8.906551 
521605748994368 -2.618624 -3.163597 8.905326 
521605769564784 -2.621792 -3.161300 8.905210 
521605790134889 -2.623427 -3.158038 8.905887 
521605810705670 -2.624394 -3.155901 8.906359 
521605831276086 -2.628213 -3.154393 8.905766 
521605851846659 -2.626518 -3.156118 8.905656 
521605872416816 -2.620194 -3.155497 8.907739 
521605892990097 -2.610005 -3.155054 8.910887 
521605913559629 -2.598857 -3.154429 8.914366 
521605934129837 -2.589950 -3.156031 8.916389 
521605954699368 -2.584272 -3.159766 8.916716 
521605975271243 -2.582435 -3.158605 8.917658 
521605995841764 -2.584327 -3.157607 8.917463 
521606016411243 -2.591440 -3.159094 8.914872 
521606036981348 -2.601456 -3.162448 8.910766 
521606057551243 -2.611700 -3.164998 8.906863 
521606078121763 -2.618864 -3.167959 8.903706 
521606098692753 -2.628687 -3.171345 8.899605 
521606119262805 -2.636129 -3.171699 8.897277 
521606139833430 -2.638137 -3.168542 8.897807 
521606160403794 -2.641025 -3.164952 8.898228 
521606180974628 -2.643958 -3.161076 8.898734 
521606201544836 -2.646729 -3.158074 8.898977 
521606222116555 -2.643144 -3.155909 8.900810 
521606242686764 -2.634884 -3.153995 8.903936 
521606263258951 -2.626535 -3.154643 8.906174 
521606283827961 -2.617055 -3.156649 8.908254 
521606304398222 -2.606573 -3.158811 8.910561 
521606324968690 -2.599899 -3.161073 8.911707 
521606345539524 -2.596986 -3.162248 8.912139 
521606366110305 -2.595477 -3.159701 8.913483 
521606386680982 -2.597326 -3.163557 8.911575 
521606407252389 -2.608984 -3.157233 8.910415 
521606427822284 -2.617266 -3.155090 8.908743 
521606448391243 -2.624973 -3.153836 8.906919 
521606468962076 -2.627287 -3.153944 8.906199 
521606489532076 -2.632478 -3.154007 8.904644 
521606510102440 -2.632654 -3.153513 8.904767 
521606530672754 -2.632854 -3.151584 8.905391 
521606551243327 -2.636117 -3.155442 8.903059 
521606571813951 -2.631416 -3.162941 8.901789 
521606592384367 -2.614860 -3.169203 8.904440 
521606612955097 -2.591850 -3.166477 8.912133 
521606633525461 -2.552835 -3.166560 8.923358 
521606654097024 -2.414601 -3.222254 8.941877 
521606674667233 -2.399892 -3.191147 8.956980 
521606695238326 -2.341561 -3.207019 8.966744 
521606715808430 -2.316955 -3.227773 8.965690 
521606736378169 -2.334075 -3.246022 8.954654 
521606756948430 -2.318712 -3.269420 8.950131 
521606777519315 -2.265318 -3.303603 8.951253 
521606798089835 -2.169631 -3.361380 8.953447 
521606818660149 -2.086923 -3.426547 8.948402 
521606839230513 -2.057371 -3.458506 8.942949 
521606859803742 -2.033821 -3.494570 8.934314 
521606880375149 -1.979093 -3.553901 8.923193 
521606900943951 -1.930987 -3.597346 8.916322 
521606921514576 -1.944575 -3.616181 8.905743 
521606942086138 -1.948192 -3.639537 8.895432 
521606962655096 -1.936127 -3.693975 8.875604 
521606983225878 -1.866863 -3.741742 8.870432 
521607003796399 -1.799145 -3.781848 8.867416 
521607024366868 -1.807508 -3.787280 8.863397 
521607044937648 -1.786525 -3.787023 8.867760 
521607065507805 -1.755575 -3.791435 8.872054 
521607086077024 -1.730599 -3.799228 8.873629 
521607106647545 -1.723187 -3.805751 8.872275 
521607127217649 -1.746523 -3.783386 8.877276 
521607147788378 -1.733099 -3.765571 8.887476 
521607168358742 -1.721793 -3.751910 8.895448 
521607188931450 -1.736880 -3.731871 8.900942 
521607209500461 -1.793300 -3.713185 8.897569 
521607230070982 -1.888984 -3.680355 8.891407 
521607250641138 -1.990678 -3.634633 8.888027 
521607271211398 -2.076715 -3.591307 8.885953 
521607291784367 -2.155769 -3.548373 8.884374 
521607312353534 -2.251884 -3.498006 8.880505 
521607332922909 -2.364211 -3.439412 8.874195 
521607353493430 -2.516914 -3.359684 8.862734 
521607374065149 -2.710008 -3.260409 8.842849 
521607394635670 -2.871296 -3.136259 8.836850 
521607415206450 -3.047448 -2.973919 8.833983 
521607435776920 -3.266207 -2.852868 8.795648 
521607456346554 -3.490410 -2.733386 8.747344 
521607476917596 -3.693858 -2.636734 8.693297 
521607497487180 -3.957286 -2.556364 8.600888 
521607518057961 -4.121858 -2.487477 8.543602 
521607538629314 -4.242177 -2.417243 8.504779 
521607559199835 -4.420266 -2.338584 8.435797 
521607579771346 -4.592032 -2.242492 8.369878 
521607600341086 -4.711713 -2.131200 8.332355 
521607620912544 -4.825138 -2.040988 8.289921 
521607641482545 -4.951054 -1.937573 8.240344 
521607662052858 -5.088204 -1.812505 8.185072 
521607682623429 -5.159638 -1.737959 8.156471 
521607703192544 -5.248123 -1.716023 8.104496 
521607723763950 -5.275680 -1.674778 8.095228 
521607744333847 -5.216157 -1.581077 8.152440 
521607764904367 -5.176412 -1.549043 8.183863 
521607785475252 -5.155945 -1.582313 8.190415 
521607806045669 -5.203715 -1.613421 8.154055 
521607826616919 -5.257002 -1.628107 8.116870 
521607847187180 -5.280587 -1.621018 8.102969 
521607867759158 -5.320219 -1.604861 8.080227 
521607888328482 -5.452188 -1.588644 7.995013 
521607908900357 -5.521208 -1.551415 7.954857 
521607929470201 -5.617236 -1.505387 7.896256 
521607950040617 -5.684733 -1.430160 7.861860 
521607970611450 -5.744043 -1.341688 7.834298 
521607991181710 -5.774010 -1.233947 7.829979 
521608011752544 -5.795506 -1.095039 7.834755 
521608032322961 -5.814649 -0.923940 7.842613 
521608052893742 -5.906758 -0.721556 7.794868 
521608073463534 -5.876379 -0.526689 7.833336 
521608094034420 -5.748560 -0.387307 7.935643 
521608114604940 -5.732236 -0.304442 7.951049 
521608135175148 -5.742534 -0.142935 7.948162 
521608155746346 -5.779055 0.169961 7.921113 
521608176316502 -5.779174 0.655998 7.895645 
521608196888169 -5.938166 1.174697 7.715481 
521608217456919 -6.061049 1.285414 7.601433 
521608238028430 -6.445118 1.103950 7.308361 
521608258599992 -6.499040 0.913912 7.286812 
521608279169159 -6.386923 0.777801 7.400853 
521608299740096 -6.182462 0.650937 7.584447 
521608320310253 -5.958474 0.516934 7.771728 
521608340881086 -5.807275 0.375112 7.893367 
521608361451607 -5.797589 0.197829 7.906909 
521608382022804 -5.905770 0.081597 7.828513 
521608402593325 -6.033980 0.117775 7.729656 
521608423163376 -6.014881 0.215674 7.742421 
521608443733897 -5.911016 0.379198 7.815784 
521608464304731 -5.862949 0.580529 7.839592 
521608484875304 -5.849372 0.795018 7.830911 
521608505444732 -5.729464 1.039221 7.890732 
521608526015513 -5.486908 1.387078 8.008760 
521608546586711 -5.310758 1.667181 8.073831 
521608567155826 -5.183654 1.771706 8.133952 
521608587727335 -5.062823 1.769729 8.210133 
521608608298272 -5.016036 1.746892 8.243672 
521608628869002 -5.073037 1.707960 8.216907 
521608649438221 -5.058106 1.714465 8.224751 
521608670008325 -5.028152 1.837575 8.216532 
521608690579314 -5.020431 2.002077 8.182747 
521608711149523 -4.934400 2.128238 8.203213 
521608731720148 -4.856100 2.148757 8.244485 
521608752290929 -4.768963 2.104224 8.306602 
521608772861711 -4.597595 2.077405 8.409333 
521608793431867 -4.362425 2.165522 8.511766 
521608814002960 -4.122828 2.290825 8.597953 
521608834572857 -3.977623 2.395535 8.637727 
521608855143534 -3.898593 2.511333 8.640865 
521608875714472 -3.891206 2.675977 8.594653 
521608896285252 -3.956180 2.871695 8.501317 
521608916855252 -3.874915 3.037905 8.480951 
521608937426814 -3.675223 3.139144 8.532813 
521608957997023 -3.383575 3.279814 8.600269 
521608978567283 -3.071794 3.467155 8.643686 
521608999137804 -2.782316 3.687397 8.650561 
521609019707908 -2.635630 3.885868 8.609522 
521609040278169 -2.595298 4.054773 8.543632 
521609060851137 -2.588999 4.208618 8.470834 
521609081420460 -2.587599 4.341501 8.403933 
521609101989939 -2.567077 4.426651 8.365721 
521609122560409 -2.501676 4.489184 8.352199 
521609143131658 -2.447922 4.598571 8.308501 
521609163702075 -2.407921 4.768366 8.224050 
521609184272388 -2.262904 4.936589 8.165767 
521609204844315 -2.076289 5.073485 8.131370 
521609225413534 -1.947160 5.197444 8.084895 
521609245984054 -1.836022 5.298761 8.045032 
521609266554001 -1.696665 5.446737 7.976513 
521609287124522 -1.632015 5.653833 7.844813 
521609307696398 -1.626286 5.838913 7.709259 
521609328265721 -1.601208 5.989675 7.598047 
521609348836659 -1.492484 6.127084 7.510108 
521609369408481 -1.355693 6.246071 7.437679 
521609389978847 -1.301088 6.343310 7.364780 
521609410549367 -1.292533 6.441745 7.280362 
521609431120877 -1.263250 6.552065 7.186448 
521609451690616 -1.227130 6.639988 7.111618 
521609472260772 -1.239990 6.689879 7.062460 
521609492831658 -1.291488 6.737966 7.007301 
521609513402231 -1.353273 6.801318 6.934053 
521609533971554 -1.415952 6.834622 6.888643 
521609554541814 -1.508355 6.832953 6.870663 
521609575112699 -1.582697 6.829552 6.857309 
521609595685252 -1.646288 6.837533 6.834344 
521609616253741 -1.714051 6.848380 6.806769 
521609636824314 -1.743091 6.867731 6.779844 
521609657394626 -1.717385 6.894732 6.758969 
521609677965356 -1.673438 6.925039 6.738978 
521609698536138 -1.630936 6.970965 6.701946 
521609719106711 -1.605204 7.024664 6.651902 
521609739676866 -1.589811 7.068241 6.609301 
521609760247283 -1.530125 7.120736 6.566905 
521609780818273 -1.448043 7.170561 6.531202 
521609801388324 -1.379196 7.210409 6.502169 
521609821959418 -1.349997 7.263332 6.449177 
521609842529575 -1.302517 7.327672 6.385850 
521609863101033 -1.255857 7.377001 6.338222 
521609883671241 -1.246702 7.379974 6.336569 
521609904242282 -1.239845 7.377019 6.341352 
521609924812855 -1.210000 7.403227 6.316528 
521609945386450 -1.171850 7.449511 6.269127 
521609965956501 -1.109113 7.500083 6.220049 
521609986524210 -1.044391 7.516034 6.211993 
521610007094783 -1.038103 7.501817 6.230207 
521610027664940 -1.063257 7.497600 6.231041 
521610048234887 -1.060001 7.515301 6.210237 
521610068805772 -1.016799 7.535464 6.193004 
521610089376032 -0.985921 7.533652 6.200196 
521610109946293 -0.991406 7.520016 6.215856 
521610130517700 -1.026537 7.503252 6.230396 
521610151088064 -1.046149 7.496806 6.234891 
521610171661033 -1.016070 7.520064 6.211813 
521610192230408 -0.959259 7.546958 6.188186 
521610212799834 -0.944330 7.541011 6.197724 
521610233370355 -0.982703 7.520617 6.216510 
521610253940772 -1.002658 7.510773 6.225219 
521610274510824 -0.991763 7.502223 6.237263 
521610295082335 -1.003772 7.490163 6.249823 
521610315652544 -1.048880 7.496283 6.235061 
521610336222960 -1.055800 7.530963 6.191952 
521610356794262 -1.030538 7.522292 6.206729 
521610377364365 -1.084338 7.456382 6.276700 
521610397934522 -1.165740 7.361724 6.373105 
521610418505199 -1.248193 7.287904 6.441960 
521610439075512 -1.254840 7.229826 6.505795 
521610459646345 -1.215691 7.183044 6.564782 
521610480216502 -1.180600 7.156359 6.600235 
