# Created at Thu Nov 07 18:12:40 EST 2019 in Burnaby Canada 
521605039313691 -0.000305 -0.001222 -0.003054 
521605059882441 0.001527 -0.003971 0.000000 
521605080452910 0.001222 -0.001833 -0.000611 
521605101023274 -0.000916 -0.007025 -0.001527 
521605121593691 -0.002749 -0.010079 0.000305 
521605142164316 -0.001527 -0.006109 0.004276 
521605162734733 -0.000305 -0.009468 0.005803 
521605183305202 0.000305 -0.003054 0.003971 
521605203875722 -0.000611 -0.005803 0.005192 
521605224446191 -0.003054 -0.005192 0.002443 
521605245016712 -0.001527 -0.007330 -0.001527 
521605265587232 -0.003054 -0.006414 0.002138 
521605286157753 -0.000305 0.007025 0.006414 
521605306728222 -0.000611 0.002443 0.002749 
521605327298743 -0.003054 -0.005192 0.001222 
521605347869420 0.001222 -0.007941 0.006414 
521605368439941 0.004276 -0.006414 0.010996 
521605389010515 0.007941 -0.003665 0.014966 
521605409581035 0.008552 -0.005192 0.013744 
521605430151243 0.004887 -0.007636 0.014966 
521605450721868 0.000305 -0.006414 0.015882 
521605471292285 -0.001222 -0.008858 0.013134 
521605491862754 -0.001222 -0.013744 0.009468 
521605512432441 0.003054 -0.009163 0.007025 
521605533003638 0.006109 -0.004887 0.004581 
521605553574107 0.001833 -0.008858 0.005192 
521605574145670 0.001527 -0.006720 0.006720 
521605594715045 -0.000305 -0.008858 0.003971 
521605615285878 -0.002749 -0.008247 0.003971 
521605635856191 0.002749 -0.005192 0.007636 
521605656427129 0.004581 -0.003054 0.009774 
521605676997077 0.003665 0.000916 0.009774 
521605697567805 0.000000 0.003665 0.012217 
521605718138013 0.000611 0.003054 0.017410 
521605738709055 0.001222 0.007941 0.021380 
521605759279420 -0.000916 -0.001833 0.018021 
521605779849733 -0.005192 -0.012217 0.013439 
521605800420201 -0.003971 -0.026573 0.010690 
521605820990930 0.000611 -0.025656 0.006720 
521605841561399 0.002749 -0.021991 0.007330 
521605862131660 -0.002138 -0.032987 -0.005498 
521605882702129 -0.001833 -0.036346 -0.013744 
521605903274472 0.003054 -0.031765 -0.010690 
521605923844941 0.010996 -0.015272 -0.004581 
521605944414212 0.013134 0.016799 -0.000305 
521605964984681 0.010079 0.029627 0.002443 
521605985556608 0.013439 0.037874 0.005192 
521606006127076 0.014966 0.039095 0.007941 
521606026696087 0.003665 0.039095 0.018937 
521606047266504 -0.016799 0.042455 0.027183 
521606067836503 -0.028405 0.031154 0.034819 
521606088406919 -0.032376 0.005498 0.024129 
521606108977544 -0.020769 -0.000611 0.010690 
521606129548274 -0.011912 -0.012828 0.006109 
521606150118534 -0.005498 -0.017410 0.005498 
521606170689368 -0.001527 -0.025045 0.002138 
521606191259680 0.002749 -0.035125 -0.008858 
521606211831294 0.010079 -0.034514 -0.009468 
521606232401503 0.010385 -0.045509 -0.007330 
521606252973066 0.000305 -0.041233 -0.007636 
521606273542701 -0.000916 -0.027794 -0.002138 
521606294112909 0.007330 -0.012217 0.002138 
521606314683429 0.015272 -0.000916 0.003054 
521606335254263 0.015272 0.019853 0.001833 
521606355825149 0.013134 0.021380 0.012523 
521606376395722 0.015882 0.021380 0.000916 
521606396967129 -0.000305 0.025656 -0.007636 
521606417537023 -0.000916 -0.009774 0.013744 
521606438105930 0.004276 0.025656 0.008858 
521606458676816 -0.004887 0.023518 0.000000 
521606479246816 -0.002443 0.010690 0.011606 
521606499817284 -0.006720 0.006109 0.011912 
521606520387752 -0.019548 0.005192 0.007330 
521606540958066 -0.012523 0.005803 0.004581 
521606561528587 -0.011301 -0.030543 -0.025351 
521606582099107 -0.018326 -0.062308 -0.066890 
521606602669524 -0.005803 -0.073609 -0.103847 
521606623240200 0.050091 -0.049785 -0.166766 
521606643810721 -0.101098 -0.393702 -0.453262 
521606664381972 -0.091935 -0.226325 -0.318566 
521606684952493 0.102320 -0.162185 -0.104763 
521606705523170 0.012217 -0.142026 -0.140804 
521606726093586 -0.005803 -0.051007 -0.086743 
521606746663169 0.073304 0.064141 -0.116675 
521606767233690 0.003054 -0.090408 -0.229380 
521606787804575 -0.128587 -0.308181 -0.315512 
521606808375096 -0.223882 -0.435852 -0.396757 
521606828945253 -0.153327 -0.194255 -0.277943 
521606849518482 -0.177456 -0.098044 -0.247095 
521606870089888 -0.292299 -0.212886 -0.156992 
521606890658742 -0.263283 -0.289244 -0.157603 
521606911229316 -0.142637 -0.030238 -0.058338 
521606931800878 -0.105374 0.062003 -0.046426 
521606952369836 -0.181732 0.020464 -0.166766 
521606972940721 -0.245873 -0.071166 -0.134085 
521606993511138 -0.179900 -0.319788 -0.487775 
521607014081607 -0.054978 -0.006720 -0.244651 
521607034652388 -0.012217 -0.013439 0.023213 
521607055222545 -0.033292 -0.171348 0.045815 
521607075791868 -0.045509 -0.192117 0.109650 
521607096362023 -0.094073 -0.173180 0.154854 
521607116932492 -0.003971 0.000611 0.180816 
521607137503065 0.127060 -0.057116 0.209221 
521607158073586 0.058032 -0.198531 0.256869 
521607178646190 0.029932 -0.112094 0.270613 
521607199215201 0.060781 0.063835 0.285885 
521607219785721 0.073915 0.260839 0.426078 
521607240356242 0.113621 0.320093 0.578489 
521607260926138 0.104763 0.284968 0.654542 
521607281496659 0.074220 0.144469 0.673784 
521607302068274 0.085216 0.166766 0.783129 
521607322638795 0.087048 0.207389 0.915992 
521607343208169 0.102931 0.232739 1.160338 
521607363778690 0.132252 0.516792 1.386968 
521607384350409 0.162185 0.505185 1.408654 
521607404920930 0.388205 0.324064 1.523497 
521607425491660 0.235183 0.529009 1.612683 
521607446062181 0.207389 0.917824 1.429118 
521607466632335 0.265726 0.716544 1.127351 
521607487202856 0.038179 1.140484 0.958141 
521607507772700 0.150273 1.121548 0.637743 
521607528343273 0.310930 0.629191 0.271529 
521607548914575 0.323147 0.854294 0.153022 
521607569486086 0.321620 1.020144 0.086743 
521607590055826 0.217162 0.623387 0.619111 
521607610627283 -0.022907 0.347582 0.971275 
521607631197284 -0.081856 0.477085 1.094364 
521607651767597 -0.011301 0.446542 1.173777 
521607672338169 -0.202196 0.357967 1.205541 
521607692907284 -0.521068 0.200058 1.181412 
521607713478690 -0.655763 0.146913 1.212566 
521607734048587 -0.256258 -0.373544 1.279762 
521607754619106 -0.160963 -0.554054 1.003345 
521607775189991 -0.352774 -0.286496 0.524733 
521607795760356 -0.200974 0.007330 0.023824 
521607816331659 0.223882 0.565966 -0.554054 
521607836901920 0.612086 0.349109 -0.854905 
521607857473846 0.591012 0.225409 -0.678976 
521607878043222 0.258396 0.571769 -0.245262 
521607898614627 0.262672 0.781601 -0.085216 
521607919184627 0.357967 0.404392 -0.068111 
521607939755356 0.318261 0.540310 0.207999 
521607960325877 0.063224 0.274889 0.570242 
521607980896398 -0.034819 0.142942 0.802371 
521608001466971 0.053145 -0.007941 0.835358 
521608022037701 0.257479 0.047647 0.726929 
521608042608221 0.259618 0.121868 1.022893 
521608063178273 0.260839 0.328340 1.414457 
521608083748794 0.095295 -0.908661 1.409265 
521608104319680 -0.380874 -0.426994 1.354593 
521608124890253 -0.541532 -0.003054 1.692401 
521608145461086 -0.158214 0.032070 2.233016 
521608166031607 0.533285 0.195477 2.746753 
521608186602908 1.056185 0.566882 3.018893 
521608207173429 0.795957 1.157283 2.293186 
521608227743169 -0.037568 1.805105 -1.126740 
521608248313690 -0.338114 1.407738 -1.246469 
521608268883847 -0.507934 -0.471282 -0.540004 
521608289454420 -0.336281 -1.157283 -0.535423 
521608310024993 -0.350025 -1.496008 -0.447153 
521608330595773 -0.386066 -1.331074 -0.524122 
521608351166346 -0.540921 -0.525344 -0.618806 
521608371736918 -0.573602 0.336586 -0.555276 
521608392308064 -0.053145 0.861625 -0.072693 
521608412878482 0.406530 0.419969 0.205861 
521608433448637 0.616057 -0.631940 0.293521 
521608454019836 0.727540 -0.527787 0.765719 
521608474590044 0.490219 -0.041539 1.125518 
521608495159471 0.549473 -0.145997 1.238223 
521608515730252 1.090394 -1.085507 1.130711 
521608536301450 1.451109 -1.252578 0.904996 
521608556870565 1.045190 -0.693026 0.192728 
521608577442075 0.497549 -0.745560 -0.550389 
521608598013012 0.512821 -0.929431 -1.287092 
521608618583742 0.910494 -0.111483 -1.902233 
521608639152909 1.184161 -0.229685 -2.374431 
521608659723064 2.012799 -0.740063 -2.679558 
521608680293585 2.797760 -0.658207 -3.096473 
521608700864262 2.917184 -1.043357 -3.243691 
521608721434783 2.471864 -1.479514 -3.348761 
521608742005669 1.880852 -1.311832 -3.467268 
521608762576190 1.449582 -1.555872 -3.099528 
521608783146607 1.471268 -1.880242 -2.517374 
521608803717128 1.800524 -2.099847 -2.297157 
521608824287596 1.877187 -1.891237 -2.647488 
521608844858117 1.835038 -1.226311 -2.645655 
521608865429211 1.818850 -1.002124 -2.200640 
521608885999732 1.797775 -0.262366 -1.538463 
521608906569992 1.619402 -0.312457 -0.975856 
521608927140513 1.214705 -1.299309 -1.089172 
521608947711763 1.092226 -1.846644 -1.022893 
521608968282284 1.203098 -2.118173 -0.724486 
521608988852543 1.443168 -2.028376 -0.656680 
521609009423116 1.434616 -1.543044 -0.619722 
521609029992908 1.277929 -0.720820 -0.592233 
521609050565824 1.104443 -0.314901 -0.526260 
521609071135200 1.010676 -0.230907 -0.401338 
521609091704523 0.809701 -0.284052 -0.481056 
521609112275149 0.516792 -0.461814 -0.423024 
521609132846346 0.603840 -0.620028 -0.349720 
521609153416814 0.980438 -0.407447 -0.398895 
521609173987231 1.165530 -0.583070 -0.166766 
521609194559054 0.926071 -1.124907 0.007330 
521609215128377 0.809396 -1.044273 -0.088270 
521609235698794 0.715628 -0.780074 -0.221744 
521609256270200 0.717461 -0.815199 0.040623 
521609276839262 1.130405 -0.486248 0.216857 
521609297411138 1.276402 -0.008552 0.284052 
521609317980460 1.007927 0.300851 0.390343 
521609338551398 0.817948 -0.028405 0.535423 
521609359125043 0.731816 -0.441961 0.578489 
521609379693586 0.610865 -0.376904 0.379958 
521609400264107 0.589790 0.122173 0.243124 
521609420835617 0.701273 0.162185 0.288328 
521609441404680 0.695164 -0.064752 0.204640 
521609461975512 0.432187 -0.102320 0.032987 
521609482546032 0.310319 0.248927 -0.055589 
521609503116970 0.409890 0.435852 0.018021 
521609523687491 0.403171 0.469450 0.069944 
521609544256553 0.092851 0.512821 -0.034208 
521609564827074 -0.046731 0.605672 -0.048869 
521609585399992 0.029322 0.472198 0.021380 
521609605970513 0.051313 0.545808 0.101098 
521609626539054 0.076969 0.564134 0.179900 
521609647109574 0.132558 0.162795 0.186925 
521609667680095 0.168904 -0.213497 0.083688 
521609688250616 0.236099 -0.218995 0.085521 
521609708821450 0.350942 -0.077885 0.218384 
521609729391971 0.305738 0.214414 0.327118 
521609749962023 0.239764 0.235183 0.481667 
521609770533013 0.314901 -0.142942 0.426078 
521609791103064 0.225104 -0.239764 0.325896 
521609811674157 0.269086 -0.040928 0.269391 
521609832244314 0.398284 0.158214 0.362854 
521609852815772 0.408363 0.099876 0.486554 
521609873385980 0.129503 0.124616 0.301462 
521609893957283 -0.109345 0.121257 0.094989 
521609914527543 0.043982 0.002749 0.138361 
521609935101190 0.260228 0.073304 0.310625 
521609955671189 0.346055 0.131947 0.463341 
521609976238949 0.225409 -0.071777 0.438906 
521609996809470 -0.089492 -0.092851 0.154549 
521610017379679 -0.126754 0.099266 -0.051007 
521610037949627 0.049480 0.290772 0.125838 
521610058520512 0.161268 0.155465 0.345749 
521610079090616 0.030238 -0.050091 0.257785 
521610099661033 -0.113621 -0.035125 0.036652 
521610120231554 -0.128892 0.153327 -0.047647 
521610140802751 -0.110872 0.326202 0.057727 
521610161373324 0.044899 0.202502 0.214719 
521610181945095 0.216857 -0.095600 0.274278 
521610202515668 0.061697 -0.165850 0.154549 
521610223085095 -0.155160 0.120035 -0.032987 
521610243655668 -0.131030 0.294742 -0.007330 
521610264225564 -0.057421 0.134085 0.134085 
521610284796137 -0.118813 0.032987 0.107207 
521610305367283 -0.041844 0.327729 0.022602 
521610325937804 0.145386 0.425162 0.126754 
521610346509001 0.198531 -0.100487 0.129198 
521610367079522 -0.368962 0.178678 0.076664 
521610387649262 -0.673478 0.629496 0.046426 
521610408219783 -0.699135 0.772133 0.084299 
521610428790200 -0.491746 0.605061 0.198531 
521610449360772 -0.457843 0.110567 0.311236 
521610469931189 -0.319482 -0.132558 0.176540 
