# Created at Thu Nov 07 18:12:40 EST 2019 in Burnaby Canada 
521605039313691 -0.004102 0.002728 -0.009268 
521605059882441 -0.002270 -0.000021 -0.006214 
521605080452910 -0.002575 0.002117 -0.006825 
521605101023274 -0.004713 -0.003075 -0.007741 
521605121593691 -0.006546 -0.006130 -0.005908 
521605142164316 -0.005324 -0.002159 -0.001938 
521605162734733 -0.004102 -0.005519 -0.000410 
521605183305202 -0.003491 0.000895 -0.002243 
521605203875722 -0.004408 -0.001854 -0.001021 
521605224446191 -0.006851 -0.001243 -0.003770 
521605245016712 -0.005324 -0.003381 -0.007741 
521605265587232 -0.006851 -0.002464 -0.004076 
521605286157753 -0.004102 0.010975 0.000200 
521605306728222 -0.004408 0.006393 -0.003465 
521605327298743 -0.006851 -0.001243 -0.004992 
521605347869420 -0.002575 -0.003992 0.000200 
521605368439941 0.000479 -0.002464 0.004782 
521605389010515 0.004144 0.000284 0.008753 
521605409580826 0.004755 -0.001243 0.007531 
521605430151243 0.001090 -0.003686 0.008753 
521605450721868 -0.003491 -0.002464 0.009669 
521605471292285 -0.005019 -0.004908 0.006920 
521605491862754 -0.005019 -0.009795 0.003255 
521605512432441 -0.000743 -0.005213 0.000811 
521605533003586 0.002312 -0.000937 -0.001632 
521605553574107 -0.001964 -0.004908 -0.001021 
521605574145045 -0.002270 -0.002770 0.000506 
521605594715045 -0.004102 -0.004908 -0.002243 
521605615285878 -0.006546 -0.004297 -0.002243 
521605635856191 -0.001048 -0.001243 0.001422 
521605656427129 0.000785 0.000895 0.003560 
521605676997077 -0.000132 0.004866 0.003560 
521605697567805 -0.003797 0.007615 0.006004 
521605718138013 -0.003186 0.007004 0.011196 
521605738709212 -0.002575 0.011891 0.015167 
521605759279420 -0.004713 0.002117 0.011807 
521605779849733 -0.008989 -0.008268 0.007225 
521605800420201 -0.007768 -0.022623 0.004476 
521605820990930 -0.003186 -0.021707 0.000506 
521605841561399 -0.001048 -0.018042 0.001117 
521605862131660 -0.005935 -0.029037 -0.011711 
521605882702129 -0.005630 -0.032397 -0.019958 
521605903274472 -0.000743 -0.027815 -0.016904 
521605923844941 0.007199 -0.011322 -0.010795 
521605944414212 0.009337 0.020748 -0.006519 
521605964984681 0.006282 0.033577 -0.003770 
521605985556608 0.009642 0.041823 -0.001021 
521606006127076 0.011169 0.043045 0.001728 
521606026696087 -0.000132 0.043045 0.012723 
521606047266504 -0.020596 0.046405 0.020970 
521606067836503 -0.032202 0.035104 0.028606 
521606088406919 -0.036173 0.009447 0.017916 
521606108977544 -0.024566 0.003339 0.004476 
521606129548274 -0.015709 -0.008879 -0.000105 
521606150118534 -0.009295 -0.013460 -0.000716 
521606170689368 -0.005324 -0.021096 -0.004076 
521606191259680 -0.001048 -0.031175 -0.015071 
521606211831294 0.006282 -0.030564 -0.015682 
521606232401503 0.006588 -0.041560 -0.013544 
521606252972233 -0.003491 -0.037284 -0.013849 
521606273542701 -0.004713 -0.023845 -0.008352 
521606294112909 0.003533 -0.008268 -0.004076 
521606314683429 0.011475 0.003033 -0.003159 
521606335254263 0.011475 0.023803 -0.004381 
521606355825149 0.009337 0.025330 0.006309 
521606376395722 0.012086 0.025330 -0.005297 
521606396967129 -0.004102 0.029606 -0.013849 
521606417537023 -0.004713 -0.005824 0.007531 
521606438105930 0.000479 0.029606 0.002644 
521606458676816 -0.008684 0.027468 -0.006214 
521606479246816 -0.006240 0.014640 0.005393 
521606499817284 -0.010516 0.010058 0.005698 
521606520387752 -0.023345 0.009142 0.001117 
521606540958066 -0.016320 0.009753 -0.001632 
521606561528587 -0.015098 -0.026594 -0.031565 
521606582099107 -0.022123 -0.058359 -0.073103 
521606602669524 -0.009600 -0.069660 -0.110061 
521606623240200 0.046294 -0.045836 -0.172980 
521606643810721 -0.104895 -0.389753 -0.459475 
521606664381972 -0.095732 -0.222376 -0.324780 
521606684952493 0.098523 -0.158235 -0.110977 
521606705523170 0.008420 -0.138076 -0.147018 
521606726093586 -0.009600 -0.047058 -0.092956 
521606746663169 0.069507 0.068090 -0.122889 
521606767233690 -0.000743 -0.086458 -0.235593 
521606787804575 -0.132384 -0.304232 -0.321725 
521606808375096 -0.227679 -0.431902 -0.402970 
521606828945253 -0.157124 -0.190305 -0.284157 
521606849518482 -0.181253 -0.094094 -0.253308 
521606870089888 -0.296096 -0.208937 -0.163206 
521606890658638 -0.267080 -0.285295 -0.163817 
521606911229316 -0.146434 -0.026288 -0.064551 
521606931799263 -0.109171 0.065952 -0.052639 
521606952369836 -0.185529 0.024414 -0.172980 
521606972940825 -0.249670 -0.067216 -0.140298 
521606993511138 -0.183697 -0.315838 -0.493989 
521607014081607 -0.058775 -0.002770 -0.250865 
521607034652388 -0.016014 -0.009489 0.016999 
521607055222545 -0.037089 -0.167398 0.039601 
521607075791868 -0.049306 -0.188167 0.103437 
521607096362284 -0.097870 -0.169231 0.148641 
521607116932492 -0.007768 0.004560 0.174602 
521607137503065 0.123263 -0.053166 0.203008 
521607158073586 0.054235 -0.194581 0.250655 
521607178645826 0.026135 -0.108144 0.264399 
521607199215201 0.056984 0.067785 0.279671 
521607219785721 0.070118 0.264789 0.419865 
521607240356242 0.109824 0.324043 0.572275 
521607260926138 0.100966 0.288918 0.648328 
521607281496659 0.070423 0.148419 0.667570 
521607302068274 0.081419 0.170716 0.776915 
521607322638795 0.083251 0.211338 0.909778 
521607343208169 0.099134 0.236689 1.154124 
521607363778690 0.128455 0.520741 1.380755 
521607384350409 0.158388 0.509135 1.402440 
521607404920930 0.384408 0.328013 1.517283 
521607425491660 0.231386 0.532959 1.606469 
521607446062181 0.203592 0.921774 1.422904 
521607466632335 0.261929 0.720494 1.121137 
521607487202856 0.034382 1.144434 0.951928 
521607507772700 0.146476 1.125497 0.631529 
521607528343273 0.307133 0.633140 0.265316 
521607548914575 0.319351 0.858244 0.146808 
521607569486086 0.317823 1.024094 0.080529 
521607590055826 0.213365 0.627337 0.612898 
521607610627283 -0.026704 0.351532 0.965061 
521607631197284 -0.085653 0.481035 1.088151 
521607651767597 -0.015098 0.450492 1.167563 
521607672338169 -0.205993 0.361916 1.199328 
521607692907284 -0.524865 0.204008 1.175199 
521607713478690 -0.659560 0.150863 1.206353 
521607734048587 -0.260055 -0.369594 1.273548 
521607754619106 -0.164760 -0.550105 0.997132 
521607775189991 -0.356571 -0.282546 0.518519 
521607795760356 -0.204771 0.011280 0.017610 
521607816331659 0.220085 0.569916 -0.560268 
521607836901920 0.608290 0.353059 -0.861119 
521607857473846 0.587215 0.229359 -0.685190 
521607878043222 0.254599 0.575719 -0.251476 
521607898615096 0.258875 0.785551 -0.091429 
521607919184627 0.354170 0.408342 -0.074325 
521607939755356 0.314464 0.544259 0.201786 
521607960325877 0.059428 0.278839 0.564029 
521607980896398 -0.038616 0.146892 0.796157 
521608001466971 0.049348 -0.003992 0.829144 
521608022037701 0.253683 0.051597 0.720715 
521608042608221 0.255821 0.125817 1.016679 
521608063178273 0.257042 0.332289 1.408244 
521608083748794 0.091498 -0.904712 1.403051 
521608104319680 -0.384671 -0.423045 1.348379 
521608124890253 -0.545328 0.000895 1.686187 
521608145461086 -0.162011 0.036020 2.226802 
521608166031607 0.529488 0.199426 2.740540 
521608186602908 1.052388 0.570832 3.012680 
521608207173429 0.792160 1.161233 2.286973 
521608227743169 -0.041365 1.809055 -1.132954 
521608248313690 -0.341911 1.411687 -1.252683 
521608268883847 -0.511731 -0.467333 -0.546218 
521608289454420 -0.340078 -1.153334 -0.541637 
521608310024993 -0.353822 -1.492058 -0.453367 
521608330595669 -0.389863 -1.327125 -0.530336 
521608351166346 -0.544718 -0.521394 -0.625020 
521608371736918 -0.577399 0.340536 -0.561490 
521608392308064 -0.056942 0.865574 -0.078907 
521608412878482 0.402734 0.423919 0.199648 
521608433448637 0.612260 -0.627990 0.287307 
521608454019836 0.723743 -0.523838 0.759505 
521608474590044 0.486422 -0.037589 1.119305 
521608495159471 0.545676 -0.142047 1.232009 
521608515730252 1.086597 -1.081557 1.124497 
521608536301450 1.447312 -1.248628 0.898782 
521608556870565 1.041393 -0.689076 0.186514 
521608577442075 0.493752 -0.741611 -0.556603 
521608598013012 0.509024 -0.925481 -1.293306 
521608618583742 0.906697 -0.107533 -1.908446 
521608639152909 1.180364 -0.225736 -2.380645 
521608659723064 2.009002 -0.736113 -2.685772 
521608680293585 2.793964 -0.654257 -3.102687 
521608700864262 2.913388 -1.039407 -3.249905 
521608721434783 2.468067 -1.475565 -3.354974 
521608742005669 1.877056 -1.307882 -3.473482 
521608762576190 1.445785 -1.551923 -3.105741 
521608783146607 1.467471 -1.876292 -2.523587 
521608803717128 1.796727 -2.095898 -2.303370 
521608824287596 1.873390 -1.887287 -2.653701 
521608844858117 1.831241 -1.222361 -2.651869 
521608865429211 1.815053 -0.998174 -2.206854 
521608885999732 1.793978 -0.258417 -1.544677 
521608906569992 1.615605 -0.308508 -0.982070 
521608927140513 1.210908 -1.295360 -1.095385 
521608947711763 1.088429 -1.842694 -1.029107 
521608968282284 1.199301 -2.114224 -0.730699 
521608988852543 1.439371 -2.024426 -0.662893 
521609009422647 1.430819 -1.539095 -0.625936 
521609029992908 1.274132 -0.716871 -0.598447 
521609050565824 1.100646 -0.310951 -0.532474 
521609071135200 1.006879 -0.226957 -0.407552 
521609091704679 0.805904 -0.280102 -0.487270 
521609112275149 0.512995 -0.457864 -0.429237 
521609132846346 0.600043 -0.616078 -0.355934 
521609153416814 0.976641 -0.403497 -0.405108 
521609173987127 1.161733 -0.579121 -0.172980 
521609194559054 0.922274 -1.120958 0.001117 
521609215128950 0.805599 -1.040324 -0.094484 
521609235698794 0.711831 -0.776125 -0.227958 
521609256270200 0.713664 -0.811249 0.034409 
521609276839262 1.126608 -0.482299 0.210643 
521609297410513 1.272605 -0.004602 0.277838 
521609317980460 1.004130 0.304800 0.384129 
521609338551398 0.814151 -0.024456 0.529209 
521609359125043 0.728019 -0.438011 0.572275 
521609379693586 0.607068 -0.372954 0.373744 
521609400264107 0.585993 0.126123 0.236911 
521609420835096 0.697476 0.166134 0.282115 
521609441404680 0.691367 -0.060802 0.198426 
521609461975512 0.428390 -0.098370 0.026773 
521609482546032 0.306522 0.252877 -0.061802 
521609503116970 0.406093 0.439802 0.011807 
521609523687491 0.399374 0.473399 0.063730 
521609544256553 0.089055 0.516771 -0.040422 
521609564827074 -0.050528 0.609622 -0.055083 
521609585399992 0.025525 0.476148 0.015167 
521609605970513 0.047516 0.549757 0.094884 
521609626539054 0.073172 0.568083 0.173686 
521609647109574 0.128761 0.166745 0.180711 
521609667680095 0.165107 -0.209548 0.077475 
521609688250616 0.232302 -0.215045 0.079307 
521609708821450 0.347145 -0.073936 0.212170 
521609729391971 0.301941 0.218363 0.320904 
521609749962023 0.235967 0.239133 0.475453 
521609770533013 0.311104 -0.138993 0.419865 
521609791103064 0.221307 -0.235815 0.319683 
521609811673845 0.265289 -0.036978 0.263178 
521609832244314 0.394487 0.162164 0.356640 
521609852815772 0.404566 0.103826 0.480340 
521609873385980 0.125706 0.128566 0.295248 
521609893957283 -0.113142 0.125206 0.088776 
521609914527543 0.040185 0.006699 0.132147 
521609935101190 0.256431 0.077253 0.304411 
521609955671189 0.342258 0.135896 0.457127 
521609976238949 0.221612 -0.067827 0.432693 
521609996809470 -0.093289 -0.088902 0.148335 
521610017379679 -0.130551 0.103215 -0.057221 
521610037949627 0.045683 0.294721 0.119624 
521610058520512 0.157471 0.159415 0.339536 
521610079090616 0.026441 -0.046141 0.251571 
521610099661033 -0.117418 -0.031175 0.030438 
521610120231554 -0.132689 0.157277 -0.053861 
521610140802751 -0.114669 0.330151 0.051513 
521610161373324 0.041102 0.206451 0.208505 
521610181945095 0.213060 -0.091651 0.268065 
521610202515668 0.057900 -0.161900 0.148335 
521610223085095 -0.158957 0.123985 -0.039200 
521610243655668 -0.134827 0.298692 -0.013544 
521610264225564 -0.061218 0.138034 0.127871 
521610284796137 -0.122610 0.036936 0.100993 
521610305367283 -0.045641 0.331679 0.016388 
521610325937804 0.141589 0.429111 0.120541 
521610346509001 0.194734 -0.096538 0.122984 
521610367079522 -0.372759 0.182628 0.070450 
521610387649262 -0.677275 0.633446 0.040212 
521610408219783 -0.702932 0.776083 0.078086 
521610428790200 -0.495543 0.609011 0.192317 
521610449361084 -0.461640 0.114516 0.305022 
521610469931189 -0.323279 -0.128608 0.170326 
