# Created at Thu Nov 07 18:12:40 EST 2019 in Burnaby Canada 
521605049597596 -0.030912 -0.000128 0.028236 
521605070167597 -0.016089 0.005188 0.018254 
521605090738066 -0.002389 0.046624 -0.004159 
521605111308535 -0.014990 0.040705 -0.013099 
521605131879577 -0.041024 0.016316 -0.013683 
521605152449576 -0.028821 -0.004143 0.022752 
521605173020149 -0.009945 0.007109 0.008181 
521605193590462 -0.010804 0.020291 -0.004584 
521605214161035 0.052627 0.028792 0.002726 
521605234731452 0.065426 0.065332 -0.001560 
521605255301920 0.065323 0.064495 0.004347 
521605275872492 -0.017279 -0.023455 0.040592 
521605296442961 -0.040254 -0.016120 0.028499 
521605317013483 0.011053 0.048242 -0.025145 
521605337583950 -0.044735 0.031350 -0.019653 
521605358154680 -0.031909 -0.011071 -0.012023 
521605378725045 0.014683 -0.006861 0.021771 
521605399295775 0.005358 -0.040590 0.014829 
521605419865983 0.009850 -0.013583 -0.006823 
521605440436504 -0.010000 0.010970 -0.018193 
521605461007024 -0.034375 0.015598 0.007880 
521605481577545 -0.025897 0.032014 -0.002760 
521605502147910 -0.016015 0.060336 0.013286 
521605522717702 -0.021626 0.051203 0.032345 
521605543288794 0.002838 0.055196 0.016029 
521605563859367 0.007653 0.043411 0.001519 
521605584430826 0.013637 0.014736 0.015340 
521605605000306 0.004067 0.020100 -0.013961 
521605625571035 -0.024412 0.005193 -0.001806 
521605646141451 -0.028013 -0.032239 0.001706 
521605666712285 0.007044 0.005361 0.002793 
521605687282337 0.030304 -0.026923 0.007876 
521605707852962 0.018530 0.007702 0.036022 
521605728423274 -0.000666 -0.051698 0.012293 
521605748994368 -0.030080 -0.019066 -0.001251 
521605769564784 -0.085973 0.108600 -0.036819 
521605790134889 -0.116710 0.132786 0.005795 
521605810705670 -0.171531 0.076141 0.032456 
521605831276086 -0.224495 0.021550 0.020043 
521605851846659 -0.089599 -0.026831 -0.019807 
521605872416816 0.013396 0.106871 -0.051562 
521605892990097 0.112261 0.097998 -0.055992 
521605913559629 0.203556 0.034566 0.016310 
521605934129837 0.252321 -0.084429 0.073281 
521605954699368 0.299965 -0.168438 0.108938 
521605975272909 0.245649 -0.006562 0.092942 
521605995841764 0.184904 -0.018826 -0.001251 
521606016411243 0.049359 -0.082262 -0.043324 
521606036981348 -0.029130 -0.069272 -0.028556 
521606057551243 -0.023267 0.017527 0.043536 
521606078121763 -0.075299 0.044003 0.068516 
521606098692336 -0.231861 0.055737 -0.052931 
521606119262805 -0.211659 0.103447 -0.077843 
521606139833430 -0.113040 0.168079 -0.016117 
521606160403794 -0.189985 0.133780 0.033729 
521606180974628 -0.260869 0.137535 0.017548 
521606201544836 -0.276822 0.079953 -0.004446 
521606222116555 -0.130510 0.035022 0.007127 
521606242686764 0.007926 0.083969 -0.027827 
521606263258951 0.075527 0.055139 -0.032742 
521606283827961 0.206938 -0.033014 0.010561 
521606304398222 0.267019 -0.099102 0.040636 
521606324968690 0.261658 -0.130175 0.047378 
521606345539524 0.201440 -0.080913 0.049968 
521606366110305 0.161720 -0.017510 0.053061 
521606386680982 0.182207 -0.095674 -0.043782 
521606407252389 -0.349060 0.195440 0.026331 
521606427822284 -0.229631 0.046041 0.066557 
521606448391243 -0.028123 0.050580 -0.008892 
521606468962076 0.069818 0.093364 -0.106557 
521606489532076 -0.097871 0.009243 0.054333 
521606510102440 0.038305 0.083843 0.128339 
521606530672806 0.058454 0.173596 0.030915 
521606551243327 -0.132314 -0.020190 -0.060895 
521606571813951 -0.209204 -0.026243 -0.112315 
521606592384367 -0.030535 0.136816 -0.082764 
521606612955097 0.128950 0.175282 0.031176 
521606633525461 0.239954 0.172135 0.047404 
521606654097024 0.277180 0.510824 -0.057841 
521606674667233 -0.361307 0.632353 0.429537 
521606695238326 0.510725 -0.373533 -0.418094 
521606715808430 0.004596 -0.383037 -0.171817 
521606736378169 -0.758487 -0.918239 0.461942 
521606756948430 0.023271 -0.877256 0.324858 
521606777519055 0.112351 -0.178995 -0.312386 
521606798089835 -0.221935 -0.029054 -0.208700 
521606818659993 -0.053524 -0.516662 -0.001328 
521606839230513 -0.276435 0.124472 0.279408 
521606859803742 -0.647191 0.624577 -0.068620 
521606880375149 -0.014069 0.051150 -0.185700 
521606900943951 0.463997 0.584002 0.068916 
521606921514576 -0.458140 0.250352 0.318849 
521606942086138 -0.330053 0.130118 -0.069187 
521606962655096 0.083846 0.136785 -0.051116 
521606983225878 0.012673 1.249610 0.184147 
521607003796399 0.330974 -0.012935 -0.219859 
521607024366868 -0.553260 -0.030671 0.297179 
521607044937648 0.539364 1.047274 -0.318898 
521607065507805 0.767456 0.317931 -0.386282 
521607086077024 0.145170 0.102236 0.254204 
521607106647545 -0.053898 0.826825 0.232084 
521607127217649 -0.247052 0.013217 0.026862 
521607147788326 0.350364 -2.017227 -0.270414 
521607168358742 0.331802 0.081802 0.083145 
521607188931450 -0.205778 0.257392 0.424486 
521607209500461 0.165014 -0.931225 0.158811 
521607230070982 0.226941 -0.968259 0.102080 
521607250641138 0.485772 0.293585 -0.087137 
521607271211398 0.428455 0.108377 -0.080532 
521607291783690 0.018434 -0.065187 0.038120 
521607312353534 -0.209968 -0.724337 0.159665 
521607332922909 0.129767 -1.454124 -0.085991 
521607353493430 0.542351 -1.070612 0.058339 
521607374066138 0.635371 -0.938965 0.199020 
521607394635670 0.733917 -1.149312 -0.439050 
521607415206450 0.326632 -0.134008 -0.225485 
521607435776920 0.380732 -1.000082 0.050364 
521607456346606 1.084794 -3.475240 -0.899558 
521607476917596 1.878265 -1.165382 0.322441 
521607497487232 1.204654 1.569502 0.237702 
521607518057961 1.029387 -2.253527 0.032448 
521607538629471 0.935008 0.471989 -0.642028 
521607559199835 0.511025 3.644164 0.193893 
521607579771346 0.297973 3.519987 -0.191175 
521607600341086 -1.589669 2.482709 -0.453251 
521607620912544 -0.797111 0.709530 0.244630 
521607641482545 -0.645289 -0.174283 0.226271 
521607662052858 -0.983533 1.955422 -0.006082 
521607682623429 -0.108656 2.846085 -0.061438 
521607703192544 0.388519 0.834188 -0.070951 
521607723763950 0.425479 -2.649667 0.135683 
521607744333846 0.056509 -2.548779 -0.607177 
521607764904367 -0.147928 -0.582040 -0.436821 
521607785475252 -0.482481 -0.763471 0.466729 
521607806045669 -0.394333 -0.889652 0.403417 
521607826616919 0.267443 -1.277890 0.504610 
521607847187180 -0.458601 -1.951898 -0.868176 
521607867759158 -0.541437 -1.317957 -0.343488 
521607888328482 0.129858 -0.073441 0.570089 
521607908900357 1.032120 -0.948898 0.403806 
521607929470201 0.821883 -3.294577 -1.743857 
521607950040617 0.015309 -0.597345 0.689447 
521607970611450 -0.087946 1.429806 -0.360847 
521607991181710 0.368834 2.900288 0.442850 
521608011752544 0.069927 4.527150 -0.191162 
521608032322961 0.110059 6.377997 0.072766 
521608052893742 -0.149410 1.415142 -0.492948 
521608073463534 0.555076 -2.531950 0.745286 
521608094033534 -0.268569 -0.599894 -0.642900 
521608114604940 -0.243474 0.218391 0.665213 
521608135175564 -0.194833 -0.902631 0.342066 
521608155746346 0.296156 -1.310279 -0.497386 
521608176317596 0.002595 -1.498952 -0.543840 
521608196888169 -0.448982 -0.523510 -0.063127 
521608217456919 -1.644759 0.517066 0.585268 
521608238028430 -0.572267 8.988632 1.829570 
521608258599992 0.807921 -1.011928 1.169243 
521608279169159 -0.388456 -1.918018 -2.640818 
521608299740096 0.518167 -2.042554 -1.300642 
521608320310253 -1.188437 -2.869189 -0.561575 
521608340881033 0.006848 -0.338615 0.238428 
521608361451607 0.457403 -0.253869 0.601044 
521608382022804 -0.259150 -2.259475 1.109062 
521608402593325 -0.495332 -3.627039 1.149979 
521608423163376 -1.613362 -2.083181 -1.161296 
521608443733897 -2.014789 -1.681411 -1.961243 
521608464305096 -1.538634 -2.480307 0.113368 
521608484875304 -0.685578 -2.361141 0.252104 
521608505444732 -0.054049 -1.604325 1.386194 
521608526015513 0.240708 -1.200563 0.521082 
521608546586711 0.326155 -0.271002 1.646718 
521608567155826 2.553413 2.035475 1.522733 
521608587727335 3.437924 3.768671 -2.192689 
521608608298272 3.478583 4.032604 -0.781499 
521608628869002 2.528080 3.497910 3.087198 
521608649438221 2.250452 2.627226 2.286535 
521608670008325 1.428313 1.785498 2.914669 
521608690579002 0.471700 0.848610 3.071142 
521608711149523 -0.886841 0.063253 0.373033 
521608731720409 -0.433718 0.240664 -2.274847 
521608752290929 0.435514 1.336679 -1.484965 
521608772861711 -0.883934 1.737691 -1.450089 
521608793431867 -3.602388 3.334882 -0.793207 
521608814002960 -2.295082 2.534904 0.189604 
521608834572857 0.625628 0.745828 0.354272 
521608855144106 -0.305019 -1.141293 1.024198 
521608875714472 -2.055058 -1.125150 0.979878 
521608896285252 -2.494690 -1.041469 1.824422 
521608916855252 -1.602585 -1.280026 0.398869 
521608937426502 -0.809646 -0.729763 -2.051008 
521608957997023 -2.034577 0.536654 -1.667779 
521608978566606 -2.310547 0.263476 -0.199055 
521608999137804 -0.306194 -1.055053 1.334342 
521609019707908 0.557830 -1.106499 1.484051 
521609040278169 0.840205 -1.231487 1.877191 
521609060851137 0.179679 -1.026834 1.122869 
521609081420460 -0.077866 -0.960421 0.509388 
521609101989939 0.658284 -0.582062 -0.195082 
521609122560409 0.350935 -0.938014 -0.949001 
521609143131658 0.195999 -0.775836 0.506477 
521609163702075 0.603783 -0.726147 2.309659 
521609184272388 -0.057212 -2.055208 0.627878 
521609204844315 -0.588448 -1.393344 -1.898313 
521609225414211 -0.051914 0.627741 0.057569 
521609245984054 0.648459 -0.469541 0.472524 
521609266555460 -0.289286 -1.629632 0.030507 
521609287124522 0.092566 -1.416643 2.136500 
521609307696398 0.173804 -1.262179 2.286389 
521609328265721 -0.181064 -1.077309 0.347420 
521609348836659 -0.452544 -0.993038 -1.058241 
521609369408846 -0.227532 -0.110119 -0.987974 
521609389978847 0.721667 0.467538 -0.122262 
521609410549367 0.840576 -0.145271 1.644746 
521609431120877 0.266403 -0.833183 1.026905 
521609451690616 0.562383 -0.253962 -0.236583 
521609472260772 0.769739 -0.368501 -1.197579 
521609492833377 1.187789 -0.274288 -0.151435 
521609513402231 -0.085342 -0.213132 0.886858 
521609533971658 0.019431 -1.050095 0.105536 
521609554541814 0.862483 -0.199367 -1.211848 
521609575113064 0.734447 -0.552744 -0.710043 
521609595685252 -0.161031 -0.848242 -0.599630 
521609616253741 -0.271554 -0.670345 -0.256096 
521609636824314 -0.093245 -0.867013 -0.134393 
521609657394626 0.060723 -0.440651 -0.969403 
521609677965356 0.405954 0.003431 -1.127107 
521609698536138 0.064906 -0.140251 -0.139838 
521609719106711 -0.591925 -0.779393 0.558451 
521609739676866 -0.557151 -0.531196 0.432575 
521609760247283 -0.531545 -0.665669 -0.297200 
521609780817751 -0.057880 0.039905 -0.709889 
521609801388324 0.250976 0.416944 -0.644234 
521609821959418 0.377447 0.203154 0.387123 
521609842529575 -0.200340 -0.277498 0.974894 
521609863101033 -0.778971 -0.484253 0.030097 
521609883671241 0.513885 0.334606 -1.054749 
521609904242282 0.868196 0.605084 -1.253170 
521609924812855 -0.278715 -0.120174 0.009722 
521609945386450 -0.819726 -0.555476 0.869474 
521609965956501 -0.606388 -0.573766 0.466618 
521609986524210 0.004488 -0.052411 -0.889186 
521610007094783 0.998718 0.950737 -1.500184 
521610027664940 0.776597 0.890145 0.121224 
521610048234887 -0.343317 -0.437524 1.079420 
521610068805772 -0.859668 -0.437193 0.279402 
521610089376032 0.372012 0.535252 -1.005451 
521610109946293 1.110197 0.896774 -0.685286 
521610130517127 0.493439 0.475864 0.349386 
521610151088064 -0.185734 -0.134091 0.604854 
521610171661033 -0.522409 -0.270415 0.400328 
521610192230408 -0.317443 -0.011472 -0.004488 
521610212799834 0.464566 0.279771 -0.905812 
521610233370355 0.888697 0.618296 -0.435476 
521610253940772 0.102031 -0.047351 0.246105 
521610274510824 -0.666855 -0.321050 -0.290363 
521610295082335 -0.044427 0.187826 -0.705445 
521610315652544 0.505285 0.314373 0.755712 
521610336222960 -0.169953 -0.420430 0.816397 
521610356794262 -0.663867 -0.134415 -1.242827 
521610377364365 -0.053337 0.662591 -1.478230 
521610397934522 0.685635 -0.081777 -0.072313 
521610418505199 0.165439 0.180674 0.215488 
521610439075512 -0.388087 -0.328312 0.299670 
521610459646345 -0.843231 -0.038411 -1.014556 
521610480216502 0.037406 0.263783 0.193635 
