# Created at Thu Nov 07 18:12:40 EST 2019 in Burnaby Canada 
521605050925670 38.855854 7.266388 -43.691494 
521605070923535 39.575176 5.854507 -44.468197 
521605090923170 39.449093 6.708893 -43.851364 
521605110923222 40.376339 7.308594 -44.013695 
521605130923535 40.201283 6.296494 -43.551395 
521605150923587 40.192242 6.304184 -44.935143 
521605170923379 40.503773 6.306290 -43.861832 
521605190923431 40.349850 6.597229 -45.243996 
521605210923170 40.180820 5.580002 -43.859192 
521605230922962 41.095669 5.896713 -44.790394 
521605250923275 40.225780 7.449905 -44.319664 
521605270922492 40.638927 5.884567 -44.785984 
521605290923013 42.041706 7.067566 -44.337482 
521605310923222 38.996708 6.986557 -44.308083 
521605330923587 39.573170 5.856216 -44.775696 
521605350923639 40.968929 7.045197 -45.403442 
521605370984316 40.359905 6.588684 -43.706497 
521605390984421 41.152348 7.903397 -44.020805 
521605410923900 40.168758 5.590256 -45.704193 
521605430923587 38.989674 6.992538 -45.384335 
521605450924368 40.993420 8.198608 -46.171715 
521605470923899 39.438023 6.277954 -43.851543 
521605490923535 39.423611 5.996674 -44.927914 
521605510923535 39.760967 7.004242 -43.854183 
521605530922493 38.864597 8.286392 -46.304825 
521605550923482 39.898129 6.580811 -44.470837 
521605570923065 41.236523 5.616898 -45.406982 
521605590924420 40.200642 7.030930 -46.472343 
521605610923483 40.671787 6.884064 -43.709316 
521605630923951 41.105061 6.182281 -44.482777 
521605650923691 41.402523 6.196365 -45.561966 
521605670924368 39.012798 7.413223 -43.539154 
521605690923170 39.165066 7.857590 -45.231697 
521605710917649 39.107357 5.411438 -44.463966 
521605730970461 38.359531 6.113663 -45.225067 
521605750971139 39.898129 6.580811 -44.470837 
521605770924003 40.662395 6.598495 -44.016933 
521605790923691 39.139233 6.852112 -45.232117 
521605810923847 39.885052 6.151596 -44.778515 
521605830923691 39.750576 6.719543 -44.315556 
521605850923691 39.720066 6.011597 -46.160854 
521605870923118 38.181782 4.957077 -44.609074 
521605890923431 39.606037 6.855713 -43.699024 
521605910925149 39.443050 6.273682 -43.082794 
521605930925358 40.306904 4.725632 -44.476025 
521605951130827 40.330387 5.439560 -43.706974 
521605970923795 38.213634 5.517075 -41.995083 
521605990925774 40.173786 5.585983 -44.935444 
521606010925358 39.735485 6.292023 -44.930733 
521606030924212 39.898129 6.580811 -44.470837 
521606050924108 39.435009 6.280518 -44.312794 
521606070917128 39.887058 6.149887 -44.471016 
521606090950878 40.511829 6.739792 -44.322903 
521606110951399 40.214710 7.018967 -44.319843 
521606130923638 40.530621 7.751236 -45.398731 
521606150923639 41.737873 6.765366 -43.104664 
521606170923690 38.689213 7.421356 -46.457462 
521606190923795 39.910191 6.570557 -42.625832 
521606210924107 39.474926 7.714355 -43.850945 
521606230924523 40.666759 6.888336 -44.478065 
521606250924993 39.101345 5.856903 -47.077534 
521606270926243 41.146984 7.614410 -43.713425 
521606290924628 40.330387 5.439560 -43.706974 
521606310924211 39.444416 7.006409 -45.696243 
521606330924211 41.422985 6.912857 -45.254166 
521606350924628 41.685894 5.341782 -45.411514 
521606370924889 40.501415 6.014755 -43.093204 
521606390924940 38.813931 5.834259 -44.460846 
521606410919681 40.357891 6.590393 -44.013996 
521606430959628 41.131550 6.893646 -43.252476 
521606450936086 39.630871 8.302368 -45.543423 
521606470936399 39.148945 6.550308 -42.618481 
521606490923743 39.596638 6.570145 -44.006645 
521606510923690 40.968929 7.045197 -45.403442 
521606530923846 38.663349 5.535217 -43.075745 
521606550923743 40.207333 6.731705 -44.319965 
521606570924525 40.470562 5.013550 -43.862373 
521606590923430 41.296894 7.767227 -44.637333 
521606610923378 39.134876 6.562271 -44.770985 
521606630924211 41.141956 7.618683 -44.482174 
521606650923482 39.772388 7.728424 -44.930134 
521606670924785 38.087574 7.252121 -44.760395 
521606690924212 39.899502 7.313553 -47.084286 
521606710924576 38.860561 7.849487 -45.228756 
521606730924472 39.645290 8.583664 -44.467056 
521606750924732 38.387394 7.557755 -46.608215 
521606770923326 38.381001 6.829300 -44.763515 
521606790917388 39.013142 7.706467 -44.615284 
521606810923898 37.190182 8.094788 -45.673714 
521606830923534 38.683163 6.986145 -45.688892 
521606850923326 38.138882 8.969818 -43.683426 
521606870925982 38.898121 8.991776 -43.998276 
521606890926815 37.845142 9.980011 -45.986317 
521606910925461 37.845142 9.980011 -45.986317 
521606930925462 36.751881 8.800842 -45.669003 
521606951133794 36.617748 9.662048 -46.282173 
521606970924888 36.443348 8.355820 -44.589993 
521606990925200 37.347126 8.241623 -45.521374 
521607010925253 36.650608 10.661545 -45.205505 
521607030925357 36.304859 8.927200 -44.742035 
521607050925461 37.298862 11.965363 -44.288345 
521607070925097 35.582859 10.634903 -45.502716 
521607090923743 36.385044 12.528458 -46.585533 
521607110923743 37.898479 12.136322 -46.292915 
521607130923117 36.507442 11.530441 -47.202423 
521607150920461 35.907169 12.093933 -48.118805 
521607170923638 36.340099 11.098907 -47.816135 
521607190925773 35.759274 11.939407 -46.887394 
521607210924471 35.125111 11.063934 -47.343124 
521607230924003 34.815594 11.060104 -48.108932 
521607250924211 34.940662 9.766266 -47.188442 
521607270923482 37.822674 9.265228 -46.601612 
521607290923638 37.521526 9.547852 -47.213551 
521607310924524 38.398792 7.841614 -45.993095 
521607330924628 38.394428 7.551773 -45.531963 
521607350923117 39.099331 5.858612 -47.385033 
521607370923534 38.816944 5.831696 -43.999596 
521607390924836 40.144947 4.583084 -45.397114 
521607410924420 40.425968 3.877243 -46.169102 
521607430924368 41.021870 3.023911 -44.791595 
521607450924524 41.745876 1.314499 -43.723415 
521607470924419 39.736118 0.553909 -45.549606 
521607490924419 43.014156 -2.378555 -44.660702 
521607510917388 44.078884 -2.789673 -43.133675 
521607530924106 45.584599 -3.762360 -41.765045 
521607550924887 44.348148 -4.512955 -41.753586 
521607570924939 45.114429 -4.496979 -40.992184 
521607590925617 45.870289 -5.206039 -39.001083 
521607610924732 47.062458 -6.179138 -39.013264 
521607630925877 46.283405 -7.652023 -36.085262 
521607650925357 47.913891 -8.890823 -37.793224 
521607670924993 47.642254 -7.899445 -36.713615 
521607690925617 47.879658 -10.623062 -36.256443 
521607710923378 47.743519 -9.760147 -37.177116 
521607730924523 46.735088 -13.519928 -37.016102 
521607750923691 46.158291 -12.242538 -37.163433 
521607770924002 45.286388 -10.687637 -37.000202 
521607790924314 47.507092 -12.481384 -39.329285 
521607810924471 45.945675 -13.956573 -39.622681 
521607830924419 47.453098 -13.903259 -41.943634 
521607850924368 45.561367 -11.828659 -37.003624 
521607870925773 48.545643 -14.191238 -36.726543 
521607890924940 46.735088 -13.519928 -37.016102 
521607910926294 49.319302 -13.888000 -35.965023 
521607930925044 50.031902 -15.881271 -35.511963 
521607951132179 47.770969 -14.933960 -35.950745 
521607970925408 48.343403 -16.501221 -35.342281 
521607990925408 48.655926 -16.940308 -32.424152 
521608010925356 48.216969 -15.940125 -33.649323 
521608030925982 48.145519 -18.521362 -34.419155 
521608050925617 48.448017 -18.511551 -34.729595 
521608070925044 49.069759 -17.919083 -35.042732 
521608090924940 48.555653 -20.084137 -35.346722 
521608110925305 48.054287 -21.672897 -35.957973 
521608130925513 44.547512 -21.761780 -36.692913 
521608150925461 45.290974 -22.753845 -35.470684 
521608170925617 44.439831 -26.073547 -36.233463 
521608190926450 42.434078 -27.277863 -35.753582 
521608210925825 41.294849 -30.326080 -35.129555 
521608230919419 42.578213 -34.031952 -33.760593 
521608250926659 40.908154 -33.933731 -33.590614 
521608270927701 43.545361 -32.438751 -31.770004 
521608290925253 43.291187 -30.287964 -32.534916 
521608310925409 43.390774 -32.294022 -32.690971 
521608330925201 44.236897 -28.970062 -32.696941 
521608350925720 42.709713 -28.712997 -34.527122 
521608370925044 42.875721 -28.133560 -34.682102 
521608390925512 43.657780 -27.103546 -35.457783 
521608410925981 42.610470 -26.413696 -35.447193 
521608430926034 45.915699 -28.048279 -35.480255 
521608450925720 44.365681 -29.239609 -35.158535 
521608470926346 41.764011 -30.030930 -34.365093 
521608490926242 42.011822 -32.029526 -35.137623 
521608510925253 38.966824 -32.110519 -35.108223 
521608530925096 39.326298 -35.685104 -35.882885 
521608550925981 37.780323 -36.439514 -36.637234 
521608570924576 36.027081 -39.499664 -36.776073 
521608590925200 35.580379 -39.520355 -35.234161 
521608610936866 35.099827 -40.099365 -36.613743 
521608630937075 35.636074 -37.072479 -36.309395 
521608650924940 35.602207 -38.071136 -37.539810 
521608670924262 38.849438 -36.120468 -37.262402 
521608690924158 38.572430 -35.418060 -35.875416 
521608710924575 41.037258 -34.790649 -33.746193 
521608730924106 41.260975 -31.765045 -34.668903 
521608750924731 40.378666 -30.494873 -34.967041 
521608770924836 42.865665 -28.125015 -36.219604 
521608790924263 42.598064 -26.696716 -36.216064 
521608810924628 42.810368 -24.395264 -36.062820 
521608830924471 42.490795 -24.390533 -38.366131 
521608850925044 42.687992 -22.516602 -38.828072 
521608870924992 42.858364 -21.647293 -39.444183 
521608890924680 41.082355 -19.831146 -38.964516 
521608910924471 42.297009 -19.649109 -40.052464 
521608930924523 42.283581 -20.371582 -39.284012 
521608951131815 41.854359 -18.792587 -41.277695 
521608970925981 40.342930 -18.402176 -41.262814 
521608990925668 39.078320 -19.569153 -43.865284 
521609010924887 37.744640 -18.022125 -44.466396 
521609030924314 35.894161 -18.784653 -45.217804 
521609050924106 38.263088 -21.011276 -46.472282 
521609070926345 37.063526 -20.765793 -44.769154 
521609090925200 37.053471 -20.757248 -46.306656 
521609110924106 35.541027 -20.806290 -44.754456 
521609130923742 35.098042 -19.802704 -46.594624 
521609150924783 35.965908 -21.794495 -45.681782 
521609170924471 36.728176 -21.334763 -47.226452 
521609190923794 34.147312 -21.116333 -47.201344 
521609210925825 34.739857 -22.260376 -45.208954 
521609230924627 34.391087 -23.551819 -46.897804 
521609250924054 32.517803 -25.322388 -47.188381 
521609270926137 31.013752 -24.644699 -47.173382 
521609290924366 32.335705 -26.328506 -47.802334 
521609310918169 29.590488 -26.984528 -46.238613 
521609330924315 31.519764 -28.797485 -46.566002 
521609350924680 30.617649 -28.978226 -44.250996 
521609370927283 32.269596 -29.501419 -45.497406 
521609390925201 31.341007 -29.953217 -46.103764 
521609410924836 31.341007 -29.953217 -46.103764 
521609430925773 29.512653 -30.294220 -45.163746 
521609450924784 29.494862 -31.306534 -43.934166 
521609470925095 28.534748 -32.905762 -44.848503 
521609490924574 29.454945 -32.740372 -44.396015 
521609510925252 30.258129 -31.287994 -43.634014 
521609530925304 30.229618 -31.997650 -45.171814 
521609550923116 28.659809 -34.199585 -43.928013 
521609570923845 30.670948 -32.706268 -44.715275 
521609590925669 31.896305 -32.826920 -43.035843 
521609610926398 29.296650 -33.619949 -41.934902 
521609630923845 32.203144 -32.967606 -42.116341 
521609650924210 33.077412 -34.230896 -43.048203 
521609670917647 31.294346 -32.849106 -41.953712 
521609690924366 30.214832 -33.452866 -41.789913 
521609710924627 32.157185 -34.836624 -41.809624 
521609730924575 31.723263 -33.400391 -43.957115 
521609750923950 31.251049 -35.013947 -40.109615 
521609770923637 30.606846 -35.880905 -42.102840 
521609790923950 31.249043 -35.012238 -40.417114 
521609810923428 32.588428 -35.977005 -41.199512 
521609830924157 29.848598 -36.344025 -39.943172 
521609850923637 30.463970 -36.039688 -40.102684 
521609870924783 30.550129 -38.768219 -39.490292 
521609890925355 31.219173 -36.454620 -39.341465 
521609910925043 29.835835 -37.360611 -37.944843 
521609930925512 30.854282 -39.053375 -38.417103 
521609951135408 31.614895 -38.298691 -41.345402 
521609970927855 29.022266 -39.097702 -39.168213 
521609990924835 32.531719 -38.864334 -38.586964 
521610010924939 29.145329 -40.389832 -38.555225 
521610030918117 29.597042 -40.373398 -39.328384 
521610050917700 29.783512 -39.077454 -39.175564 
521610070918012 31.620907 -38.744141 -38.731831 
521610090924001 28.859272 -39.679749 -38.551987 
521610110923845 30.819736 -40.198227 -39.186333 
521610130923585 28.996403 -40.983841 -35.786495 
521610150923949 29.043728 -38.382065 -38.706661 
521610170924001 29.003811 -39.815903 -39.168514 
521610190925720 30.092014 -39.513107 -36.872433 
521610210925460 29.632923 -39.376465 -37.790466 
521610230924209 30.660793 -40.343353 -39.646175 
521610250924470 28.980335 -40.529831 -39.937565 
521610270923793 28.875706 -38.959839 -38.859184 
521610290923376 29.279453 -41.251038 -37.942051 
521610310924419 29.627903 -39.372192 -38.559216 
521610330924106 29.147678 -40.098282 -39.323856 
521610350924782 29.780140 -39.808487 -36.869614 
521610370925512 30.071209 -40.522858 -36.104103 
521610390917960 30.827435 -40.498337 -36.880203 
521610410924418 32.066242 -39.456177 -37.660294 
521610430924574 31.304989 -39.476425 -37.652943 
521610450924054 31.798306 -37.880814 -38.271690 
521610470924834 29.210064 -37.949661 -38.246700 
521610490923898 30.098400 -38.784637 -38.717133 
