# Created at Thu Nov 07 18:12:40 EST 2019 in Burnaby Canada 
521521360185201 1013.257568 
521521400184837 1013.294434 
521521440184784 1013.234619 
521521480184837 1013.289795 
521521520184785 1013.262207 
521521560186087 1013.234131 
521521600185305 1013.271729 
521521640184732 1013.249268 
521521680185045 1013.297119 
521521720184837 1013.289551 
521521760184993 1013.260742 
521521800184733 1013.267334 
521521840186712 1013.366943 
521521880185930 1013.240967 
521521920185045 1013.320313 
521521960185097 1013.223145 
521522000184889 1013.312744 
521522040185566 1013.211426 
521522080184888 1013.300293 
521522120185045 1013.230957 
521522160184888 1013.333740 
521522200186451 1013.196777 
521522240185566 1013.290039 
521522280186868 1013.267334 
521522320185149 1013.341797 
521522360184784 1013.254639 
521522400184837 1013.323242 
521522440184888 1013.276123 
521522480184941 1013.340820 
521522520185878 1013.254883 
521522560185826 1013.273682 
521522600185566 1013.238037 
521522640185514 1013.255127 
521522680186347 1013.233887 
521522720186555 1013.251709 
521522760184836 1013.255859 
521522800184993 1013.251221 
521522840185618 1013.263916 
521522880184732 1013.308105 
521522920184732 1013.302002 
521522960184837 1013.301514 
521523000184836 1013.168701 
521523040184836 1013.282715 
521523080184837 1013.351563 
521523120184993 1013.181152 
521523160187284 1012.981689 
521523200186867 1013.062744 
521523240186295 1013.038330 
521523280186711 1013.062256 
521523320186502 1013.108643 
521523360185253 1013.177246 
521523400185461 1013.208496 
521523440185357 1013.255859 
521523480185461 1013.248535 
521523520185670 1013.343750 
521523560185253 1013.335449 
521523600185930 1013.350586 
521523640184679 1013.327148 
521523680187336 1013.268066 
521523720186034 1013.360596 
521523760184940 1013.384033 
521523800185096 1013.339600 
521523840185826 1013.287109 
521523880186607 1013.156006 
521523920186503 1013.077393 
521523960186138 1013.107178 
521524000184888 1013.175049 
521524040184992 1013.185791 
521524080184836 1013.220459 
521524120185773 1013.264404 
521524160185617 1013.243896 
521524200186451 1013.222412 
521524240186502 1013.174316 
521524280186554 1013.208740 
521524320186606 1013.203125 
521524360185774 1013.212158 
521524400186554 1013.270264 
521524440186450 1013.239014 
521524480185617 1013.230957 
521524520185825 1013.356934 
521524560185982 1013.299805 
521524600186815 1013.387939 
521524640186659 1013.475586 
521524680186451 1013.475586 
521524720186555 1013.458008 
521524760186137 1013.253906 
521524800185825 1013.272705 
521524840187232 1013.287109 
521524880184992 1013.249023 
521524920186658 1013.203125 
521524960185200 1013.240723 
521525000185564 1013.149902 
521525040185564 1013.132080 
521525080186294 1013.154785 
521525120185773 1013.193115 
521525160185825 1013.231445 
521525200186086 1013.308105 
521525240186137 1013.232422 
521525280185356 1013.224609 
521525320185356 1013.291504 
521525360185356 1013.254883 
521525400186190 1013.221436 
521525440185564 1013.268555 
521525480186554 1013.273682 
521525520185617 1013.210449 
521525560185356 1013.248291 
521525600185513 1013.263916 
521525640185512 1013.258301 
521525680186866 1013.234863 
521525720186554 1013.276611 
521525760186502 1013.216553 
521525800186450 1013.211914 
521525840185877 1013.252441 
521525880186345 1013.219971 
521525920185356 1013.211182 
521525960185252 1013.213379 
521526000185773 1013.213379 
521526040185251 1013.265869 
521526080185356 1013.236816 
521526120185408 1013.228516 
521526160185772 1013.287842 
521526200186138 1013.222168 
521526240186867 1013.237793 
521526280185304 1013.243652 
521526320185043 1013.217041 
521526360185043 1013.250000 
521526400185043 1013.225098 
521526440185512 1013.219727 
521526480186293 1013.247559 
521526520185200 1013.228760 
521526560184939 1013.232422 
521526600185356 1013.207031 
521526640185252 1013.246826 
521526680185564 1013.384521 
521526720185616 1013.267334 
521526760185408 1013.116699 
